# q  U_kJmol  dU_dq   # conservative spline pchip_hermite_v1
0 4.646421819756152 -0.037993223076026192
0.0043633231299858239 4.6463580766698618 -0.013092732654545419
0.0087266462599716477 4.6462497661759716 -0.027931174239191732
0.013089969389957472 4.6461418758712876 -0.023831289816608335
0.017453292519943295 4.6460344178033885 -0.0248063009826297
0.021816615649929118 4.6459273604248672 -0.024433462895897165
0.026179938779914945 4.6458206422700856 -0.0244410772907761
0.030543261909900768 4.6457141879257566 -0.024368842028501807
0.034906585039886591 4.6456079221373985 -0.024339144440447626
0.039269908169872414 4.6455017796257101 -0.024315769724290271
0.043633231299858237 4.6453957104344843 -0.024303795945596524
0.04799655442984406 4.645289681042664 -0.024297290284247437
0.05235987755982989 4.6451836715853627 -0.024294216687144436
0.056723200689815713 4.6450776718555913 -0.024292622614398303
0.061086523819801536 4.6449716778907604 -0.024291420664456026
0.065449846949787352 4.6448656893313807 -0.024290142341356728
0.069813170079773182 4.6447597056775516 -0.024289368261047075
0.074176493209759012 4.6446537227945406 -0.02428984012174536
0.078539816339744828 4.6445477349547701 -0.024291604800548466
0.082903139469730658 4.6444417362363941 -0.024294961819629573
0.087266462599716474 4.6443357189508419 -0.024300014492770139
0.091629785729702304 4.6442296772586005 -0.024305993434497301
0.09599310885968812 4.6441236117049867 -0.024310211668991624
0.10035643198967395 4.6440175378616422 -0.024309465259468026
0.10471975511965978 4.6439114800418313 -0.024302915291857196
0.1090830782496456 4.6438054627519945 -0.024290978244161075
0.11344640137963143 4.6436995099395402 -0.024273078662352728
0.11780972450961724 4.643593646673704 -0.024250714935100486
0.12217304763960307 4.6434878734201321 -0.024234613832270321
0.1265363707695889 4.6433821330655674 -0.024236874405585047
0.1308996938995747 4.6432763352995643 -0.024260786721394329
0.13526301702956053 4.6431703884939353 -0.02430482218072853
0.13962634015954636 4.6430642034428509 -0.024371045635130574
0.14398966328953219 4.642957686023137 -0.024454441703714528
0.14835298641951802 4.6428508303163829 -0.024515742847517001
0.15271630954950383 4.6427438442973541 -0.024509327360046147
0.15707963267948966 4.6426370636946661 -0.024422050414001032
0.16144295580947549 4.6425308309951365 -0.024259629350485947
0.16580627893946132 4.6424254785867269 -0.024014636496869083
0.17016960206944712 4.6423213595914508 -0.023703752980545546
0.17453292519943295 4.6422185113043453 -0.023470572914097203
0.17889624832941878 4.6421161771708794 -0.023486996111248069
0.18325957145940461 4.6420131094424555 -0.023805360125868445
0.18762289458939044 4.6419080280138694 -0.02440438185586782
0.19198621771937624 4.6417996941492659 -0.02531065945041748
0.19634954084936207 4.6416867839615863 -0.026469185600766342
0.2007128639793479 4.6415691029807808 -0.027355407112687923
0.20507618710933373 4.6414494004268141 -0.027322081968615144
0.20943951023931956 4.6413323123940131 -0.026161480015459752
0.21380283336930536 4.6412226233160991 -0.023952453979196695
0.21816615649929119 4.6411249505657377 -0.020600195175323934
0.22252947962927702 4.6410442542043606 -0.016284332896881651
0.22689280275926285 4.6409814596568104 -0.012919554997507186
0.23125612588924865 4.6409265825225345 -0.012942535955178599
0.23561944901923448 4.6408623869597339 -0.017178657154498695
0.23998277214922031 4.6407709554745855 -0.025344111733537292
0.24434609527920614 4.6406349936644284 -0.037789009238216771
0.24870941840919197 4.6404357633385587 -0.053960987957350805
0.2530727415391778 4.6401687560231331 -0.066928428088699712
0.25743606466916363 4.639869567692104 -0.067612750734248953
0.26179938779914941 4.6396011275098346 -0.052893186693782117
0.26616271092913524 4.639428563225179 -0.024026838905231503
0.27052603405912107 4.639413370263318 0.019908168733966863
0.2748893571891069 4.6396210022328566 0.076705479412650227
0.27925268031909273 4.640063949348403 0.12057514339369121
0.28361600344907856 4.64060346710066 0.1164870323527427
0.28797932657906439 4.6409921942655874 0.051690920504944303
0.29234264970905022 4.6409697867305031 -0.071387889458852119
0.29670597283903605 4.6402824521438015 -0.254122100121422
0.30106929596902182 4.6386694318957602 -0.4937311910148518
0.30543261909900765 4.6359459513226229 -0.75251147472180457
0.30979594222899348 4.632151811129952 -0.97740885826952162
0.31415926535897931 4.6274951668145361 -1.148184522855048
0.31852258848896514 4.6222080457199226 -1.2666825358645812
0.32288591161895097 4.6165182775325357 -1.332238470178724
0.3272492347489368 4.6106587151417129 -1.3450983634141609
0.33161255787892263 4.6048396780951109 -1.3169815768242636
0.33597588100890846 4.599200561743281 -1.2650212982123399
0.34033920413889424 4.5938261691762641 -1.1952641744817427
0.34470252726888007 4.5887962299635889 -1.1074135994229999
0.3490658503988659 4.5841928400471943 -0.99847064889987258
0.35342917352885173 4.5801126753391896 -0.86907617877016041
0.35779249665883756 4.5765798591001694 -0.75952476935589819
0.36215581978882339 4.5733663771577548 -0.73123770140219579
0.36651914291880922 4.5700447304511531 -0.80874790699928867
0.37088246604879505 4.5661624407831711 -0.98683247233371174
0.37524578917878088 4.5612853035641647 -1.2664605026000757
0.37960911230876665 4.5549667117479329 -1.6449417847607244
0.38397243543875248 4.5468783101066377 -2.0592914054237399
0.38833575856873831 4.5370849762243255 -2.4124683040066275
0.39269908169872414 4.5259738242298724 -2.6637011421035868
0.39706240482870997 4.5139788099966065 -2.8193567944912017
0.4014257279586958 4.5015070552736693 -2.8809828740772181
0.40578905108868163 4.4889678545589762 -2.8529779671918334
0.41015237421866746 4.4766557775919074 -2.7935851772268445
0.41451569734865329 4.4645021656108774 -2.7940499591718186
0.41887902047863912 4.45212300013843 -2.8977102799013377
0.42324234360862489 4.4390624547606361 -3.1061656862468618
0.42760566673861072 4.424858846808017 -3.4230779890738399
0.43196898986859655 4.4090275485466952 -3.85200272701851
0.43633231299858238 4.3911034044644328 -4.3774436854668366
0.44069563612856821 4.3707274028005854 -4.9714630029704381
0.44505895925855404 4.3476385043399537 -5.6209683117349707
0.44942228238853987 4.3215947950107312 -6.3257565040524613
0.4537856055185257 4.2923560748033251 -7.0854043961932707
0.45814892864851153 4.2596868649755217 -7.8973832240786406
0.46251225177849731 4.2233888889938145 -8.7434067688464534
0.46687557490848314 4.1833809417445664 -9.5930779363317917
0.47123889803846897 4.1396919768113802 -10.430039401793096
0.4756022211684548 4.0923848406158623 -11.251075018340241
0.47996554429844063 4.0415345380462915 -12.053744153486702
0.48432886742842646 3.9872275088403684 -12.834803914825788
0.48869219055841229 3.9295833517494345 -13.579006022722671
0.49305551368839812 3.8688183414409578 -14.261318566014799
0.49741883681838395 3.8052388394332741 -14.868708849159711
0.50178215994836972 3.7391741237382616 -15.40064418902352
0.50614548307835561 3.670952949376066 -15.856891375975794
0.51050880620834138 3.6009071028862647 -16.237191195074466
0.51487212933832727 3.5293598642711266 -16.546578060722684
0.51923545246831304 3.4566008431924296 -16.794172215341618
0.52359877559829882 3.382885537955699 -16.985061536664094
0.5279620987282847 3.3084595354736024 -17.120042084053093
0.53232542185827048 3.2335661505166864 -17.199218523933567
0.53668874498825636 3.1584488630811158 -17.222824740322114
0.54105206811824214 3.0833364145122824 -17.199840479780622
0.54541539124822802 3.0083947818660777 -17.147399968574938
0.5497787143782138 2.9337270738339787 -17.074365205139951
0.55414203750819968 2.8594238222105206 -16.980026310190073
0.55850536063818546 2.785581136870265 -16.863172834482818
0.56286868376817123 2.7122986550964439 -16.723095981402185
0.56723200689815712 2.6396760148793832 -16.561415632935631
0.57159533002814289 2.5677980983364042 -16.382505962545626
0.57595865315812877 2.4967332890985539 -16.188739308930387
0.58032197628811455 2.4265464926861253 -15.979987040219431
0.58468529941810043 2.3573032121529054 -15.756371884231484
0.58904862254808621 2.2890668881944554 -15.518538700860294
0.59341194567807209 2.2218986051999168 -15.266823372735347
0.59777526880805787 2.1558587965552429 -15.001305183223538
0.60213859193804364 2.0910065767991206 -14.722685485637031
0.60650191506802953 2.0273960043260315 -14.432462704625868
0.6108652381980153 1.9650743427879505 -14.13208985778606
0.61522856132800119 1.9040831433396792 -13.822855794646745
0.61959188445798696 1.8444552093153403 -13.508094281695422
0.62395520758797285 1.7862027553287394 -13.193351723268272
0.62831853071795862 1.7293164775666203 -12.882059477518489
0.63268185384794451 1.6737798604793113 -12.574699112840955
0.63704517697793028 1.6195759522539708 -12.27117137467835
0.64140850010791606 1.5666885859520789 -11.971152025493742
0.64577182323790194 1.5151009420723545 -11.675946299261634
0.65013514636788772 1.4647846546875432 -11.389044904449273
0.6544984694978736 1.4156982087778556 -11.112159161013221
0.65886179262785938 1.3677996215788433 -10.844315328278418
0.66322511575784526 1.3210521690536468 -10.58440301176943
0.66758843888783104 1.2754228763724489 -10.331644130424838
0.67195176201781692 1.2308839311210777 -10.084134222542586
0.6763150851478027 1.1874192073234218 -9.8386847975086162
0.68067840827778847 1.1450250426313275 -9.5933499171882151
0.68504173140777436 1.1037012404494886 -9.348149589247333
0.68940505453776013 1.0634461089719249 -9.1035948761603844
0.69376837766774602 1.0242553498503553 -8.8604416779718917
0.69813170079773179 0.98612177310524562 -8.6189355977053363
0.70249502392771768 0.94903955026068632 -8.3783903614850264
0.70685834705770345 0.91300500471723967 -8.1388898395740377
0.71122167018768934 0.87801081281294902 -7.9018128389968076
0.71558499331767511 0.84404309400724986 -7.6685759745240061
0.71994831644766089 0.8110827292594498 -7.4402438850809958
0.72431163957764677 0.77910345475780574 -7.2196555102950537
0.72867496270763255 0.74806029515084849 -7.0121679425088681
0.73303828583761843 0.7178864864684209 -6.8213597304847786
0.73740160896760421 0.68850808224965931 -6.6474786543840043
0.74176493209759009 0.65985239788497196 -6.4900257766189
0.74612825522757587 0.63184914433417461 -6.3482344101527159
0.75049157835756175 0.60443098529544048 -6.2219930151705185
0.75485490148754752 0.57752747460874088 -6.1126224656163091
0.7592182246175333 0.55106334216911501 -6.0204056867503484
0.76358154774751918 0.52496706294684581 -5.9436318797436245
0.76794487087750496 0.49917580408896361 -5.8803100900793055
0.77230819400749084 0.47363452041008436 -5.828784228325552
0.77667151713747662 0.44829811512570467 -5.7854751843072334
0.7810348402674625 0.4231443886411379 -5.7437725234858164
0.78539816339744828 0.3981792609173635 -5.6986205637826499
0.78976148652743416 0.37342170016847637 -5.6485475677110806
0.79412480965741994 0.34889456755149578 -5.5928482589005091
0.79848813278740571 0.32462364362632484 -5.5311316563597179
0.8028514559173916 0.30063865386134059 -5.4609474075821423
0.80721477904737737 0.27698969509098953 -5.3757692647286488
0.81157810217736326 0.25375487826011783 -5.2708851685650773
0.81594142530734903 0.23102134947107619 -5.1461964036476102
0.82030474843733492 0.20887364196061578 -5.0023942483342401
0.82466807156732069 0.18739430550788422 -4.8399725036865444
0.82903139469730658 0.16666400431140577 -4.6589248418343736
0.83339471782729235 0.14676650994090193 -4.4579427318767211
0.83775804095727824 0.12779141434238422 -4.2361283582688865
0.84212136408726401 0.10982905793384494 -3.993865106704455
0.84648468721724979 0.09296724766578586 -3.7317445224640666
0.85084801034723567 0.077291747725056995 -3.4501634234969791
0.85521133347722145 0.062885537247052675 -3.1502623538855081
0.85957465660720733 0.049823491001463924 -2.8345693310857363
0.86393797973719311 0.038168942271976161 -2.5053392338452167
0.86830130286717899 0.027978486048315997 -2.1635927806264492
0.87266462599716477 0.019304854610044039 -1.8102809323711841
0.87702794912715065 0.012196047894842691 -1.4464886493319933
0.88139127225713643 0.0066938684404893069 -1.0744398664608732
0.8857545953871222 0.0028252102933895556 -0.69866522561370703
0.89011791851710809 0.00059623481724700375 -0.32332329063049176
0.89448124164709386 0 0.049486875558032217
0.89884456477707975 0.0010218529478279066 0.41800925919674786
0.90320788790706552 0.0036389587831722938 0.7804398488290003
0.90757121103705141 0.0078199979082407885 1.1342915224846848
0.91193453416703718 0.013518924396382862 1.4753580376884443
0.91629785729702307 0.020671032651727241 1.7999969648946317
0.92066118042700884 0.02920073556027512 2.1066732404789943
0.92502450355699462 0.039027886749864585 2.3945532527179205
0.9293878266869805 0.050068901592368681 2.6630078264560106
0.93375114981696627 0.062238467863585431 2.9118354958051751
0.93811447294695216 0.075451135170046466 3.1411884937174248
0.94247779607693793 0.089623024775390539 3.3516449479119861
0.94684111920692382 0.10467374261084951 3.5442165873419174
0.95120444233690959 0.12052825111869353 3.7203571151338259
0.95556776546689548 0.13711833095085996 3.8816107111862586
0.95993108859688125 0.15438455341329341 4.0310788169170051
0.96429441172686703 0.17228855773561386 4.1753407325583325
0.96865773485685291 0.19082296549560024 4.3207649465458706
0.97302105798683869 0.21000069429093118 4.4705546137467165
0.97738438111682457 0.22984595076921999 4.6272449206221262
0.98174770424681035 0.25039456473397026 4.7932452387773044
0.98611102737679623 0.27169417489184883 4.9724935923989468
0.99047435050678201 0.29381941233788994 5.1735063160674741
0.99483767363676789 0.31688466184850694 5.4041712644211746
0.99920099676675367 0.34102703694386288 5.6673804353700188
1.0035643198967394 0.36639108962080746 5.964419435563924
1.0079276430267252 0.39312778295298173 6.2967760920416191
1.0122909661567112 0.42139258479356106 6.6647186799644551
1.016654289286697 0.45133702618100457 7.0660767754941594
1.0210176124166828 0.48310063345687676 7.498303222810069
1.0253809355466685 0.51681570883362149 7.960536302123197
1.0297442586766545 0.55261158318406467 8.4517601604633139
1.0341075818066403 0.59061262611021248 8.9714458683196785
1.0384709049366261 0.63093626875452069 9.5145433447747578
1.0428342280666119 0.67364969809126996 10.062465964245311
1.0471975511965976 0.71872762743522889 10.596484759730078
1.0515608743265836 0.76609301476835978 11.110937674296448
1.0559241974565694 0.81565736183012216 11.603740824900488
1.0602875205865552 0.86732011601656933 12.072727112492883
1.064650843716541 0.9209691888236452 12.512429359618006
1.0690141668465269 0.97644314417990707 12.905022986391653
1.0733774899765127 1.0334923483809044 13.232704376111599
1.0777408131064985 1.0918185706850729 13.490459488376652
1.0821041362364843 1.1511165155197713 13.677877819964252
1.08646745936647 1.2110764986146654 13.793740557859161
1.090830782496456 1.2713865659613506 13.838755454134066
1.0951941056264418 1.3317468503912633 13.818060055499824
1.0995574287564276 1.3918850810017198 13.737680516749526
1.1039207518864134 1.4515476798259128 13.600200782767748
1.1082840750163994 1.5104892830707743 13.407758885061673
1.1126473981463851 1.5684748680986991 13.161976457331107
1.1170107212763709 1.6252799105107767 12.868557045263811
1.1213740444063567 1.6807352709007497 12.548362805567731
1.1257373675363425 1.7347786604879492 12.223786560268525
1.1301006906663285 1.7874123902406052 11.902275458802714
1.1344640137963142 1.8386528206572628 11.585723342530665
1.1388273369263 1.8885274477421621 11.276423651817563
1.1431906600562858 1.937072990832974 10.977306490530957
1.1475539831862718 1.9843489529468243 10.696364403873693
1.1519173063162575 2.030454653088829 10.441737468092411
1.1562806294462433 2.0755117670162146 10.215619660300241
1.1606439525762291 2.1196430329460028 10.017196859815234
1.1650072757062149 2.1629683350312705 9.8462997559778422
1.1693705988362009 2.2056041710541194 9.7001291051078358
1.1737339219661866 2.2476357861529919 9.5662351604478335
1.1780972450961724 2.2890822441650656 9.4302255068023015
1.1824605682261582 2.3299190354542874 9.2866577273877358
1.1868238913561442 2.3701098024937752 9.1335889814679749
1.19118721448613 2.40960789497775 8.9690102456032346
1.1955505376161157 2.4483574202621528 8.7894690970905085
1.1999138607461015 2.4862724065874566 8.5837488100500465
1.2042771838760873 2.5232082737139887 8.339191611619043
1.2086405070060733 2.5589821623759024 8.0510303767312763
1.2130038301360591 2.5934021838600052 7.7184644681024182
1.2173671532660448 2.6262713569159089 7.3397539985849392
1.2217304763960306 2.6573864618735286 6.9148685619574577
1.2260937995260166 2.6865588055759009 6.4513681435347667
1.2304571226560024 2.7136430861875116 5.9588645780342189
1.2348204457859882 2.7385209542312117 5.4397152928970893
1.2391837689159739 2.7610740098357329 4.8933751717817646
1.2435470920459597 2.7811823589134801 4.3186052566997359
1.2479104151759457 2.7987218070618423 3.7169224696636953
1.2522737383059315 2.8136046093529017 3.1056022145855393
1.2566370614359172 2.8258411294719803 2.5065412802598921
1.261000384565903 2.835505785916832 1.9263724661835071
1.265363707695889 2.8426780416444828 1.364176945207989
1.2697270308258748 2.8474363845501101 0.81979513800093395
1.2740903539558606 2.849859349124122 0.29414582241700066
1.2784536770858463 2.8500405273087628 -0.20590175582463685
1.2828170002158321 2.8481128708935581 -0.67132877859187512
1.2871803233458181 2.8442379642716906 -1.0983315984019355
1.2915436464758039 2.8385850796339507 -1.4861715548860306
1.2959069696057897 2.8313286642750439 -1.8327630573672831
1.3002702927357754 2.822652615519011 -2.1371316280011015
1.3046336158657614 2.8127284420428533 -2.4072812135471957
1.3089969389957472 2.8016784496006499 -2.6545177489606173
1.313360262125733 2.7895930922068231 -2.8813426285691035
1.3177235852557188 2.776566977224606 -3.0854883508432165
1.3220869083857045 2.7627031081470212 -3.2648951416666718
1.3264502315156905 2.7481125293912245 -3.4187683132249362
1.3308135546456763 2.7328962852530396 -3.5536934356620966
1.3351768777756621 2.7171138551067981 -3.6795764281071008
1.3395402009056478 2.7007937932280446 -3.8000485105249471
1.3439035240356338 2.6839605569744487 -3.9147582488637216
1.3482668471656196 2.6666380526935325 -4.0246758392772897
1.3526301702956054 2.6488447071383385 -4.1304182695187013
1.3569934934255912 2.6306077885562686 -4.2262359203296249
1.3613568165555769 2.6119906927508287 -4.3035918393877823
1.3657201396855629 2.5930817253935867 -4.3604172136751647
1.3700834628155487 2.5739659564013304 -4.398622224998511
1.3744467859455345 2.5547207317354039 -4.4201703008349762
1.3788101090755203 2.5354154284168624 -4.4260871897937486
1.3831734322055063 2.5161267070782785 -4.4107776673151369
1.387536755335492 2.4969682707229119 -4.3651205825928336
1.3919000784654778 2.4780830688584272 -4.2856188901546393
1.3962634015954636 2.4596174755007181 -4.1729189890581999
1.4006267247254494 2.4417166676588353 -4.0264008114061571
1.4049900478554354 2.4245302401979396 -3.8456837368964449
1.4093533709854211 2.4081960213146547 -3.637962985873898
1.4137166941154069 2.3928060263685462 -3.4144270491458162
1.4180800172453927 2.3784175028977126 -3.178529922863595
1.4224433403753787 2.3650888992942347 -2.9283460784296009
1.4268066635053644 2.3528872485734738 -2.6613956355117847
1.4311699866353502 2.3418903237689581 -2.3762369992894712
1.435533309765336 2.3321634182303064 -2.0823125354342116
1.4398966328953218 2.3237080199294726 -1.7957441208981952
1.4442599560253078 2.31647298238294 -1.5226600142713043
1.4486232791552935 2.3104032511276023 -1.2613010189504454
1.4529866022852793 2.3054506203905487 -1.0105537790801409
1.4573499254152651 2.3015697411221403 -0.7699579639237154
1.4617132485452511 2.2987166383632096 -0.53955935902672048
1.4660765716752369 2.2968453846823671 -0.3200328189428065
1.4704398948052226 2.2959069515748403 -0.11210770192884167
1.4748032179352084 2.2958491993500529 0.083537044804901234
1.4791665410651942 2.296616303642482 0.26567407868627041
1.4835298641951802 2.2981461429044616 0.433028697818722
1.487893187325166 2.3003771289085186 0.5879641127995715
1.4922565104551517 2.3032661102618466 0.73534510085791971
1.4966198335851375 2.3067850631182356 0.87642651114017078
1.5009831567151235 2.310902256126413 1.0091760120124926
1.5053464798451093 2.3155768510976262 1.1316575879249757
1.509709802975095 2.3207603012649871 1.2420862045647614
1.5140731261050808 2.3263949733679818 1.3379905739903917
1.5184364492350666 2.3324112692353927 1.4165670028298485
1.5227997723650526 2.3387286248558063 1.475735529541198
1.5271630954950384 2.3452596124480554 1.5143609568588006
1.5315264186250241 2.3519123537156101 1.531284905962639
1.5358897417550099 2.3585899214567903 1.5257447689594943
1.5402530648849959 2.3651999224375362 1.5015953112761029
1.5446163880149817 2.3716779519954159 1.4665409299549408
1.5489797111449675 2.3779878803063608 1.4245931426013467
1.5533430342749532 2.3841008955708509 1.3764733316588402
1.557706357404939 2.389991184965059 1.322377896600935
1.562069680534925 2.3956335522385372 1.2632857255193273
1.5664330036649108 2.4010305209650289 1.2145675384229113
1.5707963267948966 2.4062883799711385 1.204164046993091
1.5751596499248823 2.4116168564045664 1.2474043679480231
1.5795229730548683 2.4172540731119141 1.345673718038648
1.5838862961848541 2.4234412500380356 1.4997549658870368
1.5882496193148399 2.4304251570356317 1.7110766637128121
1.5926129424448257 2.4384655974242313 1.9859187212709386
1.5969762655748114 2.44786412647314 2.3354006251258741
1.6013395887047974 2.4589632623023978 2.7656350269350836
1.6057029118347832 2.4721155313977223 3.2760970604297799
1.610066234964769 2.487669069347985 3.8666358260946296
1.6144295580947547 2.5059744986734684 4.5370707180537879
1.6187928812247407 2.5273500535190299 5.2677163408052872
1.6231562043547265 2.5519750873438598 6.0197389498935312
1.6275195274847123 2.5798805557358628 6.7706407323467248
1.6318828506146981 2.6110551208254127 7.5181369845349302
1.6362461737446838 2.6454833742208512 8.2619868097459381
1.6406094968746698 2.6831477919355331 9.0011852376959673
1.6449728200046556 2.7239892547107916 9.7099396678536678
1.6493361431346414 2.7677618065364125 10.335367182354561
1.6536994662646272 2.8140165252670521 10.846783330202165
1.6580627893946132 2.8622515512902278 11.243862476780176
1.6624261125245989 2.9119742130182003 11.528511710689973
1.6667894356545847 2.9626941946286198 11.701365237592842
1.6711527587845705 3.0139232460278036 11.761019141621668
1.6755160819145565 3.0651563213231814 11.702327230316762
1.6798794050445423 3.1158702454077676 11.523265519047362
1.684242728174528 3.1655449537726019 11.226750098796897
1.6886060513045138 3.21367493894381 10.815287959993872
1.6929693744344996 3.2597610083740896 10.290285553700677
1.6973326975644856 3.3033418085798472 9.6739681327388141
1.7016960206944713 3.3441180680222109 9.013483794991517
1.7060593438244571 3.3819783840355533 8.3386233549837225
1.7104226669544429 3.4168692305796049 7.6520376155804444
1.7147859900844289 3.4487370252273442 6.9530868185078161
1.7191493132144147 3.4775277715780906 6.2413557980016234
1.7235126363444004 3.5032146894776766 5.5375728607833858
1.7278759594743862 3.5259358727818446 4.8913114774724127
1.732239282604372 3.5460286693534657 4.3339054418164134
1.736602605734358 3.5638856881898766 3.8654378294309297
1.7409659288643438 3.5798859308935955 3.4828815458999665
1.7453292519943295 3.5944026536905564 3.1849559077929439
1.7496925751243153 3.6078062766773309 2.9739105343755066
1.7540558982543013 3.6204941866785303 2.8586186095519523
1.7584192213842871 3.6328995064941814 2.8444489817048471
1.7627825445142729 3.6454615728722519 2.9298957161102543
1.7671458676442586 3.6586100124214735 3.1132098992134818
1.7715091907742444 3.6727717140042699 3.3943345842912085
1.7758725139042304 3.688352507384232 3.7588849662834289
1.7802358370342162 3.7056445094641726 4.1717948383656083
1.7845991601642019 3.7247931867941668 4.608701273596929
1.7889624832941877 3.7458942349279116 5.0670728148368545
1.7933258064241737 3.7690434659337662 5.5472583107531408
1.7976891295541595 3.7943353931187023 6.0495809708447554
1.8020524526841453 3.8218445175159004 6.5577467199744319
1.806415775814131 3.8515076340282595 7.0281694623317303
1.8107790989441168 3.8830768231262933 7.4298076066681027
1.8151424220741028 3.9162413101038775 7.7601972889940622
1.8195057452040886 3.9506955959866286 8.0206468463665814
1.8238690683340744 3.9861321132988654 8.2105919237672005
1.8282323914640601 4.0222430437375296 8.3293869512780212
1.8325957145940461 4.058712289522223 8.3743135580898524
1.8369590377240319 4.095212954397895 8.3437737637892013
1.8413223608540177 4.1314169204510911 8.2386134261193629
1.8456856839840035 4.1670018520684575 8.0601827607712515
1.8500490071139892 4.2016490115085343 7.8086843784360278
1.8544123302439752 4.2350555857616001 7.4953803741758467
1.858775653373961 4.2670130173591145 7.1507741325399277
1.8631389765039468 4.2974467492753377 6.7985272746381824
1.8675022996339325 4.3263361183586948 6.4426765477589765
1.8718656227639185 4.3536657650447239 6.0841145179084366
1.8762289458939043 4.3794263256032293 5.7230030836470593
1.8805922690238901 4.4036258113585056 5.3738707241975234
1.8849555921538759 4.4264024205985004 5.0798977943791748
1.8893189152838616 4.4480847677873712 4.8742648774462971
1.8936822384138476 4.4690699107417604 4.7590479873332878
1.8980455615438334 4.4897409885988111 4.7302508887465455
1.9024088846738192 4.5104781551892783 4.7901601843464583
1.906772207803805 4.5316283088182105 4.9087083380829766
1.911135530933791 4.5532660402210787 4.9937891826790342
1.9154988540637767 4.5750499952764567 4.9706874119748612
1.9198621771937625 4.5964720334597775 4.8297139164003866
1.9242255003237483 4.617030744815346 4.5742941549135265
1.9285888234537341 4.6362156905438363 4.1988352239272446
1.9329521465837201 4.653538736080356 3.7314107652037092
1.9373154697137058 4.6687812966833482 3.2659831842097824
1.9416787928436916 4.6821581370763266 2.8819071690968259
1.9460421159736774 4.6940668297058386 2.5914400385315517
1.9504054391036634 4.7049069890275899 2.3932911436807922
1.9547687622336491 4.7150928840513195 2.2918454724502433
1.9591320853636349 4.7250437987030924 2.2843774536923718
1.9634954084936207 4.7351459048061919 2.3580861816895928
1.9678587316236065 4.745721890374619 2.5004863935065003
1.9722220547535925 4.7570609259609915 2.707626885603367
1.9765853778835782 4.7694388027296295 2.9755538363651839
1.980948701013564 4.7831153735231551 3.3038763632187735
1.9853120241435498 4.7983176564306493 3.6645779216902734
1.9896753472735358 4.8150036299778138 3.9625620806128179
1.9940386704035216 4.8326842359508602 4.1138933095638688
1.9984019935335073 4.8506692347467899 4.1037282056598636
2.0027653166634933 4.8682660413274279 3.9354411741951285
2.0071286397934789 4.8847739266208032 3.6031659692607714
2.0114919629234649 4.8995044827545522 3.1298651768523089
2.0158552860534504 4.9120124648953913 2.6052127222035484
2.0202186091834364 4.9222856363145722 2.1124513514766798
2.0245819323134224 4.9305186859215979 1.6689221863440333
2.028945255443408 4.9369227697129316 1.2756115178989536
2.033308578573394 4.9417343178048947 0.93993219988353172
2.0376719017033795 4.9452110640149698 0.66327107699629195
2.0420352248333655 4.9475944833562586 0.43613653222469395
2.0463985479633515 4.9490755072984154 0.24917827781415594
2.0507618710933371 4.9498291854793628 0.10361835799218805
2.0551251942233231 4.9500449186710203 0.0028664533640400183
2.0594885173533091 4.9499231690770022 -0.050465809589991376
2.0638518404832946 4.9496728536705925 -0.056816265752599564
2.0682151636132806 4.949482037319517 -0.025568982356758127
2.0725784867432662 4.9494904404921218 0.033674132132404
2.0769418098732522 4.9498138392657127 0.11900266764205183
2.0813051330032382 4.9505664425850311 0.23011974135068577
2.0856684561332237 4.9518572560850735 0.36546828138030535
2.0900317792632097 4.9537866900553169 0.52208620154877761
2.0943951023931953 4.9564350124027241 0.69362031211336705
2.0987584255231813 4.9598509696067099 0.87292403898544546
2.1031217486531673 4.9640564478897433 1.0547965787938514
2.1074850717831528 4.9690517784166683 1.2338998008481052
2.1118483949131388 4.9748140154504803 1.4059628464986496
2.1162117180431244 4.9812974099720275 1.5617248802890622
2.1205750411731104 4.9883802641248263 1.6746031467248434
2.1249383643030963 4.9958107510696941 1.7185008311718777
2.1293016874330819 5.003265804723334 1.6859373533694073
2.1336650105630679 5.0104134981884076 1.5778591057399505
2.1380283336930539 5.0169207285979844 1.3910603147491312
2.1423916568230394 5.0224551346841064 1.1371190308744854
2.1467549799530254 5.0268350329739651 0.87703713237433323
2.151118303083011 5.0301936804834373 0.67536460607240101
2.155481626212997 5.0328378321700535 0.54872515374086495
2.159844949342983 5.0350881209845948 0.49490418449465234
2.1642082724729685 5.0372708880496626 0.51960281524761198
2.1685715956029545 5.0397221435860384 0.61280380128637713
2.1729349187329401 5.04262214836384 0.70843755254555574
2.1772982418629261 5.0458029594997127 0.73430704272570912
2.1816615649929121 5.0489029353848895 0.67268533647161577
2.1860248881228976 5.0515521757867754 0.5278215564666523
2.1903882112528836 5.0533828307747619 0.29617761965946204
2.1947515343828692 5.0540227138538674 -0.013915182655202965
2.1991148575128552 5.0532247010682649 -0.34923886661361547
2.2034781806428412 5.051025475101107 -0.64987891960493971
2.2078415037728267 5.0476278480906318 -0.89935810504999547
2.2122048269028127 5.0432494115194553 -1.0991161536434109
2.2165681500327987 5.0381135606912988 -1.2457194370514884
2.2209314731627843 5.0324542820716038 -1.3401903780620794
2.2252947962927703 5.0264676063721501 -1.4006874213727578
2.2296581194227558 5.0202491170598895 -1.448713257630637
2.2340214425527418 5.0138357456285094 -1.4894872441959179
2.2383847656827278 5.0072637063452836 -1.5214485158758579
2.2427480888127134 5.0005711926874641 -1.5447535000976551
2.2471114119426994 4.9937955731531618 -1.5595437616772647
2.2514747350726849 4.9869745569901767 -1.5654295455712046
2.2558380582026709 4.9801480165595127 -1.5621067778224278
2.2602013813326569 4.9733550200480821 -1.5502471715931021
2.2645647044626425 4.9666301658384571 -1.5310940686576175
2.2689280275926285 4.9600027687560866 -1.5057083061298249
2.2732913507226145 4.9534972945318483 -1.4755698919084324
2.2776546738526 4.9471276036504488 -1.444323579282395
2.282017996982586 4.9408888825967558 -1.4160412738801529
2.2863813201125716 4.9347635406229093 -1.3924148745381257
2.2907446432425576 4.928730446855913 -1.3738238691431863
2.2951079663725436 4.922766920534591 -1.3605580426788417
2.2994712895025291 4.916849632532668 -1.3525901749476921
2.3038346126325151 4.9109563479103207 -1.3494328375717437
2.3081979357625007 4.9050677375092588 -1.3503127888558533
2.3125612588924866 4.8991677354526288 -1.3545688886979574
2.3169245820224726 4.8932431483132 -1.36140032127398
2.3212879051524582 4.8872841214107403 -1.3704009857575916
2.3256512282824442 4.8812826753369967 -1.3804112058964184
2.3300145514124297 4.8752454011075992 -1.3851685599581294
2.3343778745424157 4.8692137589831965 -1.3768901987011537
2.3387411976724017 4.863252511189093 -1.352974363181733
2.3431045208023873 4.8574285198862617 -1.3141458782552402
2.3474678439323733 4.8518062464623064 -1.260314044209415
2.3518311670623593 4.8464500439096749 -1.1928420122370225
2.3561944901923448 4.8414013241850187 -1.1222154986453978
2.3605578133223308 4.836641336014881 -1.0622667713615936
2.3649211364523164 4.8321081788060747 -1.0182135192882258
2.3692844595823024 4.8277329788279877 -0.98981438193383675
2.3736477827122884 4.8234467208766842 -0.97770875838650773
2.3780111058422739 4.8191777542686314 -0.98148970497363042
2.3823744289722599 4.8148694956870122 -0.9935980613371207
2.3867377521022455 4.8105101636756675 -1.0035143639674349
2.3911010752322315 4.8061213470584709 -1.0071284224160686
2.3954643983622175 4.8017301463566699 -1.0046671835320065
2.399827721492203 4.7973637749313447 -0.99546590344486174
2.404191044622189 4.7930527284773952 -0.97962226133429509
2.4085543677521746 4.7888142798810005 -0.96424485145053429
2.4129176908821606 4.7846226039060298 -0.95952503736885797
2.4172810140121466 4.7804196733540403 -0.96936129508734226
2.4216443371421321 4.7761438526940285 -0.99258970215108433
2.4260076602721181 4.771737234428918 -1.0298851717837287
2.4303709834021041 4.7671378974669505 -1.0799083106580063
2.4347343065320897 4.7623265134376735 -1.1208167252660279
2.4390976296620757 4.7574166402219751 -1.1206689286547367
2.4434609527920612 4.7526253512701784 -1.0665353429486051
2.4478242759220472 4.7481849827214893 -0.96040985180847149
2.4521875990520332 4.7443212523767269 -0.80130308086563173
2.4565509221820188 4.7412669687494242 -0.59085386327135447
2.4609142453120048 4.7391914730288169 -0.36225794367235931
2.4652775684419903 4.7380589382928378 -0.16579363058115892
2.4696408915719763 4.7376668646312075 -0.022811053121772184
2.4740042147019623 4.7377843892774072 0.068271844824537714
2.4783675378319479 4.7381859753925006 0.10663794248670995
2.4827308609619338 4.7386385832734508 0.092476915533169654
2.4870941840919194 4.7389459407346504 0.045968075557349081
2.4914575072219054 4.739038839513471 -0.0011532984393122323
2.4958208303518914 4.7389553641808293 -0.034875797465840144
2.5001841534818769 4.7387529587393651 -0.055900653299788931
2.5045474766118629 4.7384863706729865 -0.063977772756139667
2.5089107997418489 4.7382140462843907 -0.058717166040439146
2.5132741228718345 4.7379859654801555 -0.045206830229869752
2.5176374460018205 4.7378194329834544 -0.031771633240573305
2.522000769131806 4.7377030879885469 -0.022198873468879853
2.526364092261792 4.7376204791830965 -0.016223429827096052
2.530727415391778 4.73755631388706 -0.013821845907015788
2.5350907385217636 4.7374945489349027 -0.015072447359276557
2.5394540616517496 4.7374214340879996 -0.018624883388646485
2.5438173847817351 4.7373319440245281 -0.02222692019700237
2.5481807079117211 4.7372289506600547 -0.024809292392837853
2.5525440310417071 4.7371168413480476 -0.026429616523251286
2.5569073541716927 4.736999694830736 -0.027096938898923572
2.5612706773016787 4.7368818021167227 -0.026783699580005253
2.5656340004316642 4.7367668802676937 -0.025839765239173466
2.5699973235616502 4.7366563464656384 -0.024869126757383068
2.5743606466916362 4.7365494610000738 -0.024170204764613332
2.5787239698216218 4.7364450454563638 -0.023729926643621058
2.5830872929516078 4.7363420078236214 -0.023544386148589617
2.5874506160815938 4.7362391987570938 -0.023622293900478795
2.5918139392115793 4.7361356131451897 -0.023872966106612062
2.5961772623415653 4.7360308520789385 -0.024134465679491169
2.6005405854715509 4.7359251054284073 -0.024323615894252078
2.6049039086015369 4.7358186896286991 -0.024443226381939232
2.6092672317315229 4.7357118970762455 -0.024494743407681981
2.6136305548615084 4.7356050355876187 -0.02447549794521087
2.6179938779914944 4.7354983768433145 -0.024408963062617594
2.62235720112148 4.7353920328732331 -0.024338528513841468
2.626720524251466 4.7352859551186848 -0.024287342460125514
2.631083847381452 4.735180058632845 -0.024254853722408317
2.6354471705114375 4.7350742651153768 -0.024240567706153817
2.6398104936414235 4.7349684921358968 -0.024245283790970133
2.6441738167714091 4.7348626662874143 -0.024262934635967588
2.6485371399013951 4.7347567561738142 -0.024281901646841297
2.6529004630313811 4.7346507741629988 -0.024295752069431284
2.6572637861613666 4.7345447430518224 -0.024304575173715301
2.6616271092913526 4.7344386838105628 -0.024308532076062827
2.6659904324213386 4.7343326185110648 -0.024307387520753249
2.6703537555513241 4.7342265669802979 -0.024302707495383064
2.6747170786813101 4.7341205379996047 -0.024297601181353313
2.6790804018112957 4.734014528433498 -0.024293853687830602
2.6834437249412817 4.7339085321661232 -0.024291457955097875
2.6878070480712677 4.7338025435805839 -0.02429036320390578
2.6921703712012532 4.7336965567674163 -0.024290637707363383
2.6965336943312392 4.733590566373338 -0.024291877904612673
2.7008970174612248 4.7334845699467829 -0.024293252290469428
2.7052603405912108 4.7333785682784342 -0.024294266167129472
2.7096236637211968 4.7332725630084376 -0.024294916577140738
2.7139869868511823 4.7331665556414686 -0.024295219143110301
2.7183503099811683 4.733060547759572 -0.024295154279399218
2.7227136331111539 4.7329545408076292 -0.024294825817253753
2.7270769562411399 4.7328485354688814 -0.024294455989229892
2.7314402793711259 4.7327425315451652 -0.024294181708248937
2.7358036025011114 4.732636528596796 -0.02429400515696771
2.7401669256310974 4.7325305262206436 -0.024293921616544666
2.7445302487610834 4.7324245239932088 -0.024293936651513519
2.748893571891069 4.7323185215246406 -0.024294023592528458
2.753256895021055 4.7322125186248343 -0.024294123082084791
2.7576202181510405 4.732106515343097 -0.024294197276725514
2.7619835412810265 4.7320005117972492 -0.024294245193982902
2.7663468644110125 4.7318945080953121 -0.02429426823845781
2.7707101875409981 4.7317885043506429 -0.024294264842835978
2.7750735106709841 4.731682500668394 -0.024294241844204121
2.7794368338009696 4.731576497101381 -0.024294215087008283
2.7838001569309556 4.7314704936374374 -0.024294195018704737
2.7881634800609416 4.7313644902450065 -0.024294182015278998
2.7925268031909272 4.7312584868951397 -0.024294175663898479
2.7968901263209132 4.731152483557497 -0.024294176403272628
2.8012534494508987 4.7310464802037231 -0.024294182483478501
2.8056167725808847 4.7309404768191685 -0.024294189677463982
2.8099800957108707 4.7308344734068042 -0.024294195105145688
2.8143434188408563 4.7307284699750776 -0.02429419863354923
2.8187067419708423 4.7306224665317478 -0.024294200382530155
2.8230700651008283 4.7305164630849355 -0.024294200230365989
2.8274333882308138 4.7304104596422833 -0.024294198624110617
2.8317967113607998 4.7303044562078496 -0.02429419669043727
2.8361600344907854 4.7301984527809182 -0.024294195222589
2.8405233576207713 4.7300924493592289 -0.024294194265201852
2.8448866807507573 4.7299864459407024 -0.024294193783854195
2.8492500038807429 4.7298804425231644 -0.024294193812384169
2.8536133270107289 4.7297744391045553 -0.024294194236403919
2.8579766501407144 4.7296684356837533 -0.024294194755994328
2.8623399732707004 4.7295624322609271 -0.024294195153057477
2.8667032964006864 4.7294564288366816 -0.024294195412761076
2.871066619530672 4.7293504254115746 -0.024294195545082525
2.875429942660658 4.7292444219861878 -0.024294195540799569
2.8797932657906435 4.7291384185610763 -0.02429419542866329
2.8841565889206295 4.729032415136551 -0.024294195289144845
2.8885199120506155 4.7289264117125702 -0.024294195181969031
2.8928832351806011 4.728820408288974 -0.024294195111441007
2.8972465583105871 4.7287144048656122 -0.024294195075094362
2.9016098814405731 4.7286084014423295 -0.024294195075436252
2.9059732045705586 4.7285023980189758 -0.024294195104926787
2.9103365277005446 4.7283963945954666 -0.024294195142342701
2.9146998508305302 4.7282903911718099 -0.024294195171425781
2.9190631739605162 4.7281843877480494 -0.024294195190496179
2.9234264970905022 4.7280783843242249 -0.024294195200540041
2.9277898202204877 4.7279723809003782 -0.024294195200536276
2.9321531433504737 4.7278663774765501 -0.024294195192950133
2.9365164664804593 4.7277603740527621 -0.024294195182994482
2.9408797896104453 4.7276543706290148 -0.024294195174832604
2.9452431127404313 4.727548367205296 -0.024294195169796341
2.9496064358704168 4.7274423637815941 -0.024294195166966698
2.9539697590004028 4.7273363603578993 -0.024294195166833531
2.9583330821303884 4.7272303569341991 -0.024294195168974513
2.9626964052603744 4.7271243535104883 -0.024294195171535759
2.9670597283903604 4.7270183500867669 -0.024294195173798359
2.9714230515203459 4.7269123466630374 -0.02429419517501813
2.9757863746503319 4.7268063432393044 -0.024294195175815103
2.9801496977803179 4.7267003398155678 -0.024294195176285352
2.9845130209103035 4.7265943363918321 -0.024294195175446828
2.9888763440402895 4.7264883329681009 -0.024294195174666661
2.993239667170275 4.7263823295443714 -0.024294195174351177
2.997602990300261 4.7262763261206437 -0.024294195173950633
3.001966313430247 4.7261703226969178 -0.024294195173418204
3.0063296365602326 4.7260643192731937 -0.024294195173513205
3.0106929596902186 4.7259583158494678 -0.024294195173665645
3.0150562828202041 4.725852312425741 -0.024294195174792879
3.0194196059501901 4.7257463090020133 -0.024294195171352829
3.0237829290801761 4.7256403055782883 -0.02429419518275704
3.0281462522101616 4.7255343021545517 -0.024294195146694328
3.0325095753401476 4.7254282987308569 -0.024294195258778326
3.0368728984701332 4.725322295307004 -0.024294194926502338
3.0412362216001192 4.7252162918837461 -0.024294195843074365
3.0455995447301052 4.7251102884582608 -0.024294193631459866
3.0499628678600907 4.7250042850410967 -0.024294197371570413
3.0543261909900767 4.7248982815928731 -0.024294200256415731
3.0586895141200627 4.7247922782605674 -0.024294126632617888
3.0630528372500483 4.7246862755692396 -0.024293897839698372
3.0674161603800343 4.7245802743338325 -0.024293444913858511
3.0717794835100198 4.7244742758822609 -0.024292570368567922
3.0761428066400058 4.7243682829043383 -0.024290844047453099
3.0805061297699918 4.7242623005031321 -0.024287588458775034
3.0848694528999774 4.7241563374356632 -0.024281772221506594
3.0892327760299634 4.7240504079512444 -0.02427190985625995
3.0935960991599489 4.7239445338152981 -0.024256030743593674
3.0979594222899349 4.7238387461527473 -0.024231900025738027
3.1023227454199209 4.7237330863921381 -0.02419690838529211
3.1066860685499065 4.7236276054205248 -0.024150140508910893
3.1110493916798925 4.7235223600910361 -0.024087261805617131
3.115412714809878 4.7234174066240326 -0.024022859041410632
3.119776037939864 4.7233127912292767 -0.023910237582818395
3.12413936106985 4.723208539309244 -0.023942778014744554
3.1285026841998356 4.7231046455550665 -0.023429074232023651
3.1328660073298216 4.7230010676971927 -0.024987897928913892
3.1372293304598076 4.7228977262872327 -0.018886543014069283
3.1415926535897931 4.7228394367152005 -0.01059520729536584
3.1459559767197791 4.7227811471431682 -0.018886543014181502
3.1503192998497647 4.7226778057332073 -0.024987897929080526
3.1546826229797507 4.7225742278753335 -0.023429074231863065
3.1590459461097367 4.7224703341211569 -0.023942778014602241
3.1634092692397222 4.7223660822011242 -0.023910237582937605
3.1677725923697082 4.7222614668063674 -0.024022859041694065
3.1721359154996938 4.722156513339363 -0.024087261805585517
3.1764992386296798 4.7220512680098752 -0.024150140508753911
3.1808625617596658 4.721945787038262 -0.024196908385333647
3.1852258848896513 4.7218401272776527 -0.02423190002572892
3.1895892080196373 4.7217343396151019 -0.024256030743595971
3.1939525311496229 4.7216284654791556 -0.024271909856259887
3.1983158542796088 4.7215225359947368 -0.024281772221504572
3.2026791774095948 4.7214165729272679 -0.024287588458775791
3.2070425005395804 4.7213105905260617 -0.024290844047452093
3.2114058236695664 4.7212045975481391 -0.024292570368578591
3.2157691467995524 4.7210985990965675 -0.024293444913809411
3.2201324699295379 4.7209925978611604 -0.024293897839884091
3.2244957930595239 4.7208865951698318 -0.02429412663253476
3.2288591161895095 4.720780591837527 -0.024294200256562509
3.2332224393194955 4.7206745883893015 -0.024294197371684506
3.2375857624494815 4.7205685849721384 -0.024294193631459994
3.241949085579467 4.7204625815466521 -0.024294195842959762
3.246312408709453 4.720356578123396 -0.024294194926357374
3.2506757318394386 4.7202505746995422 -0.024294195258862124
3.2550390549694246 4.7201445712758483 -0.024294195146504122
3.2594023780994106 4.7200385678521117 -0.024294195182815972
3.2637657012293961 4.7199325644283867 -0.02429419517130731
3.2681290243593821 4.719826561004659 -0.024294195174923445
3.2724923474893677 4.7197205575809313 -0.024294195173799583
3.2768556706193537 4.7196145541572045 -0.024294195174068219
3.2812189937493397 4.7195085507334769 -0.024294195174110102
3.2855823168793252 4.7194025473097492 -0.024294195174292033
3.2899456400093112 4.7192965438860206 -0.024294195174133091
3.2943089631392972 4.7191905404622938 -0.02429419517396883
3.2986722862692828 4.7190845370385661 -0.024294195174181597
3.3030356093992688 4.7189785336148384 -0.024294195174105457
3.3073989325292543 4.7188725301911107 -0.024294195174197234
3.3117622556592403 4.7187665267673831 -0.024294195173906262
3.3161255787892263 4.7186605233436572 -0.02429419517374963
3.3204889019192119 4.7185545199199304 -0.024294195174063889
3.3248522250491979 4.7184485164962027 -0.024294195174184817
3.3292155481791834 4.718342513072475 -0.024294195173997491
3.3335788713091694 4.7182365096487482 -0.024294195174015206
3.3379421944391554 4.7181305062250205 -0.024294195174124247
3.342305517569141 4.7180245028012928 -0.024294195174288481
3.346668840699127 4.7179184993775642 -0.024294195174133157
3.351032163829113 4.7178124959538374 -0.02429419517397214
3.3553954869590985 4.7177064925301098 -0.024294195174168271
3.3597588100890845 4.7176004891063821 -0.024294195174155441
3.3641221332190701 4.7174944856826544 -0.024294195174010616
3.3684854563490561 4.7173884822589276 -0.024294195173992093
3.372848779479042 4.7172824788351999 -0.024294195174203576
3.3772121026090276 4.7171764754114722 -0.024294195173994271
3.3815754257390136 4.7170704719877454 -0.024294195174009318
3.3859387488689991 4.7169644685640177 -0.024294195174158428
3.3903020719989851 4.7168584651402901 -0.024294195174157644
3.3946653951289711 4.7167524617165624 -0.024294195174004243
3.3990287182589567 4.7166464582928356 -0.02429419517401539
3.4033920413889427 4.7165404548691079 -0.024294195174124195
3.4077553645189282 4.7164344514453802 -0.024294195174288484
3.4121186876489142 4.7163284480216516 -0.024294195174133188
3.4164820107789002 4.7162224445979248 -0.024294195173972005
3.4208453339088858 4.7161164411741971 -0.024294195174168802
3.4252086570388718 4.7160104377504695 -0.024294195174153457
3.4295719801688578 4.7159044343267418 -0.024294195174010606
3.4339353032988433 4.715798430903015 -0.024294195173994129
3.4382986264288293 4.7156924274792873 -0.024294195174202879
3.4426619495588149 4.7155864240555596 -0.024294195173995024
3.4470252726888009 4.7154804206318328 -0.024294195174007011
3.4513885958187869 4.7153744172081051 -0.024294195174159497
3.4557519189487724 4.7152684137843774 -0.024294195174155681
3.4601152420787584 4.7151624103606498 -0.024294195174018457
3.464478565208744 4.715056406936923 -0.024294195173960479
3.46884188833873 4.7149504035131953 -0.024294195174329635
3.473205211468716 4.7148444000894667 -0.024294195174124875
3.4775685345987015 4.7147383966657399 -0.024294195173971529
3.4819318577286875 4.7146323932420122 -0.024294195174179002
3.4862951808586731 4.7145263898182845 -0.024294195174113117
3.4906585039886591 4.7144203863945569 -0.024294195174169201
3.4950218271186451 4.7143143829708292 -0.024294195174003306
3.4993851502486306 4.7142083795471024 -0.02429419517400758
3.5037484733786166 4.7141023761233747 -0.024294195174156374
3.5081117965086026 4.713996372699647 -0.024294195174160167
3.5124751196385882 4.7138903692759193 -0.024294195174003618
3.5168384427685742 4.7137843658521925 -0.024294195174015376
3.5212017658985597 4.7136783624284648 -0.024294195174124875
3.5255650890285457 4.7135723590047371 -0.024294195174285799
3.5299284121585317 4.7134663555810086 -0.024294195174135835
3.5342917352885173 4.7133603521572818 -0.024294195173971533
3.5386550584185033 4.7132543487335541 -0.024294195174168039
3.5430183815484888 4.7131483453098264 -0.024294195174156968
3.5473817046784748 4.7130423418860987 -0.024294195174004749
3.5517450278084608 4.7129363384623719 -0.024294195174006609
3.5561083509384463 4.7128303350386442 -0.02429419517415881
3.5604716740684323 4.7127243316149166 -0.024294195174158813
3.5648349971984179 4.7126183281911889 -0.024294195174006602
3.5691983203284039 4.7125123247674621 -0.024294195174004784
3.5735616434583899 4.7124063213437344 -0.024294195174156825
3.5779249665883754 4.7123003179200067 -0.02429419517416857
3.5822882897183614 4.712194314496279 -0.024294195173969548
3.5866516128483474 4.7120883110725522 -0.024294195174135825
3.591014935978333 4.7119823076488236 -0.024294195174287825
3.595378259108319 4.711876304225096 -0.024294195174124195
3.5997415822383045 4.7117703008013683 -0.024294195174016053
3.6041049053682905 4.7116642973776415 -0.024294195174001599
3.6084682284982765 4.7115582939539138 -0.024294195174160118
3.6128315516282621 4.7114522905301861 -0.024294195174158595
3.6171948747582481 4.7113462871064584 -0.024294195174006154
3.6215581978882336 4.7112402836827316 -0.024294195174006779
3.6259215210182196 4.7111342802590039 -0.024294195174156749
3.6302848441482056 4.7110282768352763 -0.024294195174159452
3.6346481672781912 4.7109222734115486 -0.024294195174006102
3.6390114904081772 4.7108162699878218 -0.024294195174006113
3.6433748135381627 4.7107102665640941 -0.024294195174159438
3.6477381366681487 4.7106042631403664 -0.024294195174156794
3.6521014597981347 4.7104982597166387 -0.02429419517400663
3.6564647829281203 4.7103922562929119 -0.024294195174006689
3.6608281060581063 4.7102862528691842 -0.024294195174156621
3.6651914291880923 4.7101802494454565 -0.024294195174160056
3.6695547523180778 4.7100742460217289 -0.024294195174003826
3.6739180754480638 4.7099682425980021 -0.024294195174014637
3.6782813985780494 4.7098622391742744 -0.02429419517412763
3.6826447217080354 4.7097562357505467 -0.024294195174275508
3.6870080448380214 4.7096502323268181 -0.024294195174174242
3.6913713679680069 4.7095442289030913 -0.024294195173828192
3.6957346910979929 4.7094382254793645 -0.024294195174092325
3.7000980142279785 4.7093322220556368 -0.024294195173992495
3.7044613373579645 4.70922621863191 -0.024294195174127696
3.7088246604879505 4.7091202152081815 -0.024294195174289959
3.713187983617936 4.7090142117844538 -0.024294195174123803
3.717551306747922 4.7089082083607261 -0.02429419517401548
3.7219146298779076 4.7088022049369993 -0.02429419517400426
3.7262779530078936 4.7086962015132716 -0.024294195174157464
3.7306412761378795 4.7085901980895439 -0.024294195174159133
3.7350045992678651 4.7084841946658162 -0.024294195174006671
3.7393679223978511 4.7083781912420894 -0.024294195174004159
3.7437312455278371 4.7082721878183618 -0.024294195174159268
3.7480945686578226 4.7081661843946341 -0.024294195174159438
3.7524578917878086 4.7080601809709064 -0.024294195174003629
3.7568212149177942 4.7079541775471796 -0.024294195174016046
3.7611845380477802 4.7078481741234519 -0.024294195174122176
3.7655478611777662 4.7077421706997242 -0.024294195174288494
3.7699111843077517 4.7076361672759957 -0.024294195174135173
3.7742745074377377 4.7075301638522689 -0.024294195173971467
3.7786378305677233 4.7074241604285412 -0.024294195174168941
3.7830011536977093 4.7073181570048135 -0.024294195174153439
3.7873644768276953 4.7072121535810858 -0.024294195174010554
3.7917277999576808 4.707106150157359 -0.024294195173994355
3.7960911230876668 4.7070001467336313 -0.024294195174202036
3.8004544462176524 4.7068941433099036 -0.024294195173998161
3.8048177693476384 4.7067881398861768 -0.024294195173995302
3.8091810924776244 4.7066821364624492 -0.024294195174203195
3.8135444156076099 4.7065761330387215 -0.024294195173992596
3.8179077387375959 4.7064701296149947 -0.024294195174016431
3.8222710618675819 4.706364126191267 -0.024294195174124258
3.8266343849975675 4.7062581227675393 -0.024294195174287204
3.8309977081275535 4.7061521193438107 -0.02429419517413826
3.835361031257539 4.7060461159200839 -0.024294195173960413
3.839724354387525 4.7059401124963562 -0.024294195174210081
3.844087677517511 4.7058341090726286 -0.024294195173992495
3.8484510006474966 4.7057281056489018 -0.024294195174009936
3.8528143237774826 4.7056221022251741 -0.024294195174157748
3.8571776469074681 4.7055160988014464 -0.024294195174159709
3.8615409700374541 4.7054100953777187 -0.024294195174004062
3.8659042931674401 4.7053040919539919 -0.024294195174006612
3.8702676162974257 4.7051980885302642 -0.02429419517415949
3.8746309394274117 4.7050920851065365 -0.024294195174156073
3.8789942625573972 4.7049860816828089 -0.024294195174016882
3.8833575856873832 4.7048800782590821 -0.024294195173966394
3.8877209088173692 4.7047740748353544 -0.024294195174300107
3.8920842319473548 4.7046680714116258 -0.024294195174244512
3.8964475550773408 4.7045620679878981 -0.024294195174133174
3.9008108782073267 4.7044560645641704 -0.024294195174016035
3.9051742013373123 4.7043500611404436 -0.024294195173992672
3.9095375244672983 4.7042440577167159 -0.024294195174203274
3.9139008475972838 4.7041380542929883 -0.024294195173994879
3.9182641707272698 4.7040320508692615 -0.024294195174007209
3.9226274938572558 4.7039260474455338 -0.024294195174158865
3.9269908169872414 4.7038200440218061 -0.024294195174157991
3.9313541401172274 4.7037140405980784 -0.024294195174009815
3.9357174632472129 4.7036080371743516 -0.024294195173992738
3.9400807863771989 4.7035020337506239 -0.024294195174209231
3.9444441095071849 4.7033960303268962 -0.02429419517396356
3.9488074326371705 4.7032900269031694 -0.024294195174126516
3.9531707557671565 4.7031840234794409 -0.024294195174331044
3.957534078897142 4.7030780200557132 -0.024294195173960632
3.961897402027128 4.7029720166319864 -0.024294195174016431
3.966260725157114 4.7028660132082587 -0.024294195174156236
3.9706240482870996 4.702760009784531 -0.024294195174159303
3.9749873714170856 4.7026540063608033 -0.024294195174007219
3.9793506945470716 4.7025480029370765 -0.024294195173994382
3.9837140176770571 4.7024419995133488 -0.024294195174205259
3.9880773408070431 4.7023359960896212 -0.024294195173985237
3.9924406639370287 4.7022299926658944 -0.02429419517404378
3.9968039870670147 4.7021239892421667 -0.024294195174029636
4.0011673101970002 4.7020179858184399 -0.024294195174027665
4.0055306333269867 4.7019119823947122 -0.024294195174042264
4.0098939564569722 4.7018059789709854 -0.024294195173985858
4.0142572795869578 4.7016999755472577 -0.024294195174211719
4.0186206027169442 4.70159397212353 -0.024294195173960496
4.0229839258469298 4.7014879686998032 -0.024294195174128865
4.0273472489769153 4.7013819652760747 -0.024294195174332105
4.0317105721069009 4.701275961852347 -0.024294195173961457
4.0360738952368873 4.7011699584286202 -0.024294195174004631
4.0404372183668729 4.7010639550048925 -0.024294195174202601
4.0448005414968584 4.7009579515811648 -0.02429419517399305
4.0491638646268449 4.700851948157438 -0.024294195174007754
4.0535271877568304 4.7007459447337103 -0.024294195174158525
4.057890510886816 4.7006399413099826 -0.024294195174166221
4.0622538340168024 4.700533937886255 -0.024294195173969829
4.066617157146788 4.7004279344625282 -0.024294195174137057
4.0709804802767735 4.7003219310387996 -0.024294195174290004
4.0753438034067591 4.7002159276150719 -0.024294195174121676
4.0797071265367455 4.7001099241913442 -0.024294195174016518
4.0840704496667311 4.7000039207676174 -0.024294195173994837
4.0884337727967166 4.6998979173438897 -0.024294195174201547
4.092797095926703 4.699791913920162 -0.0242941951739922
4.0971604190566886 4.6996859104964352 -0.02429419517401224
4.1015237421866741 4.6995799070727076 -0.024294195174156243
4.1058870653166606 4.6994739036489799 -0.024294195174156041
4.1102503884466461 4.6993679002252522 -0.024294195174012836
4.1146137115766317 4.6992618968015254 -0.024294195173990032
4.1189770347066181 4.6991558933777977 -0.02429419517420961
4.1233403578366037 4.69904988995407 -0.024294195173964774
4.1277036809665892 4.6989438865303432 -0.024294195174128692
4.1320670040965748 4.6988378831066147 -0.024294195174328532
4.1364303272265612 4.698731879682887 -0.024294195173961093
4.1407936503565468 4.6986258762591602 -0.024294195174009683
4.1451569734865323 4.6985198728354325 -0.024294195174197574
4.1495202966165188 4.6984138694117048 -0.024294195173993262
4.1538836197465043 4.698307865987978 -0.024294195174011959
4.1582469428764899 4.6982018625642503 -0.024294195174156312
4.1626102660064763 4.6980958591405226 -0.024294195174156021
4.1669735891364619 4.6979898557167949 -0.02429419517401284
4.1713369122664474 4.6978838522930682 -0.024294195173990035
4.1757002353964339 4.6977778488693405 -0.024294195174209596
4.1800635585264194 4.6976718454456128 -0.024294195173964837
4.184426881656405 4.697565842021886 -0.024294195174128466
4.1887902047863905 4.6974598385981574 -0.024294195174329375
4.193153527916377 4.6973538351744297 -0.024294195173957946
4.1975168510463625 4.6972478317507029 -0.024294195174021427
4.2018801741763481 4.6971418283269752 -0.024294195174153734
4.2062434973063345 4.6970358249032476 -0.024294195174156864
4.2106068204363201 4.6969298214795199 -0.024294195174012052
4.2149701435663056 4.6968238180557931 -0.024294195173992329
4.2193334666962921 4.6967178146320654 -0.02429419517420121
4.2236967898262776 4.6966118112083377 -0.024294195173996079
4.2280601129562632 4.6965058077846109 -0.024294195174011889
4.2324234360862487 4.6963998043608832 -0.024294195174153779
4.2367867592162352 4.6962938009371555 -0.024294195174166238
4.2411500823462207 4.6961877975134279 -0.024294195173974506
4.2455134054762063 4.6960817940897011 -0.024294195174133157
4.2498767286061927 4.6959757906659725 -0.024294195174286104
4.2542400517361783 4.6958697872422448 -0.024294195174126343
4.2586033748661638 4.6957637838185171 -0.024294195174016594
4.2629666979961502 4.6956577803947903 -0.024294195173989862
4.2673300211261358 4.6955517769710626 -0.024294195174206532
4.2716933442561213 4.6954457735473349 -0.024294195173992089
4.2760566673861078 4.6953397701236081 -0.024294195174007698
4.2804199905160933 4.6952337666998805 -0.024294195174159684
4.2847833136460789 4.6951277632761528 -0.024294195174161627
4.2891466367760644 4.6950217598524251 -0.024294195174001897
4.2935099599060509 4.6949157564286983 -0.024294195174013364
4.2978732830360364 4.6948097530049706 -0.024294195174127207
4.302236606166022 4.6947037495812429 -0.024294195174285868
4.3065999292960084 4.6945977461575144 -0.024294195174133226
4.310963252425994 4.6944917427337876 -0.024294195173974464
4.3153265755559795 4.6943857393100599 -0.024294195174166318
4.319689898685966 4.6942797358863322 -0.024294195174153495
4.3240532218159515 4.6941737324626045 -0.024294195174012951
4.3284165449459371 4.6940677290388777 -0.024294195173992096
4.3327798680759235 4.69396172561515 -0.024294195174201231
4.3371431912059091 4.6938557221914223 -0.024294195173996221
4.3415065143358946 4.6937497187676955 -0.024294195174011279
4.3458698374658802 4.6936437153439678 -0.024294195174156083
4.3502331605958666 4.6935377119202402 -0.024294195174157637
4.3545964837258522 4.6934317084965125 -0.024294195174006602
4.3589598068558377 4.6933257050727857 -0.024294195174013374
4.3633231299858242 4.693219701649058 -0.024294195174122471
4.3676864531158097 4.6931136982253303 -0.024294195174289993
4.3720497762457953 4.6930076948016017 -0.024294195174136297
4.3764130993757817 4.6929016913778749 -0.024294195173958057
4.3807764225057673 4.6927956879541473 -0.024294195174214057
4.3851397456357528 4.6926896845304196 -0.024294195173993789
4.3895030687657384 4.6925836811066928 -0.024294195174008205
4.3938663918957248 4.6924776776829651 -0.024294195174155962
4.3982297150257104 4.6923716742592374 -0.024294195174161204
4.4025930381556959 4.6922656708355097 -0.024294195174007296
4.4069563612856824 4.6921596674117829 -0.024294195173992193
4.4113196844156679 4.6920536639880552 -0.024294195174206498
4.4156830075456535 4.6919476605643275 -0.024294195173989876
4.4200463306756399 4.6918416571406008 -0.02429419517401658
4.4244096538056255 4.6917356537168731 -0.024294195174126364
4.428772976935611 4.6916296502931454 -0.024294195174286024
4.4331363000655974 4.6915236468694168 -0.024294195174133431
4.437499623195583 4.69141764344569 -0.024294195173973496
4.4418629463255686 4.6913116400219623 -0.024294195174169992
4.4462262694555541 4.6912056365982346 -0.024294195174154615
4.4505895925855405 4.691099633174507 -0.024294195174004773
4.4549529157155261 4.6909936297507802 -0.024294195174008871
4.4593162388455116 4.6908876263270525 -0.024294195174157138
4.4636795619754981 4.6907816229033248 -0.024294195174155795
4.4680428851054836 4.6906756194795971 -0.024294195174012937
4.4724062082354692 4.6905696160558703 -0.024294195173989872
4.4767695313654556 4.6904636126321426 -0.024294195174210158
4.4811328544954412 4.6903576092084149 -0.024294195173962738
4.4854961776254267 4.6902516057846881 -0.024294195174136297
4.4898595007554132 4.6901456023609596 -0.024294195174285313
4.4942228238853987 4.6900395989372319 -0.024294195174126367
4.4985861470153843 4.6899335955135042 -0.024294195174017284
4.5029494701453698 4.6898275920897774 -0.024294195174001904
4.5073127932753563 4.6897215886660497 -0.024294195174157648
4.5116761164053418 4.689615585242322 -0.024294195174160749
4.5160394395353274 4.6895095818185943 -0.024294195174007414
4.5204027626653138 4.6894035783948675 -0.024294195173992165
4.5247660857952994 4.6892975749711399 -0.024294195174206508
4.5291294089252849 4.6891915715474122 -0.024294195173989865
4.5334927320552714 4.6890855681236854 -0.024294195174016587
4.5378560551852569 4.6889795646999577 -0.024294195174126364
4.5422193783152425 4.68887356127623 -0.024294195174286024
4.5465827014452289 4.6887675578525014 -0.024294195174133431
4.5509460245752145 4.6886615544287746 -0.024294195173973496
4.5553093477052 4.688555551005047 -0.024294195174169992
4.5596726708351856 4.6884495475813193 -0.024294195174154622
4.564035993965172 4.6883435441575916 -0.024294195174004753
4.5683993170951576 4.6882375407338648 -0.024294195174008951
4.5727626402251431 4.6881315373101371 -0.02429419517415685
4.5771259633551296 4.6880255338864094 -0.024294195174156864
4.5814892864851151 4.6879195304626817 -0.024294195174008951
4.5858526096151007 4.6878135270389549 -0.024294195174004753
4.5902159327450871 4.6877075236152272 -0.024294195174154626
4.5945792558750727 4.6876015201914996 -0.024294195174169992
4.5989425790050582 4.6874955167677719 -0.024294195173973483
4.6033059021350438 4.6873895133440451 -0.024294195174133483
4.6076692252650302 4.6872835099203165 -0.024294195174285806
4.6120325483950158 4.6871775064965888 -0.02429419517412721
4.6163958715250013 4.6870715030728611 -0.024294195174013419
4.6207591946549877 4.6869654996491343 -0.024294195174001679
4.6251225177849733 4.6868594962254067 -0.024294195174162436
4.6294858409149588 4.686753492801679 -0.024294195174156652
4.6338491640449453 4.6866474893779513 -0.024294195174004204
4.6382124871749308 4.6865414859542245 -0.024294195174009114
4.6425758103049164 4.6864354825304968 -0.024294195174156756
4.6469391334349028 4.6863294791067691 -0.02429419517415711
4.6513024565648884 4.6862234756830414 -0.024294195174008056
4.6556657796948739 4.6861174722593146 -0.024294195174008062
4.6600291028248595 4.6860114688355869 -0.024294195174157103
4.6643924259548459 4.6859054654118593 -0.024294195174156756
4.6687557490848315 4.6857994619881316 -0.024294195174009124
4.673119072214817 4.6856934585644048 -0.024294195174004156
4.6774823953448035 4.6855874551406771 -0.024294195174156815
4.681845718474789 4.6854814517169494 -0.024294195174161815
4.6862090416047746 4.6853754482932217 -0.024294195174003986
4.690572364734761 4.6852694448694949 -0.024294195174004815
4.6949356878647466 4.6851634414457672 -0.024294195174159313
4.6992990109947321 4.6850574380220396 -0.024294195174166006
4.7036623341247186 4.6849514345983119 -0.024294195173969881
4.7080256572547041 4.6848454311745851 -0.024294195174137046
4.7123889803846897 4.6847394277508565 -0.024294195174290011
4.7167523035146752 4.6846334243271288 -0.024294195174121676
4.7211156266446617 4.6845274209034011 -0.024294195174016518
4.7254789497746472 4.6844214174796743 -0.024294195173994833
4.7298422729046328 4.6843154140559466 -0.024294195174201554
4.7342055960346192 4.684209410632219 -0.024294195173992172
4.7385689191646048 4.6841034072084922 -0.024294195174012337
4.7429322422945903 4.6839974037847645 -0.024294195174155892
4.7472955654245768 4.6838914003610368 -0.024294195174157339
4.7516588885545623 4.6837853969373091 -0.024294195174007986
4.7560222116845479 4.6836793935135823 -0.024294195174008125
4.7603855348145334 4.6835733900898546 -0.024294195174156919
4.7647488579445199 4.6834673866661269 -0.024294195174157415
4.7691121810745054 4.6833613832423993 -0.024294195174006657
4.773475504204491 4.6832553798186725 -0.024294195174013357
4.7778388273344774 4.6831493763949448 -0.024294195174122478
4.782202150464463 4.6830433729712171 -0.024294195174289972
4.7865654735944485 4.6829373695474885 -0.024294195174136373
4.7909287967244349 4.6828313661237617 -0.024294195173957769
4.7952921198544205 4.682725362700034 -0.024294195174215123
4.7996554429844061 4.6826193592763063 -0.02429419517398981
4.8040187661143925 4.6825133558525796 -0.024294195174008208
4.808382089244378 4.6824073524288519 -0.024294195174159927
4.8127454123743636 4.6823013490051242 -0.024294195174160146
4.8171087355043491 4.6821953455813965 -0.024294195174007573
4.8214720586343356 4.6820893421576697 -0.02429419517399212
4.8258353817643211 4.681983338733942 -0.024294195174206522
4.8301987048943067 4.6818773353102143 -0.024294195173989865
4.8345620280242931 4.6817713318864875 -0.024294195174016594
4.8389253511542787 4.6816653284627598 -0.024294195174126346
4.8432886742842642 4.6815593250390322 -0.024294195174286101
4.8476519974142507 4.6814533216153036 -0.024294195174133146
4.8520153205442362 4.6813473181915768 -0.024294195173974562
4.8563786436742218 4.6812413147678491 -0.024294195174166016
4.8607419668042082 4.6811353113441214 -0.024294195174154626
4.8651052899341938 4.6810293079203937 -0.024294195174008725
4.8694686130641793 4.6809233044966669 -0.024294195174007886
4.8738319361941649 4.6808173010729393 -0.024294195174157145
4.8781952593241513 4.6807112976492116 -0.024294195174156784
4.8825585824541369 4.6806052942254839 -0.024294195174008968
4.8869219055841224 4.6804992908017571 -0.02429419517400476
4.8912852287141089 4.6803932873780294 -0.024294195174154567
4.8956485518440944 4.6802872839543017 -0.024294195174170207
4.90001187497408 4.680181280530574 -0.024294195173972671
4.9043751981040664 4.6800752771068472 -0.02429419517412168
4.908738521234052 4.6799692736831187 -0.02429419517433384
4.9131018443640375 4.679863270259391 -0.024294195173961693
4.9174651674940231 4.6797572668356642 -0.024294195174016806
4.9218284906240095 4.6796512634119365 -0.024294195174153654
4.9261918137539951 4.6795452599882088 -0.024294195174161832
4.9305551368839806 4.6794392565644811 -0.024294195174007084
4.9349184600139671 4.6793332531407543 -0.024294195173992401
4.9392817831439526 4.6792272497170266 -0.024294195174205873
4.9436451062739382 4.679121246293299 -0.024294195173992193
4.9480084294039246 4.6790152428695722 -0.024294195174007924
4.9523717525339102 4.6789092394458445 -0.024294195174158685
4.9567350756638957 4.6788032360221168 -0.024294195174165409
4.9610983987938821 4.6786972325983891 -0.024294195173972903
4.9654617219238677 4.6785912291746623 -0.024294195174125545
4.9698250450538533 4.6784852257509337 -0.024294195174332997
4.9741883681838388 4.678379222327206 -0.024294195173961211
4.9785516913138252 4.6782732189034792 -0.024294195174004708
4.9829150144438108 4.6781672154797516 -0.024294195174202539
4.9872783375737963 4.6780612120560239 -0.024294195173993224
4.9916416607037828 4.6779552086322971 -0.024294195174007133
4.9960049838337683 4.6778492052085694 -0.024294195174160812
5.0003683069637539 4.6777432017848417 -0.024294195174157696
5.0047316300937403 4.677637198361114 -0.024294195174001637
5.0090949532237259 4.6775311949373872 -0.024294195174018342
5.0134582763537114 4.6774251915136595 -0.024294195174122391
5.0178215994836979 4.6773191880899319 -0.02429419517428532
5.0221849226136834 4.6772131846662033 -0.024294195174140235
5.026548245743669 4.6771071812424765 -0.024294195173961811
5.0309115688736545 4.6770011778187488 -0.02429419517420995
5.035274892003641 4.6768951743950211 -0.024294195173991614
5.0396382151336265 4.6767891709712943 -0.024294195174006175
5.0440015382636121 4.6766831675475666 -0.024294195174181098
5.0483648613935985 4.6765771641238389 -0.024294195174062679
5.0527281845235841 4.6764711607001122 -0.024294195173750772
5.0570915076535696 4.6763651572763862 -0.024294195173910297
5.0614548307835561 4.6762591538526586 -0.024294195174179928
5.0658181539135416 4.6761531504289309 -0.024294195174163213
5.0701814770435272 4.6760471470052032 -0.024294195173975297
5.0745448001735127 4.6759411435814764 -0.024294195174132997
5.0789081233034992 4.6758351401577478 -0.024294195174285934
5.0832714464334847 4.6757291367340201 -0.024294195174127179
5.0876347695634703 4.6756231333102924 -0.024294195174013426
5.0919980926934567 4.6755171298865656 -0.024294195174001679
5.0963614158234423 4.675411126462838 -0.024294195174162439
5.1007247389534278 4.6753051230391103 -0.024294195174156649
5.1050880620834143 4.6751991196153826 -0.024294195174004218
5.1094513852133998 4.6750931161916558 -0.024294195174009058
5.1138147083433854 4.6749871127679281 -0.024294195174156968
5.1181780314733718 4.6748811093442004 -0.024294195174156305
5.1225413546033574 4.6747751059204727 -0.024294195174011046
5.1269046777333429 4.6746691024967459 -0.024294195173996915
5.1312680008633285 4.6745630990730183 -0.024294195174198695
5.1356313239933149 4.6744570956492906 -0.024294195174001543
5.1399946471233005 4.6743510922255638 -0.024294195173977708
5.144357970253286 4.6742450888018361 -0.024294195174285025
5.1487212933832724 4.6741390853781075 -0.024294195174286107
5.153084616513258 4.6740330819543798 -0.024294195173974461
5.1574479396432436 4.673927078530653 -0.024294195174013444
5.16181126277323 4.6738210751069253 -0.024294195174154331
5.1661745859032155 4.6737150716831977 -0.02429419517416246
5.1705379090332011 4.67360906825947 -0.02429419517400391
5.1749012321631875 4.6735030648357432 -0.024294195174004479
5.1792645552931731 4.6733970614120155 -0.024294195174160753
5.1836278784231586 4.6732910579882878 -0.024294195174160566
5.1879912015531442 4.6731850545645601 -0.024294195174005058
5.1923545246831306 4.6730790511408333 -0.024294195174001769
5.1967178478131162 4.6729730477171056 -0.02429419517417044
5.2010811709431017 4.672867044293378 -0.02429419517412456
5.2054444940730882 4.6727610408696503 -0.024294195174124563
5.2098078172030737 4.6726550374459226 -0.024294195174170436
5.2141711403330593 4.6725490340221949 -0.024294195174001769
5.2185344634630457 4.6724430305984681 -0.024294195174005061
5.2228977865930313 4.6723370271747404 -0.024294195174160562
5.2272611097230168 4.6722310237510127 -0.02429419517416077
5.2316244328530024 4.672125020327285 -0.024294195174004433
5.2359877559829888 4.6720190169035583 -0.024294195174004073
5.2403510791129744 4.6719130134798306 -0.024294195174161842
5.2447144022429599 4.6718070100561029 -0.024294195174156638
5.2490777253729464 4.6717010066323752 -0.024294195174004846
5.2534410485029319 4.6715950032086484 -0.024294195174006557
5.2578043716329175 4.6714889997849207 -0.024294195174166318
5.2621676947629039 4.671382996361193 -0.024294195174121413
5.2665310178928895 4.6712769929374653 -0.024294195174141272
5.270894341022875 4.6711709895137377 -0.024294195174121555
5.2752576641528615 4.67106498609001 -0.024294195174165752
5.279620987282847 4.6709589826662823 -0.02429419517400868
5.2839843104128326 4.6708529792425555 -0.024294195173996933
5.2883476335428181 4.6707469758188278 -0.024294195174200998
5.2927109566728046 4.6706409723951001 -0.024294195173992325
5.2970742798027901 4.6705349689713733 -0.024294195174012267
5.3014376029327757 4.6704289655476456 -0.024294195174156021
5.3058009260627621 4.670322962123918 -0.024294195174156888
5.3101642491927477 4.6702169587001903 -0.024294195174009665
5.3145275723227332 4.6701109552764635 -0.024294195174001856
5.3188908954527196 4.6700049518527358 -0.024294195174165482
5.3232542185827052 4.6698989484290081 -0.024294195174129469
5.3276175417126908 4.6697929450052804 -0.024294195174124716
5.3319808648426772 4.6696869415815527 -0.024294195174164902
5.3363441879726627 4.669580938157825 -0.024294195174008913
5.3407075111026483 4.6694749347340982 -0.024294195173996877
5.3450708342326338 4.6693689313103706 -0.024294195174201005
5.3494341573626203 4.6692629278866429 -0.024294195173992339
5.3537974804926058 4.6691569244629161 -0.024294195174012219
5.3581608036225914 4.6690509210391884 -0.024294195174156201
5.3625241267525778 4.6689449176154607 -0.024294195174156204
5.3668874498825634 4.668838914191733 -0.024294195174012229
5.3712507730125489 4.6687329107680062 -0.02429419517399229
5.3756140961425354 4.6686269073442785 -0.024294195174201179
5.3799774192725209 4.6685209039205509 -0.024294195173996253
5.3843407424025065 4.6684149004968241 -0.024294195174011227
5.388704065532492 4.6683088970730964 -0.02429419517415625
5.3930673886624785 4.6682028936493687 -0.02429419517415702
5.397430711792464 4.668096890225641 -0.024294195174008916
5.4017940349224496 4.6679908868019142 -0.024294195174004725
5.406157358052436 4.6678848833781865 -0.02429419517415474
5.4105206811824216 4.6677788799544588 -0.024294195174169569
5.4148840043124071 4.6676728765307312 -0.024294195173975051
5.4192473274423936 4.6675668731070044 -0.024294195174112795
5.4236106505723791 4.6674608696832758 -0.024294195174367005
5.4279739737023647 4.6673548662595481 -0.024294195173837931
5.4323372968323511 4.6672488628358222 -0.024294195173853179
5.4367006199623367 4.6671428594120945 -0.024294195174321249
5.4410639430923222 4.6670368559883659 -0.02429419517428057
5.4454272662223078 4.6669308525646382 -0.024294195173975203
5.4497905893522942 4.6668248491409114 -0.024294195174001165
5.4541539124822798 4.6667188457171838 -0.024294195174202709
5.4585172356122653 4.6666128422934561 -0.024294195173996065
5.4628805587422518 4.6665068388697293 -0.024294195173995583
5.4672438818722373 4.6664008354460016 -0.024294195174204194
5.4716072050022229 4.6662948320222739 -0.024294195173995715
5.4759705281322093 4.6661888285985471 -0.024294195173995507
5.4803338512621949 4.6660828251748194 -0.024294195174204846
5.4846971743921804 4.6659768217510917 -0.024294195173993182
5.4890604975221668 4.6658708183273649 -0.024294195174005002
5.4934238206521524 4.6657648149036373 -0.024294195174169385
5.497787143782138 4.6656588114799096 -0.024294195174125528
5.5021504669121235 4.6655528080561819 -0.024294195174136592
5.5065137900421099 4.6654468046324542 -0.024294195174121343
5.5108771131720955 4.6653408012087265 -0.024294195174171279
5.5152404363020811 4.6652347977849988 -0.024294195174001623
5.5196037594320675 4.665128794361272 -0.02429419517400478
5.523967082562053 4.6650227909375444 -0.024294195174161832
5.5283304056920386 4.6649167875138167 -0.024294195174155951
5.532693728822025 4.664810784090089 -0.024294195174007584
5.5370570519520106 4.6647047806663622 -0.024294195173996301
5.5414203750819961 4.6645987772426345 -0.024294195174204624
5.5457836982119817 4.6644927738189068 -0.024294195173993297
5.5501470213419681 4.66438677039518 -0.024294195174004767
5.5545103444719537 4.6642807669714523 -0.024294195174170211
5.5588736676019392 4.6641747635477246 -0.024294195174122464
5.5632369907319257 4.664068760123997 -0.024294195174133164
5.5676003138619112 4.6639627567002693 -0.024294195174138115
5.5719636369918968 4.6638567532765416 -0.024294195174122468
5.5763269601218832 4.6637507498528139 -0.02429419517416526
5.5806902832518688 4.6636447464290862 -0.024294195174009742
5.5850536063818543 4.6635387430053594 -0.024294195173993172
5.5894169295118408 4.6634327395816317 -0.024294195174200152
5.5937802526418263 4.6633267361579041 -0.024294195173999451
5.5981435757718119 4.6632207327341773 -0.024294195173999451
5.6025068989017974 4.6631147293104496 -0.024294195174200152
5.6068702220317839 4.6630087258867219 -0.024294195173993168
5.6112335451617694 4.6629027224629951 -0.024294195174009745
5.615596868291755 4.6627967190392674 -0.024294195174165256
5.6199601914217414 4.6626907156155397 -0.024294195174122468
5.624323514551727 4.662584712191812 -0.024294195174138111
5.6286868376817125 4.6624787087680843 -0.024294195174133164
5.633050160811699 4.6623727053443567 -0.024294195174122468
5.6374134839416845 4.662266701920629 -0.024294195174170207
5.6417768070716701 4.6621606984969013 -0.02429419517400477
5.6461401302016565 4.6620546950731745 -0.024294195173993297
5.6505034533316421 4.6619486916494468 -0.024294195174204621
5.6548667764616276 4.6618426882257191 -0.024294195173996294
5.6592300995916132 4.6617366848019923 -0.024294195174007636
5.6635934227215996 4.6616306813782646 -0.024294195174155729
5.6679567458515852 4.661524677954537 -0.024294195174162678
5.6723200689815707 4.6614186745308093 -0.024294195174001613
5.6766833921115571 4.6613126711070825 -0.024294195174013447
5.6810467152415427 4.6612066676833548 -0.024294195174127182
5.6854100383715283 4.6611006642596271 -0.024294195174285882
5.6897733615015147 4.6609946608358985 -0.024294195174133202
5.6941366846315002 4.6608886574121717 -0.024294195173974548
5.6985000077614858 4.660782653988444 -0.024294195174166016
5.7028633308914722 4.6606766505647164 -0.024294195174154626
5.7072266540214578 4.6605706471409887 -0.024294195174008725
5.7115899771514433 4.6604646437172619 -0.024294195174007879
5.7159533002814289 4.6603586402935342 -0.024294195174157169
5.7203166234114153 4.6602526368698065 -0.024294195174156687
5.7246799465414009 4.6601466334460788 -0.024294195174009329
5.7290432696713864 4.660040630022352 -0.024294195174003417
5.7334065928013729 4.6599346265986243 -0.02429419517415958
5.7377699159313584 4.6598286231748967 -0.0242941951741515
5.742133239061344 4.659722619751169 -0.024294195174042493
5.7464965621913304 4.6596166163274422 -0.0242941951738611
5.750859885321316 4.6595106129037154 -0.024294195174085004
5.7552232084513015 4.6594046094799877 -0.024294195173996273
5.7595865315812871 4.6592986060562609 -0.024294195174127328
5.7639498547112735 4.6591926026325323 -0.024294195174287662
5.7683131778412591 4.6590865992088046 -0.024294195174125947
5.7726765009712446 4.658980595785077 -0.024294195174016625
5.7770398241012311 4.6588745923613502 -0.024294195173990115
5.7814031472312166 4.6587685889376225 -0.024294195174205488
5.7857664703612022 4.6586625855138948 -0.024294195173995999
5.7901297934911886 4.658556582090168 -0.024294195173993074
5.7944931166211742 4.6584505786664403 -0.024294195174214262
5.7988564397511597 4.6583445752427126 -0.024294195173957946
5.8032197628811462 4.6582385718189858 -0.024294195174136533
5.8075830860111317 4.6581325683952572 -0.024294195174289167
5.8119464091411173 4.6580265649715296 -0.024294195174125541
5.8163097322711028 4.6579205615478019 -0.024294195174016753
5.8206730554010893 4.6578145581240751 -0.024294195173990032
5.8250363785310748 4.6577085547003474 -0.024294195174205696
5.8293997016610604 4.6576025512766197 -0.024294195173995257
5.8337630247910468 4.6574965478528929 -0.02429419517399584
5.8381263479210324 4.6573905444291652 -0.024294195174203954
5.8424896710510179 4.6572845410054375 -0.024294195173996412
5.8468529941810043 4.6571785375817107 -0.02429419517399297
5.8512163173109899 4.6570725341579831 -0.02429419517421429
5.8555796404409755 4.6569665307342554 -0.024294195173957939
5.8599429635709619 4.6568605273105286 -0.024294195174136533
5.8643062867009474 4.6567545238868 -0.024294195174289167
5.868669609830933 4.6566485204630723 -0.024294195174125541
5.8730329329609186 4.6565425170393446 -0.024294195174016753
5.877396256090905 4.6564365136156178 -0.024294195173990032
5.8817595792208905 4.6563305101918901 -0.024294195174205689
5.8861229023508761 4.6562245067681625 -0.024294195173995278
5.8904862254808625 4.6561185033444357 -0.024294195173995767
5.8948495486108481 4.656012499920708 -0.024294195174204218
5.8992128717408336 4.6559064964969803 -0.02429419517399543
5.9035761948708201 4.6558004930732535 -0.024294195173996631
5.9079395180008056 4.6556944896495258 -0.024294195174200631
5.9123028411307912 4.6555884862257981 -0.024294195174008909
5.9166661642607767 4.6554824828020713 -0.024294195173961156
5.9210294873907632 4.6553764793783436 -0.024294195174329038
5.9253928105207487 4.6552704759546151 -0.024294195174126607
5.9297561336507343 4.6551644725308883 -0.024294195173972619
5.9341194567807207 4.6550584691071606 -0.024294195174165492
5.9384827799107063 4.6549524656834329 -0.024294195174158654
5.9428461030406918 4.6548464622597052 -0.024294195174007972
5.9472094261706783 4.6547404588359784 -0.024294195173992023
5.9515727493006638 4.6546344554122507 -0.024294195174206518
5.9559360724306494 4.6545284519885231 -0.024294195173989976
5.9602993955606358 4.6544224485647963 -0.02429419517401615
5.9646627186906214 4.6543164451410686 -0.024294195174128001
5.9690260418206069 4.6542104417173409 -0.024294195174279932
5.9733893649505925 4.6541044382936123 -0.024294195174171036
5.9777526880805789 4.6539984348698855 -0.024294195173829143
5.9821160112105645 4.6538924314461587 -0.024294195174084304
5.98647933434055 4.653786428022431 -0.024294195174031048
5.9908426574705365 4.6536804245987042 -0.024294195173974065
5.995205980600522 4.6535744211749765 -0.024294195174255268
5.9995693037305076 4.653468417751248 -0.024294195174423605
6.003932626860494 4.6533624143275194 -0.024294195174064882
6.0082959499904796 4.6532564109037926 -0.024294195174110099
6.0126592731204651 4.653150407480064 -0.024294195174302806
6.0170225962504515 4.6530444040563363 -0.024294195174082583
6.0213859193804371 4.6529384006326087 -0.024294195174160114
6.0257492425104227 4.652832397208881 -0.024294195174085036
6.0301125656404082 4.6527263937851542 -0.024294195173697162
6.0344758887703946 4.6526203903614292 -0.024294195173476894
6.0388392119003802 4.6525143869377041 -0.024294195173524491
6.0432025350303658 4.6524083835139791 -0.024294195173569223
6.0475658581603522 4.6523023800902532 -0.02429419517393851
6.0519291812903377 4.6521963766665255 -0.024294195174248644
6.0562925044203233 4.6520903732427961 -0.02429419517509631
6.0606558275503097 4.6519843698190613 -0.024294195176266003
6.0650191506802953 4.6518783663953238 -0.0242941951762356
6.0693824738102808 4.6517723629715881 -0.02429419517581299
6.0737457969402664 4.6516663595478542 -0.024294195175091175
6.0781091200702528 4.6515603561241265 -0.024294195172890214
6.0824724432002384 4.6514543527004104 -0.024294195170202548
6.0868357663302239 4.6513483492767058 -0.024294195167291678
6.0911990894602104 4.6512423458530128 -0.024294195165730646
6.0955624125901959 4.6511363424293197 -0.024294195166947006
6.0999257357201815 4.651030339005616 -0.024294195170985414
6.1042890588501679 4.6509243355818874 -0.024294195178027236
6.1086523819801535 4.6508183321581225 -0.024294195187957557
6.113015705110139 4.6507123287343095 -0.024294195199222601
6.1173790282401255 4.6506063253104557 -0.024294195205283919
6.121742351370111 4.6505003218865975 -0.024294195200917575
6.1261056745000966 4.6503943184627818 -0.024294195186077814
6.1304689976300821 4.6502883150390533 -0.024294195160645914
6.1348323207600686 4.6501823116154615 -0.024294195123310453
6.1391956438900541 4.6500763081920482 -0.024294195081297598
6.1435589670200397 4.6499703047687895 -0.024294195057699374
6.1479222901500261 4.6498643013455538 -0.024294195071956987
6.1522856132800117 4.6497582979221637 -0.024294195128903413
6.1566489364099972 4.6496522944984457 -0.024294195218466829
6.1610122595399837 4.6495462910742296 -0.02429419537117174
6.1653755826699692 4.6494402876493366 -0.024294195478700459
6.1697389057999548 4.6493342842239089 -0.024294195728844628
6.1741022289299412 4.6492282807981899 -0.024294195188644237
6.1784655520599268 4.6491222773737464 -0.024294196422683149
6.1828288751899123 4.6490162739478373 -0.024294192157425346
6.1871921983198979 4.6489102705337375 -0.024294200872595637
6.1915555214498843 4.6488042670849525 -0.024294186005483765
6.1959188445798699 4.6486982637770389 -0.024294163750527717
6.2002821677098554 4.6485922599520793 -0.02429452627611417
6.2046454908398418 4.6484862537248501 -0.024295105602165936
6.2090088139698274 4.6483802447226541 -0.024295985377927525
6.213372137099813 4.6482742296511121 -0.024297967850423704
6.2177354602297994 4.6481682023258593 -0.024301756190565665
6.2220987833597849 4.6480621523818213 -0.024308596919605668
6.2264621064897705 4.647956062677765 -0.024320334169347733
6.2308254296197561 4.6478499068580037 -0.024339339226515089
6.2351887527497425 4.6477436470896896 -0.024368509318695563
6.239552075879728 4.6476372330933673 -0.024410333020593311
6.2439153990097136 4.6475306036408854 -0.0244680442315964
6.2482787221397 4.6474236916525884 -0.024537769746298631
6.2526420452696856 4.647316433413442 -0.024633478341575692
6.2570053683996711 4.6472087812565563 -0.024689820880868369
6.2613686915296576 4.6471007175195957 -0.024922561630352068
6.2657320146596431 4.6469922663080814 -0.024484645587014089
6.2700953377896287 4.6468834992004933 -0.026487171031581398
6.2744586609196151 4.6467745319693297 -0.019269774273196552
6.2788219840496007 4.6466655115295366 -0.046311014256096149
6.2831853071795862 4.646421819756152 -0.037993223076026192
