# q  U_kJmol  dU_dq   # conservative spline pchip_hermite_v1
0 0.45134284225092364 30.14054281372848
0.0043633231299858239 0.45695856626068798 -6.218846010946705
0.0087266462599716477 0.46523420170127006 4.285836448506581
0.013089969389957472 0.47605512568282499 2.2053273142312175
0.017453292519943295 0.48937100761013125 3.4880996086186289
0.021816615649929118 0.50519995271889551 3.8807812569616758
0.026179938779914945 0.52362001920891255 4.5366611687919329
0.030543261909900768 0.544751118889092 5.1659528243448936
0.034906585039886591 0.5687321277479368 5.8163286244945631
0.039269908169872414 0.5950336845444727 6.1404782193901957
0.043633231299858237 0.62160912011952352 5.9773004527930782
0.04799655442984406 0.6469744750848182 5.6621769598554357
0.05235987755982989 0.67103587450983337 5.3573247669187607
0.056723200689815713 0.69366377531162438 5.0097221894517912
0.061086523819801536 0.71469867704638668 4.6241181599653922
0.065449846949787352 0.73395746957631625 4.1977086389746896
0.069813170079773182 0.7513091181653796 3.7565324309018635
0.074176493209759012 0.76675960443883795 3.3292482771150396
0.078539816339744828 0.78039270925632154 2.922878731781033
0.082903139469730658 0.79229691164424432 2.5373958717465799
0.087266462599716474 0.8025678332046543 2.1740299302599939
0.091629785729702304 0.81130385484935441 1.8346959323854459
0.09599310885968812 0.81862677942038453 1.5285044392653468
0.10035643198967395 0.82470460251147182 1.26496171086276
0.10471975511965978 0.82973143378447611 1.0466466534513481
0.1090830782496456 0.83390327756835936 0.87299476979486867
0.11344640137963143 0.83741584893328591 0.74478894000753038
0.11780972450961724 0.84046645531913067 0.6603580939353364
0.12217304763960307 0.84322460825051448 0.60758740126501731
0.1265363707695889 0.84579475333093568 0.57276015777708744
0.1308996938995747 0.84824458643465273 0.5528547260130543
0.13526301702956053 0.85064306206508322 0.5492724770875278
0.13962634015954636 0.85306371125051994 0.56344152038824624
0.14398966328953219 0.85558649947663135 0.59581864098488657
0.14835298641951802 0.85828105320343928 0.64046400581805285
0.15271630954950383 0.86118320912704371 0.69033944128811542
0.15707963267948966 0.86431255062478785 0.74513038567723444
0.16144295580947549 0.86769698495500014 0.80768137963777986
0.16580627893946132 0.87137539359754779 0.88019722020495783
0.17016960206944712 0.87539672515985545 0.96548114456726097
0.17453292519943295 0.87982741808345377 1.0690621781297145
0.17889624832941878 0.88476138416724681 1.1969353953462223
0.18325957145940461 0.89031238240704391 1.3521266895288462
0.18762289458939044 0.89660237722375102 1.5358249751152306
0.19198621771937624 0.90375841010643942 1.7493810707066051
0.19634954084936207 0.91191193917821012 1.9927301762731064
0.2007128639793479 0.92118343404089387 2.2602621765051589
0.20507618710933373 0.93166053880194022 2.5443580345068022
0.20943951023931956 0.94340668125904326 2.8418849575772995
0.21380283336930536 0.95647788446653126 3.1512521187643281
0.21816615649929119 0.97092194402164411 3.4712077092514533
0.22252947962927702 0.98677968855526343 3.7979028752292106
0.22689280275926285 1.0040485487001107 4.1133564419252506
0.23125612588924865 1.0226262761998497 4.3949695408369793
0.23561944901923448 1.0423393945282766 4.633611714007122
0.23998277214922031 1.0629970107617428 4.8274560780072893
0.24434609527920614 1.0843983448418766 4.9741680986001802
0.24870941840919197 1.1063327037518471 5.0712992548836757
0.2530727415391778 1.1285749261768545 5.114214847592792
0.25743606466916363 1.1508762361851879 5.0977183111593867
0.26179938779914941 1.1729708922306754 5.0193296952499313
0.26616271092913524 1.1945876827066459 4.8787397329372579
0.27052603405912107 1.2154538715209695 4.6748563467073954
0.2748893571891069 1.2352926418683354 4.4085032628392877
0.27925268031909273 1.2538537401655194 4.0929354882088802
0.28361600344907856 1.2709654130885428 3.7465455977687374
0.28797932657906439 1.2865134505248437 3.3760448852238105
0.29234264970905022 1.3003918506339995 2.9814029908556887
0.29670597283903605 1.3124957867536204 2.5624816449385848
0.30106929596902182 1.3227204266215371 2.1206684288667228
0.30543261909900765 1.3309871763139556 1.6685875892682891
0.30979594222899348 1.3372926257220461 1.2240872942621082
0.31415926535897931 1.3416907996064871 0.79433251560298856
0.31852258848896514 1.3442467097678827 0.37985863779432505
0.32288591161895097 1.3450291533152057 -0.018484130403233247
0.3272492347489368 1.3441117133568894 -0.39873881137338019
0.33161255787892263 1.3415884998280705 -0.75217970706102444
0.33597588100890846 1.3376045946181323 -1.0665076466377861
0.34033920413889424 1.3323473404875916 -1.3355428425959304
0.34470252726888007 1.3260186582434699 -1.5572240546816329
0.3490658503988659 1.3188301015412036 -1.7293298462522844
0.35342917352885173 1.3110033147578002 -1.8492462763267434
0.35779249665883756 1.3027764017517798 -1.9113959704892578
0.36215581978882339 1.2944174795850287 -1.9087501029094789
0.36651914291880922 1.2862191614935183 -1.8375234640625426
0.37088246604879505 1.2784830109928214 -1.696889630247322
0.37524578917878088 1.2715134444849188 -1.485824246626223
0.37960911230876665 1.265618819900203 -1.2045796607296682
0.38397243543875248 1.2610894982861141 -0.86283458721051698
0.38833575856873831 1.2581546273711735 -0.47608274306591897
0.39269908169872414 1.2569891594951081 -0.052019728106760206
0.39706240482870997 1.2577515895098572 0.40705323424416873
0.4014257279586958 1.2605896735146827 0.89933787992171532
0.40578905108868163 1.2656427811210609 1.4211789418810812
0.41015237421866746 1.2730029670980372 1.950698338750432
0.41451569734865329 1.2826281187324964 2.4542856079980488
0.41887902047863912 1.2943586117133019 2.915218892088776
0.42324234360862489 1.3080022469001582 3.3308042576194641
0.42760566673861072 1.323355924905979 3.698648035346479
0.43196898986859655 1.3402049903366753 4.0155790528550854
0.43633231299858238 1.3583081219373185 4.270396248498451
0.44069563612856821 1.3773563604369852 4.446236471666368
0.44505895925855404 1.3969815873491349 4.5345740317429968
0.44942228238853987 1.4167999605710344 4.53488919915364
0.4537856055185257 1.4364266613773473 4.4463043444144184
0.45814892864851153 1.4554717711845322 4.2686718345803971
0.46251225177849731 1.4735652326670989 4.0136090218460927
0.46687557490848314 1.490414117433869 3.7014796744967127
0.47123889803846897 1.5057992332454038 3.3429385596764885
0.4756022211684548 1.5195223140624847 2.9400878794766756
0.47996554429844063 1.531393999375755 2.494374845138954
0.48432886742842646 1.5412319767681524 2.0088773122153274
0.48869219055841229 1.5489015568937512 1.5074257703642922
0.49305551368839812 1.5544227126102532 1.0307015154193568
0.49741883681838395 1.5579644855939296 0.60097894253678819
0.50178215994836972 1.5597407010674875 0.22176224361925848
0.50614548307835561 1.5599775453388884 -0.10394998948795207
0.51050880620834138 1.5589171412873173 -0.37220028063318089
0.51487212933832727 1.5568283695592608 -0.57246266138908641
0.51923545246831304 1.5540443832756983 -0.68821069766241982
0.52359877559829882 1.5509593413688221 -0.70994108982661475
0.5279620987282847 1.5479873839889942 -0.63651089073386513
0.53232542185827048 1.5455448351351928 -0.46675561124870152
0.53668874498825636 1.5440551004163074 -0.20010569503421827
0.54105206811824214 1.5439151737354828 0.14670574852041435
0.54541539124822802 1.5454047564911035 0.54123786351264813
0.5497787143782138 1.5486805840870972 0.96479760697449646
0.55414203750819968 1.5538620506273164 1.4143788298581808
0.55850536063818546 1.5610583522498462 1.8880135797958257
0.56286868376817123 1.5703683029348317 2.3824299645430354
0.56723200689815712 1.5818435837429146 2.8731390510945971
0.57159533002814289 1.5953691637864362 3.3143395629680241
0.57595865315812877 1.6106551696932621 3.6788900094332231
0.58032197628811455 1.6273571118360888 3.963393421644962
0.58468529941810043 1.6451227292840147 4.1656846399763632
0.58904862254808621 1.6635854491825752 4.2826379632078035
0.59341194567807209 1.6823693866680614 4.312678736100259
0.59777526880805787 1.7010930279129166 4.2549586244297188
0.60213859193804364 1.7193723617923284 4.10885841475808
0.60650191506802953 1.7368211597084944 3.8744616578231734
0.6108652381980153 1.7530546879749442 3.5515565673116751
0.61522856132800119 1.7676854084128504 3.1400063361507344
0.61959188445798696 1.7803571422354023 2.6602028817639889
0.62395520758797285 1.7908637783781294 2.1554554368326153
0.62831853071795862 1.7991698465302206 1.6526380587542182
0.63268185384794451 1.8052928508262103 1.1546917709129298
0.63704517697793028 1.8092550025032375 0.66263733341424802
0.64140850010791606 1.8110871731741018 0.17864148350037151
0.64577182323790194 1.810849122719401 -0.2811669423438552
0.65013514636788772 1.8087180176202695 -0.68288508505982637
0.6544984694978736 1.8050059485614467 -1.004763335945112
0.65886179262785938 1.8000693958134839 -1.2444159087632158
0.66322511575784526 1.7942672808802385 -1.4009370577232461
0.66758843888783104 1.7879679892565814 -1.4721501229332508
0.67195176201781692 1.7815380558192797 -1.4624329201248687
0.6763150851478027 1.7753065179880834 -1.3835045899003435
0.68067840827778847 1.7695543882780604 -1.2429115986712167
0.68504173140777436 1.76454904044903 -1.0411457497491998
0.68940505453776013 1.7605581517234139 -0.77786203532267928
0.69376837766774602 1.7578511667898342 -0.45252481756528534
0.69813170079773179 1.7566757717917036 -0.081366509055594644
0.70249502392771768 1.757150542690822 0.29627720700500587
0.70685834705770345 1.759232083319161 0.65384802076297832
0.71122167018768934 1.7628233573881946 0.98867079137384017
0.71558499331767511 1.7678265400202804 1.3005819679264807
0.71994831644766089 1.774137933172772 1.5883306101668082
0.72431163957764677 1.7816363616013975 1.8410295005265531
0.72867496270763255 1.7901149069023479 2.0325093568800106
0.73303828583761843 1.7992575291056454 2.1443554089911343
0.73740160896760421 1.8087085262858229 2.1741000057045494
0.74176493209759009 1.8181096621985646 2.1210165007088388
0.74612825522757587 1.8270941654343356 1.9828683137833787
0.75049157835756175 1.8352946878707386 1.7630635462320932
0.75485490148754752 1.8423772470174176 1.4727503732648093
0.7592182246175333 1.8480555820761755 1.119679530122567
0.76358154774751918 1.8520571346239569 0.70393197843331001
0.76794487087750496 1.8541061365733698 0.22464739298174446
0.77230819400749084 1.8539229724206292 -0.31966597829655069
0.77667151713747662 1.8512420665739706 -0.91517295814285393
0.7810348402674625 1.8459194152349472 -1.5224827631061884
0.78539816339744828 1.8379810791942561 -2.1124792978390694
0.78976148652743416 1.8275144367858647 -2.681931091477447
0.79412480965741994 1.8146063385989173 -3.2310841361634952
0.79848813278740571 1.7993483407548239 -3.7593134991345982
0.8028514559173916 1.7818477749355626 -4.2547911571481682
0.80721477904737737 1.762314001806655 -4.6844576977172139
0.81157810217736326 1.7411006485868399 -5.0230384568003821
0.81594142530734903 1.7186173766612054 -5.2669748726750845
0.82030474843733492 1.6952755536933068 -5.4160764507305466
0.82466807156732069 1.6714941556186582 -5.4682595180029869
0.82903139469730658 1.6476952823201205 -5.4246703305059363
0.83339471782729235 1.6242861774160005 -5.2908740842677222
0.83775804095727824 1.601648589944124 -5.0712069366050763
0.84212136408726401 1.5801564263709353 -4.7656799994550987
0.84648468721724979 1.5601857094702218 -4.3738497568946393
0.85084801034723567 1.542115771479257 -3.893748675448601
0.85521133347722145 1.5263160463594356 -3.3382205386467123
0.85957465660720733 1.5130322377714396 -2.749733987377438
0.86393797973719311 1.5023181884338019 -2.1625552297640818
0.86830130286717899 1.49415231302677 -1.5809251582963597
0.87266462599716477 1.4885152288556871 -1.003960080438302
0.87702794912715065 1.485384880656043 -0.43127698405884851
0.88139127225713643 1.4847279836445468 0.12515001772009321
0.8857545953871222 1.4863946732397995 0.62495915197274088
0.89011791851710809 1.4900506910869253 1.0346374387628487
0.89448124164709386 1.4952854512532507 1.3493397740774511
0.89884456477707975 1.501688919941838 1.5698601976537081
0.90320788790706552 1.508845923405818 1.6947133058691666
0.90757121103705141 1.5163380485231812 1.7232854739348409
0.91193453416703718 1.5237429723480269 1.6546011774522156
0.91629785729702307 1.5306347073801161 1.4879683799446421
0.92066118042700884 1.53658495696228 1.223023530392902
0.92502450355699462 1.5411648423201885 0.85992497571652715
0.9293878266869805 1.5439442792045646 0.39717382145688546
0.93375114981696627 1.5444979730121768 -0.15692840694665844
0.93811447294695216 1.5424880782233756 -0.77067023780943877
0.94247779607693793 1.5377266507043295 -1.4160089213648843
0.94684111920692382 1.5300915375155901 -2.0885276341497128
0.95120444233690959 1.5194604054269347 -2.7888256853821591
0.95556776546689548 1.5057134699829251 -3.5172942120008681
0.95993108859688125 1.4887360660589188 -4.2664971559938145
0.96429441172686703 1.4684941846410946 -5.0068127629843655
0.96865773485685291 1.4450951844043511 -5.7115117885082034
0.97302105798683869 1.4187098935705971 -6.3762972556668842
0.97738438111682457 1.3895079332381994 -7.0022778274740487
0.98174770424681035 1.3576597150390624 -7.5896022549623972
0.98611102737679623 1.3233363917196503 -8.1355137873270102
0.99047435050678201 1.286742836359841 -8.6271967304576318
0.99483767363676789 1.2481460353390594 -9.0527802591513904
0.99920099676675367 1.2078412747770604 -9.4103999411553616
1.0035643198967394 1.1661226354066163 -9.7007556255393865
1.0079276430267252 1.1232840170551741 -9.9238654926566277
1.0122909661567112 1.0796192706133523 -10.079114999848256
1.016654289286697 1.0354305353190765 -10.163279136046175
1.0210176124166828 0.9910358547327468 -10.173238833697891
1.0253809355466685 0.94676124417029461 -10.108279392065835
1.0297442586766545 0.90293326431145104 -9.9685227417574556
1.0341075818066403 0.85987918465050117 -9.7533335515664508
1.0384709049366261 0.81792673835123431 -9.4643250750536492
1.0428342280666119 0.77738246869393113 -9.1099299242317997
1.0471975511965976 0.73851038335377284 -8.6986188160264835
1.0515608743265836 0.70155304844849331 -8.2320637275111697
1.0559241974565694 0.6667522630355649 -7.7103755542313888
1.0602875205865552 0.63434839182006852 -7.1329523167793889
1.064650843716541 0.60458045949129202 -6.5039985522914794
1.0690141668465269 0.57763499433380006 -5.8443132877866342
1.0733774899765127 0.55359302100969721 -5.1751286947010895
1.0777408131064985 0.53248056899089102 -4.5010679152563879
1.0821041362364843 0.51432151586936248 -3.8216976402836349
1.08646745936647 0.49913825135448942 -3.1366304806144067
1.090830782496456 0.48695309813043181 -2.4489183779589774
1.0951941056264418 0.47774617626541499 -1.775803419120316
1.0995574287564276 0.47140901708145616 -1.1351908317469572
1.1039207518864134 0.46778744479076334 -0.5305526475115413
1.1082840750163994 0.46672899058225586 0.039652224830355923
1.1126473981463851 0.46808469410344489 0.57631732114797696
1.1170107212763709 0.47170991468861695 1.0797096430113102
1.1213740444063567 0.47745311968861853 1.5460990673607962
1.1257373675363425 0.48514243140683871 1.9714122818619269
1.1301006906663285 0.49459704484679595 2.3555464754119093
1.1344640137963142 0.50564043785758306 2.6997929132053189
1.1388273369263 0.51810039970195088 3.0049983229512693
1.1431906600562858 0.53180819931993939 3.2718412881670194
1.1475539831862718 0.54659716619223508 3.5005699203377545
1.1519173063162575 0.56230093341723697 3.691138665559401
1.1562806294462433 0.5787527055503493 3.8433957356659234
1.1606439525762291 0.59578458709527404 3.9569428529278068
1.1650072757062149 0.6132262708938313 4.0311104400228901
1.1693705988362009 0.63090383598707689 4.064832281017841
1.1737339219661866 0.64863710374334194 4.0562556917474861
1.1780972450961724 0.66623671044843091 4.0032399684063797
1.1824605682261582 0.68350466449661351 3.9039533115686749
1.1868238913561442 0.7002355399105461 3.7568200240894725
1.19118721448613 0.71621651963257771 3.5597814640822296
1.1955505376161157 0.73122639107979726 3.3117938257758137
1.1999138607461015 0.74504882597275868 3.0166768358625906
1.2042771838760873 0.75749061533224771 2.6794492529806351
1.2086405070060733 0.76837073202905815 2.3004875989333238
1.2130038301360591 0.77750390345460607 1.8787236743710445
1.2173671532660448 0.78470113208841008 1.4125737175152853
1.2217304763960306 0.78976836844447962 0.9034064384364564
1.2260937995260166 0.79254519369500354 0.36698002031982196
1.2304571226560024 0.79295981142951821 -0.17705195652369488
1.2348204457859882 0.79099792262300983 -0.72259742048011699
1.2391837689159739 0.78665212334868717 -1.2694052277549988
1.2435470920459597 0.7799188847262154 -1.8171670191217781
1.2479104151759457 0.7707974451332833 -2.362800463125478
1.2522737383059315 0.75932912608173309 -2.888106386638237
1.2566370614359172 0.7456565064873707 -3.3704101192194353
1.261000384565903 0.7299911027104472 -3.801592157654472
1.265363707695889 0.71255691889076234 -4.1808213250730368
1.2697270308258748 0.69358404363254189 -4.5067724978221619
1.2740903539558606 0.67330845760856206 -4.7773428898709627
1.2784536770858463 0.65198556321765133 -4.9848642858644228
1.2828170002158321 0.62991265253923168 -5.1199577152123323
1.2871803233458181 0.60741613693828256 -5.1789851068132835
1.2915436464758039 0.58482835407236411 -5.1617821510497706
1.2959069696057897 0.56248310090322029 -5.067566195207708
1.3002702927357754 0.54071704358842432 -4.896656102370911
1.3046336158657614 0.51985370218969473 -4.6556249488934824
1.3089969389957472 0.50017792424186358 -4.3534894268756217
1.313360262125733 0.48194657215513387 -3.9934401168116027
1.3177235852557188 0.46541227216005959 -3.5758517415691089
1.3220869083857045 0.45082554502229016 -3.1003950228009889
1.3264502315156905 0.43843794744702058 -2.5687477024975731
1.3308135546456763 0.42846707495652919 -1.9971658208607501
1.3351768777756621 0.42103498715430443 -1.4079831237362559
1.3395402009056478 0.41619390377984772 -0.8093126001798272
1.3439035240356338 0.41398642696459348 -0.20099948171684873
1.3482668471656196 0.41445466509508849 0.41749809261624676
1.3526301702956054 0.4176426553760354 1.0448445941892117
1.3569934934255912 0.4235618505295225 1.6647629942600053
1.3613568165555769 0.432125905982366 2.2540530292472871
1.3657201396855629 0.44317492578990397 2.8039821170582786
1.3700834628155487 0.45653892983934274 3.3151772884029169
1.3744467859455345 0.47204923456055903 3.7878210763236138
1.3788101090755203 0.4895370215261669 4.2213550339919061
1.3831734322055063 0.50882300385491697 4.6105401159622357
1.387536755335492 0.5296958328138236 4.9476492666995115
1.3919000784654778 0.55191878213064649 5.2293373376106329
1.3962634015954636 0.5752498425113306 5.4556313296404149
1.4006267247254494 0.5994463657042004 5.6256967344673354
1.4049900478554354 0.62426121220000019 5.7393173082839075
1.4093533709854211 0.64946062650700076 5.8043067460010986
1.4137166941154069 0.67486034451368737 5.8328564508916836
1.4180800172453927 0.70031549953900107 5.8295025593199954
1.4224433403753787 0.72568488017148358 5.7935099786744324
1.4268066635053644 0.75082418338985824 5.7236704869580963
1.4311699866353502 0.77558407304501453 5.6199659066447465
1.435533309765336 0.79983544430323084 5.4941266738722527
1.4398966328953218 0.82352466005840896 5.3650470368328369
1.4442599560253078 0.84666116165373118 5.2406769010701266
1.4486232791552935 0.86926418607207567 5.1204269290294944
1.4529866022852793 0.89135071240844932 5.0038871417846327
1.4573499254152651 0.91293722796934718 4.8913962543724097
1.4617132485452511 0.93404934672132633 4.7879462859293236
1.4660765716752369 0.95474498697172105 4.701716302743038
1.4704398948052226 0.97511030198197335 4.6366217736256683
1.4748032179352084 0.99523787630168603 4.5926565095224081
1.4791665410651942 1.0152203513723927 4.5703907418727567
1.4835298641951802 1.0351540392891394 4.5701126054348089
1.487893187325166 1.0551241603371053 4.5849969184795727
1.4922565104551517 1.0751706041748965 4.603263063430707
1.4966198335851375 1.0952922672503018 4.6195067936750025
1.5009831567151235 1.1154803501928909 4.6336496027731719
1.5053464798451093 1.1357260467356756 4.6461137665267032
1.509709802975095 1.1560221866126281 4.6564087778488839
1.5140731261050808 1.17633969823758 4.6521409821694508
1.5184364492350666 1.1965673728215442 4.6118438855887183
1.5227997723650526 1.2165177829537708 4.524899673357007
1.5271630954950384 1.2359866584344539 4.3912617854687213
1.5315264186250241 1.2547709121562136 4.2109674623917872
1.5358897417550099 1.2726659136712457 3.9836666139799517
1.5402530648849959 1.2894651497113114 3.7083667056647123
1.5446163880149817 1.3049552205781119 3.383358673353448
1.5489797111449675 1.3189173327200767 3.0080280071117063
1.5533430342749532 1.3311335529339374 2.5834248023547732
1.557706357404939 1.3413909627976608 2.1100026288753631
1.562069680534925 1.3494770852990627 1.5886485127433605
1.5664330036649108 1.3552071894845734 1.0347410556243217
1.5707963267948966 1.3585001250783035 0.47617243750924076
1.5751596499248823 1.3593777243674503 -0.071982240450060256
1.5795229730548683 1.3578889235044767 -0.60847472305334493
1.5838862961848541 1.3540849857159214 -1.1331379089169886
1.5882496193148399 1.3480189833924163 -1.6450445908940028
1.5926129424448257 1.3397686182194084 -2.1298929536087128
1.5969762655748114 1.3295110864942574 -2.5604761538045646
1.6013395887047974 1.3175247361737363 -2.9219691656188185
1.6057029118347832 1.3041128214193956 -3.2142079326492055
1.610066234964769 1.2895756187745382 -3.4375967208610909
1.6144295580947547 1.2742147843284604 -3.5917812763408241
1.6187928812247407 1.2583332292399287 -3.6759629206170596
1.6231562043547265 1.2422404268677161 -3.6883158629100334
1.6275195274847123 1.2262526228191784 -3.6277738532945025
1.6318828506146981 1.2106879869980827 -3.4944483783558438
1.6362461737446838 1.195864012497571 -3.2881020336318594
1.6406094968746698 1.1821007128565879 -3.0083053602099477
1.6449728200046556 1.1697075399281958 -2.6625423476269905
1.6493361431346414 1.1589384758208352 -2.2667063640451115
1.6536994662646272 1.1499861767767665 -1.8300426940533177
1.6580627893946132 1.1430271704569805 -1.3529305864543961
1.6624261125245989 1.1382389323673889 -0.83504526692077319
1.6667894356545847 1.1357990414240484 -0.27658379421842594
1.6711527587845705 1.1358712973777856 0.31351453581318794
1.6755160819145565 1.13855296358721 0.91598305564596971
1.6798794050445423 1.1438652883580773 1.5188165772392916
1.684242728174528 1.1518056203548379 2.1206062368437504
1.6886060513045138 1.1623687778868337 2.720820750532869
1.6929693744344996 1.1755454574209172 3.318420403599899
1.6973326975644856 1.1913115064933517 3.9050519960196435
1.7016960206944713 1.2095817743037987 4.4630193030289744
1.7060593438244571 1.2302004200359948 4.9809181819759782
1.7104226669544429 1.2529880498925592 5.4572647164799823
1.7147859900844289 1.277762942872904 5.8916048106975012
1.7191493132144147 1.3043398010962157 6.2831794156339349
1.7235126363444004 1.3325245628246469 6.6269939571784269
1.7278759594743862 1.3620857806307414 6.912055689778553
1.732239282604372 1.392747838393317 7.1312575061652108
1.736602605734358 1.4242213887156856 7.2842114945151009
1.7409659288643438 1.456218597905889 7.3711762264962157
1.7453292519943295 1.4884507049703133 7.3919085083147262
1.7496925751243153 1.520633726841129 7.3497700376086916
1.7540558982543013 1.5525096304461445 7.2526841801482931
1.7584192213842871 1.5838534422403199 7.1061677344998033
1.7627825445142729 1.6144523261073558 6.9113052784616196
1.7671458676442586 1.6440962900942215 6.6685422861819594
1.7715091907742444 1.6725766987942958 6.3779004784966888
1.7758725139042304 1.6997004005727798 6.0504260478373322
1.7802358370342162 1.7253629393353487 5.7135409225297344
1.7845991601642019 1.7495745405335059 5.3863429811765604
1.7889624832941877 1.7723845735786512 5.0707814081531435
1.7933258064241737 1.7938419988907184 4.7665937898832551
1.7976891295541595 1.8139976894248631 4.473914356836282
1.8020524526841453 1.8329121760434095 4.200423850903805
1.806415775814131 1.8507111277641672 3.966691058619769
1.8107790989441168 1.8676068479872132 3.7871112022681981
1.8151424220741028 1.8838394389112347 3.6622130657851302
1.8195057452040886 1.8996431705840799 3.590589445631597
1.8238690683340744 1.9152503769319187 3.5719993012751514
1.8282323914640601 1.9308852019779659 3.6018518566866495
1.8325957145940461 1.9467372649673265 3.6693828051359447
1.8369590377240319 1.9629492190639364 3.7662111619069134
1.8413223608540177 1.9796432198192631 3.8902405536046616
1.8456856839840035 1.996935914524776 4.0403571377052376
1.8500490071139892 2.0149392269512894 4.2160778035197799
1.8544123302439752 2.033752638152559 4.4086462006737737
1.858775653373961 2.0534016225636962 4.5941326564256517
1.8631389765039468 2.0738075680347947 4.7545643449585127
1.8675022996339325 2.0948541219539289 4.8882491476880885
1.8718656227639185 2.116428322992058 4.9963116088382939
1.8762289458939043 2.1384191851139502 5.0796354564393447
1.8805922690238901 2.1607152357184698 5.1345848080560152
1.8849555921538759 2.1831658570842709 5.1475707252055098
1.8893189152838616 2.205560343411662 5.1083571226771376
1.8936822384138476 2.2276691063864362 5.0171810996767006
1.8980455615438334 2.2492710726806169 4.8762021572165226
1.9024088846738192 2.2701499994613381 4.6857208691183851
1.906772207803805 2.2901032238723915 4.4550335470553861
1.911135530933791 2.3090074252859383 4.2105429725666204
1.9154988540637767 2.3268595439263553 3.9745786769680933
1.9198621771937625 2.3437124785570931 3.752579282127622
1.9242255003237483 2.3596307933111635 3.5469555439641658
1.9285888234537341 2.3746987460353703 3.3641867344411658
1.9329521465837201 2.3890069913957155 3.1938835388923374
1.9373154697137058 2.4025228687365709 2.9907367031844556
1.9416787928436916 2.4150021840494533 2.71614756863397
1.9460421159736774 2.4261145652832239 2.3651287463987174
1.9504054391036634 2.4355321186326382 1.9386807093249594
1.9547687622336491 2.4429087616599885 1.4269872887313626
1.9591320853636349 2.4478980311464378 0.85554529817441027
1.9634954084936207 2.4504417684219595 0.3301454526244344
1.9678587316236065 2.4509768903912592 -0.059259423354877931
1.9722220547535925 2.4501334319761532 -0.30510428338207091
1.9765853778835782 2.4485089635817725 -0.41714492708613543
1.980948701013564 2.4466926960287303 -0.39199178674875429
1.9853120241435498 2.4452555910781975 -0.25174208958399891
1.9896753472735358 2.4445466450636619 -0.076555809935984126
1.9940386704035216 2.4445367049628599 0.063695645015202543
1.9984019935335073 2.4450401979203309 0.16111517772026193
2.0027653166634933 2.44588971835821 0.22210713024244289
2.0071286397934789 2.4469257903341326 0.24689414762266909
2.0114919629234649 2.4479977139892322 0.23966731394192886
2.0158552860534504 2.4489861157428665 0.21101200073785895
2.0202186091834364 2.4498203803503058 0.16945776250650776
2.0245819323134224 2.4504446081297169 0.11394244785792106
2.028945255443408 2.450789320539378 0.040966647275165233
2.033308578573394 2.4507686279458025 -0.055029421674806317
2.0376719017033795 2.4502824147653315 -0.16937169814011996
2.0420352248333655 2.4493137220281813 -0.2678034097843433
2.0463985479633515 2.4480173515239301 -0.31675743147271862
2.0507618710933371 2.446631945982868 -0.30902025227363267
2.0551251942233231 2.4454047332476421 -0.24346556795333812
2.0594885173533091 2.444604960642927 -0.11076993727511547
2.0638518404832946 2.4445299021608666 0.085055768344917237
2.0682151636132806 2.4453725412366514 0.29829640537405283
2.0725784867432662 2.4470943537230059 0.48494562547465053
2.0769418098732522 2.4495625705866368 0.6427730662086758
2.0813051330032382 2.4526742643001387 0.78042602325190125
2.0856684561332237 2.4563446016820332 0.89850394029615055
2.0900317792632097 2.4604965403645256 1.0037590716704148
2.0943951023931953 2.4651270690080302 1.1248395109164206
2.0987584255231813 2.4703745452597539 1.2884987707377176
2.1031217486531673 2.4764348795346467 1.4958432306371281
2.1074850717831528 2.4834813956902124 1.7397348552079415
2.1118483949131388 2.4916639034717507 2.0159229209283449
2.1162117180431244 2.5011099806622856 2.3170956733293879
2.1205750411731104 2.5118967586458103 2.6267808934307415
2.1249383643030963 2.5240216360555996 2.9286746212875094
2.1293016874330819 2.5374348148843175 3.2171946946299714
2.1336650105630679 2.5520732418757084 3.4894100648749697
2.1380283336930539 2.5678618800796249 3.7452740697954598
2.1423916568230394 2.5847179992077551 3.9743754762038326
2.1467549799530254 2.6024328534353991 4.1264744287304236
2.151118303083011 2.6205403477332072 4.1493594019358735
2.155481626212997 2.6384367552743608 4.0305474200361022
2.159844949342983 2.6555140505983834 3.7745977353490616
2.1642082724729685 2.6711692378932104 3.3762589231126667
2.1685715956029545 2.6847975095794463 2.8541898821130243
2.1729349187329401 2.6960530853516951 2.3158547974574843
2.1772982418629261 2.7051538257019967 1.8783629311323076
2.1816615649929121 2.7126361362453033 1.5723594098656346
2.1860248881228976 2.7190614585198816 1.3943833911944883
2.1903882112528836 2.725001986808949 1.3522395939929546
2.1947515343828692 2.7310497208757538 1.4391802730782848
2.1991148575128552 2.7376605991060714 1.5944600231041861
2.2034781806428412 2.7449624311357259 1.7486545883217048
2.2078415037728267 2.7528930453700569 1.8839802146433664
2.2122048269028127 2.7613781854239696 2.0020658119866996
2.2165681500327987 2.7703356849893401 2.1004321424406642
2.2209314731627843 2.7796705023366948 2.1730762976299238
2.2252947962927703 2.7892302909132729 2.1982367670905529
2.2296581194227558 2.7987489922422348 2.151380046852692
2.2340214425527418 2.8078852993564589 2.022482052404543
2.2383847656827278 2.8162766003691693 1.8097873911192015
2.2427480888127134 2.8235488918996272 1.5078613199522908
2.2471114119426994 2.8293126615752064 1.1217027920336313
2.2514747350726849 2.8332884269354 0.70173853554807741
2.2558380582026709 2.8354767109681451 0.3094312448809583
2.2602013813326569 2.8360581612519447 -0.035134474545229138
2.2645647044626425 2.8352413758708441 -0.33069784085988591
2.2689280275926285 2.8332521072400656 -0.57137478561226362
2.2732913507226145 2.8303401354224746 -0.75364772153546877
2.2776546738526 2.8267493339439129 -0.88501190824502274
2.282017996982586 2.8226740267103105 -0.97713273943016909
2.2863813201125716 2.8182748183681054 -1.0331048449741433
2.2907446432425576 2.8137085210648913 -1.0546754968721213
2.2951079663725436 2.8091205944912896 -1.0421738818503434
2.2994712895025291 2.8046493622626185 -1.0052477594348364
2.3038346126325151 2.8002991320420261 -1.0020258901216388
2.3081979357625007 2.7957527326099911 -1.103520651916553
2.3125612588924866 2.790482684209433 -1.3331838696273126
2.3169245820224726 2.7839419185210841 -1.6842614684701718
2.3212879051524582 2.7756049766011803 -2.158928513882842
2.3256512282824442 2.7649464095733398 -2.7403743849033551
2.3300145514124297 2.7517157268821864 -3.3046121620933602
2.3343778745424157 2.7363642769269214 -3.6928038081976617
2.3387411976724017 2.7198294352621812 -3.8475718149110167
2.3431045208023873 2.7031198004851471 -3.7741272389876594
2.3474678439323733 2.6872379423372248 -3.4641791407044824
2.3518311670623593 2.6732150392788321 -2.9301554518144379
2.3561944901923448 2.6617899235200722 -2.311967954346013
2.3605578133223308 2.652888797890522 -1.7972668697734147
2.3649211364523164 2.6458522377577762 -1.4569101191839524
2.3692844595823024 2.639926347436798 -1.2874170912408331
2.3736477827122884 2.634352042334736 -1.3003734516428804
2.3780111058422739 2.6283199592519746 -1.4910538027583822
2.3823744289722599 2.621261812576956 -1.7355903530518384
2.3867377521022455 2.6133481942207428 -1.860412162847999
2.3911010752322315 2.6052977675154918 -1.7988298672990499
2.3954643983622175 2.5979132635570537 -1.55654497723276
2.399827721492203 2.5919935456017074 -1.1222994081536855
2.404191044622189 2.5883942450947055 -0.49905238614859559
2.4085543677521746 2.5877163226731819 0.17770709065500215
2.4129176908821606 2.589737471587175 0.71175853091245866
2.4172810140121466 2.5936099294926178 1.0274043480534163
2.4216443371421321 2.5983986090634379 1.1335835549433921
2.4260076602721181 2.6031863669442559 1.0225348171716238
2.4303709834021041 2.6070067322573895 0.69478671887512644
2.4347343065320897 2.6090978229522754 0.26273606776913333
2.4390976296620757 2.6093918320726117 -0.10585715239560251
2.4434609527920612 2.6083598663228571 -0.34668906213923456
2.4478242759220472 2.606536081365233 -0.47085615353906995
2.4521875990520332 2.6044192343746064 -0.4792652746945209
2.4565509221820188 2.60251936456164 -0.37377379182471765
2.4609142453120048 2.6012471784414792 -0.20658456617810644
2.4652775684419903 2.6006924968752445 -0.055949641374337201
2.4696408915719763 2.6006900032329421 0.047297676893420661
2.4740042147019623 2.6010446548605617 0.10888492916669867
2.4783675378319479 2.6015834051730438 0.13142053335930967
2.4827308609619338 2.6021376598656216 0.11692782271538253
2.4870941840919194 2.6025723340652971 0.080805596955122405
2.4914575072219054 2.6028439565002714 0.045463584460884311
2.4958208303518914 2.6029844291151871 0.020675750604516298
2.5001841534818769 2.6030387230367187 0.0057450194667363914
2.5045474766118629 2.6030485817882738 0.00045230047673295421
2.5089107997418489 2.6030564745367686 0.0046508110209582528
2.5132741228718345 2.6030974267547222 0.01452778057486254
2.5176374460018205 2.6031829321171718 0.024183894414062015
2.522000769131806 2.6033042725438555 0.03095333049760297
2.526364092261792 2.6034491478339215 0.035039227713204855
2.530727415391778 2.6036062757491667 0.036531867414592224
2.5350907385217636 2.6037642264799419 0.035465422208432233
2.5394540616517496 2.6039134987951842 0.032837450623149973
2.5438173847817351 2.6040508227803563 0.030233876552664029
2.5481807079117211 2.604178459291711 0.028400461430312881
2.5525440310417071 2.6042997131547483 0.027288693895201246
2.5569073541716927 2.604417607271063 0.026870801740288761
2.5612706773016787 2.6045352061849814 0.027141179988864388
2.5656340004316642 2.6046550820794314 0.027840129426533102
2.5699973235616502 2.6047781613542536 0.02854197202720532
2.5743606466916362 2.6049038591373943 0.029038487996099448
2.5787239698216218 2.6050312877003292 0.029340931752837526
2.5830872929516078 2.6051596370325658 0.029457711625354432
2.5874506160815938 2.6052880855664311 0.029389428732983298
2.5918139392115793 2.6054159372431043 0.02920361766873435
2.5961772623415653 2.6055429303457318 0.029014464010565535
2.6005405854715509 2.6056692157669321 0.028880011768670617
2.6049039086015369 2.6057950319043299 0.028797752710859183
2.6092672317315229 2.6059205958254879 0.028765174295830021
2.6136305548615084 2.6060461277594129 0.028782343099624536
2.6179938779914944 2.6061718159920106 0.028831716549630376
2.62235720112148 2.6062977342690945 0.028882683935127072
2.626720524251466 2.6064238437781326 0.028919089287652196
2.631083847381452 2.6065500805155821 0.028941457710762186
2.6354471705114375 2.6066763863060816 0.028950531857760267
2.6398104936414235 2.60680270212114 0.028946236605589187
2.6441738167714091 2.6069289770484021 0.028933123468403175
2.6485371399013951 2.6070551903576842 0.028919393489017953
2.6529004630313811 2.6071813519991136 0.028909536942617931
2.6572637861613666 2.6073074791508533 0.028903455544955957
2.6616271092913526 2.6074335874057439 0.028900931801768868
2.6659904324213386 2.6075596925838087 0.028902000186198387
2.6703537555513241 2.6076858084466012 0.028905481199689359
2.6747170786813101 2.6078119408085314 0.028909179010382074
2.6790804018112957 2.6079380871282356 0.028911847384061277
2.6834437249412817 2.6080642427966763 0.028913500454893198
2.6878070480712677 2.6081904036340515 0.028914201413242302
2.6921703712012532 2.6083165654008789 0.02891393745084913
2.6965336943312392 2.6084427243787602 0.028913013848248095
2.7008970174612248 2.608568878940229 0.028912018181440204
2.7052603405912108 2.6086950297316553 0.028911295859377021
2.7096236637211968 2.6088211779892556 0.028910846593686611
2.7139869868511823 2.6089473248335833 0.028910652153394098
2.7183503099811683 2.6090734714006474 0.028910716853212649
2.7227136331111539 2.6091996186948148 0.028910961781240637
2.7270769562411399 2.6093257671707413 0.028911229806421468
2.7314402793711259 2.6094519166648125 0.028911425320108302
2.7358036025011114 2.6095780668455753 0.02891154739926682
2.7401669256310974 2.6097042174125913 0.028911601271480493
2.7445302487610834 2.6098303680614805 0.028911585563480668
2.748893571891069 2.6099565185210469 0.028911520646368774
2.753256895021055 2.6100826686645062 0.028911448514801007
2.7576202181510405 2.6102088185330468 0.028911395598711646
2.7619835412810265 2.6103349682155019 0.02891136243154932
2.7663468644110125 2.6104611177924357 0.028911347522254247
2.7707101875409981 2.6105872673453945 0.028911351291430156
2.7750735106709841 2.6107134169475832 0.028911368488018147
2.7794368338009696 2.6108395666342963 0.028911387895200993
2.7838001569309556 2.6109657163952313 0.028911402215831637
2.7881634800609416 2.6110918662065892 0.028911411225527154
2.7925268031909272 2.611218016046764 0.028911415347345655
2.7968901263209132 2.6113441658939092 0.028911414455961341
2.8012534494508987 2.6114703157282713 0.028911409903173212
2.8056167725808847 2.6115964655400408 0.028911404683168711
2.8099800957108707 2.6117226153317761 0.028911400807943403
2.8143434188408563 2.611848765109849 0.028911398360781684
2.8187067419708423 2.6119749148800553 0.028911397222403268
2.8230700651008283 2.6121010646482468 0.028911397429099681
2.8274333882308138 2.612227214419752 0.028911398633801023
2.8317967113607998 2.6123533641972947 0.028911400037701502
2.8361600344907854 2.6124795139802446 0.028911401086141379
2.8405233576207713 2.6126056637668951 0.02891140175056103
2.8448866807507573 2.6127318135556923 0.028911402064756595
2.8492500038807429 2.612857963345069 0.028911402018004361
2.8536133270107289 2.6129841131335878 0.02891140169937376
2.8579766501407144 2.6131102629204941 0.028911401322079533
2.8623399732707004 2.613236412705942 0.028911401038507614
2.8667032964006864 2.6133625624903871 0.028911400857923812
2.871066619530672 2.6134887122742461 0.028911400771357419
2.875429942660658 2.6136148620579398 0.028911400781582934
2.8797932657906435 2.6137410118418547 0.02891140086571926
2.8841565889206295 2.6138671616262004 0.028911400967177644
2.8885199120506155 2.6139933114109395 0.028911401043897465
2.8928832351806011 2.6141194611959504 0.028911401092957853
2.8972465583105871 2.6142456109811212 0.028911401116780384
2.9016098814405731 2.614371760766339 0.028911401114706348
2.9059732045705586 2.6144979105515 0.028911401092471464
2.9103365277005446 2.6146240603365456 0.028911401065015715
2.9146998508305302 2.6147502101214846 0.028911401044406995
2.9190631739605162 2.6148763599063511 0.02891140103124833
2.9234264970905022 2.6150025096911738 0.028911401024485535
2.9277898202204877 2.6151286594759826 0.028911401025010885
2.9321531433504737 2.615254809260807 0.028911401030893617
2.9365164664804593 2.6153809590456611 0.028911401037981333
2.9408797896104453 2.6155071088305437 0.028911401043746399
2.9452431127404313 2.6156332586154472 0.028911401047481584
2.9496064358704168 2.6157594084003621 0.028911401049073943
2.9539697590004028 2.6158855581852802 0.028911401049045316
2.9583330821303884 2.6160117079701952 0.028911401047567457
2.9626964052603744 2.6161378577551018 0.028911401045568864
2.9670597283903604 2.6162640075400008 0.02891140104404025
2.9714230515203459 2.616390157324894 0.028911401043002143
2.9757863746503319 2.6165163071097841 0.028911401042576512
2.9801496977803179 2.6166424568946733 0.028911401042560306
2.9845130209103035 2.6167686066795635 0.028911401043059611
2.9888763440402895 2.6168947564644562 0.028911401043521252
2.993239667170275 2.6170209062493504 0.028911401043923379
2.997602990300261 2.6171470560342467 0.028911401044295917
3.001966313430247 2.6172732058191435 0.028911401044226775
3.0063296365602326 2.6173993556040402 0.028911401044445
3.0106929596902186 2.6175255053889375 0.028911401043946554
3.0150562828202041 2.6176516551738334 0.028911401045111442
3.0194196059501901 2.6177778049587301 0.028911401040645011
3.0237829290801761 2.6179039547436229 0.028911401055199688
3.0281462522101616 2.618030104528529 0.028911401007868237
3.0325095753401476 2.6181562543133809 0.028911401154548714
3.0368728984701332 2.6182824040984358 0.028911400717444892
3.0412362216001192 2.6184085538827357 0.028911401939650458
3.0455995447301052 2.618534703669853 0.028911398905890798
3.0499628678600907 2.6186608534464577 0.028911404527918176
3.0543261909900767 2.6187870032622946 0.028911404819774892
3.0586895141200627 2.6189131529317149 0.028911324335689409
3.0630528372500483 2.6190393019425007 0.028911092467794233
3.0674161603800343 2.6191654494615828 0.028910621959868078
3.0717794835100198 2.6192915940750399 0.02890971247894409
3.0761428066400058 2.6194177330201729 0.028907925897395634
3.0805061297699918 2.6195438610201225 0.028904559098181137
3.0848694528999774 2.6196699690453213 0.028898553895828238
3.0892327760299634 2.6197960424232121 0.02888838614315142
3.0935960991599489 2.6199220587765026 0.028872033394874784
3.0979594222899349 2.6200479861516794 0.028847228068998081
3.1023227454199209 2.6201737820771189 0.028811247094122295
3.1066860685499065 2.6202993944561137 0.02876340089799637
3.1110493916798925 2.6204247651645112 0.028698408954757351
3.115412714809878 2.620549836811608 0.028634443056649316
3.119776037939864 2.6206745623201688 0.028511691861316846
3.12413936106985 2.6207989159319554 0.028572977826872951
3.1285026841998356 2.620922903282453 0.027943065060426969
3.1328660073298216 2.6210465677372676 0.029927600729689117
3.1372293304598076 2.6211699905807446 0.022231244381589476
3.1415926535897931 2.6212365389953596 0.011762037553460511
3.1459559767197791 2.6213030874099741 0.022231244381629073
3.1503192998497647 2.621426510253452 0.029927600729842171
3.1546826229797507 2.6215501747082666 0.027943065060394776
3.1590459461097367 2.6216741620587642 0.028572977826839926
3.1634092692397222 2.6217985156705503 0.028511691861175772
3.1677725923697082 2.6219232411791107 0.028634443056644702
3.1721359154996938 2.622048312826208 0.028698408954916828
3.1764992386296798 2.6221736835346059 0.028763400897973693
3.1808625617596658 2.6222992959136002 0.028811247094044735
3.1852258848896513 2.6224250918390397 0.028847228069025666
3.1895892080196373 2.6225510192142165 0.028872033394850817
3.1939525311496229 2.6226770355675071 0.028888386143219685
3.1983158542796088 2.6228031089453983 0.028898553895884502
3.2026791774095948 2.6229292169705971 0.028904559098184332
3.2070425005395804 2.6230553449705467 0.028907925897326592
3.2114058236695664 2.6231814839156793 0.02890971247892057
3.2157691467995524 2.6233076285291368 0.028910621960022351
3.2201324699295379 2.6234337760482194 0.028911092467811331
3.2244957930595239 2.6235599250590047 0.028911324335466754
3.2288591161895095 2.6236860747284241 0.028911404819732426
3.2332224393194955 2.6238122245442614 0.028911404528014193
3.2375857624494815 2.6239383743208662 0.028911398905845691
3.241949085579467 2.6240645241079834 0.028911401939734876
3.246312408709453 2.6241906738922838 0.028911400717466503
3.2506757318394386 2.6243168236773387 0.028911401154683197
3.2550390549694246 2.6244429734621919 0.028911401008224688
3.2594023780994106 2.6245691232470989 0.028911401055157233
3.2637657012293961 2.6246952730319908 0.028911401040458393
3.2681290243593821 2.6248214228168871 0.028911401044993196
3.2724923474893677 2.6249475726017821 0.028911401043690162
3.2768556706193537 2.625073722386678 0.028911401044062167
3.2812189937493397 2.625199872171573 0.028911401043868346
3.2855823168793252 2.6253260219564685 0.028911401043975132
3.2899456400093112 2.6254521717413639 0.028911401044047144
3.2943089631392972 2.6255783215262598 0.028911401043948792
3.2986722862692828 2.6257044713111548 0.028911401043973703
3.3030356093992688 2.6258306210960507 0.028911401043972405
3.3073989325292543 2.6259567708809457 0.028911401043952682
3.3117622556592403 2.6260829206658416 0.028911401044032871
3.3161255787892263 2.626209070450737 0.028911401044028347
3.3204889019192119 2.6263352202356329 0.028911401043975094
3.3248522250491979 2.6264613700205279 0.028911401043887282
3.3292155481791834 2.6265875198054234 0.028911401043986467
3.3335788713091694 2.6267136695903188 0.028911401043982873
3.3379421944391554 2.6268398193752143 0.028911401043889205
3.342305517569141 2.6269659691601093 0.028911401043970983
3.346668840699127 2.6270921189450052 0.028911401044042859
3.351032163829113 2.6272182687299006 0.028911401043970077
3.3553954869590985 2.6273444185147961 0.028911401043892847
3.3597588100890845 2.6274705682996911 0.0289114010439692
3.3641221332190701 2.6275967180845869 0.028911401044046343
3.3684854563490561 2.6277228678694824 0.028911401043966767
3.372848779479042 2.6278490176543778 0.028911401043893753
3.3772121026090276 2.6279751674392728 0.028911401043968891
3.3815754257390136 2.6281013172241687 0.028911401044046686
3.3859387488689991 2.6282274670090642 0.028911401043965685
3.3903020719989851 2.6283536167939596 0.028911401043906593
3.3946653951289711 2.6284797665788546 0.028911401043909775
3.3990287182589567 2.6286059163637501 0.028911401043964981
3.4033920413889427 2.6287320661486455 0.028911401044046301
3.4077553645189282 2.6288582159335414 0.028911401043971149
3.4121186876489142 2.6289843657184364 0.028911401043885104
3.4164820107789002 2.6291105155033319 0.02891140104399027
3.4208453339088858 2.6292366652882273 0.028911401043969831
3.4252086570388718 2.6293628150731227 0.028911401043946409
3.4295719801688578 2.6294889648580182 0.028911401044051706
3.4339353032988433 2.6296151146429141 0.028911401043968103
3.4382986264288293 2.6297412644278091 0.028911401043891869
3.4426619495588149 2.6298674142127045 0.028911401043975077
3.4470252726888009 2.6299935639976 0.028911401044023833
3.4513885958187869 2.6301197137824959 0.028911401044042093
3.4557519189487724 2.6302458635673913 0.028911401043929141
3.4601152420787584 2.6303720133522868 0.028911401044057334
3.464478565208744 2.6304981631371827 0.028911401043962861
3.46884188833873 2.6306243129220777 0.028911401043907249
3.473205211468716 2.6307504627069731 0.028911401043909987
3.4775685345987015 2.6308766124918681 0.028911401043963461
3.4819318577286875 2.631002762276764 0.028911401044052164
3.4862951808586731 2.6311289120616594 0.028911401043949226
3.4906585039886591 2.6312550618465549 0.028911401043966951
3.4950218271186451 2.6313812116314503 0.028911401043990148
3.4993851502486306 2.6315073614163458 0.028911401043888455
3.5037484733786166 2.6316335112012408 0.028911401043966722
3.5081117965086026 2.6317596609861367 0.028911401044051835
3.5124751196385882 2.6318858107710321 0.028911401043947273
3.5168384427685742 2.6320119605559276 0.02891140104397508
3.5212017658985597 2.632138110340823 0.028911401043968426
3.5255650890285457 2.6322642601257185 0.028911401043967225
3.5299284121585317 2.6323904099106139 0.028911401043969855
3.5342917352885173 2.6325165596955094 0.028911401043969356
3.5386550584185033 2.6326427094804048 0.028911401043968735
3.5430183815484888 2.6327688592653002 0.028911401043971701
3.5473817046784748 2.6328950090501957 0.028911401043960464
3.5517450278084608 2.6330211588350911 0.028911401043993614
3.5561083509384463 2.6331473086199866 0.028911401043881083
3.5604716740684323 2.6332734584048816 0.028911401043992729
3.5648349971984179 2.6333996081897775 0.028911401043963995
3.5691983203284039 2.6335257579746725 0.028911401043967288
3.5735616434583899 2.6336519077595684 0.028911401043974039
3.5779249665883754 2.6337780575444634 0.028911401043952574
3.5822882897183614 2.6339042073293593 0.028911401044031663
3.5866516128483474 2.6340303571142547 0.028911401044033277
3.591014935978333 2.6341565068991506 0.028911401043956574
3.595378259108319 2.6342826566840456 0.028911401043956418
3.5997415822383045 2.6344088064689415 0.028911401044033749
3.6041049053682905 2.6345349562538369 0.028911401044029922
3.6084682284982765 2.6346611060387328 0.028911401043959072
3.6128315516282621 2.6347872558236278 0.028911401043949788
3.6171948747582481 2.6349134056085237 0.028911401044057781
3.6215581978882336 2.6350395553934192 0.0289114010439404
3.6259215210182196 2.6351657051783146 0.028911401043996639
3.6302848441482056 2.6352918549632101 0.028911401043880222
3.6346481672781912 2.6354180047481051 0.028911401043993149
3.6390114904081772 2.6355441545330009 0.028911401043963197
3.6433748135381627 2.635670304317896 0.028911401043970053
3.6477381366681487 2.6357964541027918 0.028911401043972589
3.6521014597981347 2.6359226038876868 0.02891140104394677
3.6564647829281203 2.6360487536725827 0.028911401044056338
3.6608281060581063 2.6361749034574782 0.028911401043949216
3.6651914291880923 2.6363010532423736 0.028911401043953972
3.6695547523180778 2.6364272030272691 0.028911401044050898
3.6739180754480638 2.636553352812165 0.028911401043963777
3.6782813985780494 2.63667950259706 0.028911401043909993
3.6826447217080354 2.6368056523819554 0.028911401043906933
3.6870080448380214 2.6369318021668504 0.028911401043964117
3.6913713679680069 2.6370579519517463 0.028911401044052591
3.6957346910979929 2.6371841017366418 0.028911401043946846
3.7000980142279785 2.6373102515215372 0.028911401043976017
3.7044613373579645 2.6374364013064326 0.028911401043965088
3.7088246604879505 2.6375625510913281 0.028911401043970799
3.713187983617936 2.6376887008762235 0.028911401043967729
3.717551306747922 2.637814850661119 0.028911401043974314
3.7219146298779076 2.6379410004460144 0.02891140104395103
3.7262779530078936 2.6380671502309099 0.028911401044037572
3.7306412761378795 2.6381933000158058 0.028911401044011176
3.7350045992678651 2.6383194498007012 0.028911401044039078
3.7393679223978511 2.6384455995855971 0.02891140104395384
3.7437312455278371 2.6385717493704921 0.028911401043952734
3.7480945686578226 2.638697899155388 0.028911401044051228
3.7524578917878086 2.6388240489402834 0.028911401043963683
3.7568212149177942 2.6389501987251789 0.028911401043910056
3.7611845380477802 2.6390763485100739 0.028911401043906774
3.7655478611777662 2.6392024982949693 0.028911401043964693
3.7699111843077517 2.6393286480798648 0.028911401044050471
3.7742745074377377 2.6394547978647607 0.028911401043954763
3.7786378305677233 2.6395809476496557 0.028911401043946468
3.7830011536977093 2.6397070974345516 0.028911401044075361
3.7873644768276953 2.639833247219447 0.028911401043864582
3.7917277999576808 2.639959397004342 0.028911401043976992
3.7960911230876668 2.6400855467892379 0.028911401044043449
3.8004544462176524 2.6402116965741333 0.028911401043970549
3.8048177693476384 2.6403378463590288 0.028911401043890349
3.8091810924776244 2.6404639961439238 0.028911401043969876
3.8135444156076099 2.6405901459288197 0.028911401044046155
3.8179077387375959 2.6407162957137151 0.02891140104396684
3.8222710618675819 2.6408424454986106 0.028911401043893656
3.8266343849975675 2.6409685952835056 0.028911401043969207
3.8309977081275535 2.6410947450684015 0.028911401044045527
3.835361031257539 2.6412208948532969 0.028911401043970008
3.839724354387525 2.6413470446381924 0.028911401043890457
3.844087677517511 2.6414731944230874 0.028911401043969998
3.8484510006474966 2.6415993442079833 0.028911401044045559
3.8528143237774826 2.6417254939928787 0.028911401043969092
3.8571776469074681 2.6418516437777742 0.028911401043894083
3.8615409700374541 2.6419777935626692 0.028911401043965237
3.8659042931674401 2.642103943347565 0.02891140104405213
3.8702676162974257 2.6422300931324605 0.028911401043947588
3.8746309394274117 2.6423562429173559 0.028911401043973526
3.8789942625573972 2.6424823927022514 0.02891140104397432
3.8833575856873832 2.6426085424871468 0.028911401043945215
3.8877209088173692 2.6427346922720423 0.028911401044051988
3.8920842319473548 2.6428608420569382 0.028911401043968176
3.8964475550773408 2.6429869918418332 0.028911401043891307
3.9008108782073267 2.6431131416267286 0.028911401043968447
3.9051742013373123 2.6432392914116241 0.028911401044050926
3.9095375244672983 2.6433654411965199 0.028911401043949184
3.9139008475972838 2.643491590981415 0.028911401043968336
3.9182641707272698 2.6436177407663108 0.028911401043993479
3.9226274938572558 2.6437438905512058 0.028911401043864908
3.9269908169872414 2.6438700403361013 0.028911401044057556
3.9313541401172274 2.6439961901209972 0.028911401044026189
3.9357174632472129 2.6441223399058926 0.028911401043959034
3.9400807863771989 2.6442484896907881 0.028911401043953681
3.9444441095071849 2.6443746394756835 0.028911401044033412
3.9488074326371705 2.6445007892605794 0.028911401044034023
3.9531707557671565 2.6446269390454749 0.028911401043951842
3.957534078897142 2.6447530888303703 0.028911401043974622
3.961897402027128 2.6448792386152657 0.028911401043965668
3.966260725157114 2.6450053884001612 0.028911401043969869
3.9706240482870996 2.6451315381850566 0.028911401043970865
3.9749873714170856 2.6452576879699521 0.02891140104396268
3.9793506945470716 2.6453838377548475 0.028911401043985596
3.9837140176770571 2.645509987539743 0.028911401043910941
3.9880773408070431 2.645636137324638 0.028911401043881308
3.9924406639370287 2.6457622871095334 0.028911401044074504
3.9968039870670147 2.6458884368944293 0.028911401043942016
4.0011673101970002 2.6460145866793243 0.028911401043973439
4.0055306333269867 2.6461407364642202 0.028911401043971399
4.0098939564569722 2.6462668862491152 0.02891140104394814
4.0142572795869578 2.6463930360340111 0.028911401044060873
4.0186206027169442 2.6465191858189065 0.028911401043920877
4.0229839258469298 2.646645335603802 0.028911401044062798
4.0273472489769153 2.6467714853886979 0.028911401043958087
4.0317105721069009 2.6468976351735929 0.028911401043929696
4.0360738952368873 2.6470237849584888 0.028911401044130303
4.0404372183668729 2.6471499347433847 0.028911401043966937
4.0448005414968584 2.6472760845282797 0.028911401043826761
4.0491638646268449 2.6474022343131747 0.028911401043922525
4.0535271877568304 2.6475283840980701 0.028911401043984989
4.057890510886816 2.6476545338829656 0.028911401043962361
4.0622538340168024 2.647780683667861 0.028911401043972728
4.066617157146788 2.6479068334527565 0.028911401043953892
4.0709804802767735 2.6480329832376519 0.028911401044036538
4.0753438034067591 2.6481591330225478 0.028911401044030127
4.0797071265367455 2.6482852828074432 0.028911401043955478
4.0840704496667311 2.6484114325923387 0.028911401043955155
4.0884337727967166 2.6485375823772341 0.028911401044048716
4.092797095926703 2.64866373216213 0.028911401043962472
4.0971604190566886 2.648789881947025 0.028911401043908571
4.1015237421866741 2.6489160317319205 0.028911401043922733
4.1058870653166606 2.6490421815168155 0.028911401043902333
4.1102503884466461 2.6491683313017109 0.028911401043969765
4.1146137115766317 2.6492944810866064 0.028911401044043453
4.1189770347066181 2.6494206308715023 0.028911401043968912
4.1233403578366037 2.6495467806563973 0.028911401043888073
4.1277036809665892 2.6496729304412927 0.028911401043998291
4.1320670040965748 2.6497990802261882 0.028911401043943599
4.1364303272265612 2.6499252300110836 0.028911401044034488
4.1407936503565468 2.6500513797959795 0.028911401044030983
4.1451569734865323 2.6501775295808749 0.028911401043971743
4.1495202966165188 2.6503036793657704 0.028911401043889215
4.1538836197465043 2.6504298291506654 0.028911401043973228
4.1582469428764899 2.6505559789355613 0.028911401044042707
4.1626102660064763 2.6506821287204567 0.028911401043968447
4.1669735891364619 2.6508082785053522 0.028911401043890669
4.1713369122664474 2.6509344282902472 0.028911401043988368
4.1757002353964339 2.6510605780751431 0.028911401043963014
4.1800635585264194 2.6511867278600381 0.028911401043966774
4.184426881656405 2.651312877644934 0.028911401043994724
4.1887902047863905 2.651439027429829 0.028911401043879181
4.193153527916377 2.6515651772147244 0.028911401043990387
4.1975168510463625 2.6516913269996198 0.028911401043966466
4.2018801741763481 2.6518174767845153 0.028911401043968589
4.2062434973063345 2.6519436265694107 0.02891140104396633
4.2106068204363201 2.6520697763543062 0.028911401043973273
4.2149701435663056 2.6521959261392016 0.028911401043965404
4.2193334666962921 2.6523220759240971 0.02891140104397228
4.2236967898262776 2.6524482257089925 0.028911401043952654
4.2280601129562632 2.652574375493888 0.028911401044041937
4.2324234360862487 2.6527005252787839 0.028911401044009785
4.2367867592162352 2.6528266750636793 0.028911401044031431
4.2411500823462207 2.6529528248485752 0.028911401043977002
4.2455134054762063 2.6530789746334702 0.028911401043885395
4.2498767286061927 2.6532051244183656 0.02891140104398324
4.2542400517361783 2.6533312742032611 0.028911401043988837
4.2586033748661638 2.6534574239881565 0.028911401043886242
4.2629666979961502 2.6535835737730515 0.02891140104396803
4.2673300211261358 2.6537097235579474 0.028911401044048813
4.2716933442561213 2.6538358733428429 0.028911401043966879
4.2760566673861078 2.6539620231277383 0.028911401043890839
4.2804199905160933 2.6540881729126333 0.028911401043971621
4.2847833136460789 2.6542143226975292 0.028911401044047498
4.2891466367760644 2.6543404724824247 0.028911401043968554
4.2935099599060509 2.6544666222673201 0.02891140104388544
4.2978732830360364 2.6545927720522151 0.02891140104399155
4.302236606166022 2.654718921837111 0.028911401043973203
4.3065999292960084 2.654845071622006 0.028911401043922803
4.310963252425994 2.6549712214069019 0.028911401044142745
4.3153265755559795 2.6550973711917978 0.02891140104394169
4.319689898685966 2.6552235209766928 0.02891140104389766
4.3240532218159515 2.6553496707615882 0.028911401043969522
4.3284165449459371 2.6554758205464837 0.02891140104404908
4.3327798680759235 2.6556019703313796 0.028911401043946655
4.3371431912059091 2.6557281201162746 0.028911401043971486
4.3415065143358946 2.6558542699011705 0.028911401043992223
4.3458698374658802 2.6559804196860655 0.028911401043884472
4.3502331605958666 2.6561065694709609 0.028911401043971736
4.3545964837258522 2.6562327192558564 0.028911401044035768
4.3589598068558377 2.6563588690407522 0.028911401044015354
4.3633231299858242 2.6564850188256477 0.028911401044015326
4.3676864531158097 2.6566111686105436 0.028911401044035858
4.3720497762457953 2.656737318395439 0.028911401043971385
4.3764130993757817 2.6568634681803345 0.028911401043885752
4.3807764225057673 2.6569896179652295 0.028911401043987449
4.3851397456357528 2.6571157677501254 0.028911401043989281
4.3895030687657384 2.6572419175350204 0.028911401043880253
4.3938663918957248 2.6573680673199158 0.028911401043991532
4.3982297150257104 2.6574942171048113 0.02891140104396079
4.4025930381556959 2.6576203668897067 0.028911401043990148
4.4069563612856824 2.6577465166746022 0.02891140104388578
4.4113196844156679 2.6578726664594972 0.028911401043968585
4.4156830075456535 2.657998816244393 0.028911401044064696
4.4200463306756399 2.6581249660292885 0.028911401043885138
4.4244096538056255 2.6582511158141835 0.028911401043896601
4.428772976935611 2.6583772655990789 0.028911401044047932
4.4331363000655974 2.6585034153839748 0.028911401044024169
4.437499623195583 2.6586295651688703 0.028911401043967899
4.4418629463255686 2.6587557149537657 0.028911401043929044
4.4462262694555541 2.6588818647386607 0.028911401043835425
4.4505895925855405 2.6590080145235557 0.028911401043925752
4.4549529157155261 2.6591341643084512 0.02891140104396343
4.4593162388455116 2.6592603140933466 0.028911401044045344
4.4636795619754981 2.6593864638782425 0.028911401043967701
4.4680428851054836 2.6595126136631375 0.028911401043891033
4.4724062082354692 2.659638763448033 0.028911401043987661
4.4767695313654556 2.6597649132329284 0.028911401043965491
4.4811328544954412 2.6598910630178239 0.028911401043957535
4.4854961776254267 2.6600172128027193 0.028911401044029197
4.4898595007554132 2.6601433625876152 0.028911401044038183
4.4942228238853987 2.6602695123725106 0.028911401043930592
4.4985861470153843 2.6603956621574061 0.02891140104406428
4.5029494701453698 2.660521811942302 0.028911401043942467
4.5073127932753563 2.660647961727197 0.028911401043973002
4.5116761164053418 2.6607741115120929 0.0289114010439727
4.5160394395353274 2.6609002612969879 0.028911401043961022
4.5204027626653138 2.6610264110818838 0.028911401043990374
4.5247660857952994 2.6611525608667788 0.028911401043884663
4.5291294089252849 2.6612787106516742 0.02891140104399046
4.5334927320552714 2.6614048604365697 0.028911401043960654
4.5378560551852569 2.6615310102214651 0.028911401043974098
4.5422193783152425 2.6616571600063605 0.028911401043967791
4.5465827014452289 2.661783309791256 0.028911401043961914
4.5509460245752145 2.6619094595761514 0.028911401043991748
4.5553093477052 2.6620356093610469 0.028911401043895928
4.5596726708351856 2.6621617591459419 0.02891140104394405
4.564035993965172 2.6622879089308378 0.028911401044135056
4.5683993170951576 2.6624140587157337 0.028911401043933579
4.5727626402251431 2.6625402085006287 0.028911401043955464
4.5771259633551296 2.6626663582855246 0.02891140104405172
4.5814892864851151 2.66279250807042 0.028911401043950163
4.5858526096151007 2.6629186578553155 0.028911401043972461
4.5902159327450871 2.6630448076402109 0.028911401043967166
4.5945792558750727 2.6631709574251063 0.028911401043966053
4.5989425790050582 2.6632971072100018 0.028911401043993444
4.6033059021350438 2.6634232569948972 0.02891140104388501
4.6076692252650302 2.6635494067797922 0.028911401043968363
4.6120325483950158 2.6636755565646881 0.028911401044048726
4.6163958715250013 2.6638017063495836 0.028911401043966906
4.6207591946549877 2.663927856134479 0.028911401043890825
4.6251225177849733 2.664054005919374 0.028911401043971639
4.6294858409149588 2.6641801557042699 0.028911401044047436
4.6338491640449453 2.6643063054891654 0.028911401043951131
4.6382124871749308 2.6644324552740608 0.028911401043955225
4.6425758103049164 2.6645586050589563 0.028911401044052779
4.6469391334349028 2.6646847548438521 0.028911401043946169
4.6513024565648884 2.6648109046287471 0.02891140104396972
4.6556657796948739 2.664937054413643 0.028911401043999772
4.6600291028248595 2.665063204198538 0.028911401043856023
4.6643924259548459 2.6651893539834335 0.02891140104407797
4.6687557490848315 2.6653155037683294 0.028911401043944601
4.673119072214817 2.6654416535532244 0.028911401043968443
4.6774823953448035 2.6655678033381203 0.028911401043988798
4.681845718474789 2.6656939531230153 0.028911401043883529
4.6862090416047746 2.6658201029079107 0.02891140104399658
4.690572364734761 2.6659462526928062 0.028911401043937312
4.6949356878647466 2.6660724024777016 0.028911401044061341
4.6992990109947321 2.6661985522625975 0.028911401043947474
4.7036623341247186 2.6663247020474925 0.028911401043955932
4.7080256572547041 2.6664508518323884 0.028911401044035986
4.7123889803846897 2.6665770016172838 0.028911401044030279
4.7167523035146752 2.6667031514021797 0.028911401043973078
4.7211156266446617 2.6668293011870747 0.028911401043884583
4.7254789497746472 2.6669554509719702 0.028911401043990443
4.7298422729046328 2.6670816007568656 0.02891140104397847
4.7342055960346192 2.6672077505417611 0.028911401043902839
4.7385689191646048 2.6673339003266561 0.02891140104391202
4.7429322422945903 2.6674600501115515 0.028911401043968575
4.7472955654245768 2.667586199896447 0.028911401044020867
4.7516588885545623 2.6677123496813429 0.028911401044060456
4.7560222116845479 2.6678384994662383 0.028911401043867462
4.7603855348145334 2.6679646492511333 0.028911401043989222
4.7647488579445199 2.6680907990360292 0.028911401043982817
4.7691121810745054 2.6682169488209242 0.028911401043886703
4.773475504204491 2.6683430986058196 0.02891140104398986
4.7778388273344774 2.6684692483907151 0.028911401043961029
4.782202150464463 2.6685953981756105 0.028911401043973207
4.7865654735944485 2.668721547960506 0.028911401043970966
4.7909287967244349 2.6688476977454014 0.0289114010439501
4.7952921198544205 2.6689738475302969 0.028911401044035809
4.7996554429844061 2.6690999973151928 0.028911401044036826
4.8040187661143925 2.6692261471000882 0.028911401043929391
4.808382089244378 2.6693522968849837 0.028911401044052782
4.8127454123743636 2.6694784466698795 0.028911401043989624
4.8171087355043491 2.6696045964547745 0.02891140104381355
4.8214720586343356 2.6697307462396695 0.028911401043952678
4.8258353817643211 2.669856896024565 0.028911401043877589
4.8301987048943067 2.6699830458094596 0.028911401043751107
4.8345620280242931 2.6701091955943546 0.02891140104400915
4.8389253511542787 2.6702353453792504 0.028911401044019489
4.8432886742842642 2.6703614951641459 0.028911401044043057
4.8476519974142507 2.6704876449490422 0.028911401044226109
4.8520153205442362 2.670613794733939 0.028911401044386362
4.8563786436742218 2.6707399445188367 0.028911401044495931
4.8607419668042082 2.6708660943037343 0.028911401044490397
4.8651052899341938 2.6709922440886316 0.028911401044097659
4.8694686130641793 2.6711183938735261 0.028911401043554469
4.8738319361941649 2.6712445436584189 0.02891140104306664
4.8781952593241513 2.6713706934433086 0.028911401042184814
4.8825585824541369 2.6714968432281951 0.028911401041925282
4.8869219055841224 2.6716229930130826 0.028911401042336225
4.8912852287141089 2.6717491427979727 0.028911401043376979
4.8956485518440944 2.6718752925828695 0.02891140104521504
4.90001187497408 2.6720014423677756 0.028911401047831683
4.9043751981040664 2.6721275921526941 0.028911401050470711
4.908738521234052 2.6722537419376211 0.028911401051648626
4.9131018443640375 2.6723798917225485 0.028911401050422267
4.9174651674940231 2.672506041507464 0.028911401046211125
4.9218284906240095 2.6726321912923554 0.028911401039532408
4.9261918137539951 2.6727583410772122 0.028911401030154413
4.9305551368839806 2.6728844908620246 0.028911401020013456
4.9349184600139671 2.6730106406468019 0.028911401015282955
4.9392817831439526 2.6731367904315793 0.028911401020224603
4.9436451062739382 2.6732629402164001 0.028911401035128813
4.9480084294039246 2.6733890900013071 0.028911401059710001
4.9523717525339102 2.6735152397863438 0.028911401094873002
4.9567350756638957 2.6736413895715461 0.028911401132704063
4.9610983987938821 2.6737675393568807 0.028911401151077768
4.9654617219238677 2.6738936891422194 0.028911401133489216
4.9698250450538533 2.674019838927399 0.02891140107892607
4.9741883681838388 2.6741459887122629 0.028911400988365959
4.9785516913138252 2.6742721384966464 0.028911400857689354
4.9829150144438108 2.6743982882804116 0.028911400715561451
4.9872783375737963 2.6745244380636746 0.028911400644411517
4.9916416607037828 2.6746505878469096 0.028911400706553604
4.9960049838337683 2.6747767376307219 0.028911400906832439
5.0003683069637539 2.674902887415699 0.028911401241414995
5.0047316300937403 2.675029037202453 0.028911401725315707
5.0090949532237259 2.6751551869915073 0.028911402258394895
5.0134582763537114 2.6752813367824677 0.028911402534311622
5.0178215994836979 2.675407486573584 0.028911402315210121
5.0221849226136834 2.6755336363626023 0.028911401580477118
5.026548245743669 2.675659786147329 0.028911400345393485
5.0309115688736545 2.6757859359254854 0.028911398552315084
5.035274892003641 2.6759120856950789 0.028911396554853506
5.0396382151336265 2.6760382354574532 0.028911395486845223
5.0440015382636121 2.6761643852190451 0.028911396254863088
5.0483648613935985 2.6762905349882558 0.028911398951082291
5.0527281845235841 2.6764166847732818 0.02891140351031786
5.0570915076535696 2.6765428345825968 0.028911410150903771
5.0614548307835561 2.6766689844237703 0.028911417633505642
5.0658181539135416 2.6767951342922798 0.028911421761602395
5.0701814770435272 2.6769212841644521 0.028911419079807973
5.0745448001735127 2.6770474340089776 0.028911409188756131
5.0789081233034992 2.6771735837952306 0.02891139236100047
5.0832714464334847 2.6772997334917026 0.028911367768938965
5.0876347695634703 2.6774258830696587 0.028911339750534979
5.0919980926934567 2.6775520325441966 0.028911323825598044
5.0963614158234423 2.6776781820023055 0.028911333142855072
5.1007247389534278 2.677804331560643 0.028911369415165727
5.1050880620834143 2.6779304813336586 0.028911431522592901
5.1094513852133998 2.678056631438519 0.028911522581990312
5.1138147083433854 2.6781827819841588 0.028911627454251826
5.1181780314733718 2.6783089329207885 0.028911688788249512
5.1225413546033574 2.6784350839289588 0.028911656592515191
5.1269046777333429 2.6785612345740937 0.028911523624391536
5.1312680008633285 2.6786873844284926 0.02891129441790781
5.1356313239933149 2.678813533056422 0.028910957283600529
5.1399946471233005 2.678939680045394 0.028910564904825516
5.144357970253286 2.6790658255571627 0.028910329039999287
5.1487212933832724 2.679191970764021 0.028910439587028977
5.153084616513258 2.6793181172845548 0.028910926839509837
5.1574479396432436 2.6794442667171157 0.028911772661567879
5.16181126277323 2.6795704206823379 0.028913020711553179
5.1661745859032155 2.6796965807403512 0.028914488212570214
5.1705379090332011 2.6798227463757063 0.028915393950845275
5.1749012321631875 2.6799489132895453 0.028915017215232243
5.1792645552931731 2.6800750754546194 0.028913232429982352
5.1836278784231586 2.6802012268976836 0.028910111385333215
5.1879912015531442 2.6803273615902805 0.028905491665236063
5.1923545246831306 2.6804534736380039 0.028900005349154757
5.1967178478131162 2.6805795646415342 0.028896531944061749
5.2010811709431017 2.6807056503529201 0.02889780434865576
5.2054444940730882 2.680831753211657 0.028904339174992306
5.2098078172030737 2.6809578955406606 0.028915854871539286
5.2141711403330593 2.6810840997682881 0.028932953374306319
5.2185344634630457 2.6812103881413809 0.028953456185927123
5.2228977865930313 2.6813367558668908 0.02896675930008847
5.2272611097230168 2.6814631452721476 0.028962508630925456
5.2316244328530024 2.681589472832445 0.028938592627509578
5.2359877559829888 2.6817156551237025 0.028896106213873615
5.2403510791129744 2.6818416086872694 0.028832826661339191
5.2447144022429599 2.6819672496421489 0.028756235808091998
5.2490777253729464 2.6820925915666485 0.028705346727833838
5.2534410485029319 2.6822178454368721 0.028719354096956543
5.2578043716329175 2.6823433220814383 0.028806840395564044
5.2621676947629039 2.6824693332680618 0.02896358023357774
5.2665310178928895 2.6825961896205244 0.029197751855994342
5.270894341022875 2.6827242071083655 0.029483756634740791
5.2752576641528615 2.6828533507669019 0.029678201711174676
5.279620987282847 2.6829828494969621 0.02963284375778746
5.2839843104128326 2.6831115468444295 0.029312969607682485
5.2883476335428181 2.683238277695466 0.02873477072632049
5.2927109566728046 2.6833618856964607 0.027868263521471658
5.2970742798027901 2.6834811817320801 0.026800688683928025
5.3014376029327757 2.6835962392428088 0.026058611178822851
5.3058009260627621 2.6837098743165324 0.02620230534148027
5.3101642491927477 2.6838263892728351 0.027371671959081682
5.3145275723227332 2.6839501396334136 0.029505270270161792
5.3188908954527196 2.6840854335903437 0.032713000161311873
5.3232542185827052 2.6842367472414259 0.036699604869959615
5.3276175417126908 2.6844040227494297 0.039534350929862086
5.3319808648426772 2.6845769990772457 0.039102921379187944
5.3363441879726627 2.6847396958508067 0.034845787613042786
5.3407075111026483 2.6848758631615746 0.026997736329699519
5.3450708342326338 2.6849694925113239 0.015159812594164828
5.3494341573626203 2.6850038087780885 0.00033193929504044044
5.3537974804926058 2.6849783180240814 -0.010419594177813874
5.3581608036225914 2.6849304543533767 -0.0090883499189375137
5.3625241267525778 2.6849196910906161 0.0064640836133208627
5.3668874498825634 2.6850066593019175 0.035626678618434091
5.3712507730125489 2.6852513471625312 0.07905911996042643
5.3756140961425354 2.6857152213116753 0.13530819372895503
5.3799774192725209 2.6864345653562687 0.19322901005473134
5.3843407424025065 2.6873849355366515 0.23978670306130814
5.388704065532492 2.6885053192225401 0.2713696610731281
5.3930673886624785 2.6897324617694736 0.28877479788951588
5.397430711792464 2.6910039872853733 0.29148876022237874
5.4017940349224496 2.6922562066204505 0.28046930356730249
5.406157358052436 2.6934433080168914 0.26378741904536562
5.4105206811824216 2.6945640840683049 0.25116066899695921
5.4148840043124071 2.6956451459587614 0.24544215985796886
5.4192473274423936 2.6967151444285999 0.24603085304463168
5.4236106505723791 2.6978019327001093 0.25333175903154603
5.4279739737023647 2.6989345970558993 0.26662533131100458
5.4323372968323511 2.7001275019334194 0.27911054013413972
5.4367006199623367 2.7013569112084519 0.28239303930522008
5.4410639430923222 2.7025745175419491 0.27376130390172637
5.4454272662223078 2.7037297196519146 0.25398465792897518
5.4497905893522942 2.7047732663375812 0.22204837877262038
5.4541539124822798 2.7056523587826864 0.17973111961960764
5.4585172356122653 2.7063540315730621 0.14588125947772601
5.4628805587422518 2.7069725649181349 0.14445071825115297
5.4672438818722373 2.7076737382929377 0.18367937044472557
5.4716072050022229 2.7086309870650829 0.26107887602375962
5.4759705281322093 2.7100126841473973 0.3801458371019919
5.4803338512621949 2.7120007083837563 0.53518749191117665
5.4846971743921804 2.7146379406096988 0.65919628871932823
5.4890604975221668 2.7175793777845763 0.66363789680044827
5.4934238206521524 2.7202114455056767 0.51831181569915852
5.497787143782138 2.7218917343487892 0.22807281102233945
5.5021504669121235 2.7219874264642701 -0.20952849871249046
5.5065137900421099 2.7198538513479544 -0.79110395724354321
5.5108771131720955 2.7149447016126134 -1.4682765955753314
5.5152404363020811 2.7069973446264042 -2.175272553572531
5.5196037594320675 2.6959526969407812 -2.8885737363984312
5.523967082562053 2.6817758281720043 -3.6114698499158115
5.5283304056920386 2.6644245992768769 -4.3426700505555083
5.532693728822025 2.6438646469488525 -5.0836581131674023
5.5370570519520106 2.620006059113122 -5.8626360989598894
5.5414203750819961 2.5925920678071983 -6.7182261658026059
5.5457836982119817 2.5612429768845959 -7.666978472329296
5.5501470213419681 2.5255591493717335 -8.7022997224398253
5.5545103444719537 2.4851587201640655 -9.8355042076249379
5.5588736676019392 2.4396040583740444 -11.054050749030399
5.5632369907319257 2.3889095784906367 -12.12432799198076
5.5676003138619112 2.3345077555903817 -12.707532386238551
5.5719636369918968 2.2789198458784026 -12.668912084511092
5.5763269601218832 2.224825246338153 -12.028957674401891
5.5806902832518688 2.174844991372531 -10.77185621737264
5.5850536063818543 2.1316992527953942 -8.9123341716632023
5.5894169295118408 2.0974106332594133 -6.8187500062081989
5.5937802526418263 2.0717318613698481 -5.0432070486150522
5.5981435757718119 2.0526089485932495 -3.8117911566994906
5.6025068989017974 2.0377115815632543 -3.1002497338520487
5.6068702220317839 2.0247870438053708 -2.9161425762149622
5.6112335451617694 2.0115040186597728 -3.2541729096047467
5.615596868291755 1.9959904780296258 -3.8662259864199524
5.6199601914217414 1.9779222413219417 -4.3700524647838135
5.624323514551727 1.9582509251181917 -4.6013693848739434
5.6286868376817125 1.9381391136362953 -4.5773337423332814
5.633050160811699 1.9186879712194564 -4.2907790474099894
5.6374134839416845 1.9010720408976265 -3.7449919899874238
5.6417768070716701 1.8860406503128868 -3.1758973969095896
5.6461401302016565 1.872843927501842 -2.9596395567154503
5.6505034533316421 1.8594535681291195 -3.2654755605958425
5.6548667764616276 1.8436133258250986 -4.0759395053675265
5.6592300995916132 1.8231363415907109 -5.4006520691914801
5.6635934227215996 1.7957387901348041 -7.2375583122922773
5.6679567458515852 1.7596899032550108 -9.271672382910241
5.6723200689815707 1.7152997700638155 -10.981548454899379
5.6766833921115571 1.6646811595291018 -12.125334185504624
5.6810467152415427 1.6102842940589568 -12.720437506708894
5.6854100383715283 1.554475463206912 -12.764771118407248
5.6897733615015147 1.4996961479629187 -12.255286445408785
5.6941366846315002 1.4480285370383574 -11.401598439140683
5.6985000077614858 1.400178973889125 -10.56128855999812
5.7028633308914722 1.3555944354679921 -9.9062541576507446
5.7072266540214578 1.3134737804821723 -9.427794538403365
5.7115899771514433 1.2730692584412966 -9.122699855134897
5.7159533002814289 1.2336061573494144 -8.9943387440419134
5.7203166234114153 1.1943978925438938 -8.9903919821026737
5.7246799465414009 1.1551008948762151 -9.0203358389182124
5.7290432696713864 1.1156973160451196 -9.038795205742705
5.7334065928013729 1.0762367972942668 -9.0474426967510535
5.7377699159313584 1.0367555971160045 -9.0477618730064506
5.742133239061344 0.99729355675425047 -9.0388838595744954
5.7464965621913304 0.9578873122676107 -9.0225409996759485
5.750859885321316 0.91856456468541092 -9.001019792080811
5.7552232084513015 0.87934417889954886 -8.9756604526812538
5.7595865315812871 0.84024318847138246 -8.9461500298392629
5.7639498547112735 0.8012800206589703 -8.9127010090782708
5.7683131778412591 0.76247063715968244 -8.8755133593460744
5.7726765009712446 0.7238451698386098 -8.8255272243223057
5.7770398241012311 0.68549722631362775 -8.7453966578280173
5.7814031472312166 0.64758439390772293 -8.6259333831555463
5.7857664703612022 0.61027828735232004 -8.4676027127740259
5.7901297934911886 0.57374658238202458 -8.2707953926057076
5.7944931166211742 0.53815849820262718 -8.0351301686105607
5.7988564397511597 0.50367813413359952 -7.7642002729420243
5.8032197628811462 0.47044429522716708 -7.4649252626523905
5.8075830860111317 0.43857168060771307 -7.139998749621693
5.8119464091411173 0.40817664378094781 -6.7871632755839899
5.8163097322711028 0.37938766378169625 -6.4032806931890489
5.8206730554010893 0.35234705330846255 -5.9853128238648168
5.8250363785310748 0.32720136762536306 -5.5361222294822694
5.8293997016610604 0.30406654147845463 -5.0654329852989317
5.8337630247910468 0.28301928515617575 -4.5795080963215087
5.8381263479210324 0.2641224836096035 -4.0800458195516969
5.8424896710510179 0.24742948730957892 -3.5700511494786324
5.8468529941810043 0.23297601603102397 -3.0544832504570505
5.8512163173109899 0.22076500425478734 -2.5451639519441249
5.8555796404409755 0.21072870262981366 -2.0609869024976475
5.8599429635709619 0.20272313256134619 -1.6155656686736917
5.8643062867009474 0.19656588026297084 -1.2143897941699557
5.868669609830933 0.19205652981794863 -0.86069098191909055
5.8730329329609186 0.18898363314005634 -0.55601539057254934
5.877396256090905 0.18712903701174344 -0.30314195231027496
5.8817595792208905 0.18625536703963755 -0.10723439549752913
5.8861229023508761 0.1861091789906002 0.030876810531490512
5.8904862254808625 0.1864475553650578 0.11586611239072681
5.8948495486108481 0.18705080851788722 0.1530755132469411
5.8992128717408336 0.18772101393436716 0.14739745149589181
5.9035761948708201 0.18828472700131293 0.10571453713118963
5.9079395180008056 0.18860433023129591 0.03706794944900995
5.9123028411307912 0.18857835653392788 -0.052101539416395413
5.9166661642607767 0.18812371759910451 -0.15910669664633703
5.9210294873907632 0.18716601263130916 -0.28252781209122646
5.9253928105207487 0.18563503389101454 -0.42187493118701763
5.9297561336507343 0.18347003686931987 -0.57113821129648223
5.9341194567807207 0.18065675682511265 -0.71638340510225196
5.9384827799107063 0.17723663609158916 -0.84909884722481443
5.9428461030406918 0.17326392827149539 -0.97015570343168755
5.9472094261706783 0.16878427592198328 -1.0816931147629267
5.9515727493006638 0.16383538944948453 -1.1856576152340488
5.9559360724306494 0.15845062248143948 -1.2805731734293417
5.9602993955606358 0.15268367704902425 -1.3594023497291863
5.9646627186906214 0.1466172551915034 -1.4178414653516005
5.9690260418206069 0.14033851547210852 -1.4571396580370124
5.9733893649505925 0.13392683094044308 -1.4788929002955913
5.9777526880805789 0.1274571065473627 -1.483893127621315
5.9821160112105645 0.12099915209071317 -1.4739518330995471
5.98647933434055 0.11461152382082497 -1.4522716473822186
5.9908426574705365 0.1083395330888909 -1.4210744459476807
5.995205980600522 0.10222364978358091 -1.3807053625119794
5.9995693037305076 0.096303900483860935 -1.3311955284640522
6.003932626860494 0.090620211780402818 -1.2724488287172633
6.0082959499904796 0.085209423228945369 -1.2070098279931571
6.0126592731204651 0.080086682620189295 -1.1418330304091651
6.0170225962504515 0.075237079371884008 -1.0821366287238809
6.0213859193804371 0.070634123614233865 -1.0287212943705077
6.0257492425104227 0.066250264938357409 -0.98185665349438256
6.0301125656404082 0.062055288919377352 -0.94222434552048451
6.0344758887703946 0.058016747784719699 -0.910195365847557
6.0388392119003802 0.054101168739533752 -0.88584438362759144
6.0432025350303658 0.050275030312970474 -0.86923994740945687
6.0475658581603522 0.046504084272079992 -0.8605663458082965
6.0519291812903377 0.042753592747027676 -0.85985421015322883
6.0562925044203233 0.038988680375792305 -0.86722790870061872
6.0606558275503097 0.035177968942031464 -0.87984940950553425
6.0650191506802953 0.031314723528011006 -0.88959852779766724
6.0693824738102808 0.027428577899884319 -0.88984528544234431
6.0737457969402664 0.023565440741223628 -0.87903470566881181
6.0781091200702528 0.019774818567836736 -0.85635317750454176
6.0824724432002384 0.01611141455891443 -0.82056347182877365
6.0868357663302239 0.012635203925938253 -0.7702303711477454
6.0911990894602104 0.009414155092042454 -0.70321146464968598
6.0955624125901959 0.0065254557442069759 -0.61767718666448423
6.0999257357201815 0.0040522081973910747 -0.51268291313422876
6.1042890588501679 0.0020806193142568763 -0.38763557754416916
6.1086523819801535 0.00070028440120439676 -0.24138781794053787
6.113015705110139 0 -0.077341616457638582
6.1173790282401255 3.2778441691395715e-05 0.09181099241193727
6.121742351370111 0.00079329221601304677 0.25552519758747189
6.1261056745000966 0.0022528959926783332 0.41252860557193249
6.1304689976300821 0.0043841172717874483 0.56322982811337141
6.1348323207600686 0.0071590575597595884 0.70778029881094062
6.1391956438900541 0.010547781579246599 0.84347239047677347
6.1435589670200397 0.014492575226742683 0.96048547491536551
6.1479222901500261 0.018890402432833134 1.0505492897215358
6.1522856132800117 0.023619667128705831 1.1126435087245108
6.1566489364099972 0.028560289310553922 1.1474011529288934
6.1610122595399837 0.033592207768786013 1.1543657559510787
6.1653755826699692 0.038597652427856399 1.1363183520070035
6.1697389057999548 0.043486418417477433 1.1031189774223089
6.1741022289299412 0.04821477728138663 1.0634537201953402
6.1784655520599268 0.052759419751181744 1.0187122198813465
6.1828288751899123 0.057097214929865726 0.96881166883117065
6.1871921983198979 0.061205511641507768 0.91314612913856374
6.1915555214498843 0.065063843046847078 0.85605383125381029
6.1959188445798699 0.06869934203138188 0.81501679056592424
6.2002821677098554 0.072223027035923995 0.80617133446368117
6.2046454908398418 0.07578437668036396 0.83160886866666472
6.2090088139698274 0.079528103186626189 0.88999358035238696
6.213372137099813 0.083599048165644826 0.98138914257801046
6.2177354602297994 0.088141572571117016 1.1066351616929475
6.2220987833597849 0.093312692465193789 1.2706800753155905
6.2264621064897705 0.099294122103707749 1.4785727653817438
6.2308254296197561 0.10628223991737644 1.7322328376145795
6.2351887527497425 0.1144801731699792 2.0336554869693857
6.239552075879728 0.12410119965431012 2.384559473385647
6.2439153990097136 0.13536943180482797 2.790502902697471
6.2482787221397 0.14848165676027569 3.2161964530824108
6.2526420452696856 0.16356817208682156 3.7327369538976347
6.2570053683996711 0.18072002503668289 4.0183250188473183
6.2613686915296576 0.19816590665022232 3.9816130250732225
6.2657320146596431 0.21372382772720427 2.7469661054513983
6.2700953377896287 0.2269921583298371 4.8499932782083448
6.2744586609196151 0.23787583713692972 -5.5412407470357179
6.2788219840496007 0.2462307483574645 30.542449858317323
6.2831853071795862 0.45134284225092364 30.14054281372848
