# q  U_kJmol  dU_dq   # conservative spline pchip_hermite_v1
0 0.42521853472355309 31.110974398906404
0.0043633231299858239 0.43502209311867557 -5.2760812602758236
0.0087266462599716477 0.44728972231158115 5.1683814138233011
0.013089969389957472 0.46179225807694319 3.0083652327155463
0.017453292519943295 0.47842917514653166 4.2080683407867241
0.021816615649929118 0.49723687427923569 4.5292843823660824
0.026179938779914945 0.51837171652375968 5.1372626570508357
0.030543261909900768 0.54207382450401986 5.7492811588499428
0.034906585039886591 0.56862130355440821 6.4146838171271465
0.039269908169872414 0.59762044572264506 6.7830271171100662
0.043633231299858237 0.62713840313386038 6.6866017374250823
0.04799655442984406 0.65577158899617805 6.4523469343976876
0.05235987755982989 0.68346855678981444 6.2337712906992477
0.056723200689815713 0.71010592780740667 5.9701074610124971
0.061086523819801536 0.73550013750359489 5.660078580777701
0.065449846949787352 0.75942208006630629 5.296866850990849
0.069813170079773182 0.78168146486960288 4.9043958198701398
0.074176493209759012 0.80221940487986754 4.5108229047394151
0.078539816339744828 0.8210547624691753 4.1233978967891005
0.082903139469730658 0.8382137050793409 3.7434433635848361
0.087266462599716474 0.85373706706207841 3.3735260640840492
0.091629785729702304 0.8676717479330126 3.0163107188498275
0.09599310885968812 0.88009249040209447 2.681885356478686
0.10035643198967395 0.89112335717413671 2.3802866429123615
0.10471975511965978 0.90091633756513978 2.1143907398874742
0.1090830782496456 0.90962617266082813 1.8837492354983365
0.11344640137963143 0.91740762827631683 1.6891885958041017
0.11780972450961724 0.92441726485347964 1.5291022656192692
0.12217304763960307 0.93078432916829512 1.3915444007497011
0.1265363707695889 0.9365740986407789 1.2631433504333696
0.1308996938995747 0.94181710394666696 1.1414593709458916
0.13526301702956053 0.94654825824833155 1.0287461622146232
0.13962634015954636 0.9508113841249366 0.92756750787189723
0.14398966328953219 0.95466233054984451 0.83980897678611544
0.14835298641951802 0.95815347371286819 0.76124553932874273
0.15271630954950383 0.96131145709816945 0.6868115299078198
0.15707963267948966 0.96415576532236313 0.61838006061014461
0.16144295580947549 0.96672411948130743 0.56114075344793612
0.16580627893946132 0.96907566246170362 0.51972902627047235
0.17016960206944712 0.97129024517096596 0.49937991039453222
0.17453292519943295 0.97347565260000002 0.50796171003420576
0.17889624832941878 0.97577697027490617 0.55361819696267922
0.18325957145940461 0.97836791447463722 0.64123699438873727
0.18762289458939044 0.98143774161459674 0.77349350411699924
0.19198621771937624 0.98518631452134975 0.95277553764444856
0.19634954084936207 0.98982135177435104 1.1795500961482499
0.2007128639793479 0.99554073548462885 1.4481995237346621
0.20507618710933373 1.0025082887319463 1.7505471203381331
0.20943951023931956 1.0108600053442418 2.0823660930462919
0.21380283336930536 1.0207185970804076 2.4404742514608748
0.21816615649929119 1.0321906311370206 2.8215948886996647
0.22252947962927702 1.0453660803184417 3.2195073756459838
0.22689280275926285 1.0602806016178687 3.6136166711123785
0.23125612588924865 1.0768584490816082 3.9785837438933878
0.23561944901923448 1.0949406320749244 4.3025299091242655
0.23998277214922031 1.1143389392645557 4.5809834383824075
0.24434609527920614 1.1348441363764499 4.8091649484604746
0.24870941840919197 1.1562269879745113 4.9824576052020406
0.2530727415391778 1.1782350346488191 5.0943887141903224
0.25743606466916363 1.2005849626492733 5.1382843773812574
0.26179938779914941 1.2229708517273652 5.1105559163243397
0.26616271092913524 1.245077258618035 5.0101413156051935
0.27052603405912107 1.2665846546922215 4.8355208820719042
0.2748893571891069 1.2871681939579533 4.5873705649315593
0.27925268031909273 1.3065294617025125 4.2790231200529307
0.28361600344907856 1.3244492711232683 3.9291174821457866
0.28797932657906439 1.3407673247981806 3.5447276105058774
0.29234264970905022 1.3553332936024591 3.1262617851682482
0.29670597283903605 1.3680000583737733 2.6740736306491395
0.30106929596902182 1.3786227484317712 2.1900933187971439
0.30543261909900765 1.3870852368048825 1.6875551984423955
0.30979594222899348 1.3933494459130014 1.1850172295183694
0.31415926535897931 1.3974381211235876 0.69049481047179362
0.31852258848896514 1.3993890895499588 0.20555661052288152
0.32288591161895097 1.3992489391747891 -0.26769447096389076
0.3272492347489368 1.3970750362467577 -0.72580458076808629
0.33161255787892263 1.3929523563795245 -1.1582986402439153
0.33597588100890846 1.387025014809095 -1.55088660698508
0.34033920413889424 1.3794885468319178 -1.895188490765515
0.34470252726888007 1.370563027742409 -2.1867880057935545
0.3490658503988659 1.3604886438676917 -2.4210304981593058
0.35342917352885173 1.3495262872023708 -2.592887373440615
0.35779249665883756 1.3379636030597959 -2.6944972679068058
0.36215581978882339 1.3261277136071841 -2.7167977184975127
0.36651914291880922 1.3143783498756263 -2.6543374525079684
0.37088246604879505 1.3030904680285673 -2.5050957906044622
0.37524578917878088 1.2926459048128236 -2.267407952256375
0.37960911230876665 1.2834319219070081 -1.9414930899135248
0.38397243543875248 1.2758165584204033 -1.5376259310823936
0.38833575856873831 1.2701026777429034 -1.0725164021878302
0.39269908169872414 1.2665323511087105 -0.55565920118022671
0.39706240482870997 1.2653221790165197 0.0083243950352895977
0.4014257279586958 1.2666669104767221 0.61487782761117804
0.40578905108868163 1.2707400945885308 1.2572486469333124
0.41015237421866746 1.2776539127240449 1.9102338839237625
0.41451569734865329 1.2873715868626285 2.5367875890944771
0.41887902047863912 1.2997238082673317 3.1167581867973015
0.42324234360862489 1.3144939414838119 3.6441370667278661
0.42760566673861072 1.3314404177181185 4.1134278902292118
0.43196898986859655 1.3502971880606742 4.518650433000305
0.43633231299858238 1.3707600439311056 4.8461539862029976
0.44069563612856821 1.3924473298547217 5.0770363903105
0.44505895925855404 1.4149103032813821 5.2011827547010796
0.44942228238853987 1.4376786013264053 5.2169640789405864
0.4537856055185257 1.4602771349244477 5.1228967258750426
0.45814892864851153 1.4822242022069434 4.9187481335080872
0.46251225177849731 1.5030587525946402 4.6165843390247812
0.46687557490848314 1.5223999988446069 4.2377575413609305
0.47123889803846897 1.5399463773086914 3.7944480440627544
0.4756022211684548 1.5554250547963111 3.2908061729806599
0.47996554429844063 1.5685821296733424 2.7308203081298061
0.48432886742842646 1.5791828297247683 2.1205554027679265
0.48869219055841229 1.5870538958170202 1.4872089630230121
0.49305551368839812 1.5921921008058599 0.87512467499773705
0.49741883681838395 1.5947597292779354 0.31043315627961576
0.50178215994836972 1.5949808890248258 -0.19942776128559195
0.50614548307835561 1.5931091499444743 -0.64757686584329543
0.51050880620834138 1.5894306007924257 -1.0263618649130704
0.51487212933832727 1.5842735451982108 -1.3218900113842393
0.51923545246831304 1.5780442839397608 -1.5147328878265469
0.52359877559829882 1.5712215424255482 -1.5930745141090656
0.5279620987282847 1.564312640732948 -1.5541514740955471
0.53232542185827048 1.5578325046007362 -1.3959438987417327
0.53668874498825636 1.5523051303452877 -1.1178289430066384
0.54105206811824214 1.5482265800147292 -0.73728757442149895
0.54541539124822802 1.545970673901488 -0.28827219617743954
0.5497787143782138 1.545780126811088 0.2083190389924621
0.55414203750819968 1.5478493507886431 0.7466791206406711
0.55850536063818546 1.5523492543540611 1.3215638779909245
0.56286868376817123 1.5594252794264971 1.9260876261196607
0.56723200689815712 1.5691595003222558 2.5319593761827561
0.57159533002814289 1.581450558769151 3.0895414563182291
0.57595865315812877 1.596005714964259 3.5679723372134537
0.58032197628811455 1.6124618911756416 3.960390762458279
0.58468529941810043 1.6304339042212801 4.261543901412761
0.58904862254808621 1.649509789582517 4.4656922544115281
0.59341194567807209 1.6692580341097019 4.5691925114324787
0.59777526880805787 1.6892337453775161 4.5697178512708838
0.60213859193804364 1.7089844107904277 4.4657807133145901
0.60650191506802953 1.7280528406919677 4.2572032078804778
0.6108652381980153 1.7459834824099421 3.9440942515686648
0.61522856132800119 1.7623205709417287 3.5271755874938546
0.61959188445798696 1.7766445122565391 3.0281746672717746
0.62395520758797285 1.7886925157590747 2.492139370449058
0.62831853071795862 1.7983807477480089 1.9480025248962436
0.63268185384794451 1.8056878710803559 1.4009961047813662
0.63704517697793028 1.8106075963104102 0.85457488843256335
0.64140850010791606 1.8131530675600942 0.31339535978753419
0.64577182323790194 1.8133771502159113 -0.20395132855246989
0.65013514636788772 1.8114606592646085 -0.66120427610877919
0.6544984694978736 1.8077292688716229 -1.0344287376331747
0.65886179262785938 1.8025620916101857 -1.3192852170792395
0.66322511575784526 1.7963486140493135 -1.513192267012303
0.66758843888783104 1.7894944283632788 -1.6126091406233849
0.67195176201781692 1.7824085081148466 -1.6208820026167965
0.6763150851478027 1.7754660872934376 -1.5490396913726712
0.68067840827778847 1.7689966437872808 -1.4042778883516354
0.68504173140777436 1.7633168251273466 -1.1870661110005967
0.68940505453776013 1.7587429956319367 -0.89734683460580267
0.69376837766774602 1.7555914016863499 -0.53515644802273354
0.69813170079773179 1.7541534685680185 -0.11755374198624249
0.70249502392771768 1.7545874112295903 0.31507842584285073
0.70685834705770345 1.7568844860148813 0.73494932039689886
0.71122167018768934 1.7609765930772869 1.1380021455449132
0.71558499331767511 1.7667885540597492 1.5225776851992285
0.71994831644766089 1.7742326044490431 1.8858491710068954
0.72431163957764677 1.7831965109141306 2.2153057690387739
0.72867496270763255 1.7934751652492371 2.483138003337992
0.73303828583761843 1.8047472006320973 2.6693050148348698
0.73740160896760421 1.8166445799186246 2.7697580294553239
0.74176493209759009 1.8287899881092302 2.7822658693802849
0.74612825522757587 1.8407912365810324 2.7031966863125101
0.75049157835756175 1.8522497712826134 2.5347061548922176
0.75485490148754752 1.8627953119320029 2.2868664905000462
0.7592182246175333 1.8721010488136338 1.9665609287519881
0.76358154774751918 1.8798505966273189 1.5732397717201021
0.76794487087750496 1.885722167862304 1.1056715891761661
0.77230819400749084 1.8893891037067478 0.56226825365847133
0.77667151713747662 1.8905389776155406 -0.042950168875169482
0.7810348402674625 1.88898235198917 -0.67012945888067066
0.78539816339744828 1.8847024627055959 -1.289424052462238
0.78976148652743416 1.8777475875569778 -1.8966293607299654
0.79412480965741994 1.8681701976772924 -2.490806647580154
0.79848813278740571 1.8560330273733572 -3.0699758790009826
0.8028514559173916 1.8414207831959224 -3.6208324871594004
0.80721477904737737 1.8245268106265577 -4.1087731485534356
0.81157810217736326 1.8056955034823379 -4.5069679127795732
0.81594142530734903 1.7853340017142927 -4.8103456555543289
0.82030474843733492 1.7638575684538407 -5.017294673108327
0.82466807156732069 1.7416950014886126 -5.1244420732353468
0.82903139469730658 1.7192835010890546 -5.1318082627589892
0.83339471782729235 1.6970499255794591 -5.0440179833568086
0.83775804095727824 1.6753993118625889 -4.8646657641732407
0.84212136408726401 1.6547316440550999 -4.5932260910569589
0.84648468721724979 1.6354509154259083 -4.2289240412463585
0.85084801034723567 1.6179654347426691 -3.7696612115200194
0.85521133347722145 1.6026737608797172 -3.2283425520109148
0.85957465660720733 1.5898500571047138 -2.6476783172922711
0.86393797973719311 1.57957520346571 -2.0623424107787294
0.86830130286717899 1.5718525409120618 -1.4771326742806352
0.87266462599716477 1.5666848918092657 -0.8918523463692416
0.87702794912715065 1.5640691644371056 -0.30691340875924417
0.88139127225713643 1.5639873769923245 0.2648314111893893
0.8857545953871222 1.5663010000472504 0.78208489634127887
0.89011791851710809 1.5706829571961494 1.2103708482915749
0.89448124164709386 1.5767256369970477 1.5438841126466629
0.89884456477707975 1.5840178564280083 1.7824940557348681
0.90320788790706552 1.5921393945849467 1.9238587391061732
0.90757121103705141 1.6006632611847198 1.9666082779990666
0.91193453416703718 1.6091555297299751 1.90914087810986
0.91629785729702307 1.6171762068936311 1.750293366952828
0.92066118042700884 1.6242813073677025 1.4894043000204717
0.92502450355699462 1.6300253594019449 1.1265159415212238
0.9293878266869805 1.6339615733544395 0.66019256114351987
0.93375114981696627 1.6356485926883293 0.098964228232311865
0.93811447294695216 1.6347338257759041 -0.52508782044857205
0.94247779607693793 1.6310164464201546 -1.1834421214822355
0.94684111920692382 1.6243636788864939 -1.8711314899495093
0.95120444233690959 1.6146450535077781 -2.5881725422745325
0.95556776546689548 1.6017351918733829 -3.3343799723665888
0.95993108859688125 1.5855162716448754 -4.1017827254776487
0.96429441172686703 1.5659533153801675 -4.8602951991584513
0.96865773485685291 1.5431545397219002 -5.5828179025015299
0.97302105798683869 1.5172930159379847 -6.2647906453938029
0.97738438111682457 1.4885415154963619 -6.9071690507519392
0.98174770424681035 1.4570740395366804 -7.5100514843101225
0.98611102737679623 1.4230653562523392 -8.070716012915403
0.99047435050678201 1.3867236611140601 -8.5764417132004773
0.99483767363676789 1.3483187720354723 -9.0154828380303069
0.99920099676675367 1.3081482495700365 -9.3861003943911836
1.0035643198967394 1.2665079495784455 -9.689093727786414
1.0079276430267252 1.2236932063306658 -9.9245351289936181
1.0122909661567112 1.1799991889704524 -10.091808241185348
1.016654289286697 1.1357294886544482 -10.18762918379517
1.0210176124166828 1.0912039696986309 -10.208770686203685
1.0253809355466685 1.0467510212492726 -10.15437586969791
1.0297442586766545 1.002700234744343 -10.02441164330569
1.0341075818066403 0.95938257005099548 -9.8180997521501805
1.0384709049366261 0.91712999962343411 -9.5369492405367549
1.0428342280666119 0.87625362938130236 -9.189352754905503
1.0471975511965976 0.83702202368185397 -8.783826861298806
1.0515608743265836 0.79968188981261135 -8.3221898870291433
1.0559241974565694 0.76447829940919521 -7.804804362392999
1.0602875205865552 0.73165357272446863 -7.231418141738696
1.064650843716541 0.70144698222300228 -6.6066644936839038
1.0690141668465269 0.67404331460807432 -5.9518196442694729
1.0733774899765127 0.64951973448187894 -5.2886025767968929
1.0777408131064985 0.62789634469174782 -4.6220894108155433
1.0821041362364843 0.60918927405388124 -3.9522218000650216
1.08646745936647 0.59341177368326936 -3.2788679141847918
1.090830782496456 0.58057623890215715 -2.60518038223469
1.0951941056264418 0.57065281193315931 -1.9483200094479163
1.0995574287564276 0.56352383074969792 -1.3259117920184764
1.1039207518864134 0.55902759496988907 -0.7409432375095778
1.1082840750163994 0.55700665949984129 -0.19119214171261859
1.1126473981463851 0.55731045210655294 0.32509133767808612
1.1170107212763709 0.55979677809899286 0.80917103186835737
1.1213740444063567 0.56432112447560079 1.2584077943936238
1.1257373675363425 0.57072350014052398 1.6698584732648727
1.1301006906663285 0.57883989565735838 2.0445300617172264
1.1344640137963142 0.58851527258599223 2.3847429340558786
1.1388273369263 0.59960311257394283 2.6922345832785028
1.1431906600562858 0.61196386607177022 2.9683840398667027
1.1475539831862718 0.62546260321740177 3.2139053479932729
1.1519173063162575 0.63996615425546155 3.4289497237747804
1.1562806294462433 0.65534114750997619 3.6132695884183339
1.1606439525762291 0.67145203304257373 3.7660675476963106
1.1650072757062149 0.68815844871469689 3.8859744692777412
1.1693705988362009 0.70531273890283475 3.970941020714581
1.1737339219661866 0.72275613433097696 4.0178778486634785
1.1780972450961724 0.74031480462083366 4.0231952632023713
1.1824605682261582 0.75779959567698207 3.9834503143984903
1.1868238913561442 0.7750066373177823 3.8953506445126513
1.19118721448613 0.79171705783453838 3.7550763086224812
1.1955505376161157 0.80769592196247109 3.559840666307394
1.1999138607461015 0.82270572966965627 3.3118023325663271
1.2042771838760873 0.83652514202176098 3.0144616360419692
1.2086405070060733 0.84893879101983383 2.6668755121407912
1.2130038301360591 0.85972182943804643 2.2669037670431877
1.2173671532660448 0.86864162065029449 1.8121772071750002
1.2217304763960306 0.87545772668119737 1.3035933908660897
1.2260937995260166 0.87996200088017251 0.75676934522475492
1.2304571226560024 0.88203503153966234 0.19155093576598048
1.2348204457859882 0.8816164570517907 -0.38545281601153458
1.2391837689159739 0.8786557390295161 -0.97317005457846006
1.2435470920459597 0.87311040043717325 -1.5702006974776952
1.2479104151759457 0.86494600873948169 -2.1721433620902211
1.2522737383059315 0.85417637155116644 -2.7593051863250362
1.2566370614359172 0.84092334605793839 -3.3074021044360871
1.261000384565903 0.82538488926329989 -3.8066514481758378
1.265363707695889 0.80777870819349462 -4.2545664603257478
1.2697270308258748 0.78833569602548204 -4.6482315932199674
1.2740903539558606 0.76729934045139603 -4.9840703145577931
1.2784536770858463 0.74493864583764569 -5.2531009775144675
1.2828170002158321 0.72156982310546836 -5.4448258924880406
1.2871803233458181 0.69754261294630016 -5.5547072565808664
1.2915436464758039 0.67321610449856795 -5.5819130804511401
1.2959069696057897 0.64895324903879237 -5.5252261951207888
1.3002702927357754 0.62512127127049955 -5.3847536633125479
1.3046336158657614 0.60207472405091278 -5.1670587308774101
1.3089969389957472 0.58012914138146665 -4.8813212605292273
1.313360262125733 0.55957104451619966 -4.5310336403936002
1.3177235852557188 0.54068116604076077 -4.1169741461997846
1.3220869083857045 0.52373621759770816 -3.6392818789438084
1.3264502315156905 0.50901182546758006 -3.100132995692817
1.3308135546456763 0.49674747151925125 -2.516281074034596
1.3351768777756621 0.48708498065055672 -1.9105307008138621
1.3395402009056478 0.48009437885116779 -1.2914192313673349
1.3439035240356338 0.47583434873911595 -0.65915707828585013
1.3482668471656196 0.47436162539125115 -0.013503394396066971
1.3526301702956054 0.47573369581243308 0.64396680113529536
1.3569934934255912 0.47997453558718306 1.2967889700090849
1.3613568165555769 0.48700959194610671 1.9216124230770375
1.3657201396855629 0.49669015277411166 2.5095731388907478
1.3700834628155487 0.50885685471261344 3.0611664265695238
1.3744467859455345 0.52335102142109957 3.5764241743321894
1.3788101090755203 0.54001311264451402 4.0546018951287346
1.3831734322055063 0.55867220591360989 4.4902258310377645
1.387536755335492 0.57912416860802529 4.8752760488298579
1.3919000784654778 0.60113807526863261 5.2060510224040284
1.3962634015954636 0.62447602145836156 5.4821569986258361
1.4006267247254494 0.64889749342329961 5.7022780902478196
1.4049900478554354 0.67415526780137391 5.8656643785264322
1.4093533709854211 0.70001308469818357 5.9795561640450021
1.4137166941154069 0.72628161564006122 6.0555477563459208
1.4180800172453927 0.75280830570231227 6.097572914535851
1.4224433403753787 0.77944165122560594 6.1043087193139254
1.4268066635053644 0.80602456062595906 6.0739939116149051
1.4311699866353502 0.83239260802976545 6.0061117869213012
1.435533309765336 0.85839957623391661 5.9119670959136643
1.4398966328953218 0.8839730467575253 5.8101171638298217
1.4442599560253078 0.90910242655880302 5.7082762435606424
1.4486232791552935 0.93378612638779823 5.6057285902918714
1.4529866022852793 0.95801999114033221 5.5020493302353843
1.4573499254152651 0.98179954596207919 5.3976697079323133
1.4617132485452511 1.0051300627019037 5.2977711144829094
1.4660765716752369 1.0280501255598564 5.2108019659736833
1.4704398948052226 1.0506278634588109 5.1410045475975181
1.4748032179352084 1.0729393391689264 5.0887296691677015
1.4791665410651942 1.0950622401699159 5.0549037858206081
1.4835298641951802 1.1170794173594087 5.0401374398545471
1.487893187325166 1.1390639027908964 5.0378611716495865
1.4922565104551517 1.1610443132410155 5.0364536425254123
1.4966198335851375 1.1830087130723532 5.0305501858160904
1.5009831567151235 1.2049373562799393 5.0199790076066764
1.5053464798451093 1.226809790502571 5.004936282283226
1.509709802975095 1.2486059472526776 4.9845873835126753
1.5140731261050808 1.2702821480479731 4.9461055376893048
1.5184364492350666 1.2917105658669084 4.8675431551280797
1.5227997723650526 1.3126850397611292 4.7378026535670941
1.5271630954950384 1.3329805716776646 4.5564120718437096
1.5315264186250241 1.3523717049028006 4.3230900458591952
1.5358897417550099 1.3706303703859077 4.0373225307129692
1.5402530648849959 1.3875263122354535 3.6981473984966735
1.5446163880149817 1.4028229990337169 3.3041089107169057
1.5489797111449675 1.4162801266437413 2.8550834846040463
1.5533430342749532 1.4276609120041559 2.3528481722999244
1.557706357404939 1.4367372419284963 1.7988002281447772
1.562069680534925 1.4432859711501735 1.1949502396300387
1.5664330036649108 1.4471169033832303 0.5579283429054549
1.5707963267948966 1.4481490512824962 -0.08305600705972635
1.5751596499248823 1.4464101810453962 -0.71161080161269807
1.5795229730548683 1.4419607927203275 -1.3252339642648618
1.5838862961848541 1.4348689481583254 -1.9226205590086962
1.5882496193148399 1.4252091570401877 -2.501860092653772
1.5926129424448257 1.4130844684561457 -3.0478440202561052
1.5969762655748114 1.3987005478113594 -3.5327409812028474
1.6013395887047974 1.3823665531245171 -3.9412749022424389
1.6057029118347832 1.3644181733072869 -4.2729838590701839
1.610066234964769 1.3451891359609556 -4.528098821508733
1.6144295580947547 1.3250150930797284 -4.7061832171489817
1.6187928812247407 1.3042331763030972 -4.8064119215351004
1.6231562043547265 1.2831871335888303 -4.826955630381879
1.6275195274847123 1.2622275009535764 -4.7667405144288546
1.6318828506146981 1.2417068143350607 -4.6258490250579847
1.6362461737446838 1.2219771177357905 -4.4039883712994419
1.6406094968746698 1.2033932611776186 -4.1006562186026505
1.6449728200046556 1.1862998517199586 -3.7232679615619153
1.6493361431346414 1.1709862605564358 -3.2876842824092352
1.6536994662646272 1.1576805309851821 -2.8031903964086173
1.6580627893946132 1.1465941785063745 -2.2703143920200697
1.6624261125245989 1.1379387219882726 -1.6890200612265742
1.6667894356545847 1.1319241786376295 -1.0599542983124368
1.6711527587845705 1.1287444513133293 -0.39267761002552987
1.6755160819145565 1.1285238232298158 0.29275257386799441
1.6798794050445423 1.1313067638015695 0.98338361099148042
1.684242728174528 1.1371094058866102 1.6767247929065989
1.6886060513045138 1.1459403917417861 2.3710586566518201
1.6929693744344996 1.1577989030002924 3.0640909588313261
1.6973326975644856 1.1726637212974287 3.7461854849289646
1.7016960206944713 1.190447044898417 4.3983759779338323
1.7060593438244571 1.210984942861195 5.0080417400103414
1.7104226669544429 1.2340848076478015 5.5725726572202943
1.7147859900844289 1.2595470454405893 6.0905098960758988
1.7191493132144147 1.2871644115374921 6.560235131741142
1.7235126363444004 1.3167174967319371 6.9760564391896853
1.7278759594743862 1.3479468349095673 7.3264550450675587
1.732239282604372 1.3805468773409286 7.6039727944932949
1.736602605734358 1.4141971936027544 7.8080451091281526
1.7409659288643438 1.448578470254029 7.9389245386666989
1.7453292519943295 1.4833708019803105 7.9965265009026476
1.7496925751243153 1.5182600985586516 7.9845279951738446
1.7540558982543013 1.5529599194025459 7.9113142584140466
1.7584192213842871 1.5872191957850807 7.7829977324495632
1.7627825445142729 1.620801858327293 7.6013761042559116
1.7671458676442586 1.6534780127231927 7.3677046435322806
1.7715091907742444 1.6850228194636045 7.0828856742275228
1.7758725139042304 1.715230864008449 6.7588856780875641
1.7802358370342162 1.7439894649932906 6.4240506641612614
1.7845991601642019 1.7713045914823604 6.0983667751305362
1.7889624832941877 1.797225078328287 5.7845938019449727
1.7933258064241737 1.8218026418509774 5.4831599342187687
1.7976891295541595 1.8450935873502343 5.1947289236772587
1.8020524526841453 1.8671657676496614 4.9273122164998959
1.806415775814131 1.8881531233581024 4.7015783828327331
1.8107790989441168 1.9082761153333447 4.5317672512552223
1.8151424220741028 1.9277817414949607 4.4179834182768687
1.8195057452040886 1.9469087274972676 4.3581266183394884
1.8238690683340744 1.9658902773104188 4.3510092961520863
1.8282323914640601 1.984946776727518 4.3908723787027908
1.8325957145940461 2.0042585886130651 4.4656088452650815
1.8369590377240319 2.0239529801563991 4.5653822158798469
1.8413223608540177 2.0441302555281045 4.6866011278137245
1.8456856839840035 2.0648787480510844 4.826698557235221
1.8500490071139892 2.0862759721395134 4.9838648799033995
1.8544123302439752 2.1083816400232691 5.1482272025875515
1.858775653373961 2.1311771823630741 5.2950243998222364
1.8631389765039468 2.1545370457215824 5.4057945768529532
1.8675022996339325 2.1782966107946651 5.4787298791531258
1.8718656227639185 2.202294964524206 5.5152121351597865
1.8762289458939043 2.2263750522762362 5.5167229697360352
1.8805922690238901 2.2503825813090628 5.4805058492734213
1.8849555921538759 2.2741284334787779 5.3940600377906334
1.8893189152838616 2.2973684863422497 5.2483826596136289
1.8936822384138476 2.3198453646124211 5.0450557987302771
1.8980455615438334 2.3413163334122773 4.7877080150523845
1.9024088846738192 2.3615502750155901 4.4782963539344287
1.906772207803805 2.3803374713429837 4.1280647519381217
1.911135530933791 2.3975568907739149 3.7657700483277829
1.9154988540637767 2.413219080573096 3.4165842445565517
1.9198621771937625 2.4274040325331732 3.0892760134563395
1.9242255003237483 2.4402187977884697 2.7899498354698311
1.9285888234537341 2.451806573167528 2.5288756976048736
1.9329521465837201 2.4623330048984866 2.2991561902964612
1.9373154697137058 2.4718541554735247 2.0582018081061402
1.9416787928436916 2.4802238761673689 1.7688935635049763
1.9460421159736774 2.4872129016386699 1.4261199443807764
1.9504054391036634 2.4925900554193503 1.0289852170611631
1.9547687622336491 2.4960939402885556 0.56409157534657095
1.9591320853636349 2.4974440638809003 0.052018864363875643
1.9634954084936207 2.4966248663291926 -0.4071291764569866
1.9678587316236065 2.4940906065947894 -0.72916954979456172
1.9722220547535925 2.4904645684406108 -0.91170145907371647
1.9765853778835782 2.4863174246144606 -0.96847086423033557
1.980948701013564 2.4821973327004567 -0.89854767781151645
1.9853120241435498 2.478627039487066 -0.72485775208233216
1.9896753472735358 2.4759070381855515 -0.52690924503946879
1.9940386704035216 2.4739651298378162 -0.37279823623961056
1.9984019935335073 2.472582015723551 -0.26801485630803928
2.0027653166634933 2.4715674587779177 -0.20365952724234593
2.0071286397934789 2.4707492765744496 -0.17744565302541848
2.0114919629234649 2.469971317312218 -0.18398389454104674
2.0158552860534504 2.4691115200761704 -0.21265719146871354
2.0202186091834364 2.4680939093173633 -0.25619799393561837
2.0245819323134224 2.4668489965526836 -0.31814742012707287
2.028945255443408 2.4652807347887 -0.4054086558694362
2.033308578573394 2.4632606646557327 -0.52737323464473951
2.0376719017033795 2.4606296219395736 -0.68296804107982823
2.0420352248333655 2.4572977274863534 -0.84056820072135052
2.0463985479633515 2.4533387843293748 -0.96756984619021591
2.0507618710933371 2.4489108720686801 -1.0555294403472326
2.0551251942233231 2.4441912863193247 -1.0996687413831918
2.0594885173533091 2.4394003705081335 -1.0847347997825527
2.0638518404832946 2.434816443598923 -1.0070591172221732
2.0682151636132806 2.4306493774332587 -0.90376836819129303
2.0725784867432662 2.4269151676636542 -0.81038457632290362
2.0769418098732522 2.4235705112762522 -0.72176318093072933
2.0813051330032382 2.420630165112768 -0.62381214469088075
2.0856684561332237 2.4181455443475812 -0.51292074843653601
2.0900317792632097 2.416183390369774 -0.3818819641901175
2.0943951023931953 2.4148812537915485 -0.20391225838404253
2.0987584255231813 2.4145057429675059 0.044065609793604389
2.1031217486531673 2.4153621902011668 0.3583173370332729
2.1074850717831528 2.4177108721562561 0.72634954578835431
2.1118483949131388 2.4217650730609104 1.1385824547728078
2.1162117180431244 2.427693352588328 1.5827686090763415
2.1205750411731104 2.4355935080467899 2.0380746524651796
2.1249383643030963 2.4454659000251904 2.4844362930016342
2.1293016874330819 2.4572484771462362 2.9130401941423791
2.1336650105630679 2.4708528026783343 3.3181514536443841
2.1380283336930539 2.486167009390237 3.6972721588101241
2.1423916568230394 2.5030615709624402 4.0378777430445378
2.1467549799530254 2.5212725444543898 4.2880048297056232
2.151118303083011 2.5402721496388381 4.3942122748984449
2.155481626212997 2.5593909191573445 4.3434099792314997
2.159844949342983 2.5779540116815371 4.1402877190649967
2.1642082724729685 2.5952939274686186 3.7805293212182325
2.1685715956029545 2.6107472030361896 3.2845325327002057
2.1729349187329401 2.6239186153894662 2.7622262409051621
2.1772982418629261 2.6349886560555307 2.333757870954376
2.1816615649929121 2.6444704840326412 2.0331662876109489
2.1860248881228976 2.6529173986368941 1.8604723612652485
2.1903882112528836 2.6609082984233394 1.8267529354052274
2.1947515343828692 2.6690551498003843 1.9280162871178017
2.1991148575128552 2.6778442255863695 2.1054676991147669
2.2034781806428412 2.6874399724326992 2.290585843561507
2.2078415037728267 2.6978181945844071 2.4652784111918513
2.2122048269028127 2.7089385016788792 2.6296004102074031
2.2165681500327987 2.7207430800626655 2.7783101526774141
2.2209314731627843 2.7331469541762918 2.9016648588193537
2.2252947962927703 2.7459899728232542 2.9735152240588181
2.2296581194227558 2.7589784587468933 2.9647085293658968
2.2340214425527418 2.7717236587914429 2.860829825984688
2.2383847656827278 2.7837976820545047 2.6564131225209802
2.2427480888127134 2.7947472743716864 2.3433897064866729
2.2471114119426994 2.8040950973616114 1.925502836989941
2.2514747350726849 2.8114717143932859 1.4534768810416603
2.2558380582026709 2.8167924487221665 0.99064536629759103
2.2602013813326569 2.8201640904989933 0.56037923133648804
2.2645647044626425 2.8217382183416189 0.16829841602013851
2.2689280275926285 2.8217040180482309 -0.17479670349009246
2.2732913507226145 2.8202962097952766 -0.46056364678619593
2.2776546738526 2.8177631826957978 -0.69246751076958191
2.282017996982586 2.8143184356675617 -0.87958105094223915
2.2863813201125716 2.8101490632679504 -1.0242911805522077
2.2907446432425576 2.8054370390107195 -1.1296527622728443
2.2951079663725436 2.8003432841223388 -1.1990548889274972
2.2994712895025291 2.7950055392243049 -1.2462986230553437
2.3038346126325151 2.7894087309566067 -1.333795585945563
2.3081979357625007 2.7831993175544851 -1.5358791172813746
2.3125612588924866 2.7758028948693774 -1.8773717594693458
2.3169245820224726 2.766625014383429 -2.3502852857025478
2.3212879051524582 2.7551042789405691 -2.9528071115164112
2.3256512282824442 2.7407020399537743 -3.6618105951691047
2.3300145514124297 2.7231856250590716 -4.3456003695916117
2.3343778745424157 2.7030586118912137 -4.8375025791331971
2.3387411976724017 2.68134263317345 -5.0735113608296549
2.3431045208023873 2.6591547214572495 -5.0545434903997499
2.3474678439323733 2.6376181733153676 -4.7710388138594011
2.3518311670623593 2.6178834864217331 -4.2373122480920982
2.3561944901923448 2.6007943727056237 -3.5978925206074761
2.3605578133223308 2.5863573255733616 -3.0469091998254751
2.3649211364523164 2.573962880464467 -2.6624458415663077
2.3692844595823024 2.5628760355074602 -2.44785325349293
2.3736477827122884 2.5523294545999096 -2.4201891258409076
2.3780111058422739 2.5414858690325657 -2.5781853882678281
2.3823744289722599 2.5297389902881102 -2.7991284687720306
2.3867377521022455 2.5172213340354275 -2.9083661028462804
2.3911010752322315 2.5046224657918397 -2.8362573159220226
2.3954643983622175 2.4927319607045382 -2.5842574508272622
2.399827721492203 2.4823556317114237 -2.1362602718798374
2.404191044622189 2.4743772075664126 -1.4905001274828615
2.4085543677521746 2.4694448377563818 -0.77854726363168181
2.4129176908821606 2.4673976820538899 -0.19407907644778802
2.4172810140121466 2.4674567938442444 0.18798526159711432
2.4216443371421321 2.4687551186180459 0.37544266305393015
2.4260076602721181 2.4704345149485651 0.35757430832250486
2.4303709834021041 2.4715712626826916 0.13049813651615827
2.4347343065320897 2.4714248264437662 -0.19867882544749441
2.4390976296620757 2.4699250025120931 -0.46766795179545578
2.4434609527920612 2.4675175218034617 -0.61711414930666153
2.4478242759220472 2.4646918175171408 -0.66194841444140451
2.4521875990520332 2.4618883677666394 -0.60541341539493532
2.4565509221820188 2.459552285966613 -0.45007952221373815
2.4609142453120048 2.4580295803333274 -0.24737530335296665
2.4652775684419903 2.4573514055793524 -0.073633153212199057
2.4696408915719763 2.4573038296184762 0.042918480926772598
2.4740042147019623 2.4576551790251409 0.11081846596700493
2.4783675378319479 2.4582077294255411 0.13528338377536064
2.4827308609619338 2.458778606116403 0.12045956997129374
2.4870941840919194 2.4592263801700112 0.083250997811384717
2.4914575072219054 2.4595064397966526 0.046958015572528385
2.4958208303518914 2.4596522651937733 0.021733912931306047
2.5001841534818769 2.4597112239246592 0.0069055276547975953
2.5045474766118629 2.4597270819137469 0.0020841639474704077
2.5089107997418489 2.4597434208552897 0.0068947954161585022
2.5132741228718345 2.4597954293858981 0.017328914723739534
2.5176374460018205 2.4598940713338648 0.027369184936632363
2.522000769131806 2.4600297703567358 0.034315328681670004
2.526364092261792 2.4601893665448626 0.038399531943880093
2.530727415391778 2.4603609302913787 0.039775342729226996
2.5350907385217636 2.4605326843094297 0.038547004437935364
2.5394540616517496 2.460695062536475 0.035769048837995046
2.5438173847817351 2.4608449300250652 0.033061140333549843
2.5481807079117211 2.4609847764837554 0.031179027170712047
2.5525440310417071 2.4611181379715243 0.030066698122126836
2.5569073541716927 2.4612482126843771 0.029679569939835483
2.5612706773016787 2.4613781603402778 0.029993233821333187
2.5656340004316642 2.461510572171004 0.030732590362114641
2.5699973235616502 2.4616463394139161 0.031462753608640703
2.5743606466916362 2.461784816174851 0.031972682929755282
2.5787239698216218 2.4619250525509231 0.032275552016573318
2.5830872929516078 2.4620661910701407 0.032384236536360855
2.5874506160815938 2.4622073841101844 0.032304383066199129
2.5918139392115793 2.462347930054265 0.03210768777436232
2.5961772623415653 2.462487576334182 0.031910848485759286
2.6005405854715509 2.4626264901090797 0.031772704064417165
2.6049039086015369 2.4627649264912463 0.03169025662148351
2.6092672317315229 2.4629031153960876 0.031659806875408987
2.6136305548615084 2.4630412841822702 0.031680067856649986
2.6179938779914944 2.4631796227475604 0.031732372622760116
2.62235720112148 2.4633182024608784 0.031785425263649254
2.626720524251466 2.4634569801748127 0.031822846300623278
2.631083847381452 2.4635958873931059 0.03184528534596863
2.6354471705114375 2.4637348624631512 0.031853800194286186
2.6398104936414235 2.4638738444062835 0.031848678770605647
2.6441738167714091 2.4640127818451352 0.031834776314074179
2.6485371399013951 2.4641516546661029 0.031820480690059764
2.6529004630313811 2.4642904739741791 0.031810344904317868
2.6572637861613666 2.4644292581549068 0.031804239131519939
2.6616271092913526 2.4645680237420593 0.031801862222052404
2.6659904324213386 2.4647067870888755 0.031803151290324766
2.6703537555513241 2.4648455620904524 0.031806844808094974
2.6747170786813101 2.4649843544015213 0.031810696022030162
2.6790804018112957 2.465123161173143 0.031813441122314774
2.6834437249412817 2.4652619774718607 0.031815102199651238
2.6878070480712677 2.4654007988633095 0.031815764642709896
2.6921703712012532 2.4655396209622702 0.031815441746444531
2.6965336943312392 2.4656784400121472 0.03181446094225112
2.7008970174612248 2.465817254426752 0.031813423681410109
2.7052603405912108 2.4659560649343475 0.031812680288805691
2.7096236637211968 2.4660948728583034 0.031812228478590415
2.7139869868511823 2.4662336793880315 0.031812044131925302
2.7183503099811683 2.4663724856993574 0.031812124566065754
2.7227136331111539 2.4665112928075352 0.031812384888909091
2.7270769562411399 2.4666501011565711 0.031812664189590244
2.7314402793711259 2.4667889105610534 0.031812865486674669
2.7358036025011114 2.4669277206661202 0.031812988355560401
2.7401669256310974 2.4670665311527098 0.031813039585103231
2.7445302487610834 2.467205341705569 0.031813019677459836
2.748893571891069 2.4673441520504076 0.031812950617653775
2.753256895021055 2.4674829620631828 0.031812875430131463
2.7576202181510405 2.4676217717908839 0.031812820927570047
2.7619835412810265 2.4677605813286303 0.031812787519521109
2.7663468644110125 2.467899390762021 0.031812773301374823
2.7707101875409981 2.4680382001755716 0.031812778191300795
2.7750735106709841 2.4681770096433637 0.031812796502383375
2.7794368338009696 2.468315819199987 0.031812816737645369
2.7838001569309556 2.4684546288335967 0.031812831493286134
2.7881634800609416 2.4685934385187052 0.03181284057538309
2.7925268031909272 2.4687322482323459 0.031812844516690419
2.7968901263209132 2.468871057951862 0.031812843326278976
2.8012534494508987 2.4690098676572521 0.031812838473830991
2.8056167725808847 2.4691486773388878 0.031812833029413547
2.8099800957108707 2.4692874869997361 0.031812829034901999
2.8143434188408563 2.4694262966466236 0.031812826566269908
2.8187067419708423 2.4695651062857129 0.031812825474896597
2.8230700651008283 2.4697039159230774 0.031812825761446006
2.8274333882308138 2.4698427255641158 0.031812827046739052
2.8317967113607998 2.4699815352115047 0.031812828511304896
2.8361600344907854 2.4701203448645055 0.031812829592510208
2.8405233576207713 2.4702591545212904 0.031812830263364011
2.8448866807507573 2.4703979641802056 0.031812830565161952
2.8492500038807429 2.4705367738396231 0.031812830497141655
2.8536133270107289 2.4706755834980867 0.031812830156900972
2.8579766501407144 2.470814393154853 0.03181282976304449
2.8623399732707004 2.4709532028101049 0.031812829470541051
2.8667032964006864 2.4710920124643314 0.031812829288200686
2.871066619530672 2.4712308221179757 0.03181282920476898
2.875429942660658 2.4713696317714748 0.031812829220700271
2.8797932657906435 2.4715084414252213 0.031812829310633471
2.8841565889206295 2.4716472510794207 0.031812829416479914
2.8885199120506155 2.4717860607340292 0.03181282949580308
2.8928832351806011 2.4719248703889161 0.031812829545329567
2.8972465583105871 2.4720636800439615 0.031812829568348355
2.9016098814405731 2.4722024896990491 0.031812829564747618
2.9059732045705586 2.4723412993540723 0.031812829540874839
2.9103365277005446 2.4724801090089743 0.031812829512337402
2.9146998508305302 2.4726189186637657 0.031812829490975948
2.9190631739605162 2.4727577283184825 0.031812829477635265
2.9234264970905022 2.4728965379731558 0.0318128294711311
2.9277898202204877 2.4730353476278166 0.031812829472026176
2.9321531433504737 2.4731741572824948 0.031812829478308685
2.9365164664804593 2.4733129669372045 0.031812829485870227
2.9408797896104453 2.4734517765919444 0.031812829491782872
2.9452431127404313 2.4735905862467047 0.031812829495369011
2.9496064358704168 2.4737293959014766 0.031812829497105538
2.9539697590004028 2.473868205556252 0.031812829496954603
2.9583330821303884 2.474007015211023 0.031812829495211171
2.9626964052603744 2.474145824865785 0.031812829493175848
2.9670597283903604 2.4742846345205396 0.031812829491753507
2.9714230515203459 2.4744234441752888 0.031812829490633264
2.9757863746503319 2.474562253830034 0.031812829490124546
2.9801496977803179 2.4747010634847788 0.031812829490216604
2.9845130209103035 2.4748398731395245 0.031812829490672163
2.9888763440402895 2.4749786827942728 0.031812829491200512
2.993239667170275 2.4751174924490229 0.031812829491684909
2.997602990300261 2.4752563021037752 0.031812829491966996
3.001966313430247 2.4753951117585276 0.031812829491871197
3.0063296365602326 2.4755339214132803 0.031812829492287344
3.0106929596902186 2.4756727310680335 0.031812829491329221
3.0150562828202041 2.475811540722785 0.031812829493829534
3.0194196059501901 2.4759503503775382 0.031812829484786434
3.0237829290801761 2.4760891600322834 0.031812829514174121
3.0281462522101616 2.4762279696870571 0.031812829419721515
3.0325095753401476 2.4763667793417219 0.031812829712878937
3.0368728984701332 2.4765055889967922 0.031812828838664473
3.0412362216001192 2.4766443986503526 0.031812831283001122
3.0455995447301052 2.4767832083095471 0.031812825215489157
3.0499628678600907 2.4769220179477172 0.031812836459581016
3.0543261909900767 2.4770608276643511 0.031812837043138677
3.0586895141200627 2.4771996370881517 0.031812676075256313
3.0630528372500483 2.4773384451946829 0.031812212338154074
3.0674161603800343 2.4774772503178082 0.031811271327871322
3.0717794835100198 2.4776160496296828 0.031809452345667698
3.0761428066400058 2.477754837604909 0.031805879257813141
3.0805061297699918 2.4778936036897683 0.031799145378473004
3.0848694528999774 2.4780323298251261 0.031787136022161447
3.0892327760299634 2.4781709866658685 0.031766796604752685
3.0935960991599489 2.4783095294574098 0.031734105708025657
3.0979594222899349 2.4784478942927239 0.031684440568717047
3.1023227454199209 2.4785859962285626 0.031612681969062688
3.1066860685499065 2.4787237310715127 0.031516230663969198
3.1110493916798925 2.4788609825732681 0.031389079079371281
3.115412714809878 2.4789976359524224 0.031250576988476254
3.119776037939864 2.4791335970545041 0.031044523474341692
3.12413936106985 2.4792688143630373 0.031019870193714029
3.1285026841998356 2.4794032991489927 0.030309496631243178
3.1328660073298216 2.4795371381435825 0.032227985300128235
3.1372293304598076 2.4796704939154974 0.024488151312683466
3.1415926535897931 2.4797468457872069 0.014003764384938684
3.1459559767197791 2.4798231976589165 0.024488151312667888
3.1503192998497647 2.4799565534308314 0.032227985300196639
3.1546826229797507 2.4800903924254216 0.03030949663130008
3.1590459461097367 2.4802248772113771 0.031019870193713849
3.1634092692397222 2.4803600945199102 0.031044523474285591
3.1677725923697082 2.4804960556219915 0.031250576988404909
3.1721359154996938 2.4806327090011457 0.031389079079407398
3.1764992386296798 2.4807699605029012 0.031516230663896069
3.1808625617596658 2.4809076953458509 0.031612681969004068
3.1852258848896513 2.4810457972816895 0.031684440568719351
3.1895892080196373 2.4811841621170037 0.03173410570808468
3.1939525311496229 2.4813227049085453 0.031766796604819618
3.1983158542796088 2.4814613617492878 0.03178713602214002
3.2026791774095948 2.4816000878846456 0.031799145378482059
3.2070425005395804 2.4817388539695049 0.031805879257798333
3.2114058236695664 2.481877641944731 0.031809452345727587
3.2157691467995524 2.4820164412566061 0.031811271327942162
3.2201324699295379 2.4821552463797314 0.031812212338116146
3.2244957930595239 2.4822940544862622 0.031812676075031847
3.2288591161895095 2.4824328639100619 0.031812837043158418
3.2332224393194955 2.4825716736266967 0.031812836459736218
3.2375857624494815 2.4827104832648668 0.031812825215449536
3.241949085579467 2.4828492929240613 0.031812831283004384
3.246312408709453 2.4829881025776217 0.031812828838700756
3.2506757318394386 2.4831269122326924 0.031812829713035853
3.2550390549694246 2.4832657218873582 0.031812829419973571
3.2594023780994106 2.4834045315421327 0.031812829514220632
3.2637657012293961 2.4835433411968775 0.031812829484653707
3.2681290243593821 2.4836821508516302 0.031812829493712981
3.2724923474893677 2.4838209605063808 0.031812829491012148
3.2768556706193537 2.4839597701611322 0.031812829491840215
3.2812189937493397 2.4840985798158832 0.031812829491524405
3.2855823168793252 2.4842373894706342 0.031812829491663946
3.2899456400093112 2.4843761991253857 0.031812829491726896
3.2943089631392972 2.4845150087801371 0.031812829491631209
3.2986722862692828 2.4846538184348881 0.031812829491655405
3.3030356093992688 2.4847926280896395 0.031812829491654281
3.3073989325292543 2.4849314377443905 0.031812829491634595
3.3117622556592403 2.485070247399142 0.031812829491714469
3.3161255787892263 2.4852090570538934 0.031812829491710264
3.3204889019192119 2.4853478667086448 0.031812829491656931
3.3248522250491979 2.4854866763633958 0.03181282949156912
3.3292155481791834 2.4856254860181468 0.03181282949166838
3.3335788713091694 2.4857642956728982 0.031812829491664481
3.3379421944391554 2.4859031053276492 0.031812829491571104
3.342305517569141 2.4860419149824002 0.031812829491652886
3.346668840699127 2.4861807246371517 0.031812829491724461
3.351032163829113 2.4863195342919031 0.031812829491651998
3.3553954869590985 2.4864583439466541 0.031812829491574685
3.3597588100890845 2.4865971536014051 0.031812829491651047
3.3641221332190701 2.4867359632561565 0.031812829491728263
3.3684854563490561 2.486874772910908 0.031812829491648369
3.372848779479042 2.487013582565659 0.03181282949157567
3.3772121026090276 2.48715239222041 0.031812829491650728
3.3815754257390136 2.4872912018751614 0.031812829491728541
3.3859387488689991 2.4874300115299128 0.031812829491647591
3.3903020719989851 2.4875688211846638 0.031812829491588222
3.3946653951289711 2.4877076308394148 0.031812829491591602
3.3990287182589567 2.4878464404941658 0.031812829491647154
3.4033920413889427 2.4879852501489172 0.031812829491726903
3.4077553645189282 2.4881240598036687 0.031812829491657701
3.4121186876489142 2.4882628694584197 0.03181282949154942
3.4164820107789002 2.4884016791131707 0.031812829491736694
3.4208453339088858 2.4885404887679226 0.031812829491716266
3.4252086570388718 2.4886792984226735 0.03181282949161069
3.4295719801688578 2.488818108077425 0.03181282949173838
3.4339353032988433 2.4889569177321764 0.031812829491648244
3.4382986264288293 2.4890957273869274 0.031812829491575739
3.4426619495588149 2.4892345370416784 0.031812829491650582
3.4470252726888009 2.4893733466964298 0.031812829491729068
3.4513885958187869 2.4895121563511813 0.031812829491635865
3.4557519189487724 2.4896509660059323 0.031812829491634595
3.4601152420787584 2.4897897756606837 0.031812829491732864
3.464478565208744 2.4899285853154351 0.031812829491646384
3.46884188833873 2.4900673949701861 0.031812829491588722
3.473205211468716 2.4902062046249371 0.03181282949159079
3.4775685345987015 2.4903450142796881 0.031812829491649902
3.4819318577286875 2.4904838239344396 0.03181282949171671
3.4862951808586731 2.490622633589191 0.031812829491695678
3.4906585039886591 2.4907614432439424 0.031812829491713046
3.4950218271186451 2.4909002528986939 0.031812829491654877
3.4993851502486306 2.4910390625534449 0.031812829491574567
3.5037484733786166 2.4911778722081959 0.03181282949164866
3.5081117965086026 2.4913166818629473 0.031812829491728187
3.5124751196385882 2.4914554915176987 0.031812829491651054
3.5168384427685742 2.4915943011724497 0.031812829491574698
3.5212017658985597 2.4917331108272007 0.031812829491651921
3.5255650890285457 2.4918719204819522 0.031812829491724731
3.5299284121585317 2.4920107301367036 0.031812829491651901
3.5342917352885173 2.4921495397914546 0.031812829491574796
3.5386550584185033 2.4922883494462056 0.0318128294916507
3.5430183815484888 2.492427159100957 0.031812829491729526
3.5473817046784748 2.4925659687557085 0.03181282949164365
3.5517450278084608 2.4927047784104595 0.031812829491593295
3.5561083509384463 2.4928435880652104 0.031812829491584954
3.5604716740684323 2.4929823977199614 0.031812829491668686
3.5648349971984179 2.4931212073747129 0.031812829491647404
3.5691983203284039 2.4932600170294639 0.031812829491648792
3.5735616434583899 2.4933988266842153 0.031812829491654815
3.5779249665883754 2.4935376363389663 0.031812829491639077
3.5822882897183614 2.4936764459937177 0.031812829491695983
3.5866516128483474 2.4938152556484692 0.031812829491779729
3.591014935978333 2.4939540653032211 0.031812829491702915
3.595378259108319 2.4940928749579721 0.031812829491621085
3.5997415822383045 2.4942316846127235 0.031812829491719853
3.6041049053682905 2.4943704942674749 0.031812829491711964
3.6084682284982765 2.4945093039222264 0.031812829491635004
3.6128315516282621 2.4946481135769774 0.031812829491655148
3.6171948747582481 2.4947869232317288 0.031812829491651512
3.6215581978882336 2.4949257328864798 0.031812829491645926
3.6259215210182196 2.4950645425412312 0.031812829491671905
3.6302848441482056 2.4952033521959822 0.031812829491563832
3.6346481672781912 2.4953421618507332 0.031812829491674535
3.6390114904081772 2.4954809715054846 0.031812829491645163
3.6433748135381627 2.4956197811602356 0.031812829491651956
3.6477381366681487 2.4957585908149871 0.031812829491654114
3.6521014597981347 2.4958974004697381 0.031812829491629002
3.6564647829281203 2.4960362101244895 0.031812829491736999
3.6608281060581063 2.4961750197792409 0.031812829491635448
3.6651914291880923 2.4963138294339919 0.031812829491618601
3.6695547523180778 2.4964526390887434 0.03181282949179727
3.6739180754480638 2.4965914487434953 0.031812829491710111
3.6782813985780494 2.4967302583982462 0.031812829491574747
3.6826447217080354 2.4968690680529972 0.031812829491592705
3.6870080448380214 2.4970078777077482 0.031812829491646495
3.6913713679680069 2.4971466873624997 0.031812829491728437
3.6957346910979929 2.4972854970172511 0.031812829491652213
3.7000980142279785 2.4974243066720021 0.03181282949156982
3.7044613373579645 2.4975631163267531 0.031812829491670302
3.7088246604879505 2.4977019259815045 0.031812829491646391
3.713187983617936 2.4978407356362555 0.031812829491651262
3.717551306747922 2.497979545291007 0.031812829491655696
3.7219146298779076 2.498118354945758 0.031812829491633068
3.7262779530078936 2.4982571646005094 0.031812829491719145
3.7306412761378795 2.4983959742552608 0.031812829491693083
3.7350045992678651 2.4985347839100123 0.031812829491720977
3.7393679223978511 2.4986735935647637 0.031812829491635462
3.7437312455278371 2.4988124032195147 0.03181282949163456
3.7480945686578226 2.4989512128742661 0.031812829491733398
3.7524578917878086 2.4990900225290176 0.031812829491644289
3.7568212149177942 2.4992288321837686 0.031812829491596577
3.7611845380477802 2.4993676418385196 0.031812829491571201
3.7655478611777662 2.4995064514932706 0.03181282949171068
3.7699111843077517 2.4996452611480224 0.031812829491798533
3.7742745074377377 2.4997840708027739 0.03181282949161298
3.7786378305677233 2.4999228804575249 0.031812829491656647
3.7830011536977093 2.5000616901122763 0.031812829491667576
3.7873644768276953 2.5002004997670273 0.031812829491570445
3.7917277999576808 2.5003393094217783 0.031812829491652421
3.7960911230876668 2.5004781190765297 0.031812829491727007
3.8004544462176524 2.5006169287312812 0.031812829491652012
3.8048177693476384 2.5007557383860322 0.031812829491572076
3.8091810924776244 2.5008945480407831 0.031812829491651748
3.8135444156076099 2.5010333576955346 0.031812829491728062
3.8179077387375959 2.501172167350286 0.031812829491648445
3.8222710618675819 2.501310977005037 0.03181282949157558
3.8266343849975675 2.501449786659788 0.03181282949165104
3.8309977081275535 2.5015885963145394 0.031812829491727375
3.835361031257539 2.5017274059692909 0.031812829491651928
3.839724354387525 2.5018662156240419 0.031812829491572055
3.844087677517511 2.5020050252787929 0.031812829491651921
3.8484510006474966 2.5021438349335443 0.031812829491727403
3.8528143237774826 2.5022826445882957 0.031812829491650929
3.8571776469074681 2.5024214542430467 0.031812829491576003
3.8615409700374541 2.5025602638977977 0.031812829491646835
3.8659042931674401 2.5026990735525492 0.03181282949173405
3.8702676162974257 2.5028378832073006 0.031812829491629425
3.8746309394274117 2.5029766928620516 0.031812829491655356
3.8789942625573972 2.503115502516803 0.031812829491656258
3.8833575856873832 2.503254312171554 0.031812829491626733
3.8877209088173692 2.5033931218263055 0.031812829491734224
3.8920842319473548 2.5035319314810569 0.031812829491648834
3.8964475550773408 2.5036707411358079 0.03181282949157755
3.9008108782073267 2.5038095507905589 0.031812829491633041
3.9051742013373123 2.5039483604453103 0.031812829491797402
3.9095375244672983 2.5040871701000622 0.031812829491695123
3.9139008475972838 2.5042259797548132 0.031812829491634567
3.9182641707272698 2.5043647894095646 0.031812829491673716
3.9226274938572558 2.5045035990643156 0.031812829491567961
3.9269908169872414 2.5046424087190666 0.031812829491656223
3.9313541401172274 2.5047812183738181 0.03181282949171426
3.9357174632472129 2.5049200280285695 0.031812829491699175
3.9400807863771989 2.5050588376833209 0.031812829491701493
3.9444441095071849 2.5051976473380724 0.031812829491697593
3.9488074326371705 2.5053364569928238 0.031812829491720582
3.9531707557671565 2.5054752666475752 0.03181282949163252
3.957534078897142 2.5056140763023262 0.031812829491656459
3.961897402027128 2.5057528859570777 0.031812829491648764
3.966260725157114 2.5058916956118287 0.031812829491645891
3.9706240482870996 2.5060305052665801 0.031812829491674799
3.9749873714170856 2.5061693149213311 0.031812829491562007
3.9793506945470716 2.5063081245760821 0.031812829491669213
3.9837140176770571 2.5064469342308335 0.031812829491668262
3.9880773408070431 2.5065857438855845 0.031812829491564852
3.9924406639370287 2.5067245535403355 0.031812829491674105
3.9968039870670147 2.506863363195087 0.031812829491645836
4.0011673101970002 2.507002172849838 0.031812829491649673
4.0055306333269867 2.5071409825045894 0.031812829491652879
4.0098939564569722 2.5072797921593404 0.031812829491636219
4.0142572795869578 2.5074186018140918 0.031812829491719076
4.0186206027169442 2.5075574114688433 0.03181282949169021
4.0229839258469298 2.5076962211235947 0.031812829491722837
4.0273472489769153 2.5078350307783461 0.031812829491640611
4.0317105721069009 2.5079738404330971 0.03181282949163157
4.0360738952368873 2.5081126500878486 0.031812829491730511
4.0404372183668729 2.5082514597426 0.031812829491649139
4.0448005414968584 2.508390269397351 0.031812829491589756
4.0491638646268449 2.508529079052102 0.031812829491583892
4.0535271877568304 2.508667888706853 0.031812829491666736
4.057890510886816 2.5088066983616044 0.031812829491666
4.0622538340168024 2.5089455080163554 0.031812829491566649
4.066617157146788 2.5090843176711064 0.031812829491659464
4.0709804802767735 2.5092231273258578 0.031812829491712311
4.0753438034067591 2.5093619369806093 0.031812829491713469
4.0797071265367455 2.5095007466353607 0.031812829491636531
4.0840704496667311 2.5096395562901117 0.031812829491637815
4.0884337727967166 2.5097783659448631 0.031812829491729047
4.092797095926703 2.5099171755996146 0.031812829491648723
4.0971604190566886 2.5100559852543656 0.03181282949157347
4.1015237421866741 2.5101947949091166 0.031812829491668859
4.1058870653166606 2.510333604563868 0.03181282949164848
4.1102503884466461 2.510472414218619 0.031812829491634637
4.1146137115766317 2.5106112238733704 0.03181282949172981
4.1189770347066181 2.5107500335281219 0.031812829491648861
4.1233403578366037 2.5108888431828729 0.031812829491572159
4.1277036809665892 2.5110276528376239 0.031812829491673945
4.1320670040965748 2.5111664624923753 0.031812829491648882
4.1364303272265612 2.5113052721471263 0.031812829491627927
4.1407936503565468 2.5114440818018777 0.031812829491736798
4.1451569734865323 2.5115828914566292 0.031812829491647036
4.1495202966165188 2.5117217011113802 0.031812829491572436
4.1538836197465043 2.5118605107661311 0.031812829491655294
4.1582469428764899 2.5119993204208826 0.031812829491723198
4.1626102660064763 2.512138130075634 0.031812829491654655
4.1669735891364619 2.512276939730385 0.031812829491555575
4.1713369122664474 2.512415749385136 0.031812829491734494
4.1757002353964339 2.5125545590398879 0.031812829491709167
4.1800635585264194 2.5126933686946389 0.03181282949163157
4.184426881656405 2.5128321783493903 0.031812829491681391
4.1887902047863905 2.5129709880041413 0.031812829491559697
4.193153527916377 2.5131097976588923 0.031812829491671892
4.1975168510463625 2.5132486073136437 0.031812829491650159
4.2018801741763481 2.5133874169683947 0.031812829491644316
4.2062434973063345 2.5135262266231462 0.031812829491669983
4.2106068204363201 2.5136650362778972 0.031812829491573186
4.2149701435663056 2.5138038459326482 0.031812829491648702
4.2193334666962921 2.5139426555873996 0.031812829491729401
4.2236967898262776 2.514081465242151 0.03181282949163642
4.2280601129562632 2.514220274896902 0.031812829491641735
4.2324234360862487 2.5143590845516535 0.031812829491713469
4.2367867592162352 2.5144978942064049 0.03181282949170712
4.2411500823462207 2.5146367038611563 0.031812829491660803
4.2455134054762063 2.5147755135159073 0.031812829491566497
4.2498767286061927 2.5149143231706583 0.031812829491665286
4.2542400517361783 2.5150531328254098 0.031812829491669761
4.2586033748661638 2.5151919424801608 0.031812829491572485
4.2629666979961502 2.5153307521349118 0.031812829491632347
4.2673300211261358 2.5154695617896632 0.031812829491795536
4.2716933442561213 2.5156083714444151 0.031812829491713004
4.2760566673861078 2.5157471810991661 0.031812829491555186
4.2804199905160933 2.5158859907539171 0.03181282949165834
4.2847833136460789 2.5160248004086685 0.031812829491728298
4.2891466367760644 2.5161636100634199 0.031812829491650652
4.2935099599060509 2.5163024197181709 0.03181282949156649
4.2978732830360364 2.5164412293729219 0.031812829491675465
4.302236606166022 2.5165800390276734 0.031812829491648473
4.3065999292960084 2.5167188486824243 0.031812829491628038
4.310963252425994 2.5168576583371758 0.031812829491736805
4.3153265755559795 2.5169964679919272 0.031812829491646911
4.319689898685966 2.5171352776466782 0.031812829491572943
4.3240532218159515 2.5172740873014292 0.031812829491653413
4.3284165449459371 2.5174128969561806 0.03181282949173022
4.3327798680759235 2.5175517066109321 0.031812829491628433
4.3371431912059091 2.5176905162656831 0.031812829491653448
4.3415065143358946 2.5178293259204345 0.031812829491674632
4.3458698374658802 2.5179681355751855 0.031812829491564866
4.3502331605958666 2.5181069452299365 0.031812829491657972
4.3545964837258522 2.5182457548846879 0.031812829491700674
4.3589598068558377 2.5183845645394394 0.03181282949176148
4.3633231299858242 2.5185233741941913 0.031812829491761466
4.3676864531158097 2.5186621838489427 0.031812829491700736
4.3720497762457953 2.5188009935036941 0.031812829491657743
4.3764130993757817 2.5189398031584451 0.031812829491565699
4.3807764225057673 2.5190786128131961 0.031812829491671545
4.3851397456357528 2.5192174224679476 0.031812829491664946
4.3895030687657384 2.5193562321226985 0.031812829491585523
4.3938663918957248 2.5194950417774495 0.031812829491585017
4.3982297150257104 2.5196338514322005 0.031812829491666486
4.4025930381556959 2.519772661086952 0.031812829491665855
4.4069563612856824 2.519911470741703 0.031812829491567503
4.4113196844156679 2.520050280396454 0.03181282949165621
4.4156830075456535 2.5201890900512054 0.031812829491724488
4.4200463306756399 2.5203278997059568 0.031812829491648556
4.4244096538056255 2.5204667093607078 0.031812829491578681
4.428772976935611 2.5206055190154588 0.031812829491648167
4.4331363000655974 2.5207443286702103 0.031812829491726036
4.437499623195583 2.5208831383249617 0.031812829491650436
4.4418629463255686 2.5210219479797127 0.031812829491589055
4.4462262694555541 2.5211607576344637 0.031812829491604792
4.4505895925855405 2.5212995672892147 0.03181282949158383
4.4549529157155261 2.5214383769439657 0.031812829491651935
4.4593162388455116 2.5215771865987171 0.031812829491725265
4.4636795619754981 2.5217159962534685 0.031812829491649729
4.4680428851054836 2.5218548059082195 0.03181282949157322
4.4724062082354692 2.5219936155629705 0.031812829491668838
4.4767695313654556 2.522132425217722 0.031812829491648792
4.4811328544954412 2.522271234872473 0.031812829491633408
4.4854961776254267 2.5224100445272244 0.031812829491734411
4.4898595007554132 2.5225488541819758 0.031812829491631688
4.4942228238853987 2.5226876638367268 0.031812829491636274
4.4985861470153843 2.5228264734914783 0.031812829491740045
4.5029494701453698 2.5229652831462297 0.03181282949162572
4.5073127932753563 2.5231040928009807 0.031812829491654475
4.5116761164053418 2.5232429024557321 0.031812829491653781
4.5160394395353274 2.5233817121104831 0.031812829491647231
4.5204027626653138 2.5235205217652346 0.031812829491654697
4.5247660857952994 2.5236593314199856 0.031812829491631389
4.5291294089252849 2.523798141074737 0.031812829491736597
4.5334927320552714 2.5239369507294884 0.031812829491624978
4.5378560551852569 2.5240757603842394 0.031812829491660886
4.5422193783152425 2.5242145700389909 0.031812829491648272
4.5465827014452289 2.5243533796937419 0.031812829491643428
4.5509460245752145 2.5244921893484933 0.03181282949167543
4.5553093477052 2.5246309990032443 0.03181282949157168
4.5596726708351856 2.5247698086579953 0.031812829491649298
4.564035993965172 2.5249086183127467 0.031812829491728513
4.5683993170951576 2.5250474279674981 0.031812829491639397
4.5727626402251431 2.5251862376222491 0.031812829491630744
4.5771259633551296 2.5253250472770006 0.031812829491735022
4.5814892864851151 2.525463856931752 0.031812829491631903
4.5858526096151007 2.525602666586503 0.031812829491654204
4.5902159327450871 2.5257414762412544 0.031812829491648681
4.5945792558750727 2.5258802858960054 0.031812829491648466
4.5989425790050582 2.5260190955507569 0.031812829491674272
4.6033059021350438 2.5261579052055079 0.031812829491571278
4.6076692252650302 2.5262967148602589 0.031812829491632673
4.6120325483950158 2.5264355245150103 0.031812829491795445
4.6163958715250013 2.5265743341697622 0.031812829491713039
4.6207591946549877 2.5267131438245132 0.031812829491555138
4.6251225177849733 2.5268519534792642 0.031812829491658472
4.6294858409149588 2.5269907631340156 0.031812829491727791
4.6338491640449453 2.527129572788767 0.031812829491633075
4.6382124871749308 2.527268382443518 0.031812829491637308
4.6425758103049164 2.5274071920982695 0.031812829491734522
4.6469391334349028 2.5275460017530209 0.031812829491627344
4.6513024565648884 2.5276848114077719 0.031812829491653517
4.6556657796948739 2.5278236210625233 0.031812829491675423
4.6600291028248595 2.5279624307172743 0.031812829491561605
4.6643924259548459 2.5281012403720253 0.031812829491670191
4.6687557490848315 2.5282400500267768 0.031812829491655023
4.673119072214817 2.5283788596815278 0.031812829491626553
4.6774823953448035 2.5285176693362792 0.03181282949173618
4.681845718474789 2.5286564789910306 0.031812829491631479
4.6862090416047746 2.5287952886457816 0.031812829491654718
4.690572364734761 2.5289340983005331 0.031812829491647043
4.6949356878647466 2.5290729079552841 0.031812829491654496
4.6992990109947321 2.5292117176100355 0.031812829491651776
4.7036623341247186 2.5293505272647865 0.031812829491635788
4.7080256572547041 2.5294893369195379 0.031812829491702492
4.7123889803846897 2.5296281465742894 0.031812829491776405
4.7167523035146752 2.5297669562290412 0.03181282949171936
4.7211156266446617 2.5299057658837922 0.031812829491548865
4.7254789497746472 2.5300445755385432 0.031812829491677248
4.7298422729046328 2.5301833851932947 0.031812829491658957
4.7342055960346192 2.5303221948480457 0.031812829491584323
4.7385689191646048 2.5304610045027967 0.031812829491595813
4.7429322422945903 2.5305998141575476 0.031812829491643858
4.7472955654245768 2.5307386238122991 0.03181282949172614
4.7516588885545623 2.5308774334670505 0.031812829491654301
4.7560222116845479 2.5310162431218015 0.031812829491573463
4.7603855348145334 2.5311550527765525 0.031812829491663294
4.7647488579445199 2.5312938624313039 0.031812829491670747
4.7691121810745054 2.5314326720860549 0.031812829491551141
4.773475504204491 2.5315714817408059 0.031812829491736111
4.7778388273344774 2.5317102913955578 0.031812829491707134
4.782202150464463 2.5318491010503088 0.031812829491638092
4.7865654735944485 2.5319879107050602 0.03181282949165732
4.7909287967244349 2.5321267203598112 0.031812829491630043
4.7952921198544205 2.5322655300145627 0.031812829491719909
4.7996554429844061 2.5324043396693141 0.031812829491712456
4.8040187661143925 2.5325431493240655 0.031812829491632985
4.808382089244378 2.5326819589788165 0.031812829491653004
4.8127454123743636 2.532820768633568 0.031812829491671822
4.8171087355043491 2.532959578288319 0.031812829491576551
4.8214720586343356 2.53309838794307 0.031812829491614049
4.8258353817643211 2.533237197597821 0.031812829491559343
4.8301987048943067 2.5333760072525715 0.031812829491454753
4.8345620280242931 2.5335148169073221 0.031812829491603023
4.8389253511542787 2.5336536265620735 0.03181282949172521
4.8432886742842642 2.5337924362168249 0.031812829491718285
4.8476519974142507 2.5339312458715768 0.031812829491909701
4.8520153205442362 2.5340700555263296 0.031812829492066992
4.8563786436742218 2.5342088651810828 0.031812829492181824
4.8607419668042082 2.5343476748358365 0.031812829492156441
4.8651052899341938 2.5344864844905892 0.031812829491837814
4.8694686130641793 2.5346252941453402 0.031812829491325127
4.8738319361941649 2.5347641038000885 0.031812829490641181
4.8781952593241513 2.5349029134548338 0.031812829489900871
4.8825585824541369 2.5350417231095763 0.031812829489576748
4.8869219055841224 2.5351805327643193 0.031812829490106304
4.8912852287141089 2.5353193424190659 0.031812829491040778
4.8956485518440944 2.5354581520738178 0.031812829492879981
4.90001187497408 2.5355969617285803 0.031812829495600131
4.9043751981040664 2.5357357713833544 0.03181282949812754
4.908738521234052 2.5358745810381373 0.031812829499343109
4.9131018443640375 2.5360133906929203 0.031812829498079502
4.9174651674940231 2.5361522003476917 0.03181282949397974
4.9218284906240095 2.5362910100024392 0.031812829487196249
4.9261918137539951 2.5364298196571515 0.031812829477820687
4.9305551368839806 2.5365686293118199 0.031812829467776527
4.9349184600139671 2.5367074389664532 0.031812829462959956
4.9392817831439526 2.5368462486210861 0.031812829467843765
4.9436451062739382 2.5369850582757625 0.031812829482761831
4.9480084294039246 2.537123867930525 0.031812829507343661
4.9523717525339102 2.5372626775854172 0.03181282954249022
4.9567350756638957 2.5374014872404751 0.031812829580388204
4.9610983987938821 2.5375402968956657 0.031812829598814235
4.9654617219238677 2.5376791065508604 0.031812829581254753
4.9698250450538533 2.5378179162058965 0.031812829526830108
4.9741883681838388 2.5379567258606173 0.031812829436297617
4.9785516913138252 2.5380955355148576 0.031812829305675597
4.9829150144438108 2.5382343451684797 0.031812829163301685
4.9872783375737963 2.5383731548215978 0.031812829091861679
4.9916416607037828 2.5385119644746874 0.031812829153881617
4.9960049838337683 2.538650774128353 0.031812829353717778
5.0003683069637539 2.5387895837831818 0.031812829688057619
5.0047316300937403 2.5389283934397873 0.031812830172148775
5.0090949532237259 2.5390672030986945 0.031812830705624892
5.0134582763537114 2.5392060127595104 0.031812830982513231
5.0178215994836979 2.5393448224204875 0.031812830764622574
5.0221849226136834 2.5394836320793717 0.031812830031097264
5.026548245743669 2.539622441733969 0.031812828796691089
5.0309115688736545 2.5397612513819965 0.031812827003359176
5.035274892003641 2.5399000610214575 0.031812825004095088
5.0396382151336265 2.5400388706536869 0.031812823932558361
5.0440015382636121 2.540177680285117 0.0318128246963423
5.0483648613935985 2.5403164899241464 0.031812827387986534
5.0527281845235841 2.5404552995789738 0.031812831944413256
5.0570915076535696 2.5405941092580862 0.031812838586155336
5.0614548307835561 2.5407329189690731 0.03181284607518358
5.0658181539135416 2.5408717287074372 0.031812850215806661
5.0701814770435272 2.5410105384495294 0.031812847550762288
5.0745448001735127 2.5411493481640495 0.031812837676363899
5.0789081233034992 2.5412881578203588 0.031812820858979941
5.0832714464334847 2.5414269673869052 0.031812796263738126
5.0876347695634703 2.5415657768348794 0.031812768221426785
5.0919980926934567 2.5417045861792809 0.031812752250264517
5.0963614158234423 2.5418433955070139 0.031812761505499644
5.1007247389534278 2.5419822049346958 0.031812797715190431
5.1050880620834143 2.5421210145768236 0.031812859783067977
5.1094513852133998 2.5422598245507224 0.031812950852909146
5.1138147083433854 2.5423986349656036 0.031813055811798975
5.1181780314733718 2.5425374457720391 0.031813117316453761
5.1225413546033574 2.5426762566509056 0.03181308535173448
5.1269046777333429 2.5428150671677789 0.031812952617705614
5.1312680008633285 2.5429538768947921 0.031812723562561998
5.1356313239933149 2.5430926853956328 0.031812386395182829
5.1399946471233005 2.5432314922567878 0.031811993700876673
5.144357970253286 2.5433702976386687 0.031811757206733231
5.1487212933832724 2.5435091027123407 0.031811866894776789
5.153084616513258 2.5436479090957986 0.031812353270395423
5.1574479396432436 2.5437867183879832 0.031813198515544976
5.16181126277323 2.5439255322116452 0.031814446666769504
5.1661745859032155 2.5440643521307025 0.031815915316193877
5.1705379090332011 2.5442031776347012 0.031816823375244205
5.1749012321631875 2.5443420044293985 0.031816449831479916
5.1792645552931731 2.544480826489838 0.031814668330572081
5.1836278784231586 2.5446196378407064 0.031811549483413318
5.1879912015531442 2.5447584324457999 0.031806929467548033
5.1923545246831306 2.5448972043967295 0.031801438975626643
5.1967178478131162 2.5450359552755843 0.031797957012047802
5.2010811709431017 2.5451747008170638 0.031799217557887477
5.2054444940730882 2.5453134634518007 0.031805740087196221
5.2098078172030737 2.5454522655099425 0.031817247418895807
5.2141711403330593 2.5455911294481846 0.031834346722340985
5.2185344634630457 2.5457300775649827 0.031854864711636066
5.2228977865930313 2.5458691051364624 0.031868199377859285
5.2272611097230168 2.5460081545551319 0.031863992759902648
5.2316244328530024 2.546147142330522 0.031840122789848296
5.2359877559829888 2.5462859850133475 0.031797668191979968
5.2403510791129744 2.546424599041333 0.031734386766870362
5.2447144022429599 2.5465629003429764 0.031657740783086488
5.2490777253729464 2.5467009022392926 0.031606735409389554
5.2534410485029319 2.5468388154615687 0.031620579169606623
5.2578043716329175 2.546976950706402 0.031707893189276422
5.2621676947629039 2.5471156198289555 0.031864512097951048
5.2665310178928895 2.547255133831785 0.032098686613421072
5.270894341022875 2.5473958093874973 0.03238489146532976
5.2752576641528615 2.5475376124880542 0.03257976520626097
5.279620987282847 2.5476797729540497 0.032535014496807825
5.2839843104128326 2.5478211348381588 0.03221578550996565
5.2883476335428181 2.5479605327291566 0.03163804551134284
5.2927109566728046 2.5480968088769034 0.030771539741369151
5.2970742798027901 2.5482287716035659 0.029703260383083741
5.3014376029327757 2.5483564909883567 0.028959686742166892
5.3058009260627621 2.5484827800250822 0.029101318812244061
5.3101642491927477 2.5486119397663796 0.030268680358659188
5.3145275723227332 2.5487483281160452 0.032401378192375471
5.3188908954527196 2.5488962610157535 0.03561069825199193
5.3232542185827052 2.5490602287069581 0.039602878643001084
5.3276175417126908 2.5492401935890094 0.042448405791686745
5.3319808648426772 2.5494259187592183 0.042033457443356639
5.3363441879726627 2.5496014478373752 0.037797889585215419
5.3407075111026483 2.5497505493475123 0.029974535536950019
5.3450708342326338 2.5498572218118571 0.018161199232229013
5.3494341573626203 2.5499046808277015 0.0033536671934583221
5.3537974804926058 2.5498924044433662 -0.0073860724344892489
5.3581608036225914 2.5498577812794205 -0.0060551315863355097
5.3625241267525778 2.5498602269434723 0.0094829795093732214
5.3668874498825634 2.5499603111485802 0.038617558871405638
5.3712507730125489 2.550217967446283 0.082011036668373102
5.3756140961425354 2.5506946245655273 0.13821501002583331
5.3799774192725209 2.5514265521415149 0.19609054987898719
5.3843407424025065 2.5523893187569264 0.24260868724835088
5.388704065532492 2.5535219475576079 0.27416246616591111
5.3930673886624785 2.5547612355961147 0.29155133898589436
5.397430711792464 2.5560448643678311 0.29426200135122166
5.4017940349224496 2.5573091970879651 0.28324993374797097
5.406157358052436 2.5585084608994371 0.26658246786592987
5.4105206811824216 2.5596414706816604 0.25397339785080947
5.4148840043124071 2.5607348451253404 0.24827297735609977
5.4192473274423936 2.5618172334247551 0.24887896153834618
5.4236106505723791 2.5629164859715243 0.25619693128669269
5.4279739737023647 2.5640616915224586 0.26950902882341554
5.4323372968323511 2.5652672242180237 0.28201551659232649
5.4367006199623367 2.5665093588939554 0.28532102527098602
5.4410639430923222 2.5677397865958369 0.27670904830219212
5.4454272662223078 2.5689078720873773 0.25693897859457687
5.4497905893522942 2.5699642762450261 0.22498145894838792
5.4541539124822798 2.5708560412487405 0.18259763429563194
5.4585172356122653 2.5715699659446956 0.14861891985341433
5.4628805587422518 2.5722000297855931 0.14698513679814521
5.4672438818722373 2.5729116771199152 0.18593318494145233
5.4716072050022229 2.5738780209058172 0.26298383442731826
5.4759705281322093 2.5752671794380251 0.38165557488090796
5.4803338512621949 2.5772608976032068 0.53628855453193736
5.4846971743921804 2.5799020812608404 0.65991396184927387
5.4890604975221668 2.5828459212194668 0.66403497838187941
5.4934238206521524 2.585479186268445 0.51848107066724169
5.497787143782138 2.5871599154789533 0.22812470589625575
5.5021504669121235 2.5872557860404992 -0.20947986838084148
5.5065137900421099 2.5851226100252855 -0.79095328126240327
5.5108771131720955 2.5802145075900769 -1.467933457597018
5.5152404363020811 2.5722692114329351 -2.1746587892429727
5.5196037594320675 2.5612279690311781 -2.8876137092778733
5.523967082562053 2.5470561999288668 -3.6100761496199985
5.5283304056920386 2.529712198836068 -4.3407291356514728
5.532693728822025 2.5091621714344603 -5.0810221255084507
5.5370570519520106 2.485316920264673 -5.8591274716960307
5.5414203750819961 2.4579204813470081 -6.7136589132498772
5.5457836982119817 2.4265939241913004 -7.6611948997176471
5.5501470213419681 2.3909381540004544 -8.6952173949322731
5.5545103444719537 2.350571413687327 -9.8271635189513358
5.5588736676019392 2.305055560361462 -11.044650319082331
5.5632369907319257 2.2544037728636455 -12.114234543839681
5.5676003138619112 2.2000465969873604 -12.697256454114775
5.5719636369918968 2.1445028482736275 -12.659049362828606
5.5763269601218832 2.0904492896112612 -12.020103998349828
5.5806902832518688 2.0405045282049463 -10.764512440402305
5.5850536063818543 1.9973869151105135 -8.9068217243497614
5.5894169295118408 1.9631181451335544 -6.8151583634781403
5.5937802526418263 1.9374510830805738 -5.0413874247819717
5.5981435757718119 1.9183328419165331 -3.811398239983784
5.6025068989017974 1.9034349026210691 -3.100822521104369
5.6068702220317839 1.8905066304902924 -2.9172053703457159
5.6112335451617694 1.877218637952615 -3.2553318387163346
5.615596868291755 1.8617003060251118 -3.8672370564617462
5.6199601914217414 1.8436281404999284 -4.370844764842138
5.624323514551727 1.8239537270734734 -4.6020198640035996
5.6286868376817125 1.8038391045159132 -4.5780017724839501
5.633050160811699 1.7843847188536357 -4.2916190922415174
5.6374134839416845 1.7667646066115787 -3.7460689483685701
5.6417768070716701 1.7517281203025619 -3.1771283570404396
5.6461401302016565 1.7385261098168003 -2.96077785708315
5.6505034533316421 1.7251316552579201 -3.2661425789285898
5.6548667764616276 1.7092903240116588 -4.0756974758008297
5.6592300995916132 1.6888171248825741 -5.3990994239531354
5.6635934227215996 1.6614297328747079 -7.2344233541669691
5.6679567458515852 1.6253981506353157 -9.2668819443792376
5.6723200689815707 1.5810322945657413 -10.975255653525714
5.6766833921115571 1.530443798947279 -12.117898619019856
5.6810467152415427 1.4760809739888021 -12.712362550989926
5.6854100383715283 1.4203077578244219 -12.756615120453024
5.6897733615015147 1.3655632466603318 -12.247569014782909
5.6941366846315002 1.3139275939671524 -11.394721775592309
5.6985000077614858 1.2661057402915119 -10.555488152798734
5.7028633308914722 1.2215440296285951 -9.9015856089061725
5.7072266540214578 1.1794414374087436 -9.4241548870869032
5.7115899771514433 1.1390509283255927 -9.1198733660359945
5.7159533002814289 1.0995988747919745 -8.9920540101710227
5.7203166234114153 1.0603998947442399 -8.9883779359165015
5.7246799465414009 1.0211115157849469 -9.0183672409303437
5.7290432696713864 0.98171671724573506 -9.0367209724821311
5.7334065928013729 0.94226561953460308 -9.0451939139917048
5.7377699159313584 0.90279461877086775 -9.0453412066581134
5.742133239061344 0.8633434322508835 -9.0363401549574593
5.7464965621913304 0.82394844567155578 -9.0199335656919253
5.750859885321316 0.78463715124814815 -8.9983782538017802
5.7552232084513015 0.74542841412018412 -8.9729504006362095
5.7595865315812871 0.70633959162572157 -8.9432566941243721
5.7639498547112735 0.66738977342923267 -8.9094398292171029
5.7683131778412591 0.62859580644297275 -8.8716732811236518
5.7726765009712446 0.58998866898761326 -8.8209464161645901
5.7770398241012311 0.55166239636336345 -8.740057467545995
5.7814031472312166 0.51377418132758257 -8.620045481709143
5.7857664703612022 0.47649416549698692 -8.4616291909211885
5.7901297934911886 0.43998757376534892 -8.2653721294530378
5.7944931166211742 0.40442086499031726 -8.0308335065878378
5.7988564397511597 0.36995646344092803 -7.7611385186509487
5.8032197628811462 0.33673473256956354 -7.4621690500802167
5.8075830860111317 0.30487788856493453 -7.134917406472792
5.8119464091411173 0.27451865377137252 -6.7747861199077786
5.8163097322711028 0.24581318164075161 -6.3758392130923571
5.8206730554010893 0.21894406580911957 -5.9321290887091802
5.8250363785310748 0.19411022562702973 -5.4439784473109532
5.8293997016610604 0.17148925013836147 -4.9194849881176719
5.8337630247910468 0.15122367353974375 -4.3647027898509085
5.8381263479210324 0.13343934785155148 -3.7828895955101363
5.8424896710510179 0.11824168974294386 -3.1804804864159655
5.8468529941810043 0.10569974143650973 -2.5675369340564891
5.8512163173109899 0.095824689861637447 -1.9621655678867129
5.8555796404409755 0.088528294160973353 -1.3900182786331992
5.8599429635709619 0.083617026969912023 -0.87113205455242237
5.8643062867009474 0.080833042859242699 -0.41631856573733539
5.868669609830933 0.079880799349083514 -0.03243457018253635
5.8730329329609186 0.080442272277045396 0.27738278505415825
5.877396256090905 0.082190366223993866 0.51084464319271472
5.8817595792208905 0.084785092647899463 0.66514198337546815
5.8861229023508761 0.087884018593348545 0.74325443264986957
5.8904862254808625 0.091174119789548203 0.754611770956919
5.8948495486108481 0.0943874604256984 0.70973571515195
5.8992128717408336 0.097300540226263443 0.61866178299327801
5.9035761948708201 0.099736025093963426 0.49301933620734001
5.9079395180008056 0.1015717879604858 0.34595449328626737
5.9123028411307912 0.10273809250525379 0.18723220041614649
5.9166661642607767 0.10319627385399449 0.022030931968255077
5.9210294873907632 0.10292541639466649 -0.14656150910522739
5.9253928105207487 0.10191436517121913 -0.31716038247781503
5.9297561336507343 0.10016377771369495 -0.48355985250056877
5.9341194567807207 0.097720282136954606 -0.63223928900908366
5.9384827799107063 0.094683254336404399 -0.75561329996139215
5.9428461030406918 0.091159904732467961 -0.85589075862651742
5.9472094261706783 0.087242290244039289 -0.93685372154326729
5.9515727493006638 0.083006902341467154 -1.0022858835732051
5.9559360724306494 0.078517639619742119 -1.0526306461451662
5.9602993955606358 0.073850391779155811 -1.082744455294665
5.9646627186906214 0.069102020492785549 -1.0900943824030973
5.9690260418206069 0.064366535628873817 -1.0774971861375136
5.9733893649505925 0.059723868639750606 -1.0478591227875835
5.9777526880805789 0.055244375706211553 -1.0030014860551175
5.9821160112105645 0.050989432477587061 -0.94549087521267294
5.98647933434055 0.04700640875821694 -0.87904386775485155
5.9908426574705365 0.043327620533231366 -0.8062075077817954
5.995205980600522 0.039979422578104835 -0.72752591092390229
5.9995693037305076 0.036987016358566653 -0.64316715377869116
6.003932626860494 0.03437493324761922 -0.55316849351633024
6.0082959499904796 0.03216395498266781 -0.46025160621458244
6.0126592731204651 0.030352240946925742 -0.37162457493960044
6.0170225962504515 0.028906585771782879 -0.29285219122175249
6.0213859193804371 0.027780486875698 -0.22517451089652768
6.0257492425104227 0.026924289579806977 -0.1693762317331092
6.0301125656404082 0.026283319411340607 -0.12669708535488067
6.0344758887703946 0.025798219846991245 -0.098063944380540433
6.0388392119003802 0.025406284742139351 -0.084051757505536076
6.0432025350303658 0.025042798694919578 -0.085118350820749908
6.0475658581603522 0.024640956508872269 -0.10167577171233054
6.0519291812903377 0.02413289653924889 -0.13378120180734618
6.0562925044203233 0.023450990202094589 -0.18135998675190576
6.0606558275503097 0.022532481860857767 -0.24114292969614479
6.0650191506802953 0.021341629877984984 -0.30435762298941677
6.0693824738102808 0.019882343555339195 -0.36352745873228987
6.0737457969402664 0.018178856354919642 -0.41609543520995596
6.0781091200702528 0.016263625026773129 -0.46013838761929171
6.0824724432002384 0.014179282736761766 -0.49325527238055983
6.0868357663302239 0.011978830941732068 -0.51284792872431562
6.0911990894602104 0.009728238986949498 -0.51566526822997405
6.0955624125901959 0.0075073262545491759 -0.49887115813820571
6.0999257357201815 0.0054059240401227067 -0.4606549493712439
6.1042890588501679 0.0035203909341935246 -0.39972384895294194
6.1086523819801535 0.0019531414809719466 -0.3144080734054811
6.113015705110139 0.00080768877846661884 -0.20776047261555206
6.1173790282401255 0.00015293643489237493 -0.092279852914467636
6.121742351370111 0 0.02155398627892131
6.1261056745000966 0.00033674217745592594 0.13243942738870534
6.1304689976300821 0.0011519312580549959 0.24069789667526562
6.1348323207600686 0.0024334672010793753 0.3463709217472295
6.1391956438900541 0.0041667421582257235 0.44664970365360762
6.1435589670200397 0.0063089949483325029 0.53164686327987964
6.1479222901500261 0.0087719616704728474 0.59307854462338727
6.1522856132800117 0.011448896521857687 0.62997496553417764
6.1566489364099972 0.014234936521492906 0.64308642383484405
6.1610122595399837 0.017025885984134244 0.63213484205486781
6.1653755826699692 0.019720728971448102 0.60012726395150218
6.1697389057999548 0.022247071263823734 0.55717866912382774
6.1741022289299412 0.024580129165929041 0.51223552485878354
6.1784655520599268 0.026716636620978083 0.46692600611481827
6.1828288751899123 0.028654459779466637 0.4213638326419365
6.1871921983198979 0.030392668446322067 0.37507197069338261
6.1915555214498843 0.031932919992453769 0.33245148665314594
6.1959188445798699 0.03332436290306947 0.31080671301623769
6.2002821677098554 0.034699537731435449 0.32650790091814197
6.2046454908398418 0.036230582045241468 0.38133077755013317
6.2090088139698274 0.038081447566802255 0.47339891200487566
6.213372137099813 0.04041606898808494 0.60280241881507801
6.2177354602297994 0.043397173117786632 0.77021508218971368
6.2220987833597849 0.047200218564954509 0.98077491250703464
6.2264621064897705 0.052027071581228469 1.2401663827623339
6.2308254296197561 0.058098375577965718 1.5515803722414008
6.2351887527497425 0.065648595163736542 1.9189818700591568
6.239552075879728 0.074932256351230339 2.3466160011355028
6.2439153990097136 0.086226191428185217 2.842667147124645
6.2482787221397 0.099790173663208179 3.3737604039031988
6.2526420452696856 0.11582235018055227 4.0111110729796344
6.2570053683996711 0.1344762148029762 4.4301604880899577
6.2613686915296576 0.15402323748596958 4.5332423697229709
6.2657320146596431 0.17228888855510971 3.4349494502453375
6.2700953377896287 0.18883070297535187 5.6588102463636085
6.2744586609196151 0.20345874839178824 -4.63937343582902
6.2788219840496007 0.21588492914459961 31.499799226832156
6.2831853071795862 0.42521853472355309 31.110974398906404
