# q  U_kJmol  dU_dq   # conservative spline pchip_hermite_v1
0 3.90501567241673 407.2530641901277
0.0043633231299858239 3.939681979546767 -99.033274856866015
0.0087266462599716477 3.9742470593567489 36.480030615338833
0.013089969389957472 4.0074317843128879 -0.30551309328088871
0.017453292519943295 4.0384769958216973 8.903273091804321
0.021816615649929118 4.0671875782441376 5.7774782506323508
0.026179938779914945 4.0938739865724747 6.0749791186039159
0.030543261909900768 4.1192188932538869 5.696702305843921
0.034906585039886591 4.1441097367844693 5.67776927186903
0.039269908169872414 4.1694773235215878 6.1473718781817519
0.043633231299858237 4.196169529868663 5.5264203279877879
0.04799655442984406 4.2133618618742501 1.9197328117176027
0.05235987755982989 4.2128612412966522 -1.7289761627694074
0.056723200689815713 4.2009774606231458 -3.5187152424577257
0.061086523819801536 4.1842081882322661 -3.8965509964442155
0.065449846949787352 4.1689940177993341 -2.8852762289941181
0.069813170079773182 4.1598688056469806 -1.2968708646722489
0.074176493209759012 4.1573224239504105 0.047962874873045423
0.078539816339744828 4.159648521439137 0.95356310034622982
0.082903139469730658 4.1650802201527402 1.4716524923353063
0.087266462599716474 4.1719051803780731 1.5868848679005552
0.091629785729702304 4.178390640861168 1.3323791976998107
0.09599310885968812 4.183292861740199 0.91319130717540908
0.10035643198967395 4.1864474646115672 0.55431953974226811
0.10471975511965978 4.1882988051223551 0.31136367320338626
0.1090830782496456 4.1893147661338954 0.17163707729426717
0.11344640137963143 4.1899529948287482 0.13942508190324771
0.11780972450961724 4.1906756382500019 0.20632933961200003
0.12217304763960307 4.1918198221379956 0.31879347044448186
0.1265363707695889 4.1934353564926212 0.41593927397825176
0.1308996938995747 4.1954041926881667 0.48188109047193112
0.13526301702956053 4.1976001803194158 0.52005829642430146
0.13962634015954636 4.1999006882341989 0.52944833247511491
0.14398966328953219 4.2021815543658958 0.51206914048411589
0.14835298641951802 4.2043509114489481 0.48202320274365984
0.15271630954950383 4.206393546469017 0.45579049875654704
0.15707963267948966 4.2083405987762221 0.43792174738571854
0.16144295580947549 4.2102259762917251 0.42750716115554305
0.16580627893946132 4.2120825043363057 0.42479435914401353
0.17016960206944712 4.213943511402257 0.42930426657051129
0.17453292519943295 4.2158340043179452 0.43732996407012448
0.17889624832941878 4.2177585660729733 0.44441425207357926
0.18325957145940461 4.2197089887714974 0.44925608604371498
0.18762289458939044 4.221676153282111 0.45209595924786417
0.19198621771937624 4.2236512739197583 0.45287568455429539
0.19634954084936207 4.2256254057239513 0.45170726832516495
0.2007128639793479 4.227591746118577 0.44956435751645024
0.20507618710933373 4.2295489293949364 0.44765146761451791
0.20943951023931956 4.2314991162671172 0.44633959410654528
0.21380283336930536 4.2334447592729587 0.44556547249902378
0.21816615649929119 4.2353882099732667 0.44534238181648556
0.22252947962927702 4.2373318686705073 0.44564455605709352
0.22689280275926285 4.2392775847293063 0.44621649554463216
0.23125612588924865 4.2412257614621485 0.44673293581384488
0.23561944901923448 4.2431758308366598 0.44708835465592822
0.23998277214922031 4.2451271332585945 0.44729930453517824
0.24434609527920614 4.2470790392895017 0.44736287809487624
0.24870941840919197 4.2490309049363235 0.44728487888425505
0.2530727415391778 4.2509822277204439 0.44713229121541731
0.25743606466916363 4.2529328894442724 0.44699288462489267
0.26179938779914941 4.2548830392245582 0.4468966006270057
0.26616271092913524 4.2568328544509715 0.44683913445791046
0.27052603405912107 4.25878250361274 0.4468210831939079
0.2748893571891069 4.2607321594645331 0.44684117650184801
0.27925268031909273 4.2626819584554347 0.4468818694577873
0.28361600344907856 4.2646319349973192 0.44691949459129687
0.28797932657906439 4.2665820500007303 0.44694557529812712
0.29234264970905022 4.268532255757016 0.44696122355083057
0.29670597283903605 4.2704825071579231 0.44696632984344525
0.30106929596902182 4.2724327578632364 0.44696116109520451
0.30543261909900765 4.2743829708379373 0.4469503098822854
0.30979594222899348 4.2763331361276942 0.44694015607154391
0.31415926535897931 4.2782832639778796 0.4469330952218179
0.31852258848896514 4.2802333672354997 0.44692884227589658
0.32288591161895097 4.2821834579946723 0.4469274130073243
0.3272492347489368 4.2841335487027443 0.44692875459386627
0.33161255787892263 4.2860836494143157 0.44693166028170989
0.33597588100890846 4.288033762967264 0.44693440292367936
0.34033920413889424 4.2899838866245563 0.44693630298354614
0.34470252726888007 4.2919340168641575 0.44693743299956706
0.3490658503988659 4.2938841503799337 0.4469377910697741
0.35342917352885173 4.295834283758829 0.44693738719259596
0.35779249665883756 4.2977844142414101 0.44693655915981845
0.36215581978882339 4.2997345411205341 0.44693580625448681
0.36651914291880922 4.3016846653347764 0.44693533611634051
0.37088246604879505 4.3036347880841452 0.44693513016373393
0.37524578917878088 4.3055849105082489 0.4469351933035966
0.37960911230876665 4.3075350338040055 0.44693552236536493
0.38397243543875248 4.3094851588520831 0.44693594709000783
0.38833575856873831 4.3114352854710072 0.44693620397133238
0.39269908169872414 4.3133854125832594 0.44693617094331045
0.39706240482870997 4.3153355389217465 0.44693585335979058
0.4014257279586958 4.3172856632328793 0.44693523081410158
0.40578905108868163 4.3192357841439382 0.44693430695556569
0.41015237421866746 4.3211859008898212 0.44693342345281145
0.41451569734865329 4.323136014897206 0.44693313470571167
0.41887902047863912 4.3250861295317637 0.44693372155649297
0.42324234360862489 4.3270362486578895 0.4469351822875442
0.42760566673861072 4.3289863761473431 0.44693759088787299
0.43196898986859655 4.3309365162915405 0.4469409467171313
0.43633231299858238 4.3328866713737462 0.44694408617864356
0.44069563612856821 4.3348368360682112 0.44694505202396656
0.44505895925855404 4.3367869980788969 0.4469428128531196
0.44942228238853987 4.3387371432216648 0.44693736093443653
0.4537856055185257 4.3406872572748521 0.44692843463295218
0.45814892864851153 4.3426373244591003 0.44691599142774324
0.46251225177849731 4.3445873360074296 0.44690421340120928
0.46687557490848314 4.3465373110024945 0.44690038409904848
0.47123889803846897 4.3484872949005249 0.4469084683890307
0.4756022211684548 4.3504373405483614 0.4469285377987684
0.47996554429844063 4.3523875009214317 0.4469615111695534
0.48432886742842646 4.3543378347765094 0.44700770497921483
0.48869219055841229 4.3562883763445814 0.44705204674707022
0.49305551368839812 4.358239057600402 0.4470673410223599
0.49741883681838395 4.3601897104159626 0.44703831029225322
0.50178215994836972 4.3621401376977573 0.44696451925998881
0.50614548307835561 4.3640901418954066 0.44684275729307155
0.51050880620834138 4.3660395040849034 0.44667129267145678
0.51487212933832727 4.3679880908934576 0.44650438816798926
0.51923545246831304 4.3699361442077134 0.44644355447679773
0.52359877559829882 4.3718842856885622 0.44654760896884443
0.5279620987282847 4.3738332503912796 0.44681884923996656
0.53232542185827048 4.3757837751209721 0.44726843486664852
0.53668874498825636 4.3777366753823834 0.44790474292713656
0.54105206811824214 4.3796924692215899 0.44853269790186212
0.54541539124822802 4.3816502986542867 0.44877361847625169
0.5497787143782138 4.3836078659226771 0.44840130129403527
0.55414203750819968 4.3855624299061899 0.44740449197105925
0.55850536063818546 4.3875112422833853 0.44574462665826198
0.56286868376817123 4.3894512660921201 0.44338380945453315
0.56723200689815712 4.3913804949291766 0.44102229320762598
0.57159533002814289 4.3933019639999289 0.44007187728255448
0.57595865315812877 4.3952241628565378 0.44140159871330026
0.58032197628811455 4.3971573124718439 0.44506407977955931
0.58468529941810043 4.3991116650778626 0.45119172372412747
0.58904862254808621 4.4010985274681422 0.45994885062265412
0.59341194567807209 4.4031256501368992 0.46882570872166929
0.59777526880805787 4.4051823269716097 0.47256202560636434
0.60213859193804364 4.4072372042069139 0.46782253427307013
0.60650191506802953 4.4092521745361939 0.4543689018485898
0.6108652381980153 4.4111889901048045 0.43174970019392722
0.61522856132800119 4.4130055656838021 0.39927395681227129
0.61959188445798696 4.4146720332221356 0.36591851837896572
0.62395520758797285 4.4162259775172252 0.35124404586146646
0.62831853071795862 4.4177828804970884 0.36796633294999576
0.63268185384794451 4.4194840594369351 0.41698274202563834
0.63704517697793028 4.4214704549794721 0.49949215271612485
0.64140850010791606 4.4238948514299148 0.61768583320388015
0.64577182323790194 4.4268642425017042 0.7382596418390257
0.65013514636788772 4.4302317907009456 0.78623410256933113
0.6544984694978736 4.4335435788687301 0.70917735322957631
0.65886179262785938 4.4362240955005641 0.497061779401821
0.66322511575784526 4.4376656306394082 0.13668956189457881
0.66758843888783104 4.4371684620299963 -0.39452142958157821
0.67195176201781692 4.4341201108285544 -0.99632369967158596
0.6763150851478027 4.4287425915938181 -1.4133855483368432
0.68067840827778847 4.4223027360797325 -1.4751624833647552
0.68504173140777436 4.4164017792199699 -1.1708820956160317
0.68940505453776013 4.4126371363074828 -0.48688601512127827
0.69376837766774602 4.412776645551566 0.62596784365725622
0.69813170079773179 4.4184163630921658 1.9565182838278834
0.70249502392771768 4.4293526124263281 2.9447543403013947
0.70685834705770345 4.4430842752529367 3.2248714295058916
0.71122167018768934 4.4564768853239132 2.8050362543875584
0.71558499331767511 4.4665881215073 1.7150378653364404
0.71994831644766089 4.4704317415219466 -0.070535349421720503
0.72431163957764677 4.465259435123059 -2.3464339330115318
0.72867496270763255 4.4500029305380941 -4.5895447166751566
0.73303828583761843 4.4257634736462004 -6.4508100055111255
0.73740160896760421 4.3942557792980557 -7.9361330924607598
0.74176493209759009 4.3569914504132399 -9.0888177825370651
0.74612825522757587 4.3154106955717744 -9.9184821718492877
0.75049157835756175 4.2708025282663238 -10.49639128766473
0.75485490148754752 4.2239659380325794 -10.968736664607606
0.7592182246175333 4.1750862471296424 -11.438329331739563
0.76358154774751918 4.1241400334509795 -11.913182231650126
0.76794487087750496 4.0711268149720627 -12.386182180130938
0.77230819400749084 4.0160568957015705 -12.854580602692849
0.77667151713747662 3.9589793285873252 -13.302427243253513
0.7810348402674625 3.9000439042428066 -13.700367775586292
0.78539816339744828 3.8395279985135122 -14.024786499844472
0.78976148652743416 3.7777726731034589 -14.267992226873963
0.79412480965741994 3.7151401663034744 -14.426018293658837
0.79848813278740571 3.6520117720416776 -14.494760901720243
0.8028514559173916 3.5887681098097985 -14.481963925177324
0.80721477904737737 3.5257140671567937 -14.413288822682123
0.81157810217736326 3.46304005674329 -14.309122469387544
0.81594142530734903 3.4008902286695304 -14.172770835081611
0.82030474843733492 3.3394056078314494 -14.004579691177042
0.82466807156732069 3.278722699227866 -13.805116366781265
0.82903139469730658 3.2189751056710558 -13.576868822878106
0.83339471782729235 3.1602722175634685 -13.327960509646751
0.83775804095727824 3.1026887854537257 -13.063873501252782
0.84212136408726401 3.0462921160038885 -12.783490699379142
0.84648468721724979 2.9911584603470218 -12.484766697264675
0.85084801034723567 2.9373709548101385 -12.166116544354026
0.85521133347722145 2.8850151811911364 -11.829510157052983
0.85957465660720733 2.8341519970725741 -11.483970556653789
0.86393797973719311 2.7848002452782272 -11.137322080136395
0.86830130286717899 2.736959454733479 -10.791410836921115
0.87266462599716477 2.6906247485495198 -10.447336525415329
0.87702794912715065 2.6457839777700771 -10.10688336255979
0.88139127225713643 2.6024164228927478 -9.7727073609283011
0.8857545953871222 2.5604850449909855 -9.4495133362724353
0.89011791851710809 2.5199317151621172 -9.1415468220048286
0.89448124164709386 2.4806845356198113 -8.8510880552576516
0.89884456477707975 2.4426633165196705 -8.5799385403234201
0.90320788790706552 2.4057793900010034 -8.3301422766950832
0.90757121103705141 2.3699370349715694 -8.1024002615323809
0.91193453416703718 2.3350435012529638 -7.8946713016104786
0.91629785729702307 2.3010165127926556 -7.7051750443001632
0.92066118042700884 2.2677758744064733 -7.5344419151665596
0.92502450355699462 2.2352378698699193 -7.3831207538845538
0.9293878266869805 2.2033172321520422 -7.2515729211656073
0.93375114981696627 2.1719301347755713 -7.1377799387136314
0.93811447294695216 2.1410131805851651 -7.0344177401498529
0.94247779607693793 2.1105384885513709 -6.9343358127701187
0.94684111920692382 2.080499230519405 -6.8345662939711964
0.95120444233690959 2.0508988996794959 -6.7325598223909946
0.95556776546689548 2.0217544562909699 -6.6251259973233578
0.95993108859688125 1.9930991146554724 -6.507141051995605
0.96429441172686703 1.9649982808782585 -6.3689815441251652
0.96865773485685291 1.9375621452450797 -6.2013402214555535
0.97302105798683869 1.9109318292661965 -5.9990114574857651
0.97738438111682457 1.8852671143585504 -5.758028660254312
0.98174770424681035 1.8607458364561495 -5.4742208457719688
0.98611102737679623 1.8375612981702125 -5.1451910664814866
0.99047435050678201 1.8159094483180267 -4.7722445954004211
0.99483767363676789 1.7959765246643369 -4.357414718646222
0.99920099676675367 1.7779446180011764 -3.9007910950446729
1.0035643198967394 1.761995469775834 -3.4030732433386701
1.0079276430267252 1.7483052658762013 -2.8654333427590859
1.0122909661567112 1.7370390090601784 -2.2939918327180524
1.016654289286697 1.72830840843942 -1.707425742196764
1.0210176124166828 1.7221334406502662 -1.1246191320729377
1.0253809355466685 1.7184775034815758 -0.55333008405608675
1.0297442586766545 1.717280887133767 0.0015694320160581784
1.0341075818066403 1.718459702802966 0.53481351091019136
1.0384709049366261 1.7219067847581848 1.0397094484080049
1.0428342280666119 1.7274732729342126 1.5036230178451717
1.0471975511965976 1.7349518430547499 1.9149198869550033
1.0515608743265836 1.7441015816339835 2.2694803415851479
1.0559241974565694 1.7546732245517047 2.566581858019084
1.0602875205865552 1.7664146943367036 2.8055584543259582
1.064650843716541 1.7790765640968838 2.9896846682388007
1.0690141668465269 1.7924435897888433 3.1318531302569861
1.0733774899765127 1.8063666998873975 3.2462180483572389
1.0777408131064985 1.820741080922867 3.3391964297753574
1.0821041362364843 1.835482084981175 3.4152604498002939
1.08646745936647 1.8505268851143346 3.4789722059137445
1.090830782496456 1.8658343036786 3.5374990891906322
1.0951941056264418 1.881414779936311 3.6079835734422785
1.0995574287564276 1.8973622217396111 3.7075663178030953
1.1039207518864134 1.9138206248753373 3.8423689140846315
1.1082840750163994 1.9309465747167303 4.0138582250566177
1.1126473981463851 1.9489036024214805 4.2234767394434414
1.1170107212763709 1.9678576231099472 4.4704023011835146
1.1213740444063567 1.9879616970858609 4.7492818169200213
1.1257373675363425 2.0093394971810081 5.0533061579161904
1.1301006906663285 2.032090513365898 5.3782326844666093
1.1344640137963142 2.056297893492649 5.7199781605335307
1.1388273369263 2.0820256520369642 6.0747270164308844
1.1431906600562858 2.1093185186471661 6.4354103557313271
1.1475539831862718 2.1381650549825713 6.7822417986542458
1.1519173063162575 2.1684536455028636 7.0939407272774719
1.1562806294462433 2.2000083440111684 7.362308722792247
1.1606439525762291 2.232634854151605 7.584572937011095
1.1650072757062149 2.266125859062071 7.7584543008768794
1.1693705988362009 2.3002656014725615 7.8810865011588112
1.1737339219661866 2.3348127758819146 7.9428449930054512
1.1780972450961724 2.3694769997619343 7.933785720980195
1.1824605682261582 2.4039430006336939 7.8524535038875936
1.1868238913561442 2.4379014961991894 7.7016185974206568
1.19118721448613 2.4710547928583946 7.4837415068400084
1.1955505376161157 2.5031181050943911 7.2030527014246504
1.1999138607461015 2.5338364665137298 6.8695468620824167
1.2042771838760873 2.5630059586557414 6.4946148882008083
1.2086405070060733 2.5904610960259467 6.0842210356172179
1.2130038301360591 2.6160549816345493 5.6423224570683255
1.2173671532660448 2.6396577160279295 5.1715934451799459
1.2217304763960306 2.6611516797549406 4.677509429499926
1.2260937995260166 2.6804747484191611 4.1820930960161302
1.2304571226560024 2.6976829095668715 3.7111416501887455
1.2348204457859882 2.7129084862499062 3.2731358016549992
1.2391837689159739 2.726294888881573 2.8684630421675901
1.2435470920459597 2.7379888630205658 2.4970088803557324
1.2479104151759457 2.748136422288217 2.1606336239456345
1.2522737383059315 2.7569182665706289 1.8753558092844032
1.2566370614359172 2.7646051891892687 1.6610331854969573
1.261000384565903 2.771524498613172 1.5230168562454749
1.265363707695889 2.7780036109858677 1.458975642495576
1.2697270308258748 2.7843622393431793 1.467660921523483
1.2740903539558606 2.790914174379131 1.54703019425166
1.2784536770858463 2.797956831119468 1.6911710972852063
1.2828170002158321 2.8057560976845823 1.8928401997182249
1.2871803233458181 2.8145535999066298 2.1485657645476368
1.2915436464758039 2.8245814363691286 2.4562461964374283
1.2959069696057897 2.8360627969835792 2.8150840083947664
1.3002702927357754 2.8492169275391301 3.2215338132584224
1.3046336158657614 2.864212398790102 3.6530212804223723
1.3089969389957472 2.8810889081616922 4.0799407577983775
1.313360262125733 2.8997939634917183 4.4912975188757027
1.3177235852557188 2.9202594780650126 4.8865692056882475
1.3220869083857045 2.9424128411273296 5.2650074516319112
1.3264502315156905 2.9661776278398588 5.6243952095629686
1.3308135546456763 2.9914483722845726 5.9517594880230646
1.3351768777756621 3.0180445306996049 6.2296224016867949
1.3395402009056478 3.0457299100326094 6.4509871265410297
1.3439035240356338 3.0742573355096892 6.6155067346747947
1.3482668471656196 3.1033765990196547 6.7219297170909718
1.3526301702956054 3.1328315015485235 6.7694044272465108
1.3569934934255912 3.1623696621474395 6.7610950271743304
1.3613568165555769 3.1917594793456794 6.7021085402684619
1.3657201396855629 3.220784510808568 6.5935622818883184
1.3700834628155487 3.2492269486560521 6.4353637415609821
1.3744467859455345 3.2768684301940585 6.2254453039547597
1.3788101090755203 3.3034817667105347 5.9657201558848145
1.3831734322055063 3.3289088490377998 5.692030438578997
1.387536755335492 3.3532107968929523 5.4573206745732579
1.3919000784654778 3.3766228106762419 5.2843903719105025
1.3962634015954636 3.3994150505682095 5.1728226115137765
1.4006267247254494 3.4218616401947877 5.1282472003289481
1.4049900478554354 3.4442674435620977 5.1524224225132436
1.4093533709854211 3.466849872097916 5.1936928992783038
1.4137166941154069 3.4894989370950018 5.1716901464780918
1.4180800172453927 3.5118437604166468 5.0550653693647201
1.4224433403753787 3.5334848898474451 4.8505617829848058
1.4268066635053644 3.5540467746127629 4.5593426527134024
1.4311699866353502 3.5731493593121821 4.183347969621388
1.435533309765336 3.5904852650727386 3.760526051013191
1.4398966328953218 3.6059830527594881 3.3493325506098093
1.4442599560253078 3.6197638911811723 2.9726442180048309
1.4486232791552935 3.631970369104577 2.6276531467098563
1.4529866022852793 3.6427305527752338 2.3074565412950565
1.4573499254152651 3.652141278187595 2.0110162008984176
1.4617132485452511 3.6604182679483226 1.809655798881058
1.4660765716752369 3.6682438804072564 1.8216943599521973
1.4704398948052226 3.6767052199260397 2.1016500747755633
1.4748032179352084 3.6869653002145171 2.6436054383296419
1.4791665410651942 3.7001667130116149 3.4548625904519272
1.4835298641951802 3.7175095392143227 4.5376159973952994
1.487893187325166 3.7399402476179464 5.7409414510904302
1.4922565104551517 3.7674121769994429 6.8091445781328321
1.4966198335851375 3.7989932432911657 7.6243292725360323
1.5009831567151235 3.8335950849360212 8.1975539397481434
1.5053464798451093 3.870181801781202 8.5311023816621159
1.509709802975095 3.9076927373251609 8.6238295783059371
1.5140731261050808 3.9452056680539851 8.5561901073269802
1.5184364492350666 3.9823264932972 8.465800709272477
1.5227997723650526 4.0191457286261825 8.4180479483252579
1.5271630954950384 4.0558410822881639 8.4069156792793756
1.5315264186250241 4.0925561620877877 8.4275854494690314
1.5358897417550099 4.1294291106551713 8.4781439002671082
1.5402530648849959 4.1665604140098464 8.5414145633443237
1.5446163880149817 4.2039460997252602 8.5903055552178706
1.5489797111449675 4.2414815420039105 8.6093363808165222
1.5533430342749532 4.2790298040863677 8.5961013627102716
1.557706357404939 4.3164448364291941 8.5472228359268492
1.562069680534925 4.3535609898346266 8.4588759193515202
1.5664330036649108 4.390223092254856 8.3434656304292005
1.5707963267948966 4.4263696207868737 8.2267887472042123
1.5751596499248823 4.4620317092970394 8.1213476510142062
1.5795229730548683 4.4972518170388662 8.022828903024628
1.5838862961848541 4.5320524089578882 7.930023566323591
1.5882496193148399 4.566462800531216 7.8430438324165799
1.5926129424448257 4.6004308876368656 7.7113799579788918
1.5969762655748114 4.6335527534262262 7.4390901190553693
1.6013395887047974 4.6650704411143726 6.9751428122550916
1.6057029118347832 4.6941532715173961 6.3261857070863732
1.610066234964769 4.7200139807554296 5.4965095547073846
1.6144295580947547 4.7418590923242556 4.4878823593696877
1.6187928812247407 4.7590711714969549 3.4057072773356456
1.6231562043547265 4.7717703493861547 2.4547540062197171
1.6275195274847123 4.780855401626634 1.7530100542537281
1.6318828506146981 4.7874336771214354 1.3025166451069545
1.6362461737446838 4.7925876983854581 1.1034564246261325
1.6406094968746698 4.7974384265210572 1.1624166446009179
1.6449728200046556 4.802975642905702 1.3891015428824547
1.6493361431346414 4.8095323761634994 1.5963644497375902
1.6536994662646272 4.8167161737446538 1.6727337622627552
1.6580627893946132 4.8239351466236711 1.615316029173635
1.6624261125245989 4.8306188218670503 1.4247588586681312
1.6667894356545847 4.8361648484438007 1.0941721241165892
1.6711527587845705 4.8400401019651644 0.67614769165605859
1.6755160819145565 4.8421046946707529 0.28517454639197209
1.6798794050445423 4.8426701455721766 -0.0085610938181003016
1.684242728174528 4.842173646711311 -0.20352224016602621
1.6886060513045138 4.8410353212963653 -0.3013723205120305
1.6929693744344996 4.8396903073164763 -0.29840687485707001
1.6973326975644856 4.8385393357830973 -0.22111340769229343
1.7016960206944713 4.8377823988400595 -0.12892073512478605
1.7060593438244571 4.8373810765095397 -0.059564067289375751
1.7104226669544429 4.8372271497617003 -0.014584140939799458
1.7147859900844289 4.8372195973238163 0.0068757211946510214
1.7191493132144147 4.8372501373962864 0.0028863894744523316
1.7235126363444004 4.8372172437822556 -0.020039455072536471
1.7278759594743862 4.8370701875314683 -0.046452982520604376
1.732239282604372 4.836821547118344 -0.066209600559539783
1.736602605734358 4.8365025226638352 -0.079006228360017264
1.7409659288643438 4.8361416059836415 -0.085258574029851111
1.7453292519943295 4.8357686500105981 -0.084533144287227052
1.7496925751243153 4.8354115482028748 -0.078559604484698953
1.7540558982543013 4.8350846649827242 -0.071501901941736598
1.7584192213842871 4.8347850466662106 -0.066183514660189083
1.7627825445142729 4.8345043928765365 -0.062729751262115871
1.7671458676442586 4.834235080569675 -0.06102631477262261
1.7715091907742444 4.8339691111664767 -0.061197583691129008
1.7758725139042304 4.833698951830093 -0.062798319107443476
1.7802358370342162 4.8334206459246607 -0.064706062667207451
1.7845991601642019 4.8331349826873202 -0.066134050101633673
1.7889624832941877 4.8328442779020166 -0.067039198651917015
1.7933258064241737 4.8325506676290475 -0.067454596230305225
1.7976891295541595 4.8322563910677303 -0.067343629657828474
1.8020524526841453 4.8319635582564455 -0.06683755509039073
1.806415775814131 4.8316731928749945 -0.066283690741620355
1.8107790989441168 4.8313848271035047 -0.065933912378126014
1.8151424220741028 4.8310974893857086 -0.065805221990334228
1.8195057452040886 4.8308102609627479 -0.065887778658338003
1.8238690683340744 4.8305221753213541 -0.066200476760696916
1.8282323914640601 4.8302323582279012 -0.066646966408286185
1.8325957145940461 4.8299407711860889 -0.066955695311939831
1.8369590377240319 4.8296485572373733 -0.066922246337619784
1.8413223608540177 4.8293572887024752 -0.066528324108119971
1.8456856839840035 4.8290685044873713 -0.065779350870728268
1.8500490071139892 4.8287838291339877 -0.064636028357643538
1.8544123302439752 4.8285046634356323 -0.063345086669046216
1.858775653373961 4.8282301829707288 -0.062642686946334403
1.8631389765039468 4.8279563150986347 -0.063100710501436272
1.8675022996339325 4.8276777477295436 -0.064780964338369385
1.8718656227639185 4.8273892405088441 -0.06766720011441224
1.8762289458939043 4.8270852799242983 -0.071901092059228705
1.8805922690238901 4.8267610542853809 -0.076637463881095824
1.8849555921538759 4.8264196230410592 -0.079221012577556801
1.8893189152838616 4.8260759389543368 -0.077529089191100742
1.8936822384138476 4.8257496499010859 -0.071302230349206519
1.8980455615438334 4.8254601933217351 -0.060617501432347079
1.9024088846738192 4.8252279285874575 -0.04493691615653448
1.906772207803805 4.8250710009723434 -0.027223782408636155
1.911135530933791 4.8249790471136667 -0.017286250775474767
1.9154988540637767 4.8248971206552085 -0.023182514236206216
1.9198621771937625 4.8247521470836734 -0.045988661359769215
1.9242255003237483 4.8244717782698041 -0.085306722705087698
1.9285888234537341 4.8239808501220089 -0.14308917567552371
1.9329521465837201 4.8232115875818167 -0.20877986823321251
1.9373154697137058 4.8222006256303587 -0.24578355088021189
1.9416787928436916 4.8211538344578528 -0.22289275964181465
1.9460421159736774 4.8203505392971318 -0.13467107409738188
1.9504054391036634 4.820073245364056 0.018618722482248964
1.9547687622336491 4.8206215611172851 0.24653706157730479
1.9591320853636349 4.8222840290405662 0.51525592017393107
1.9634954084936207 4.824986519505245 0.69356357829097226
1.9678587316236065 4.8280399639925609 0.66797912547579164
1.9722220547535925 4.8304957652818068 0.42239829537296958
1.9765853778835782 4.8314143353936831 -0.037525429440298706
1.980948701013564 4.8298314831217919 -0.72902334770803767
1.9853120241435498 4.8247941299865067 -1.598099131818369
1.9896753472735358 4.8159501137347318 -2.4227066819060035
1.9940386704035216 4.8040021072189729 -3.0066159659927281
1.9984019935335073 4.7900995145266858 -3.3243922441864528
2.0027653166634933 4.7753572727528129 -3.3905524944033401
2.0071286397934789 4.7608935206408276 -3.1939600119351481
2.0114919629234649 4.7478110038075263 -2.7730268806228082
2.0158552860534504 4.7367930421390776 -2.2842008943262977
2.0202186091834364 4.7277694861669737 -1.8697020521600829
2.0245819323134224 4.7203395716044563 -1.54956393675284
2.028945255443408 4.7141228740386056 -1.3147615561189732
2.033308578573394 4.7087409795213899 -1.1659943346140185
2.0376719017033795 4.7038133353929519 -1.1095777429007618
2.0420352248333655 4.6988806478328256 -1.175159378029127
2.0463985479633515 4.693338967816147 -1.3914294076175246
2.0507618710933371 4.6865060875465119 -1.7672439243326086
2.0551251942233231 4.6776823626726456 -2.3042836497574486
2.0594885173533091 4.6661481898118256 -3.0126809161146326
2.0638518404832946 4.6511720432618446 -3.8721456751760459
2.0682151636132806 4.6322946226439612 -4.7747346253566141
2.0725784867432662 4.6095961748812906 -5.614377276963868
2.0769418098732522 4.5834232889392883 -6.3692101922266158
2.0813051330032382 4.5541347372613297 -7.0412575703503579
2.0856684561332237 4.5221149845381152 -7.6182446218591213
2.0900317792632097 4.4877807475066183 -8.1074067438047805
2.0943951023931953 4.4513955498907336 -8.5752300210769405
2.0987584255231813 4.4128831341832013 -9.0874788403030546
2.1031217486531673 4.3720201739055247 -9.6493431123071698
2.1074850717831528 4.328624084051766 -10.247404210218651
2.1118483949131388 4.2825479915246465 -10.877581257807826
2.1162117180431244 4.2336727845280855 -11.525975422424171
2.1205750411731104 4.1820059332760087 -12.146144266961342
2.1249383643030963 4.1277850850637678 -12.692466889588415
2.1293016874330819 4.0713634711563085 -13.156141547424816
2.1336650105630679 4.0130902752292616 -13.541309347586399
2.1380283336930539 3.9533020916161195 -13.851646315966359
2.1423916568230394 3.8923161532446287 -14.090274957960865
2.1467549799530254 3.8304536563708744 -14.251616164255877
2.151118303083011 3.7680676226514769 -14.330257349292873
2.155481626212997 3.7055121688447747 -14.330793494556776
2.159844949342983 3.6431097323369599 -14.261285455042501
2.1642082724729685 3.5811501804684167 -14.129069475117964
2.1685715956029545 3.5198919315562129 -13.940755991933603
2.1729349187329401 3.4595700636468112 -13.700237356174542
2.1772982418629261 3.4004065946004003 -13.41036083856828
2.1816615649929121 3.3426090799949186 -13.074768060973897
2.1860248881228976 3.2863689935853388 -12.697045845054703
2.1903882112528836 3.2318663010743713 -12.278174683180621
2.1947515343828692 3.1792769955722062 -11.821289491534325
2.1991148575128552 3.1287378318832464 -11.342579738239763
2.2034781806428412 3.08030098793598 -10.85928168282841
2.2078415037728267 3.0339761995543659 -10.373592637030937
2.2122048269028127 2.9897829045946716 -9.8819975098936403
2.2165681500327987 2.9477543009042826 -9.3802280544462189
2.2209314731627843 2.9079407107907058 -8.8676377650296985
2.2252947962927703 2.8703599197069072 -8.3616776930708738
2.2296581194227558 2.8349311084948035 -7.8833563684934775
2.2340214425527418 2.8015188352791571 -7.4365399707220732
2.2383847656827278 2.7699935038080716 -7.0182919114807119
2.2427480888127134 2.7402326752348136 -6.6275521406056441
2.2471114119426994 2.7121171482547433 -6.2643504077483598
2.2514747350726849 2.6855208897874081 -5.9320989775406279
2.2558380582026709 2.6602981921565787 -5.6353434804719473
2.2602013813326569 2.6362879431786794 -5.3766077446471092
2.2645647044626425 2.6133214157431159 -5.1570778243934798
2.2689280275926285 2.5912231457502903 -4.9793533248837685
2.2732913507226145 2.5698077551810878 -4.8432980924990767
2.2776546738526 2.5489176044871789 -4.7346018778343275
2.282017996982586 2.5284774384549693 -4.6349269683105048
2.2863813201125716 2.5084648829769951 -4.5389327971432794
2.2907446432425576 2.4888618967138973 -4.4469819817699232
2.2951079663725436 2.4696528781797915 -4.3583081076312151
2.2994712895025291 2.4508273582487674 -4.270407945064699
2.3038346126325151 2.4323995998112733 -4.1735275946154866
2.3081979357625007 2.4144371391327075 -4.0555533273518671
2.3125612588924866 2.3970475351613101 -3.9105483141756334
2.3169245820224726 2.380353679492841 -3.7363140787706288
2.3212879051524582 2.3644895523899438 -3.5294153978492604
2.3256512282824442 2.3496029199976864 -3.2886891605630204
2.3300145514124297 2.3358229632320526 -3.0255228212906493
2.3343778745424157 2.323209496629107 -2.7560007453333735
2.3387411976724017 2.3117740596951424 -2.4852822923615472
2.3431045208023873 2.3015233445441687 -2.2131699453700899
2.3474678439323733 2.2924615704770863 -1.9403274151965357
2.3518311670623593 2.2845880838808372 -1.6693479253971273
2.3561944901923448 2.2778741334104917 -1.4118638171578379
2.3605578133223308 2.2722255094311326 -1.1830768845837967
2.3649211364523164 2.2674974752603991 -0.99029325391101619
2.3692844595823024 2.263528273659726 -0.835528937353884
2.3736477827122884 2.2601460492124539 -0.72205922807086442
2.3780111058422739 2.2571653174757826 -0.6510805651621413
2.3823744289722599 2.254420458376742 -0.61024479254150521
2.3867377521022455 2.2518230059094968 -0.5810431317771082
2.3911010752322315 2.2493429849488256 -0.55659625646331146
2.3954643983622175 2.2469595514606278 -0.53643680766135293
2.399827721492203 2.2446568460441458 -0.51960829029378997
2.404191044622189 2.2424253815290838 -0.50259563923462713
2.4085543677521746 2.2402977472683561 -0.46710470076850485
2.4129176908821606 2.2384128786636763 -0.38777931135534521
2.4172810140121466 2.2369952010485115 -0.25244157433778364
2.4216443371421321 2.2362955223821346 -0.058241335187774419
2.4260076602721181 2.2365783938624904 0.19883140353202899
2.4303709834021041 2.2381261135701278 0.5215375100898233
2.4347343065320897 2.2412146305723324 0.90266011167959548
2.4390976296620757 2.2460696631191879 1.3294044053620586
2.4434609527920612 2.2528748160314702 1.7966752486532667
2.4478242759220472 2.261806347903319 2.3036420599263696
2.4521875990520332 2.2730341056437777 2.849263064846407
2.4565509221820188 2.2867208199139251 3.4292348207428436
2.4609142453120048 2.3029724106866385 4.0178599489561426
2.4652775684419903 2.3217405985758672 4.5771515851719782
2.4696408915719763 2.3428444011165301 5.0874949793817494
2.4740042147019623 2.3660580462847465 5.5433010474258246
2.4783675378319479 2.3911299622187134 5.9380071818293203
2.4827308609619338 2.417777965922296 6.2646675691057103
2.4870941840919194 2.4456910282679081 6.5167482659888547
2.4914575072219054 2.4745300888947774 6.688224863706842
2.4958208303518914 2.503932449735204 6.7742039942064425
2.5001841534818769 2.5335179263822973 6.7720087271295224
2.5045474766118629 2.5628979110736543 6.6794259580962541
2.5089107997418489 2.5916771784042933 6.4976436064607279
2.5132741228718345 2.6195041123380571 6.2495567366818898
2.5176374460018205 2.6461737892504029 5.9732390377995248
2.522000769131806 2.671622258169668 5.6912846185041355
2.526364092261792 2.6958455407346982 5.4134031410579873
2.530727415391778 2.7188848248001944 5.1504499798826684
2.5350907385217636 2.7408318802553726 4.9151256227383255
2.5394540616517496 2.7618527302396911 4.7316031635688827
2.5438173847817351 2.7822435286713274 4.6310138459524062
2.5481807079117211 2.8024111891995438 4.6302837160712178
2.5525440310417071 2.8227986145072617 4.731474364039423
2.5569073541716927 2.8438483137458812 4.9338870477284029
2.5612706773016787 2.8659950376448058 5.232650275157682
2.5656340004316642 2.8896126351460323 5.6007414737479877
2.5699973235616502 2.9149091009468551 5.9952164623686732
2.5743606466916362 2.941930601895892 6.389576926448675
2.5787239698216218 2.9706563305499163 6.7754475414632047
2.5830872929516078 3.0010348116112175 7.1456941254301674
2.5874506160815938 3.0329843574971478 7.4953706302627765
2.5918139392115793 3.0664294111690231 7.8348380448433721
2.5961772623415653 3.1013733902189009 8.1861124696266749
2.6005405854715509 3.1379051277907766 8.5637948778450266
2.6049039086015369 3.1761474380838268 8.969556336227237
2.6092672317315229 3.2162312757062619 9.4110721901405139
2.6136305548615084 3.2583353650359275 9.8944109986299278
2.6179938779914944 3.3024973465708194 10.323465123927804
2.62235720112148 3.3480770470989101 10.513564049025057
2.626720524251466 3.3937537375098579 10.365551332806191
2.631083847381452 3.4380481705397266 9.8838184342597284
2.6354471705114375 3.4795160955146729 9.0650287873463835
2.6398104936414235 3.5166532466449403 7.9009357259561277
2.6441738167714091 3.5481877270374373 6.5463642112127243
2.6485371399013951 3.5739463417799309 5.3054379869113433
2.6529004630313811 3.5948947993772591 4.3453012629487846
2.6572637861613666 3.612273565042095 3.6652145618252563
2.6616271092913526 3.6272830189832854 3.2623399621686513
2.6659904324213386 3.6411578169457135 3.1447743311400274
2.6703537555513241 3.6551058798753262 3.2881527503938139
2.6747170786813101 3.670156930196482 3.6409362539761481
2.6790804018112957 3.6871424486459303 4.1748244013367231
2.6834437249412817 3.7068482578114073 4.8868647454814065
2.6878070480712677 3.7300513329070952 5.7796922780973539
2.6921703712012532 3.7575499623655388 6.8542903629813576
2.6965336943312392 3.7899146261807601 7.9621148979961154
2.7008970174612248 3.826632789683976 8.7951033511651264
2.7052603405912108 3.8659977097155815 9.1683466439824599
2.7096236637211968 3.9059664670671563 9.0773287206073299
2.7139869868511823 3.9445361287373357 8.521377748506751
2.7183503099811683 3.9796321354355242 7.4859429955805741
2.7227136331111539 4.009417585674659 6.1440540831922501
2.7270769562411399 4.033353311947347 4.8738008869084659
2.7314402793711259 4.0523937172824462 3.9089539002725466
2.7358036025011114 4.0679232049822485 3.2588911414240926
2.7401669256310974 4.0812875338924712 2.9214064833845419
2.7445302487610834 4.0938937111120106 2.9114876416850928
2.748893571891069 4.1070707590394528 3.1598827477667357
2.753256895021055 4.1216103984381913 3.5055718377348328
2.7576202181510405 4.1376540296531266 3.8453378597339949
2.7619835412810265 4.1551499095488351 4.1731459261936372
2.7663468644110125 4.1740547434112063 4.4893656707115746
2.7707101875409981 4.1943004335705361 4.7873088969885487
2.7750735106709841 4.2157641582380823 5.0386799678189522
2.7794368338009696 4.2381154704931161 5.1829715702205092
2.7838001569309556 4.2607791386368552 5.1794544518651531
2.7881634800609416 4.2830922238728739 5.0229483606482601
2.7925268031909272 4.3043885961068398 4.7124064241666197
2.7968901263209132 4.3239866935748044 4.2443921748404474
2.8012534494508987 4.3412490077013794 3.6533770622582704
2.8056167725808847 4.3558116054649076 3.0232971922704017
2.8099800957108707 4.3676615698765939 2.413374233859408
2.8143434188408563 4.3769145368014772 1.8325126835696977
2.8187067419708423 4.3837014339096667 1.2847731885671303
2.8230700651008283 4.3881859853181941 0.77807171024392419
2.8274333882308138 4.3905539487076073 0.31438209413237467
2.8317967113607998 4.390986677756902 -0.10998580934737541
2.8361600344907854 4.3896485159965746 -0.49696853244611761
2.8405233576207713 4.3867090580546062 -0.84321472451078805
2.8448866807507573 4.3823540208345788 -1.1454980070419909
2.8492500038807429 4.3767791316870213 -1.4021077081808537
2.8536133270107289 4.3701939656834536 -1.6067092259041058
2.8579766501407144 4.362853380463144 -1.7456966483305829
2.8623399732707004 4.355069343669161 -1.8094282785691349
2.8667032964006864 4.3471738615088302 -1.7970333679231143
2.871066619530672 4.3394970546392848 -1.7091555149758297
2.875429942660658 4.3323680737879116 -1.546054357476802
2.8797932657906435 4.326109832003306 -1.3110033324400601
2.8841565889206295 4.321021200403532 -1.0114677798943859
2.8885199120506155 4.3173676331228643 -0.65381874214179048
2.8928832351806011 4.3153959788625542 -0.24087468902766357
2.8972465583105871 4.3153423159731545 0.22481200000631507
2.9016098814405731 4.3174308943693394 0.74073153145651038
2.9059732045705586 4.3218680590087013 1.2990322836524413
2.9103365277005446 4.3288032738463 1.8822114985461955
2.9146998508305302 4.3383087380539456 2.4758999816230447
2.9190631739605162 4.3504175425896321 3.0750650900151983
2.9234264970905022 4.3651457985677711 3.675643282068159
2.9277898202204877 4.3824885945946672 4.2727928749096087
2.9321531433504737 4.4024112204576653 4.8550019710780337
2.9365164664804593 4.4247995866006145 5.398094468209198
2.9408797896104453 4.4494297475612914 5.8801780995963755
2.9452431127404313 4.4760086982537963 6.289984777502184
2.9496064358704168 4.5042009606542051 6.6177949788229391
2.9539697590004028 4.5336262248712584 6.8537285211655847
2.9583330821303884 4.5638639793574489 6.9885609129868342
2.9626964052603744 4.594452452980061 7.0130616789003568
2.9670597283903604 4.6248985014122281 6.9234385914539587
2.9714230515203459 4.6547119633937468 6.7245714220302215
2.9757863746503319 4.6834388364774684 6.4276452866652694
2.9801496977803179 4.7106833366205683 6.0479289446879791
2.9845130209103035 4.7361299358319515 5.6083702655796959
2.9888763440402895 4.7595867314731723 5.1420875399858152
2.993239667170275 4.781008140489396 4.679260202428404
2.997602990300261 4.8004522041875992 4.2379010224251852
3.001966313430247 4.8180385952035829 3.8294009307486161
3.0063296365602326 4.8339259359312559 3.4593378961559185
3.0106929596902186 4.8482881302487444 3.1312957684779632
3.0150562828202041 4.8613246452113312 2.8534439001832728
3.0194196059501901 4.873266383783446 2.6287107165427925
3.0237829290801761 4.8843295823748809 2.4487429228655997
3.0281462522101616 4.8946855334383397 2.3030401038089545
3.0325095753401476 4.9044650293186107 2.1832102037224987
3.0368728984701332 4.9137649765538791 2.0821778730653078
3.0412362216001192 4.9226544373908965 1.9941940766144013
3.0455995447301052 4.9311814082931695 1.9157022145450051
3.0499628678600907 4.9393846269929371 1.8458281210126954
3.0543261909900767 4.9473021058792757 1.7847605152917336
3.0586895141200627 4.9549746578594203 1.734045471357935
3.0630528372500483 4.9624452219548587 1.6906972769680642
3.0674161603800343 4.9697171332245382 1.6393448367320962
3.0717794835100198 4.9767187568373163 1.5656830660746366
3.0761428066400058 4.9833445168620081 1.4674217177613789
3.0805061297699918 4.9894896918999487 1.3452782171732263
3.0848694528999774 4.9950483580474545 1.1984338617554271
3.0892327760299634 4.9999141358172841 1.0283060186148205
3.0935960991599489 5.0039979782233761 0.84164763569056988
3.0979594222899349 5.007244206891631 0.64488907171503329
3.1023227454199209 5.0096128674077409 0.43930950982222811
3.1066860685499065 5.0110638103896923 0.22403880722387295
3.1110493916798925 5.0115574668144456 0.0015433274561915174
3.115412714809878 5.0110534841719572 -0.23731190138334665
3.119776037939864 5.0094286671492965 -0.51595055682565694
3.12413936106985 5.0063996341222472 -0.89863746733545713
3.1285026841998356 5.0016052939544862 -1.2684547612535748
3.1328660073298216 4.9959356846543912 -1.2220251862060345
3.1372293304598076 4.9917942018022492 -0.58905456676723789
3.1415926535897931 4.9905130150565435 -0.15010952653179624
3.1459559767197791 4.9892339971803565 -0.57077436139762916
3.1503192998497647 4.9850986956909242 -1.2894048109091021
3.1546826229797507 4.9781043584553872 -1.9237823123191655
3.1590459461097367 4.9682483798727626 -2.6008896979320988
3.1634092692397222 4.9561098853149153 -2.7949446987074542
3.1677725923697082 4.945227499964771 -2.0473226201035399
3.1721359154996938 4.9386569289453828 -1.0155337008804555
3.1764992386296798 4.9359849743085009 -0.24523512212274848
3.1808625617596658 4.9361818047399924 0.29470414049700427
3.1852258848896513 4.9382112058409833 0.59706261249700121
3.1895892080196373 4.9410410183715419 0.65799460359768691
3.1939525311496229 4.9436322335091676 0.49818304523956464
3.1983158542796088 4.9452514407900461 0.24414643001481517
3.2026791774095948 4.9458203578131261 0.029674686703016873
3.2070425005395804 4.9456116058124362 -0.11521394829265665
3.2114058236695664 4.944905037534717 -0.19814675979936341
3.2157691467995524 4.9439772491356386 -0.21589989010417271
3.2201324699295379 4.9431075457181288 -0.17411801738162427
3.2244957930595239 4.9424960458764318 -0.10602838461225943
3.2288591161895095 4.9421676728559998 -0.047977423515835151
3.2332224393194955 4.9420501629010127 -0.0086284731033646825
3.2375857624494815 4.9420681534159154 0.014066789173236555
3.241949085579467 4.942147525709979 0.019303052834054844
3.246312408709453 4.9422131970152297 0.0084456325236432692
3.2506757318394386 4.942210561584468 -0.0097453081349419234
3.2550390549694246 4.9421318148291125 -0.02541866948863445
3.2594023780994106 4.9419960341694882 -0.03607819952887717
3.2637657012293961 4.941823472455189 -0.042269132446133499
3.2681290243593821 4.9416339573328587 -0.043790965866392896
3.2724923474893677 4.9414476424272173 -0.040968697093044099
3.2768556706193537 4.9412794040735166 -0.03610711023633862
3.2812189937493397 4.9411316346866228 -0.031873779916013971
3.2855823168793252 4.9409992966289407 -0.02898546271237323
3.2899456400093112 4.9408769440347253 -0.027296762456393557
3.2943089631392972 4.9407592709468631 -0.026856990155586059
3.2986722862692828 4.9406408676066693 -0.027589472562861712
3.3030356093992688 4.9405176838300395 -0.028888185737641337
3.3073989325292543 4.9403889967482089 -0.030031430552028289
3.3117622556592403 4.9402561347265008 -0.030814009272623236
3.3161255787892263 4.9401205622992856 -0.031274464348115573
3.3204889019192119 4.9399836993764499 -0.03140088231197885
3.3248522250491979 4.9398469978171207 -0.031211089436792971
3.3292155481791834 4.939711559590962 -0.030864293693479254
3.3335788713091694 4.9395776006377101 -0.030555592504727658
3.3379421944391554 4.9394447711282261 -0.030343571538184119
3.342305517569141 4.9393126771956339 -0.030218062843062648
3.346668840699127 4.9391809388511509 -0.030181888798361065
3.351032163829113 4.9390491665170577 -0.030230978832033916
3.3553954869590985 4.9389170605574799 -0.030323546263067998
3.3597588100890845 4.938784557070039 -0.030406890517221102
3.3641221332190701 4.9386517480596366 -0.030464328210015081
3.3684854563490561 4.9385187394528396 -0.030498527671758639
3.372848779479042 4.9383856329438407 -0.030508837099815278
3.3772121026090276 4.9382525330502416 -0.030496164107693388
3.3815754257390136 4.9381195211972937 -0.030471465941394025
3.3859387488689991 4.9379866161462331 -0.030448967737172487
3.3903020719989851 4.9378537937342397 -0.03043340871445516
3.3946653951289711 4.9377210254738149 -0.030424092696301277
3.3990287182589567 4.9375882841480134 -0.030421165032714408
3.4033920413889427 4.9374555417210262 -0.030424429941870425
3.4077553645189282 4.9373227760783882 -0.030431016994094447
3.4121186876489142 4.937189981749099 -0.030437089270269817
3.4164820107789002 4.9370571650693318 -0.03044130365854732
3.4208453339088858 4.9369243337001016 -0.030443840616709714
3.4252086570388718 4.936791494925961 -0.030444669367973114
3.4295719801688578 4.9366586562660411 -0.030443830113831505
3.4339353032988433 4.9365258237231737 -0.030442074071227967
3.4382986264288293 4.936392998883445 -0.030440435432240426
3.4426619495588149 4.9362601800880119 -0.030439293991218471
3.4470252726888009 4.9361273652767688 -0.030438603315498088
3.4513885958187869 4.9359945524999196 -0.030438369385950854
3.4557519189487724 4.9358617397411626 -0.030438584594321291
3.4601152420787584 4.9357289253719214 -0.030439052538475227
3.464478565208744 4.9355961089347309 -0.030439494658105991
3.46884188833873 4.9354632908631357 -0.03043980378651609
3.473205211468716 4.9353304717110618 -0.030439991769583962
3.4775685345987015 4.9351976520004266 -0.030440057629815304
3.4819318577286875 4.9350648322718333 -0.030440002591278451
3.4862951808586731 4.9349320129668941 -0.030439877949225862
3.4906585039886591 4.9347991942169553 -0.03043975868270999
3.4950218271186451 4.93466637590892 -0.030439674970189141
3.4993851502486306 4.9345335578938627 -0.030439623819504578
3.5037484733786166 4.9344007400320704 -0.03043960532064801
3.5081117965086026 4.9342679221786181 -0.030439619355369388
3.5124751196385882 4.9341351042138148 -0.03043965254045029
3.5168384427685742 4.9340022861001014 -0.030439684707788125
3.5212017658985597 4.9338694678669217 -0.030439707375398514
3.5255650890285457 4.9337366495543096 -0.030439721290274873
3.5299284121585317 4.9336038311996662 -0.030439726475457451
3.5342917352885173 4.9334710128418378 -0.030439722908280852
3.5386550584185033 4.9333381945132508 -0.030439714076681612
3.5430183815484888 4.9332053762246071 -0.030439705402388263
3.5473817046784748 4.9330725579682566 -0.030439699265043866
3.5517450278084608 4.9329397397334391 -0.03043969548048368
3.5561083509384463 4.9328069215101422 -0.030439694030124358
3.5604716740684323 4.9326741032879529 -0.030439694933665544
3.5648349971984179 4.9325412850580923 -0.030439697282685561
3.5691983203284039 4.9324084668175212 -0.030439699621418157
3.5735616434583899 4.9322756485682211 -0.030439701283116107
3.5779249665883754 4.9321428303130848 -0.030439702311920936
3.5822882897183614 4.9320100120547936 -0.03043970271678061
3.5866516128483474 4.9318771937961365 -0.030439702489209818
3.591014935978333 4.9317443755394885 -0.030439701864909595
3.595378259108319 4.931611557285712 -0.030439701234068878
3.5997415822383045 4.9314787390342962 -0.030439700784295604
3.6041049053682905 4.9313459207844605 -0.030439700504702148
3.6084682284982765 4.9312131025354899 -0.030439700391675092
3.6128315516282621 4.9310802842866348 -0.030439700449210252
3.6171948747582481 4.930947466037253 -0.030439700614835238
3.6215581978882336 4.9308146477871038 -0.030439700784541238
3.6259215210182196 4.930681829536316 -0.030439700906777327
3.6302848441482056 4.9305490112850983 -0.030439700982749462
3.6346481672781912 4.9304161930336452 -0.030439701014023334
3.6390114904081772 4.9302833747821557 -0.030439700999819665
3.6433748135381627 4.9301505565308039 -0.030439700955744501
3.6477381366681487 4.9300177382796582 -0.030439700909920906
3.6521014597981347 4.9298849200286847 -0.030439700877137203
3.6564647829281203 4.9297521017778267 -0.030439700856248982
3.6608281060581063 4.9296192835270354 -0.030439700847398912
3.6651914291880923 4.9294864652762538 -0.030439700851160774
3.6695547523180778 4.9293536470254367 -0.030439700862682051
3.6739180754480638 4.9292208287745645 -0.030439700875123054
3.6782813985780494 4.9290880105236452 -0.030439700884064416
3.6826447217080354 4.9289551922726949 -0.030439700889596629
3.6870080448380214 4.9288223740217267 -0.030439700892103773
3.6913713679680069 4.9286895557707551 -0.030439700891208274
3.6957346910979929 4.9285567375197932 -0.030439700888008445
3.7000980142279785 4.9284239192688464 -0.030439700884604601
3.7044613373579645 4.928291101017912 -0.030439700882489169
3.7088246604879505 4.9281582827669848 -0.030439700880910772
3.713187983617936 4.9280254645160637 -0.030439700880189113
3.717551306747922 4.9278926462651427 -0.03043970088037945
3.7219146298779076 4.9277598280142207 -0.030439700880950431
3.7262779530078936 4.9276270097632944 -0.030439700882140173
3.7306412761378795 4.9274941915123636 -0.030439700882907577
3.7350045992678651 4.927361373261431 -0.030439700882932186
3.7393679223978511 4.9272285550104984 -0.030439700883287679
3.7437312455278371 4.9270957367595631 -0.030439700883663802
3.7480945686578226 4.9269629185086288 -0.03043970088303443
3.7524578917878086 4.9268301002576971 -0.03043970088273314
3.7568212149177942 4.9266972820067654 -0.030439700882735673
3.7611845380477802 4.9265644637558346 -0.030439700882416182
3.7655478611777662 4.9264316455049046 -0.030439700882460979
3.7699111843077517 4.9262988272539738 -0.030439700882610575
3.7742745074377377 4.926166009003043 -0.030439700882578077
3.7786378305677233 4.9260331907521122 -0.030439700882558481
3.7830011536977093 4.9259003725011814 -0.030439700882669347
3.7873644768276953 4.9257675542502497 -0.030439700882846837
3.7917277999576808 4.925634735999318 -0.030439700882645977
3.7960911230876668 4.9255019177483872 -0.030439700882661267
3.8004544462176524 4.9253690994974555 -0.030439700882800975
3.8048177693476384 4.9252362812465238 -0.030439700882837505
3.8091810924776244 4.9251034629955921 -0.030439700882542404
3.8135444156076099 4.9249706447446622 -0.030439700882474205
3.8179077387375959 4.9248378264937305 -0.030439700883042098
3.8222710618675819 4.9247050082427979 -0.030439700882661444
3.8266343849975675 4.924572189991868 -0.03043970088240415
3.8309977081275535 4.9244393717409372 -0.030439700882592641
3.835361031257539 4.9243065534900063 -0.030439700882706609
3.839724354387525 4.9241737352390746 -0.030439700882672917
3.844087677517511 4.9240409169881438 -0.030439700882684422
3.8484510006474966 4.9239080987372121 -0.030439700882681404
3.8528143237774826 4.9237752804862813 -0.03043970088268198
3.8571776469074681 4.9236424622353496 -0.030439700882682687
3.8615409700374541 4.9235096439844188 -0.03043970088267928
3.8659042931674401 4.9233768257334871 -0.030439700882682882
3.8702676162974257 4.9232440074825563 -0.030439700882681196
3.8746309394274117 4.9231111892316246 -0.030439700882684349
3.8789942625573972 4.9229783709806938 -0.030439700882673427
3.8833575856873832 4.9228455527297621 -0.030439700882713958
3.8877209088173692 4.9227127344788313 -0.030439700882553457
3.8920842319473548 4.9225799162279005 -0.030439700882553541
3.8964475550773408 4.9224470979769697 -0.030439700882713725
3.9008108782073267 4.922314279726038 -0.030439700882674274
3.9051742013373123 4.9221814614751072 -0.030439700882681189
3.9095375244672983 4.9220486432241755 -0.03043970088269296
3.9139008475972838 4.9219158249732446 -0.030439700882638979
3.9182641707272698 4.9217830067223129 -0.030439700882843122
3.9226274938572558 4.9216501884713812 -0.030439700882681889
3.9269908169872414 4.9215173702204504 -0.03043970088252133
3.9313541401172274 4.9213845519695196 -0.030439700882714117
3.9357174632472129 4.9212517337185879 -0.0304397008827142
3.9400807863771989 4.9211189154676571 -0.030439700882521101
3.9444441095071849 4.9209860972167263 -0.030439700882673448
3.9488074326371705 4.9208532789657946 -0.030439700882877115
3.9531707557671565 4.9207204607148629 -0.030439700882520737
3.957534078897142 4.920587642463933 -0.030439700882521278
3.961897402027128 4.9204548242130013 -0.030439700882875495
3.966260725157114 4.9203220059620696 -0.030439700882670107
3.9706240482870996 4.9201891877111388 -0.030439700882536072
3.9749873714170856 4.920056369460208 -0.03043970088266695
3.9793506945470716 4.9199235512092763 -0.030439700882878836
3.9837140176770571 4.9197907329583446 -0.03043970088252038
3.9880773408070431 4.9196579147074146 -0.030439700882520997
3.9924406639370287 4.9195250964564829 -0.030439700882876983
3.9968039870670147 4.9193922782055512 -0.030439700882673764
4.0011673101970002 4.9192594599546204 -0.030439700882519963
4.0055306333269867 4.9191266417036896 -0.030439700882718419
4.0098939564569722 4.9189938234527579 -0.030439700882689071
4.0142572795869578 4.9188610052018271 -0.030439700882626583
4.0186206027169442 4.9187281869508954 -0.030439700882887302
4.0229839258469298 4.9185953686999637 -0.030439700882517583
4.0273472489769153 4.9184625504490338 -0.030439700882532988
4.0317105721069009 4.9183297321981021 -0.030439700882841102
4.0360738952368873 4.9181969139471704 -0.030439700882795965
4.0404372183668729 4.9180640956962387 -0.030439700882668414
4.0448005414968584 4.9179312774453079 -0.030439700882631655
4.0491638646268449 4.9177984591943762 -0.03043970088288768
4.0535271877568304 4.9176656409434445 -0.030439700882511002
4.057890510886816 4.9175328226925146 -0.030439700882558936
4.0622538340168024 4.9174000044415829 -0.030439700882725292
4.066617157146788 4.9172671861906521 -0.030439700882622607
4.0709804802767735 4.9171343679397204 -0.030439700882885602
4.0753438034067591 4.9170015496887887 -0.030439700882546952
4.0797071265367455 4.9168687314378587 -0.030439700882398623
4.0840704496667311 4.9167359131869279 -0.030439700882719953
4.0884337727967166 4.9166030949359962 -0.030439700882822874
4.092797095926703 4.9164702766850645 -0.030439700882681907
4.0971604190566886 4.9163374584341337 -0.030439700882532228
4.1015237421866741 4.9162046401832029 -0.030439700882679801
4.1058870653166606 4.9160718219322712 -0.03043970088283126
4.1102503884466461 4.9159390036813395 -0.030439700882688533
4.1146137115766317 4.9158061854304087 -0.030439700882515911
4.1189770347066181 4.9156733671794779 -0.030439700882719852
4.1233403578366037 4.9155405489285462 -0.030439700882687395
4.1277036809665892 4.9154077306776154 -0.030439700882631857
4.1320670040965748 4.9152749124266837 -0.030439700882886472
4.1364303272265612 4.915142094175752 -0.030439700882515637
4.1407936503565468 4.9150092759248221 -0.03043970088252302
4.1451569734865323 4.9148764576738904 -0.030439700882882902
4.1495202966165188 4.9147436394229587 -0.030439700882638723
4.1538836197465043 4.9146108211720279 -0.030439700882644916
4.1582469428764899 4.9144780029210962 -0.030439700882882902
4.1626102660064763 4.9143451846701645 -0.030439700882516855
4.1669735891364619 4.9142123664192345 -0.030439700882521729
4.1713369122664474 4.9140795481683028 -0.030439700882886851
4.1757002353964339 4.9139467299173711 -0.030439700882624234
4.1800635585264194 4.9138139116664403 -0.030439700882698921
4.184426881656405 4.9136810934155086 -0.030439700882681386
4.1887902047863905 4.9135482751645778 -0.030439700882676845
4.193153527916377 4.9134154569136461 -0.030439700882693946
4.1975168510463625 4.9132826386627153 -0.030439700882630094
4.2018801741763481 4.9131498204117836 -0.030439700882886944
4.2062434973063345 4.9130170021608519 -0.030439700882515509
4.2106068204363201 4.912884183909922 -0.030439700882523082
4.2149701435663056 4.9127513656589903 -0.030439700882882802
4.2193334666962921 4.9126185474080586 -0.030439700882639077
4.2236967898262776 4.9124857291571278 -0.030439700882643611
4.2280601129562632 4.9123529109061961 -0.030439700882887787
4.2324234360862487 4.9122200926552644 -0.030439700882517205
4.2367867592162352 4.9120872744043345 -0.030439700882515418
4.2411500823462207 4.9119544561534028 -0.030439700882893182
4.2455134054762063 4.9118216379024711 -0.030439700882623811
4.2498767286061927 4.9116888196515402 -0.030439700882694265
4.2542400517361783 4.9115560014006086 -0.030439700882681855
4.2586033748661638 4.9114231831496777 -0.030439700882679593
4.2629666979961502 4.911290364898746 -0.030439700882682472
4.2673300211261358 4.9111575466478152 -0.03043970088267324
4.2716933442561213 4.9110247283968835 -0.030439700882725865
4.2760566673861078 4.9108919101459527 -0.030439700882505995
4.2804199905160933 4.9107590918950219 -0.030439700882722208
4.2847833136460789 4.9106262736440902 -0.030439700882706453
4.2891466367760644 4.9104934553931594 -0.030439700882553263
4.2935099599060509 4.9103606371422286 -0.030439700882552521
4.2978732830360364 4.9102278188912978 -0.030439700882708694
4.302236606166022 4.9100950006403661 -0.030439700882713989
4.3065999292960084 4.9099621823894353 -0.030439700882518059
4.310963252425994 4.9098293641385045 -0.030439700882685831
4.3153265755559795 4.9096965458875728 -0.030439700882839912
4.319689898685966 4.9095637276366411 -0.030439700882647892
4.3240532218159515 4.9094309093857103 -0.030439700882651233
4.3284165449459371 4.9092980911347786 -0.030439700882848468
4.3327798680759235 4.9091652728838469 -0.030439700882648277
4.3371431912059091 4.909032454632916 -0.03043970088264112
4.3415065143358946 4.9088996363819843 -0.030439700882888526
4.3458698374658802 4.9087668181310526 -0.030439700882516744
4.3502331605958666 4.9086339998801227 -0.030439700882516529
4.3545964837258522 4.908501181629191 -0.030439700882889185
4.3589598068558377 4.9083683633782593 -0.030439700882638698
4.3633231299858242 4.9082355451273285 -0.030439700882638716
4.3676864531158097 4.9081027268763968 -0.03043970088288914
4.3720497762457953 4.9079699086254651 -0.030439700882516699
4.3764130993757817 4.9078370903745352 -0.030439700882516088
4.3807764225057673 4.9077042721236035 -0.03043970088289099
4.3851397456357528 4.9075714538726718 -0.030439700882631926
4.3895030687657384 4.907438635621741 -0.030439700882682628
4.3938663918957248 4.9073058173708093 -0.030439700882720244
4.3982297150257104 4.9071729991198785 -0.030439700882519086
4.4025930381556959 4.9070401808689477 -0.030439700882694029
4.4069563612856824 4.906907362618016 -0.03043970088278751
4.4113196844156679 4.9067745443670843 -0.030439700882849297
4.4156830075456535 4.9066417261161526 -0.030439700882527256
4.4200463306756399 4.9065089078652226 -0.030439700882513705
4.4244096538056255 4.9063760896142909 -0.030439700882889959
4.428772976935611 4.9062432713633592 -0.030439700882638421
4.4331363000655974 4.9061104531124284 -0.030439700882639077
4.437499623195583 4.9059776348614967 -0.030439700882887995
4.4418629463255686 4.905844816610565 -0.030439700882520907
4.4462262694555541 4.9057119983596351 -0.030439700882519016
4.4505895925855405 4.9055791801087034 -0.030439700882875075
4.4549529157155261 4.9054463618577717 -0.030439700882674059
4.4593162388455116 4.9053135436068409 -0.030439700882530001
4.4636795619754981 4.9051807253559101 -0.030439700882677972
4.4680428851054836 4.9050479071049784 -0.030439700882840828
4.4724062082354692 4.9049150888540467 -0.030439700882670666
4.4767695313654556 4.9047822706031159 -0.030439700882559199
4.4811328544954412 4.9046494523521851 -0.030439700882564567
4.4854961776254267 4.9045166341012543 -0.03043970088267316
4.4898595007554132 4.9043838158503226 -0.030439700882825486
4.4942228238853987 4.9042509975993909 -0.030439700882718281
4.4985861470153843 4.9041181793484601 -0.030439700882402696
4.5029494701453698 4.9039853610975301 -0.030439700882550901
4.5073127932753563 4.9038525428465984 -0.030439700882865735
4.5116761164053418 4.9037197245956667 -0.030439700882679537
4.5160394395353274 4.9035869063447359 -0.030439700882517417
4.5204027626653138 4.9034540880938051 -0.030439700882722822
4.5247660857952994 4.9033212698428734 -0.030439700882674
4.5291294089252849 4.9031884515919426 -0.030439700882682476
4.5334927320552714 4.9030556333410109 -0.030439700882678798
4.5378560551852569 4.9029228150900801 -0.030439700882685026
4.5422193783152425 4.9027899968391484 -0.030439700882682417
4.5465827014452289 4.9026571785882176 -0.030439700882668019
4.5509460245752145 4.9025243603372859 -0.03043970088272822
4.5553093477052 4.9023915420863551 -0.030439700882520397
4.5596726708351856 4.9022587238354243 -0.030439700882680838
4.564035993965172 4.9021259055844926 -0.030439700882838958
4.5683993170951576 4.9019930873335609 -0.030439700882656694
4.5727626402251431 4.9018602690826301 -0.030439700882635562
4.5771259633551296 4.9017274508316984 -0.030439700882883752
4.5814892864851151 4.9015946325807667 -0.030439700882522795
4.5858526096151007 4.9014618143298367 -0.030439700882515699
4.5902159327450871 4.901328996078905 -0.030439700882886434
4.5945792558750727 4.9011961778279733 -0.030439700882631919
4.5989425790050582 4.9010633595770425 -0.03043970088268718
4.6033059021350438 4.9009305413261108 -0.030439700882720681
4.6076692252650302 4.90079772307518 -0.030439700882512782
4.6120325483950158 4.9006649048242492 -0.03043970088270025
4.6163958715250013 4.9005320865733175 -0.030439700882787506
4.6207591946549877 4.9003992683223858 -0.030439700882843104
4.6251225177849733 4.9002664500714541 -0.030439700882533456
4.6294858409149588 4.9001336318205242 -0.030439700882513715
4.6338491640449453 4.9000008135695925 -0.030439700882883731
4.6382124871749308 4.8998679953186608 -0.030439700882644735
4.6425758103049164 4.89973517706773 -0.030439700882638625
4.6469391334349028 4.8996023588167983 -0.030439700882883457
4.6513024565648884 4.8994695405658666 -0.030439700882520911
4.6556657796948739 4.8993367223149367 -0.030439700882523537
4.6600291028248595 4.899203904064005 -0.030439700882875578
4.6643924259548459 4.8990710858130733 -0.030439700882667512
4.6687557490848315 4.8989382675621425 -0.030439700882537075
4.673119072214817 4.8988054493112116 -0.030439700882674812
4.6774823953448035 4.8986726310602799 -0.030439700882846372
4.681845718474789 4.8985398128093482 -0.030439700882633064
4.6862090416047746 4.8984069945584174 -0.030439700882722655
4.690572364734761 4.8982741763074857 -0.030439700882559002
4.6949356878647466 4.8981413580565558 -0.030439700882513375
4.6992990109947321 4.8980085398056241 -0.030439700882878142
4.7036623341247186 4.8978757215546924 -0.030439700882667411
4.7080256572547041 4.8977429033037616 -0.030439700882534934
4.7123889803846897 4.8976100850528308 -0.030439700882683465
4.7167523035146752 4.8974772668018991 -0.030439700882832509
4.7211156266446617 4.8973444485509674 -0.030439700882679884
4.7254789497746472 4.8972116303000366 -0.03043970088253067
4.7298422729046328 4.8970788120491058 -0.030439700882688055
4.7342055960346192 4.8969459937981741 -0.030439700882799819
4.7385689191646048 4.8968131755472424 -0.03043970088280604
4.7429322422945903 4.8966803572963107 -0.030439700882687968
4.7472955654245768 4.8965475390453799 -0.030439700882524793
4.7516588885545623 4.8964147207944491 -0.030439700882684911
4.7560222116845479 4.8962819025435174 -0.030439700882836852
4.7603855348145334 4.8961490842925857 -0.030439700882679641
4.7647488579445199 4.8960162660416549 -0.030439700882527274
4.7691121810745054 4.895883447790724 -0.030439700882683319
4.773475504204491 4.8957506295397923 -0.030439700882840738
4.7778388273344774 4.8956178112888606 -0.030439700882647098
4.782202150464463 4.8954849930379298 -0.030439700882653565
4.7865654735944485 4.8953521747869981 -0.030439700882839944
4.7909287967244349 4.8952193565360664 -0.030439700882680023
4.7952921198544205 4.8950865382851356 -0.03043970088252267
4.7996554429844061 4.8949537200342048 -0.030439700882719915
4.8040187661143925 4.8948209017832731 -0.030439700882680377
4.808382089244378 4.8946880835323423 -0.030439700882641293
4.8127454123743636 4.8945552652814106 -0.03043970088285574
4.8171087355043491 4.8944224470304789 -0.030439700882647708
4.8214720586343356 4.8942896287795481 -0.030439700882636107
4.8258353817643211 4.8941568105286164 -0.030439700882890577
4.8301987048943067 4.8940239922776847 -0.030439700882513535
4.8345620280242931 4.8938911740267548 -0.030439700882527301
4.8389253511542787 4.8937583557758231 -0.030439700882849297
4.8432886742842642 4.8936255375248914 -0.030439700882787454
4.8476519974142507 4.8934927192739597 -0.030439700882694251
4.8520153205442362 4.8933599010230289 -0.03043970088251826
4.8563786436742218 4.8932270827720981 -0.030439700882723342
4.8607419668042082 4.8930942645211664 -0.030439700882671075
4.8651052899341938 4.8929614462702355 -0.030439700882675072
4.8694686130641793 4.8928286280193038 -0.030439700882729952
4.8738319361941649 4.892695809768373 -0.03043970088250644
4.8781952593241513 4.8925629915174422 -0.030439700882716331
4.8825585824541369 4.8924301732665105 -0.030439700882710957
4.8869219055841224 4.8922973550155797 -0.030439700882541137
4.8912852287141089 4.8921645367646489 -0.030439700882596513
4.8956485518440944 4.8920317185137181 -0.03043970088254486
4.90001187497408 4.8918989002627873 -0.030439700882714693
4.9043751981040664 4.8917660820118556 -0.030439700882679065
4.908738521234052 4.8916332637609248 -0.030439700882651761
4.9131018443640375 4.8915004455099931 -0.030439700882815186
4.9174651674940231 4.8913676272590614 -0.030439700882799459
4.9218284906240095 4.8912348090081297 -0.030439700882680349
4.9261918137539951 4.8911019907571989 -0.030439700882561871
4.9305551368839806 4.8909691725062681 -0.030439700882562776
4.9349184600139671 4.8908363542553372 -0.030439700882659057
4.9392817831439526 4.8907035360044055 -0.030439700882883721
4.9436451062739382 4.8905707177534739 -0.030439700882518034
4.9480084294039246 4.8904378995025439 -0.030439700882516175
4.9523717525339102 4.8903050812516122 -0.0304397008828893
4.9567350756638957 4.8901722630006805 -0.03043970088263858
4.9610983987938821 4.8900394447497497 -0.03043970088263909
4.9654617219238677 4.889906626498818 -0.030439700882887773
4.9698250450538533 4.8897738082478863 -0.030439700882521754
4.9741883681838388 4.8896409899969564 -0.030439700882515859
4.9785516913138252 4.8895081717460247 -0.030439700882886854
4.9829150144438108 4.889375353495093 -0.030439700882630101
4.9872783375737963 4.8892425352441622 -0.030439700882694029
4.9916416607037828 4.8891097169932305 -0.030439700882676494
4.9960049838337683 4.8889768987422997 -0.030439700882682687
5.0003683069637539 4.888844080491368 -0.030439700882694029
5.0047316300937403 4.8887112622404372 -0.030439700882623884
5.0090949532237259 4.8885784439895055 -0.030439700882893168
5.0134582763537114 4.8884456257385738 -0.030439700882515412
5.0178215994836979 4.8883128074876439 -0.030439700882517209
5.0221849226136834 4.8881799892367122 -0.03043970088288778
5.026548245743669 4.8880471709857805 -0.030439700882643615
5.0309115688736545 4.8879143527348496 -0.030439700882639073
5.035274892003641 4.8877815344839179 -0.030439700882882805
5.0396382151336265 4.8876487162329862 -0.030439700882523082
5.0440015382636121 4.8875158979820563 -0.030439700882515498
5.0483648613935985 4.8873830797311246 -0.030439700882886962
5.0527281845235841 4.8872502614801929 -0.030439700882630042
5.0570915076535696 4.8871174432292621 -0.030439700882694161
5.0614548307835561 4.8869846249783304 -0.030439700882676023
5.0658181539135416 4.8868518067273996 -0.030439700882684464
5.0701814770435272 4.8867189884764679 -0.030439700882687413
5.0745448001735127 4.8865861702255371 -0.030439700882667203
5.0789081233034992 4.8864533519746054 -0.030439700882726475
5.0832714464334847 4.8863205337236746 -0.0304397008825096
5.0876347695634703 4.8861877154727438 -0.030439700882725778
5.0919980926934567 4.8860548972218121 -0.030439700882669989
5.0963614158234423 4.8859220789708813 -0.03043970088267697
5.1007247389534278 4.8857892607199496 -0.030439700882723429
5.1050880620834143 4.8856564424690188 -0.030439700882512022
5.1094513852133998 4.8855236242180879 -0.030439700882700531
5.1138147083433854 4.8853908059671562 -0.030439700882787132
5.1181780314733718 4.8852579877162245 -0.030439700882844284
5.1225413546033574 4.8851251694652928 -0.030439700882529112
5.1269046777333429 4.8849923512143629 -0.030439700882529896
5.1312680008633285 4.8848595329634312 -0.030439700882841921
5.1356313239933149 4.8847267147124995 -0.030439700882795798
5.1399946471233005 4.8845938964615678 -0.030439700882668265
5.144357970253286 4.884461078210637 -0.030439700882632446
5.1487212933832724 4.8843282599597053 -0.030439700882884637
5.153084616513258 4.8841954417087736 -0.030439700882522368
5.1574479396432436 4.8840626234578437 -0.030439700882516518
5.16181126277323 4.883929805206912 -0.030439700882883593
5.1661745859032155 4.8837969869559803 -0.030439700882642494
5.1705379090332011 4.8836641687050495 -0.030439700882647722
5.1749012321631875 4.8835313504541178 -0.030439700882849335
5.1792645552931731 4.8833985322031861 -0.030439700882648305
5.1836278784231586 4.8832657139522553 -0.030439700882658717
5.1879912015531442 4.8831328957013236 -0.030439700882818121
5.1923545246831306 4.8830000774503919 -0.030439700882762169
5.1967178478131162 4.8828672591994602 -0.030439700882826579
5.2010811709431017 4.8827344409485285 -0.030439700882643465
5.2054444940730882 4.8826016226975977 -0.030439700882682247
5.2098078172030737 4.882468804446666 -0.030439700882710259
5.2141711403330593 4.8823359861957352 -0.030439700882578011
5.2185344634630457 4.8822031679448044 -0.030439700882449735
5.2228977865930313 4.8820703496938744 -0.030439700882484436
5.2272611097230168 4.8819375314429436 -0.030439700882492478
5.2316244328530024 4.8818047131920137 -0.030439700882425622
5.2359877559829888 4.8816718949410829 -0.030439700882666409
5.2403510791129744 4.8815390766901512 -0.030439700882991468
5.2447144022429599 4.8814062584392177 -0.030439700883301026
5.2490777253729464 4.8812734401882834 -0.030439700883551118
5.2534410485029319 4.8811406219373481 -0.030439700883462529
5.2578043716329175 4.8810078036864146 -0.030439700882974711
5.2621676947629039 4.8808749854354829 -0.030439700882553333
5.2665310178928895 4.8807421671845539 -0.030439700881673346
5.270894341022875 4.8806093489336302 -0.030439700880137241
5.2752576641528615 4.8804765306827127 -0.030439700879204383
5.279620987282847 4.8803437124317961 -0.030439700879586633
5.2839843104128326 4.8802108941808759 -0.030439700880841056
5.2883476335428181 4.8800780759299478 -0.03043970088337979
5.2927109566728046 4.8799452576790054 -0.030439700887218465
5.2970742798027901 4.8798124394280444 -0.030439700891919729
5.3014376029327757 4.8796796211770648 -0.030439700894942561
5.3058009260627621 4.8795468029260807 -0.030439700894008711
5.3101642491927477 4.879413984675109 -0.030439700889225294
5.3145275723227332 4.8792811664241675 -0.030439700879999379
5.3188908954527196 4.8791483481732767 -0.030439700866097222
5.3232542185827052 4.8790155299224542 -0.030439700849102479
5.3276175417126908 4.8788827116717002 -0.030439700836959554
5.3319808648426772 4.8787498934209701 -0.030439700838998093
5.3363441879726627 4.8786170751701947 -0.03043970085764286
5.3407075111026483 4.8784842569193039 -0.030439700891574464
5.3450708342326338 4.8783514386682301 -0.03043970094238722
5.3494341573626203 4.8782186204169014 -0.030439701006244584
5.3537974804926058 4.8780858021653151 -0.030439701052356972
5.3581608036225914 4.8779529839136337 -0.030439701046503221
5.3625241267525778 4.8778201656621123 -0.030439700979208586
5.3668874498825634 4.8776873474110136 -0.030439700853643656
5.3712507730125489 4.8775545291605953 -0.030439700664768816
5.3756140961425354 4.8774217109111238 -0.030439700427073491
5.3799774192725209 4.8772888926626186 -0.030439700251353993
5.3843407424025065 4.8771560744144908 -0.030439700268007481
5.388704065532492 4.8770232561657858 -0.030439700514513002
5.3930673886624785 4.8768904379155291 -0.030439700975586435
5.397430711792464 4.8767576196627669 -0.030439701674311755
5.4017940349224496 4.8766248014064839 -0.030439702561727816
5.406157358052436 4.8764919831465718 -0.030439703229184989
5.4105206811824216 4.8763591648851738 -0.030439703188768607
5.4148840043124071 4.8762263466258338 -0.030439702289726294
5.4192473274423936 4.8760935283721993 -0.030439700588457495
5.4236106505723791 4.8759607101278215 -0.030439698005287185
5.4279739737023647 4.8758278918964999 -0.030439694698092004
5.4323372968323511 4.8756950736788092 -0.030439692161328146
5.4367006199623367 4.875562255466952 -0.030439692232822446
5.4410639430923222 4.87542943724777 -0.030439695508936746
5.4454272662223078 4.8752966190076243 -0.030439701782713272
5.4497905893522942 4.8751638007332811 -0.030439711337527806
5.4541539124822798 4.8750309824105047 -0.030439723657240222
5.4585172356122653 4.8748981640365816 -0.030439733289690442
5.4628805587422518 4.8747653456398066 -0.030439733317837909
5.4672438818722373 4.8746325272690667 -0.030439721384169106
5.4716072050022229 4.8744997089753204 -0.030439698253401554
5.4759705281322093 4.8743668908079014 -0.03043966291695771
5.4803338512621949 4.8742340728201059 -0.030439617037211809
5.4846971743921804 4.8741012550241543 -0.030439580490554709
5.4890604975221668 4.8739684373174548 -0.030439579289512846
5.4934238206521524 4.8738356195184664 -0.030439622728206182
5.497787143782138 4.8737028014367754 -0.030439707999721101
5.5021504669121235 4.8735699828884549 -0.030439838677805187
5.5065137900421099 4.8734371636740565 -0.030440009486081273
5.5108771131720955 4.8733043437404353 -0.030440148037537744
5.5152404363020811 4.8731715234591029 -0.030440156593303437
5.5196037594320675 4.8730387035039939 -0.030439998592620216
5.523967082562053 4.8729058845865874 -0.030439684273242475
5.5283304056920386 4.8727730673927363 -0.030439201050376997
5.532693728822025 4.8726402526683836 -0.030438565329694352
5.5370570519520106 4.8725074406392457 -0.030438040440132968
5.5414203750819961 4.8723746299616408 -0.030437993380225729
5.5457836982119817 4.8722418181344604 -0.030438567653624897
5.5501470213419681 4.8721090024993723 -0.030439726134366785
5.5545103444719537 4.8719761804984953 -0.030441512856493734
5.5588736676019392 4.871843349343461 -0.030443878216260729
5.5632369907319257 4.871710508092618 -0.030445865356783161
5.5676003138619112 4.8715776615994741 -0.03044609714217222
5.5719636369918968 4.8714448191434112 -0.030444011508292398
5.5763269601218832 4.8713119906562703 -0.030439742242731695
5.5806902832518688 4.8711791856791153 -0.030433136339880162
5.5850536063818543 4.8710464146297223 -0.030424337930398733
5.5894169295118408 4.8709136813820564 -0.030416819907311009
5.5937802526418263 4.8707809684287016 -0.030415746515598238
5.5981435757718119 4.8706482413526437 -0.030423314820383109
5.6025068989017974 4.8705154630497729 -0.030439046010490953
5.6068702220317839 4.8703825979260174 -0.030463467550664664
5.6112335451617694 4.8702496070775023 -0.030496185820257735
5.615596868291755 4.8701164747441039 -0.03052461101910111
5.6199601914217414 4.8699832639873417 -0.030529389727429843
5.624323514551727 4.8698501024193064 -0.030501949951014212
5.6286868376817125 4.8697171286464362 -0.030443992226431224
5.633050160811699 4.8695844754756425 -0.030353714706016388
5.6374134839416845 4.8694522881231777 -0.03023207967053931
5.6417768070716701 4.8693206301186134 -0.030124671434562527
5.6461401302016565 4.8691892746586687 -0.030103972248934505
5.6505034533316421 4.869057748732641 -0.030203366714918911
5.6548667764616276 4.8689255346004474 -0.030416867586764037
5.6592300995916132 4.8687921366711056 -0.030750564303016356
5.6635934227215996 4.8686570131266622 -0.031202641079459411
5.6679567458515852 4.8685199098351086 -0.031608256653024754
5.6723200689815707 4.8683816411994041 -0.031696123047744225
5.6766833921115571 4.8682439599155547 -0.031336440124968591
5.6810467152415427 4.8681087997538777 -0.030550076111320861
5.6854100383715283 4.8679780103380557 -0.02931671567754544
5.6897733615015147 4.8678536124453444 -0.027636930349583328
5.6941366846315002 4.8677366160572682 -0.026106044776757223
5.6985000077614858 4.8676241017789827 -0.025738800972508122
5.7028633308914722 4.8675095773720605 -0.027039052716396728
5.7072266540214578 4.8673858207872556 -0.029934930131808486
5.7115899771514433 4.8672459280668576 -0.034493136272531762
5.7159533002814289 4.8670823652843076 -0.040733159845337534
5.7203166234114153 4.8668911409707105 -0.046507863165286718
5.7246799465414009 4.8666827014267984 -0.048024014603864337
5.7290432696713864 4.8664810864621524 -0.04332879094757891
5.7334065928013729 4.8663132656560446 -0.032666147190055062
5.7377699159313584 4.8662050122212817 -0.015821286302237059
5.742133239061344 4.8661844048233185 0.0073531100820232228
5.7464965621913304 4.8662671345077069 0.029120983884544354
5.750859885321316 4.8664158677099634 0.035305112603801703
5.7552232084513015 4.8665415492549577 0.018332247943751288
5.7595865315812871 4.866543299357394 -0.02101855748867926
5.7639498547112735 4.8663245024034696 -0.083488440551497345
5.7683131778412591 4.8657797334439383 -0.17001693095811291
5.7726765009712446 4.8648459585982478 -0.25301567398920044
5.7770398241012311 4.8636532706121729 -0.27996851970416314
5.7814031472312166 4.8625258569174568 -0.22229465940047083
5.7857664703612022 4.8618312097276464 -0.08360962708495151
5.7901297934911886 4.861914999049608 0.13673823521909323
5.7944931166211742 4.8631460734309302 0.44069037620590529
5.7988564397511597 4.8657337989769651 0.72611368366658791
5.8032197628811462 4.8691634685861205 0.79211104178596603
5.8075830860111317 4.8721611988814661 0.5245968024377019
5.8119464091411173 4.8732585430459716 -0.074932451441175454
5.8163097322711028 4.8710222642822458 -1.0079407447940278
5.8206730554010893 4.8639643443095277 -2.2835249080306932
5.8250363785310748 4.8508130827571225 -3.7527693287230783
5.8293997016610604 4.8313807631732173 -5.1082179434704411
5.8337630247910468 4.8066633537272239 -6.1694765781063072
5.8381263479210324 4.7779746131820797 -6.9332396785211063
5.8424896710510179 4.7465934821235312 -7.3985661332239374
5.8468529941810043 4.713866247829773 -7.5501609826199507
5.8512163173109899 4.6810242613243185 -7.4828653493701029
5.8555796404409755 4.648580099813203 -7.4058265240926922
5.8599429635709619 4.616230800667263 -7.4425305826120836
5.8643062867009474 4.5834709846184207 -7.5897812473626978
5.868669609830933 4.5498487923085511 -7.8392514026160907
5.8730329329609186 4.5149085344653921 -8.1932814643113936
5.877396256090905 4.4782245253026813 -8.6328412619896273
5.8817595792208905 4.4395045253296752 -9.1193312698379891
5.8861229023508761 4.3986080895091293 -9.6300626687998143
5.8904862254808625 4.3554277051937014 -10.167381439022302
5.8948495486108481 4.309835890072744 -10.735679964690798
5.8992128717408336 4.2616919434559364 -11.337861146432125
5.9035761948708201 4.2108433374104859 -11.975141098864952
5.9079395180008056 4.1571413440781955 -12.645271536997237
5.9123028411307912 4.1004449726878889 -13.348097118159986
5.9166661642607767 4.0406057049434088 -14.086343413762206
5.9210294873907632 3.9774615116419092 -14.863728440941935
5.9253928105207487 3.9108312954373763 -15.68505426444395
5.9297561336507343 3.8405378494569975 -16.537830005333731
5.9341194567807207 3.7665181718698277 -17.386020619462418
5.9384827799107063 3.6888547984749644 -18.207671256071102
5.9428461030406918 3.6076598050817323 -19.006261843848847
5.9472094261706783 3.5230183206434864 -19.788044597231035
5.9515727493006638 3.4349936737235005 -20.558046867360581
5.9559360724306494 3.3436394143082873 -21.311619133487312
5.9602993955606358 3.2490678129679615 -22.028682082237662
5.9646627186906214 3.1514751667136398 -22.696056863320447
5.9690260418206069 3.0510779417557061 -23.314898546100423
5.9733893649505925 2.948082420056823 -23.886900556396846
5.9777526880805789 2.8426943885857123 -24.411476627273846
5.9821160112105645 2.7351258941762455 -24.885314767209099
5.98647933434055 2.6256139976618047 -25.300746883778178
5.9908426574705365 2.5144310110783139 -25.650322037406848
5.995205980600522 2.4018763531101182 -25.928637978706284
5.9995693037305076 2.2882731444052609 -26.129821216357474
6.003932626860494 2.1739729436252655 -26.246919157343537
6.0082959499904796 2.0593535999176602 -26.275987120623881
6.0126592731204651 1.9447979447213724 -26.218254845470877
6.0170225962504515 1.830683283924837 -26.073121573226327
6.0213859193804371 1.7174018149625565 -25.83532101509001
6.0257492425104227 1.6053698928123328 -25.499670908746378
6.0301125656404082 1.4950239290562579 -25.061767183605937
6.0344758887703946 1.3868099777600074 -24.523988795656589
6.0388392119003802 1.2811370556440225 -23.900059311001559
6.0432025350303658 1.1783520641954299 -23.200877800584514
6.0475658581603522 1.0787786464703077 -22.42782302227824
6.0519291812903377 0.98273891759384513 -21.581522720832698
6.0562925044203233 0.89054907688420026 -20.663205096575027
6.0606558275503097 0.80251056733650084 -19.681542713079118
6.0650191506802953 0.71885452766628966 -18.659100478153039
6.0693824738102808 0.63971206647897294 -17.614059496634827
6.0737457969402664 0.56516947475551793 -16.550720407697852
6.0781091200702528 0.49530360978033489 -15.47100001052624
6.0824724432002384 0.43018013436464497 -14.377113354015593
6.0868357663302239 0.36985199616800457 -13.274722490526456
6.0911990894602104 0.31432875666818544 -12.177536597273907
6.0955624125901959 0.26355948435741616 -11.096478967468652
6.0999257357201815 0.21746721173875311 -10.033640191734889
6.1042890588501679 0.1759726586231744 -8.9892257318284035
6.1086523819801535 0.13899333009390391 -7.9641235240569141
6.113015705110139 0.10644723378798632 -6.9564411148706871
6.1173790282401255 0.078271361709034704 -5.9594621626169486
6.121742351370111 0.054434185761572093 -4.9672478129571882
6.1261056745000966 0.034919332343682351 -3.9782063770989358
6.1304689976300821 0.019714813686883607 -2.9912085253367877
6.1348323207600686 0.0088143143166412759 -2.0054478063022203
6.1391956438900541 0.0022218845213775951 -1.0142523995110477
6.1435589670200397 0 0.002181288602633709
6.1479222901500261 0.002302378850644088 1.0608710692005661
6.1522856132800117 0.0093243741901010771 2.1653018869173719
6.1566489364099972 0.021265176712306648 3.31578080592636
6.1610122595399837 0.038327349278879416 4.5125516802966743
6.1653755826699692 0.060713569698556707 5.7567295931136471
6.1697389057999548 0.088637881162288393 7.0515036509832782
6.1741022289299412 0.12233252932692897 8.403331699263882
6.1784655520599268 0.16202796670058442 9.7944754653412982
6.1828288751899123 0.20793702924334689 11.276085069839647
6.1871921983198979 0.26025479586675948 12.636977209396749
6.1915555214498843 0.31697727727221975 13.146558201939262
6.1959188445798699 0.37365293325404109 12.743606106073951
6.2002821677098554 0.42789583816190441 12.141002277494904
6.2046454908398418 0.47965742303263942 11.575703268960076
6.2090088139698274 0.52887385453301383 10.983554586671836
6.213372137099813 0.57550200669030727 10.387959977631603
6.2177354602297994 0.61952464549167674 9.7914982802483124
6.2220987833597849 0.66096716332203975 9.2075601464460615
6.2264621064897705 0.69991903880428097 8.6533743338947744
6.2308254296197561 0.7365595146555024 8.1524148565084413
6.2351887527497425 0.7711853333182539 7.7360610063134896
6.239552075879728 0.80423274331231709 7.4320257749467098
6.2439153990097136 0.83628315945039888 7.2938042080826291
6.2482787221397 0.86803889995721262 7.2626391851585783
6.2526420452696856 0.90025795717754187 7.6414699109024404
6.2570053683996711 0.93364413075058417 7.2783152325372056
6.2613686915296576 0.96870247589360925 10.304253797764915
6.2657320146596431 1.0055860929033669 0.96831919133428723
6.2700953377896287 1.0439720718676417 37.574031536504606
6.2744586609196151 1.083007001338024 -98.03374974486924
6.2788219840496007 1.1213509006462832 407.76273119511148
6.2831853071795862 3.90501567241673 407.2530641901277
