# q  U_kJmol  dU_dq   # conservative spline pchip_hermite_v1
0 0.61635586569630207 4.3569472117476256
0.0043633231299858239 0.61609773538435442 -0.97524396551870596
0.0087266462599716477 0.61894382385709312 1.3233776123643897
0.013089969389957472 0.62418606105325714 1.2428566059265986
0.017453292519943295 0.63000853736306939 1.3127325888952974
0.021816615649929118 0.63527332934019831 1.129257188543872
0.026179938779914945 0.63994877781059667 1.0046445567917646
0.030543261909900768 0.6440053889359727 0.8558865198240786
0.034906585039886591 0.64741594293110372 0.70585391990012891
0.039269908169872414 0.65015568637729149 0.54933083422751272
0.043633231299858237 0.65220508498483887 0.38959426920149437
0.04799655442984406 0.65355288480777951 0.22803367579168446
0.05235987755982989 0.65419421471502048 0.065895888952600831
0.056723200689815713 0.65412832006705046 -0.095977090731187237
0.061086523819801536 0.65335850785819527 -0.25657723570259389
0.065449846949787352 0.65189199214480942 -0.41529978507850751
0.069813170079773182 0.64973620614140792 -0.57273482992226332
0.074176493209759012 0.64689447113845777 -0.72980323553548865
0.078539816339744828 0.64336770801989129 -0.88670899833453354
0.082903139469730658 0.63915656469949045 -1.0435533457655584
0.087266462599716474 0.63426052801755217 -1.2007133474029332
0.091629785729702304 0.62867610579138378 -1.3594260181602995
0.09599310885968812 0.62239003514437008 -1.523132288437347
0.10035643198967395 0.61537121779402226 -1.6958119778072809
0.10471975511965978 0.60757488321727326 -1.8797679395465847
0.1090830782496456 0.59894841851094027 -2.0766013045392517
0.11344640137963143 0.58943132620169458 -2.2884177504680183
0.11780972450961724 0.57895450449171326 -2.5165303645785544
0.12217304763960307 0.56744977762757953 -2.7588603167210257
0.1265363707695889 0.55486244455231193 -3.0125086201841471
0.1308996938995747 0.54114410210686936 -3.2775554174699861
0.13526301702956053 0.52624283705747743 -3.5546623592358868
0.13962634015954636 0.51010515320107519 -3.8446044194769651
0.14398966328953219 0.49267662221931396 -4.1453492963302141
0.14835298641951802 0.47393402895978776 -4.4434315064314873
0.15271630954950383 0.45392799548177937 -4.7225179658059941
0.15707963267948966 0.43275905684960131 -4.9763221121352563
0.16144295580947549 0.41054156243851347 -5.202507603725798
0.16580627893946132 0.38740317831654503 -5.3980524655871411
0.17016960206944712 0.36348601057058455 -5.5582968302208746
0.17453292519943295 0.33896677806289566 -5.6711759256154073
0.17889624832941878 0.31408465224676579 -5.7228714773369731
0.18325957145940461 0.28912414761261168 -5.7066065406148176
0.18762289458939044 0.26438800363177206 -5.6196010192094157
0.19198621771937624 0.24019216580390362 -5.4581418727462792
0.19634954084936207 0.21686659166495692 -5.2211475962174294
0.2007128639793479 0.19472338056893079 -4.9193016649923154
0.20507618710933373 0.17401052970877537 -4.567303463497753
0.20943951023931956 0.15493228894816963 -4.1698238260725056
0.21380283336930536 0.13768690785959706 -3.7276839752574635
0.21816615649929119 0.12246595649052811 -3.2416461859951653
0.22252947962927702 0.10945474459256183 -2.7167369014665592
0.22689280275926285 0.098775205825586465 -2.179966527313431
0.23125612588924865 0.090398065685804135 -1.6658042639980797
0.23561944901923448 0.084184777975203989 -1.1884556620988753
0.23998277214922031 0.079968333116090112 -0.75132897994338643
0.24434609527920614 0.077563204716420225 -0.35888683570753133
0.24870941840919197 0.076764191298978879 -0.016129314208711214
0.2530727415391778 0.077336807277006286 0.26774467929052692
0.25743606466916363 0.078999989259070813 0.4823720405333215
0.26179938779914941 0.081437593140864184 0.62225983080780822
0.26616271092913524 0.084319205163314509 0.68581209581979263
0.27052603405912107 0.08730764551558079 0.67044250501711045
0.2748893571891069 0.090056276822183895 0.57693779791976529
0.27925268031909273 0.092258916249674111 0.42604929878608183
0.28361600344907856 0.093733389666267014 0.24706156804761717
0.28797932657906439 0.09439066247596628 0.051385170137224497
0.29234264970905022 0.094159312273311868 -0.15975943520196562
0.29670597283903605 0.092976089078502938 -0.38493645516293779
0.30106929596902182 0.090785437312914857 -0.6202002941736986
0.30543261909900765 0.08757968235229463 -0.84455832751522808
0.30979594222899348 0.083472848535096233 -1.0293320871702143
0.31415926535897931 0.078672641626404333 -1.1621434223397686
0.31852258848896514 0.073408700875765676 -1.2416924467839883
0.32288591161895097 0.067917731021528316 -1.2656186309229132
0.3272492347489368 0.062447126641712335 -1.2324563146916019
0.33161255787892263 0.057237267216402939 -1.1479021016217079
0.33597588100890846 0.052490928124620924 -1.0213131391065173
0.34033920413889424 0.048380888884965272 -0.85604254390215939
0.34470252726888007 0.045076884894104365 -0.65203732011852344
0.3490658503988659 0.042748239082798241 -0.40853290929616881
0.35342917352885173 0.041567287832280822 -0.12685223590483669
0.35779249665883756 0.041668203465194675 0.1733640615656416
0.36215581978882339 0.043064101553960732 0.46252929727660824
0.36651914291880922 0.045670530502645836 0.72831611905251714
0.37088246604879505 0.049386290195931049 0.97102294415865287
0.37524578917878088 0.054111041652062555 1.1908600938491849
0.37960911230876665 0.059744394169804031 1.3872443779719457
0.38397243543875248 0.066172298743914754 1.552871918087438
0.38833575856873831 0.073234442108150083 1.6763416972349232
0.39269908169872414 0.08073314421056299 1.7530611895465555
0.39706240482870997 0.088466264325247596 1.7840430725782941
0.4014257279586958 0.096235913678885121 1.7696856557298044
0.40578905108868163 0.10384468776586758 1.710639409053428
0.41015237421866746 0.11110917798138942 1.613859973449481
0.41451569734865329 0.11788907068443472 1.4901271023428988
0.41887902047863912 0.12408065161951617 1.3441599395373565
0.42324234360862489 0.12958646713649213 1.17577051543803
0.42760566673861072 0.13430744104282397 0.98418046180535024
0.43196898986859655 0.13814076705611669 0.76901102234359853
0.43633231299858238 0.1409941438873894 0.53721367104090689
0.44069563612856821 0.14282228772229091 0.30091080399344677
0.44505895925855404 0.14362072217129357 0.065045315726383932
0.44942228238853987 0.14338873733107443 -0.17163000421739524
0.4537856055185257 0.14211984275338049 -0.41045397331045269
0.45814892864851153 0.13980276560973148 -0.65208664357535839
0.46251225177849731 0.13643154136652191 -0.89218739717305473
0.46687557490848314 0.1320313778039944 -1.1223764344704623
0.47123889803846897 0.12665750256881272 -1.3384409278153822
0.4756022211684548 0.12037247645083649 -1.5399299498117565
0.47996554429844063 0.11324114807016195 -1.7262451436261217
0.48432886742842646 0.10533213771879643 -1.8960646572002109
0.48869219055841229 0.096727807190632592 -2.0432330842676119
0.49305551368839812 0.087549226228099325 -2.1576323161889981
0.49741883681838395 0.077955321336386191 -2.2332481759846825
0.50178215994836972 0.068119406271634014 -2.2683351423266149
0.50614548307835561 0.058221532242958278 -2.2613652009654093
0.51050880620834138 0.048448698209778401 -2.2107866775512055
0.51487212933832727 0.038995995798360938 -2.1139932546342863
0.51923545246831304 0.030072940890939155 -1.9674803806250916
0.52359877559829882 0.021901398418757691 -1.7694646107854299
0.5279620987282847 0.014705913440960956 -1.520250974778399
0.53232542185827048 0.0087084503451360235 -1.2203344175462019
0.53668874498825636 0.0041288806549300075 -0.87064341596966555
0.54105206811824214 0.0011728641224794389 -0.47817935915694054
0.54541539124822802 0 -0.05544837509099728
0.5497787143782138 0.00072180825070806282 0.38984968619582538
0.55414203750819968 0.0034316668022075572 0.85548992384745115
0.55850536063818546 0.0082145607943223189 1.3398277906344973
0.56286868376817123 0.015148269278830909 1.8409413793311999
0.56723200689815712 0.024288711321303197 2.3481785054885718
0.57159533002814289 0.035620661963190706 2.8421249668943394
0.57595865315812877 0.049055095237143784 3.3114328930742323
0.58032197628811455 0.06448048246893015 3.754694410616477
0.58468529941810043 0.081782331955861098 4.1713799337567528
0.58904862254808621 0.10084274921570266 4.560638871784052
0.59341194567807209 0.12153225894592359 4.9161012089118703
0.59777526880805787 0.14367631061882608 5.2251437715296376
0.60213859193804364 0.16705185170878661 5.4802903105655005
0.60650191506802953 0.19142174172863968 5.6810353097076067
0.6108652381980153 0.216548754872042 5.8271322532712482
0.61522856132800119 0.24219248808829952 5.9178295468597071
0.61959188445798696 0.26811272565166983 5.9543243665927834
0.62395520758797285 0.29407947957450231 5.9397404722569691
0.62831853071795862 0.31987480825026599 5.8757002048647333
0.63268185384794451 0.34528234131627966 5.7619532298326135
0.63704517697793028 0.37008413520956324 5.5978771993266188
0.64140850010791606 0.39405891451817326 5.3828393758142781
0.64577182323790194 0.41699735299287632 5.1259178857592707
0.65013514636788772 0.43876036859365369 4.8479449606234049
0.6544984694978736 0.45929251306577923 4.5623122638378915
0.65886179262785938 0.47856539278602706 4.2707246596945545
0.66322511575784526 0.4965542884162778 3.97409867436193
0.66758843888783104 0.51324115753528099 3.6741803011068637
0.67195176201781692 0.52862916926823111 3.3822437356334336
0.6763150851478027 0.54280316907726767 3.1221866996337173
0.68067840827778847 0.55594601913423569 2.9106919488067584
0.68504173140777436 0.56828020911548538 2.7517679292475443
0.68940505453776013 0.58004060081641651 2.648450408469246
0.69376837766774602 0.59147893165199683 2.6046971341210616
0.69813170079773179 0.60286391130922701 2.6249134441027508
0.70249502392771768 0.61448679332340839 2.7146895221802385
0.70685834705770345 0.62666189472574785 2.8786165954438903
0.71122167018768934 0.63971922412238336 3.1193855956902961
0.71558499331767511 0.65399863239201805 3.4391973489979959
0.71994831644766089 0.66985010432426073 3.8402922313003143
0.72431163957764677 0.68761955479930592 4.3156772130936716
0.72867496270763255 0.70759037483461873 4.8452975314316449
0.73303828583761843 0.72996036945738318 5.4145324338214254
0.73740160896760421 0.75489455663801275 6.0205323811309412
0.74176493209759009 0.7825498523978679 6.6612030728349172
0.74612825522757587 0.81307081324861641 7.333702987421109
0.75049157835756175 0.84657207272806489 8.0224212172038687
0.75485490148754752 0.88305149278384865 8.691783161679453
0.7592182246175333 0.92235467511202474 9.3147254615063044
0.76358154774751918 0.96425963480463606 9.8839205909765688
0.76794487087750496 1.0085230452900906 10.394599439276833
0.77230819400749084 1.0548768248701039 10.841472156949441
0.77667151713747662 1.1030216045140608 11.211935296131923
0.7810348402674625 1.1525705580090786 11.480049783409918
0.78539816339744828 1.203027018702588 11.626523507752241
0.78976148652743416 1.2538486462608469 11.647540353338741
0.79412480965741994 1.3044875564307599 11.542442266317973
0.79848813278740571 1.3543906484595496 11.310279258758628
0.8028514559173916 1.4030107843352775 10.956022413860255
0.80721477904737737 1.4498418623548637 10.493051553023941
0.81157810217736326 1.4944390972109778 9.9332488433946757
0.81594142530734903 1.5363930050540304 9.2821353377586284
0.82030474843733492 1.5753158150979001 8.5449449550611138
0.82466807156732069 1.6108431530433176 7.7262360089233697
0.82903139469730658 1.6426497280763981 6.8454993904744992
0.83339471782729235 1.6705600220168373 5.9500611241994612
0.83775804095727824 1.6946076995903461 5.0779258704497581
0.84212136408726401 1.7149202242268919 4.2380637737978848
0.84648468721724979 1.7316439238698302 3.4340511181316828
0.85084801034723567 1.744944795722198 2.6691064941133607
0.85521133347722145 1.7550126997445348 1.9567096655073204
0.85957465660720733 1.7621505001523095 1.3338258125965547
0.86393797973719311 1.7668247028194279 0.82932216954956905
0.86830130286717899 1.7695639922798878 0.44602723356959811
0.87266462599716477 1.770889455429677 0.18128692815670214
0.87702794912715065 1.7713163874917464 0.033683249944745239
0.88139127225713643 1.7713492745720738 0.00012842644824420001
0.8857545953871222 1.7714778493844878 0.076816064337638823
0.89011791851710809 1.7721741008170888 0.25971606825299598
0.89448124164709386 1.7738935699563616 0.54524678166595397
0.89884456477707975 1.7770763066918889 0.92980528824653896
0.90320788790706552 1.7821491583332516 1.4116565220645592
0.90757121103705141 1.7895208053650207 1.9797756490144454
0.91193453416703718 1.7995041967766501 2.6016863550059894
0.91629785729702307 1.8122629159040693 3.2498023442512487
0.92066118042700884 1.8278952477224142 3.9193530095872737
0.92502450355699462 1.8464969963993216 4.610405552069003
0.9293878266869805 1.8681608712351101 5.3236282230191421
0.93375114981696627 1.8929733265378337 6.0498523261753299
0.93811447294695216 1.9209233547343962 6.7537739259323653
0.94247779607693793 1.9518338463051192 7.4045643214369932
0.94684111920692382 1.9854570270617173 7.9980535183478656
0.95120444233690959 2.0215490485017602 8.5358638503958115
0.95556776546689548 2.0598661264983673 9.0184193411405733
0.95993108859688125 2.100162447190157 9.4410502813348529
0.96429441172686703 2.1421389795114303 9.7840264873048977
0.96865773485685291 2.1854018821510168 10.029162225491218
0.97302105798683869 2.2295119373778314 10.17254536255995
0.97738438111682457 2.2740253033617144 10.213632340866702
0.98174770424681035 2.3184897345315929 10.149552241353367
0.98611102737679623 2.3624444296264278 9.980671852148582
0.99047435050678201 2.4054477995300827 9.7157217785052303
0.99483767363676789 2.447101718831779 9.3625055516509903
0.99920099676675367 2.4870206926818135 8.9196460180801722
1.0035643198967394 2.5248052880161711 8.3839491844505645
1.0079276430267252 2.5600423809650219 7.7505718626909834
1.0122909661567112 2.5923070982409868 7.0245893892845181
1.016654289286697 2.6212595872543947 6.2409212277236135
1.0210176124166828 2.6467346938672738 5.433383920992747
1.0253809355466685 2.6686464728099111 4.6063656475121624
1.0297442586766545 2.6869002752098994 3.7569730004204893
1.0341075818066403 2.701396519762671 2.8830159817866203
1.0384709049366261 2.7120331567688778 1.9910595564129043
1.0428342280666119 2.7187972152609725 1.1165827443014835
1.0471975511965976 2.7218545018096054 0.29526890608645273
1.0515608743265836 2.7214630880470172 -0.46473925633752522
1.0559241974565694 2.7178883923889927 -1.1632078513945991
1.0602875205865552 2.7114058999010608 -1.797242552471761
1.064650843716541 2.7023030568221724 -2.3635093420057012
1.0690141668465269 2.6908877939221965 -2.8559305937980213
1.0733774899765127 2.677496986567041 -3.2681658658904613
1.0777408131064985 2.662490940538536 -3.5956441466668014
1.0821041362364843 2.6462474768766078 -3.834837752822509
1.08646745936647 2.6291622275778925 -3.98013991301745
1.090830782496456 2.6116506451881198 -4.0316318784052321
1.0951941056264418 2.5940857098387888 -4.0101696909581577
1.0995574287564276 2.576729295729963 -3.9378406240086181
1.1039207518864134 2.5597940026086645 -3.8157089720201167
1.1082840750163994 2.5435116244117983 -3.6381119493138181
1.1126473981463851 2.5281342536418649 -3.399483185619697
1.1170107212763709 2.5139355440853857 -3.0989702351278554
1.1213740444063567 2.5011531627273009 -2.7554675066285568
1.1257373675363425 2.4899213780788725 -2.3900840667549375
1.1301006906663285 2.4803243271710729 -2.0050486608782316
1.1344640137963142 2.4724589187624368 -1.5960239147399244
1.1388273369263 2.4664350507410897 -1.1604187193049784
1.1431906600562858 2.4623732463964818 -0.6966987294916035
1.1475539831862718 2.4603921877313879 -0.20755292230822528
1.1519173063162575 2.460593666521989 0.30336142534624505
1.1562806294462433 2.4630702413979941 0.83540128979613149
1.1606439525762291 2.4679149878329265 1.3888031543801866
1.1650072757062149 2.4752188733718015 1.9621701601653816
1.1693705988362009 2.4850650645817263 2.5540403973381096
1.1737339219661866 2.4975369012199451 3.1664138835308431
1.1780972450961724 2.5127285684069092 3.8003282572625969
1.1824605682261582 2.5307238055300365 4.4499077122921351
1.1868238913561442 2.5515699204169948 5.1053873826870344
1.19118721448613 2.5752694188885186 5.7558504521105949
1.1955505376161157 2.6017753100225129 6.3898940073449157
1.1999138607461015 2.6309936236134233 6.9977144880301694
1.2042771838760873 2.6627917564385535 7.5710663668380072
1.2086405070060733 2.6970028381127098 8.1026128420116361
1.2130038301360591 2.7334322915357836 8.5873365485194171
1.2173671532660448 2.7718711035233881 9.0236684938770662
1.2217304763960306 2.8121103224796373 9.4130188377630617
1.2260937995260166 2.8539514932297614 9.7585750866407057
1.2304571226560024 2.897213141823221 10.065069292293082
1.2348204457859882 2.9417385077104639 10.33905285376478
1.2391837689159739 2.9874005432077078 10.587008867649418
1.2435470920459597 3.0340993636586093 10.815558532172275
1.2479104151759457 3.0817604448120361 11.027846410033446
1.2522737383059315 3.1302958827516103 11.212910402236195
1.2566370614359172 3.1795488742905031 11.354883512968668
1.261000384565903 3.2293160338562954 11.448796486443493
1.265363707695889 3.2793905554864691 11.496013965490635
1.2697270308258748 3.3295670709128591 11.494683433401615
1.2740903539558606 3.3796328699300888 11.446790855816133
1.2784536770858463 3.4294306567098531 11.379297061858836
1.2828170002158321 3.4789581128028884 11.327027485428586
1.2871803233458181 3.5283177849300693 11.302374138674736
1.2915436464758039 3.5776244793989171 11.301472589987707
1.2959069696057897 3.6269852824487527 11.330509696632191
1.3002702927357754 3.6765320998722713 11.380359201143383
1.3046336158657614 3.7261599839060255 11.335555434453319
1.3089969389957472 3.7750921922943417 11.042346951489918
1.313360262125733 3.8220819401293906 10.446135810437271
1.3177235852557188 3.8658278064559837 9.5583227226362997
1.3220869083857045 3.9050532006428864 8.3674098786634072
1.3264502315156905 3.9384291979661774 6.8890776064418375
1.3308135546456763 3.9650839344424318 5.3503719490159867
1.3351768777756621 3.9854870362760249 4.0640209354541552
1.3395402009056478 4.0010811815304912 3.1434282959924267
1.3439035240356338 4.0134275314928098 2.5727353217028708
1.3482668471656196 4.0240505251183567 2.3581877664427049
1.3526301702956054 4.0345136944302515 2.4922913218135276
1.3569934934255912 4.0461012515080315 2.8336096342166841
1.3613568165555769 4.0592510232583647 3.1814046006581918
1.3657201396855629 4.0737643713470924 3.4605321424639244
1.3700834628155487 4.0893604048856718 3.6781527214070699
1.3744467859455345 4.1057765393409618 3.8368024012579549
1.3788101090755203 4.1227534377320039 3.9339958404000903
1.3831734322055063 4.1399709989745466 3.9375928739597725
1.387536755335492 4.1569096692734533 3.79972760052057
1.3919000784654778 4.1728954825304383 3.500704128763926
1.3962634015954636 4.18723029563483 3.0443829568238296
1.4006267247254494 4.1992272735501377 2.4261699533320598
1.4049900478554354 4.2081727719349651 1.6499232844537326
1.4093533709854211 4.2135428764858363 0.81682046166020972
1.4137166941154069 4.2154416650009647 0.080517601869750446
1.4180800172453927 4.2144788535433264 -0.49536044775608967
1.4224433403753787 4.2113429648045146 -0.91713448379767881
1.4268066635053644 4.2067013466590071 -1.1835214523184363
1.4311699866353502 4.2012397190159936 -1.2952598237156197
1.435533309765336 4.1955441162572171 -1.3065858097505636
1.4398966328953218 4.1898608698082462 -1.3019173611186541
1.4442599560253078 4.1841528846820939 -1.3177786583033722
1.4486232791552935 4.1783358224469538 -1.3510068755530691
1.4529866022852793 4.1723374479747175 -1.4018897167238487
1.4573499254152651 4.1660762927068093 -1.4704660126563245
1.4617132485452511 4.1595164326438798 -1.5313270430050114
1.4660765716752369 4.1527833064787263 -1.5438099112597468
1.4704398948052226 4.1461415984413978 -1.4892919298293801
1.4748032179352084 4.1398813778056098 -1.3697350960035772
1.4791665410651942 4.1342847294503464 -1.1839503032778289
1.4835298641951802 4.1296455660365803 -0.9320894619537895
1.487893187325166 4.1261907040465182 -0.65273378783923797
1.4922565104551517 4.1238953322686696 -0.41054490006802741
1.4966198335851375 4.1225098174626762 -0.23587780533438632
1.5009831567151235 4.1217416779283917 -0.12668752932982327
1.5053464798451093 4.1213088711760202 -0.083081921113875606
1.509709802975095 4.1209205505626709 -0.10555037619665898
1.5140731261050808 4.1203262921356005 -0.17028815874822006
1.5184364492350666 4.1194327208191437 -0.23625336806818031
1.5227997723650526 4.118291877459149 -0.28345886586075258
1.5271630954950384 4.1169849509009682 -0.31287379485527439
1.5315264186250241 4.1155868309597441 -0.32489892834866546
1.5358897417550099 4.114175563698617 -0.31912284830351362
1.5402530648849959 4.1128187330397346 -0.30181361558311354
1.5446163880149817 4.111542556627751 -0.28394500042870541
1.5489797111449675 4.1103335419590676 -0.27109790517132842
1.5533430342749532 4.1091697986837588 -0.26305157084875103
1.557706357404939 4.1080312023022634 -0.2596679555194783
1.562069680534925 4.1068968008138897 -0.26107482450195996
1.5664330036649108 4.1057482890666588 -0.26564826720903473
1.5707963267948966 4.1045782471238841 -0.27045219880361515
1.5751596499248823 4.103390069419989 -0.27393533260468023
1.5795229730548683 4.1021895674846212 -0.27614161404081117
1.5838862961848541 4.1009820727458415 -0.27711476935432855
1.5882496193148399 4.0997731363735133 -0.27681495834898079
1.5926129424448257 4.0985676690900847 -0.27564707143958123
1.5969762655748114 4.0973678235411644 -0.27436804031971779
1.6013395887047974 4.0961729148658188 -0.2733924875402885
1.6057029118347832 4.0949815923680006 -0.27271371149709356
1.610066234964769 4.0937926286565762 -0.27231691234487437
1.6144295580947547 4.0926047548252908 -0.27221175654962321
1.6187928812247407 4.0914167815080633 -0.27234823399238284
1.6231562043547265 4.090227852041119 -0.27263328163208789
1.6275195274847123 4.0890374660168005 -0.27301546883273942
1.6318828506146981 4.0878452054165999 -0.27349199090943938
1.6362461737446838 4.0866506494144117 -0.27407078099313048
1.6406094968746698 4.0854533265539619 -0.27475965234654404
1.6449728200046556 4.0842530250369817 -0.27537570183369137
1.6493361431346414 4.0830508838501736 -0.27553546970752946
1.6536994662646272 4.0818495239728554 -0.27500802369191124
1.6580627893946132 4.0806519702795425 -0.27380391169061097
1.6624261125245989 4.0794611350080183 -0.27191161979502104
1.6667894356545847 4.0782801642232007 -0.26928333135275784
1.6711527587845705 4.0771111775444444 -0.26666679117060449
1.6755160819145565 4.075950678680643 -0.26568578426841749
1.6798794050445423 4.0747887880981599 -0.26734743564960856
1.684242728174528 4.0736138243872322 -0.27162713332674265
1.6886060513045138 4.0724145510765908 -0.27854916183890965
1.6929693744344996 4.0711788859647431 -0.28831655911205128
1.6973326975644856 4.0698982959581977 -0.29823418325820944
1.7016960206944713 4.0685849517308688 -0.30220451508108259
1.7060593438244571 4.0672753903559542 -0.29632480925477306
1.7104226669544429 4.0660133084517742 -0.28062792356345306
1.7147859900844289 4.0648407851155524 -0.25507475715689881
1.7191493132144147 4.0638029108761575 -0.21883047335435829
1.7235126363444004 4.0629327090066418 -0.18149984578949485
1.7278759594743862 4.062187608499114 -0.1657702495922137
1.732239282604372 4.0614329258630804 -0.18659408757288976
1.736602605734358 4.0605059666453815 -0.24406517057329893
1.7409659288643438 4.0592499111624161 -0.33807557769084218
1.7453292519943295 4.0574979532945221 -0.47179015534235297
1.7496925751243153 4.0551223264399772 -0.61268201108089659
1.7540558982543013 4.0522578405306122 -0.68031794687003777
1.7584192213842871 4.0493708422495924 -0.62047544198204896
1.7627825445142729 4.0470311637114005 -0.43137855663813801
1.7671458676442586 4.0457917414028612 -0.11481880709818287
1.7715091907742444 4.0462245531191172 0.33606919325031992
1.7758725139042304 4.0488349113670559 0.86287157756878097
1.7802358370342162 4.0536461122691438 1.3151326969132267
1.7845991601642019 4.0600510394246205 1.588239236899059
1.7889624832941877 4.0672384133475994 1.6772881834900861
1.7933258064241737 4.0744266733851111 1.5865658742730133
1.7976891295541595 4.0808051414193303 1.3042434431597476
1.8020524526841453 4.0856583600387264 0.9187992578749371
1.806415775814131 4.0890195363463873 0.66836145222904553
1.8107790989441168 4.0919358122248539 0.72381312953227694
1.8151424220741028 4.0957954219686004 1.0951418130359929
1.8195057452040886 4.1019406513561352 1.7744403014806911
1.8238690683340744 4.1117575095648071 2.7818199988105938
1.8282323914640601 4.1264923917687133 3.9788129673752355
1.8325957145940461 4.146186354550272 4.9744582658154126
1.8369590377240319 4.169189862551363 5.4799724301104611
1.8413223608540177 4.1932646989936408 5.4743373305616059
1.8456856839840035 4.2162406146215972 4.9723924461335116
1.8500490071139892 4.2359004749062761 3.9502930776190932
1.8544123302439752 4.2501568969351728 2.5455532434949486
1.858775653373961 4.2581468510894371 1.1629755254665282
1.8631389765039468 4.2607863675352018 0.11083030071961229
1.8675022996339325 4.2596329765047161 -0.58451215887365449
1.8718656227639185 4.2561805518493143 -0.93950726542295115
1.8762289458939043 4.2519522373107002 -0.93834605172838459
1.8805922690238901 4.2484103986236539 -0.6494723596672396
1.8849555921538759 4.2464011900056251 -0.28038349910193977
1.8893189152838616 4.2458427665278169 0.0056325668695020271
1.8936822384138476 4.2463065790483494 0.19280352905282822
1.8980455615438334 4.2473943886531327 0.28997010707574761
1.9024088846738192 4.2486976482388714 0.29129412033227992
1.906772207803805 4.2498230944777831 0.2147085327708341
1.911135530933791 4.2505379774933854 0.11518893896164559
1.9154988540637767 4.2508601114916162 0.037536089493379374
1.9198621771937625 4.2509043130464423 -0.013459524026087554
1.9242255003237483 4.250777821418489 -0.040276480021175273
1.9285888234537341 4.2505902592938893 -0.041362010627607929
1.9329521465837201 4.2504476851504984 -0.02126045530913348
1.9373154697137058 4.250414285764375 0.0054133452978135472
1.9416787928436916 4.2504866386552225 0.026389531133050356
1.9460421159736774 4.2506341710752169 0.040210533627970099
1.9504054391036634 4.2508281299849928 0.0475604775888794
1.9547687622336491 4.2510391934411302 0.048020422119355574
1.9591320853636349 4.2512388285966622 0.042733399140185827
1.9634954084936207 4.2514093946935798 0.035577613349717777
1.9678587316236065 4.2515514619949286 0.029907038526893227
1.9722220547535925 4.2516731792342251 0.026159123099939629
1.9765853778835782 4.2517822645937553 0.024144646834387266
1.980948701013564 4.2518865648268811 0.023975415979583282
1.9853120241435498 4.2519937561007932 0.025364538320891018
1.9896753472735358 4.2521086828284362 0.027283519252726492
1.9940386704035216 4.2522312880982183 0.028816356089409516
1.9984019935335073 4.2523594016330959 0.029832608608395424
2.0027653166634933 4.2524909512195377 0.030384420838561032
2.0071286397934789 4.2526238370726706 0.030442123733140442
2.0114919629234649 4.2527559945875284 0.030077480714487466
2.0158552860534504 4.2528860947397185 0.029563043010416973
2.0202186091834364 4.2530141264293437 0.029148728371333702
2.0245819323134224 4.2531406672279664 0.028873193385218904
2.028945255443408 4.2532662735990359 0.028722121762128718
2.033308578573394 4.2533915074339612 0.028703341194641546
2.0376719017033795 4.253516923900257 0.028798966183182478
2.0420352248333655 4.2536428872535978 0.028936826711897144
2.0463985479633515 4.2537694077052732 0.029048804043202623
2.0507618710933371 4.253896331672161 0.029123503413060903
2.0551251942233231 4.2540235096948331 0.029164841116460345
2.0594885173533091 4.2541507914157854 0.02917076450905471
2.0638518404832946 4.254278027587219 0.0291457133786059
2.0682151636132806 4.2544051184682434 0.029108782638658907
2.0725784867432662 4.2545320593358715 0.029078520788206805
2.0769418098732522 4.2546588909946479 0.029058270840690178
2.0813051330032382 4.254785653595567 0.029046965320593608
2.0856684561332237 4.2549123873728227 0.029045138972187249
2.0900317792632097 4.2550391324399381 0.029051694530470362
2.0943951023931953 4.2551659160832118 0.029061583994201824
2.0987584255231813 4.2552927401134211 0.029069761605165747
2.1031217486531673 4.255419593699286 0.02907525068102839
2.1074850717831528 4.2555464660523965 0.029078341146158579
2.1118483949131388 4.25567334640649 0.029078894688007857
2.1162117180431244 4.2558002239826553 0.029077181163488321
2.1205750411731104 4.2559270913227358 0.029074533943498914
2.1249383643030963 4.2560539477919797 0.029072324297691448
2.1293016874330819 4.2561807962627212 0.029070836499090407
2.1336650105630679 4.2563076396343549 0.029069992085931525
2.1380283336930539 4.2564344807878207 0.029069826548995179
2.1423916568230394 4.2565613226188868 0.029070273893599438
2.1467549799530254 4.2566881671643646 0.029070982227781803
2.151118303083011 4.2568150146353032 0.029071579237190406
2.155481626212997 4.2569418642707531 0.029071982472334522
2.159844949342983 4.2570687152913544 0.029072213090696516
2.1642082724729685 4.2571955669261987 0.029072262064460844
2.1685715956029545 4.2573224183974965 0.02907214542703904
2.1729349187329401 4.2574492691494434 0.029071955967486091
2.1772982418629261 4.2575761191142867 0.029071794681289679
2.1816615649929121 4.2577029684934091 0.029071685401006794
2.1860248881228976 4.2578298174963356 0.029071622443090733
2.1903882112528836 4.2579566663293544 0.029071608081855698
2.1947515343828692 4.2580835152013332 0.029071638451707304
2.1991148575128552 4.2582103642638245 0.029071689107164567
2.2034781806428412 4.2583372135380433 0.029071732675340366
2.2078415037728267 4.2584640629707504 0.029071762288862827
2.2122048269028127 4.2585909125056087 0.029071779469123912
2.2165681500327987 4.2587177620874179 0.02907178364957606
2.2209314731627843 4.2588446116601002 0.029071775753358804
2.2252947962927703 4.2589714611823606 0.029071762215029606
2.2296581194227558 4.2590983106476799 0.029071750447197259
2.2340214425527418 4.2592251600701161 0.029071742422826712
2.2383847656827278 4.2593520094648198 0.029071737736481713
2.2427480888127134 4.2594788588465624 0.029071736527334149
2.2471114119426994 4.2596057082303966 0.029071738576932789
2.2514747350726849 4.2597325576275651 0.029071742193741545
2.2558380582026709 4.2598594070400448 0.029071745372123814
2.2602013813326569 4.2599862564641269 0.029071747546193339
2.2645647044626425 4.2601131058957362 0.029071748824076905
2.2689280275926285 4.2602399553309214 0.029071749172415021
2.2732913507226145 4.2603668047656429 0.029071748640945527
2.2776546738526 4.2604936541968375 0.02907174767476968
2.282017996982586 4.2606205036239171 0.02907174681676801
2.2863813201125716 4.2607473530478579 0.029071746227637228
2.2907446432425576 4.2608742024697559 0.029071745879533682
2.2951079663725436 4.2610010518906698 0.029071745779918334
2.2994712895025291 4.2611279013116814 0.029071745917047007
2.3038346126325151 4.2612547507336229 0.029071746174688776
2.3081979357625007 4.2613816001566702 0.029071746406640647
2.3125612588924866 4.2615084495805684 0.029071746566489708
2.3169245820224726 4.2616352990050208 0.029071746661207105
2.3212879051524582 4.2617621484297441 0.02907174668980652
2.3256512282824442 4.2618889978544487 0.02907174665412075
2.3300145514124297 4.2620158472789056 0.029071746585064461
2.3343778745424157 4.2621426967030658 0.029071746522636808
2.3387411976724017 4.2622695461269959 0.029071746479269609
2.3431045208023873 4.262396395550776 0.029071746453809676
2.3474678439323733 4.2625232449744832 0.029071746445739299
2.3518311670623593 4.2626500943981922 0.029071746454618557
2.3561944901923448 4.262776943821966 0.029071746472980772
2.3605578133223308 4.2629037932458198 0.029071746490191303
2.3649211364523164 4.2630306426697375 0.029071746501914943
2.3692844595823024 4.2631574920936943 0.029071746508647155
2.3736477827122884 4.2632843415176715 0.029071746510900432
2.3780111058422739 4.2634111909416479 0.029071746508598666
2.3823744289722599 4.2635380403656082 0.029071746503949798
2.3867377521022455 4.2636648897895473 0.029071746499199039
2.3911010752322315 4.2637917392134685 0.029071746495981612
2.3954643983622175 4.2639185886373792 0.029071746494051851
2.399827721492203 4.2640454380612836 0.029071746493394553
2.404191044622189 4.2641722874851888 0.02907174649428949
2.4085543677521746 4.2642991369090995 0.029071746495641718
2.4129176908821606 4.2644259863330154 0.029071746496665885
2.4172810140121466 4.2645528357569349 0.029071746497314751
2.4216443371421321 4.264679685180857 0.029071746497978678
2.4260076602721181 4.2648065346047819 0.029071746498338102
2.4303709834021041 4.2649333840287067 0.029071746498059579
2.4347343065320897 4.2650602334526297 0.029071746497601823
2.4390976296620757 4.265187082876551 0.02907174649726868
2.4434609527920612 4.2653139323004714 0.029071746497227009
2.4478242759220472 4.2654407817243918 0.029071746497116187
2.4521875990520332 4.2655676311483113 0.029071746496981587
2.4565509221820188 4.2656944805722308 0.029071746497029032
2.4609142453120048 4.2658213299961503 0.029071746496973836
2.4652775684419903 4.2659481794200698 0.029071746497147197
2.4696408915719763 4.2660750288439901 0.029071746497119601
2.4740042147019623 4.2662018782679096 0.029071746497047732
2.4783675378319479 4.26632872769183 0.029071746497371702
2.4827308609619338 4.2664555771157513 0.029071746497369013
2.4870941840919194 4.2665824265396717 0.029071746497055816
2.4914575072219054 4.2667092759635912 0.029071746497089962
2.4958208303518914 4.2668361253875116 0.029071746497257699
2.5001841534818769 4.2669629748114319 0.02907174649717215
2.5045474766118629 4.2670898242353523 0.02907174649734659
2.5089107997418489 4.2672166736592736 0.02907174649733615
2.5132741228718345 4.267343523083194 0.029071746497212371
2.5176374460018205 4.2674703725071144 0.029071746497107257
2.522000769131806 4.2675972219310339 0.02907174649704081
2.526364092261792 4.2677240713549542 0.029071746497411739
2.530727415391778 4.2678509207788755 0.029071746497206924
2.5350907385217636 4.267977770202795 0.029071746497053453
2.5394540616517496 4.2681046196267154 0.029071746497261484
2.5438173847817351 4.2682314690506358 0.029071746497193504
2.5481807079117211 4.2683583184745562 0.029071746497257384
2.5525440310417071 4.2684851678984765 0.029071746497060978
2.5569073541716927 4.268612017322396 0.029071746497180934
2.5612706773016787 4.2687388667463173 0.029071746497508179
2.5656340004316642 4.2688657161702386 0.029071746497300575
2.5699973235616502 4.268992565594159 0.029071746497193095
2.5743606466916362 4.2691194150180793 0.029071746497211056
2.5787239698216218 4.2692462644419997 0.029071746497255573
2.5830872929516078 4.2693731138659201 0.029071746497059535
2.5874506160815938 4.2694999632898396 0.02907174649717963
2.5918139392115793 4.2696268127137609 0.029071746497514837
2.5961772623415653 4.2697536621376821 0.029071746497275241
2.6005405854715509 4.2698805115616025 0.029071746497287752
2.6049039086015369 4.2700073609855238 0.029071746497477312
2.6092672317315229 4.2701342104094451 0.02907174649730836
2.6136305548615084 4.2702610598333655 0.029071746497192824
2.6179938779914944 4.2703879092572858 0.029071746497213231
2.62235720112148 4.2705147586812062 0.029071746497247135
2.626720524251466 4.2706416081051266 0.029071746497091128
2.631083847381452 4.2707684575290461 0.029071746497061682
2.6354471705114375 4.2708953069529665 0.02907174649734437
2.6398104936414235 4.2710221563768878 0.029071746497464385
2.6441738167714091 4.271149005800809 0.029071746497312308
2.6485371399013951 4.2712758552247294 0.029071746497189955
2.6529004630313811 4.2714027046486498 0.029071746497211896
2.6572637861613666 4.2715295540725702 0.029071746497255354
2.6616271092913526 4.2716564034964906 0.029071746497059587
2.6659904324213386 4.2717832529204101 0.029071746497179647
2.6703537555513241 4.2719101023443313 0.02907174649751473
2.6747170786813101 4.2720369517682526 0.029071746497275668
2.6790804018112957 4.272163801192173 0.029071746497286156
2.6834437249412817 4.2722906506160943 0.029071746497483262
2.6878070480712677 4.2724175000400155 0.029071746497286159
2.6921703712012532 4.2725443494639359 0.029071746497275678
2.6965336943312392 4.2726711988878572 0.029071746497514678
2.7008970174612248 4.2727980483117785 0.029071746497179838
2.7052603405912108 4.2729248977356979 0.029071746497058865
2.7096236637211968 4.2730517471596183 0.029071746497258053
2.7139869868511823 4.2731785965835387 0.02907174649720182
2.7183503099811683 4.2733054460074591 0.029071746497227567
2.7227136331111539 4.2734322954313795 0.02907174649718082
2.7270769562411399 4.2735591448552999 0.029071746497342048
2.7314402793711259 4.2736859942792211 0.029071746497345643
2.7358036025011114 4.2738128437031415 0.029071746497178936
2.7401669256310974 4.2739396931270619 0.029071746497231498
2.7445302487610834 4.2740665425509823 0.029071746497179075
2.748893571891069 4.2741933919749027 0.029071746497345095
2.753256895021055 4.2743202413988239 0.029071746497344092
2.7576202181510405 4.2744470908227443 0.029071746497182097
2.7619835412810265 4.2745739402466647 0.02907174649722041
2.7663468644110125 4.2747007896705851 0.029071746497220278
2.7707101875409981 4.2748276390945055 0.02907174649719136
2.7750735106709841 4.2749544885184259 0.029071746497307187
2.7794368338009696 4.2750813379423471 0.029071746497483439
2.7838001569309556 4.2752081873662684 0.029071746497273298
2.7881634800609416 4.2753350367901888 0.029071746497318036
2.7925268031909272 4.2754618862141101 0.029071746497358136
2.7968901263209132 4.2755887356380304 0.029071746497152978
2.8012534494508987 4.2757155850619508 0.029071746497322852
2.8056167725808847 4.2758424344858721 0.029071746497459174
2.8099800957108707 4.2759692839097934 0.029071746497345785
2.8143434188408563 4.2760961333337137 0.029071746497061252
2.8187067419708423 4.2762229827576332 0.029071746497091436
2.8230700651008283 4.2763498321815536 0.029071746497246354
2.8274333882308138 4.276476681605474 0.029071746497216052
2.8317967113607998 4.2766035310293944 0.029071746497182329
2.8361600344907854 4.2767303804533148 0.029071746497347537
2.8405233576207713 4.276857229877236 0.029071746497331092
2.8448866807507573 4.2769840793011564 0.029071746497222779
2.8492500038807429 4.2771109287250768 0.029071746497070689
2.8536133270107289 4.2772377781489963 0.029071746497176681
2.8579766501407144 4.2773646275729176 0.029071746497515479
2.8623399732707004 4.2774914769968388 0.029071746497275622
2.8667032964006864 4.2776183264207592 0.029071746497276715
2.871066619530672 4.2777451758446805 0.029071746497521089
2.875429942660658 4.2778720252686018 0.029071746497153158
2.8797932657906435 4.2779988746925213 0.02907174649715916
2.8841565889206295 4.2781257241164425 0.029071746497503083
2.8885199120506155 4.2782525735403638 0.029071746497333861
2.8928832351806011 4.2783794229642842 0.029071746497065024
2.8972465583105871 4.2785062723882037 0.029071746497088272
2.9016098814405731 4.2786331218121241 0.029071746497255222
2.9059732045705586 4.2787599712360445 0.029071746497183724
2.9103365277005446 4.2788868206599648 0.029071746497302792
2.9146998508305302 4.2790136700838861 0.029071746497508676
2.9190631739605162 4.2791405195078074 0.029071746497176733
2.9234264970905022 4.2792673689317269 0.029071746497068417
2.9277898202204877 4.2793942183556473 0.029071746497231838
2.9321531433504737 4.2795210677795676 0.029071746497297133
2.9365164664804593 4.2796479172034889 0.02907174649748321
2.9408797896104453 4.2797747666274102 0.029071746497284268
2.9452431127404313 4.2799016160513306 0.029071746497274398
2.9496064358704168 4.2800284654752518 0.029071746497521707
2.9539697590004028 4.2801553148991731 0.029071746497152988
2.9583330821303884 4.2802821643230926 0.029071746497159219
2.9626964052603744 4.2804090137470139 0.029071746497503024
2.9670597283903604 4.2805358631709352 0.029071746497334031
2.9714230515203459 4.2806627125948555 0.029071746497064413
2.9757863746503319 4.280789562018775 0.029071746497090548
2.9801496977803179 4.2809164114426954 0.029071746497246722
2.9845130209103035 4.2810432608666158 0.029071746497215452
2.9888763440402895 4.2811701102905362 0.029071746497184373
2.993239667170275 4.2812969597144566 0.029071746497339963
2.997602990300261 4.2814238091383778 0.029071746497359351
3.001966313430247 4.2815506585622982 0.029071746497117308
3.0063296365602326 4.2816775079862186 0.029071746497464312
3.0106929596902186 4.281804357410139 0.029071746496318336
3.0150562828202041 4.2819312068340594 0.029071746500555246
3.0194196059501901 4.2820580562579824 0.029071746486585583
3.0237829290801761 4.2821849056818939 0.029071746532111753
3.0281462522101616 4.2823117551058481 0.029071746385358959
3.0325095753401476 4.2824386045296468 0.029071746849289322
3.0368728984701332 4.2825654539540245 0.029071745431608582
3.0412362216001192 4.2826923033762361 0.029071749547140164
3.0455995447301052 4.2828191528065389 0.029071738576441897
3.0499628678600907 4.282946002206641 0.029071763142391092
3.0543261909900767 4.2830728517194521 0.029071732577767649
3.0586895141200627 4.283199700811628 0.029071618555892215
3.0630528372500483 4.2833265494260919 0.029071487550006686
3.0674161603800343 4.2834533970084392 0.029071087513672215
3.0717794835100198 4.283580241963957 0.029070302958912306
3.0761428066400058 4.2837070823028185 0.029068860960295127
3.0805061297699918 4.2838339138152461 0.029066170721532336
3.0848694528999774 4.2839607295915085 0.029061485676085456
3.0892327760299634 4.2840875186359781 0.02905371727951362
3.0935960991599489 4.2842142645769394 0.029041460695080894
3.0979594222899349 4.2843409445704959 0.029023277544450669
3.1023227454199209 4.2844675289426206 0.028997180182185979
3.1066860685499065 4.2845939821205237 0.028963805825896426
3.1110493916798925 4.2847202653456016 0.028916347155747875
3.115412714809878 4.2848463413498852 0.028880230714175111
3.119776037939864 4.2849721806578849 0.02876694025019369
3.12413936106985 4.2850977685487655 0.028920616492674769
3.1285026841998356 4.2852231111870465 0.028077717042428871
3.1328660073298216 4.2853482392384334 0.030979476254095056
3.1372293304598076 4.2854732075972812 0.019958003275079947
3.1415926535897931 4.285516580696858 0.0049315716632559866
3.1459559767197791 4.285559953796434 0.019958003274923381
3.1503192998497647 4.2856849221552817 0.030979476254119426
3.1546826229797507 4.2858100502066687 0.028077717042497129
3.1590459461097367 4.2859353928449506 0.028920616492979157
3.1634092692397222 4.2860609807358321 0.028766940250129148
3.1677725923697082 4.2861868200438309 0.028880230714137676
3.1721359154996938 4.2863128960481154 0.028916347155962151
3.1764992386296798 4.2864391792731933 0.028963805825687434
3.1808625617596658 4.2865656324510955 0.028997180182188151
3.1852258848896513 4.2866922168232211 0.029023277544650991
3.1895892080196373 4.2868188968167775 0.029041460694896992
3.1939525311496229 4.2869456427577379 0.029053717279438243
3.1983158542796088 4.2870724318022075 0.029061485675960209
3.2026791774095948 4.287199247578469 0.029066170721489148
3.2070425005395804 4.2873260790908976 0.029068860960593131
3.2114058236695664 4.2874529194297599 0.029070302958993689
3.2157691467995524 4.2875797643852778 0.029071087513650451
3.2201324699295379 4.287706611967625 0.029071487550012379
3.2244957930595239 4.2878334605820889 0.029071618555891163
3.2288591161895095 4.2879603096742649 0.029071732577766157
3.2332224393194955 4.2880871591870759 0.029071763142406996
3.2375857624494815 4.288214008587178 0.029071738576370909
3.241949085579467 4.28834085801748 0.029071749546797539
3.246312408709453 4.2884677074396906 0.029071745431837603
3.2506757318394386 4.2885945568640702 0.029071746849326507
3.2550390549694246 4.2887214062878671 0.029071746384981199
3.2594023780994106 4.2888482557118213 0.029071746532355402
3.2637657012293961 4.2889751051357337 0.029071746486599426
3.2681290243593821 4.2891019545596558 0.029071746500265117
3.2724923474893677 4.2892288039835753 0.029071746496243677
3.2768556706193537 4.2893556534074957 0.029071746497442406
3.2812189937493397 4.2894825028314161 0.029071746497270706
3.2855823168793252 4.2896093522553373 0.029071746497378318
3.2899456400093112 4.2897362016792577 0.029071746497119563
3.2943089631392972 4.2898630511031772 0.029071746496816771
3.2986722862692828 4.2899899005270958 0.029071746497074242
3.3030356093992688 4.2901167499510171 0.029071746497568503
3.3073989325292543 4.2902435993749384 0.029071746497165978
3.3117622556592403 4.2903704487988579 0.029071746497060482
3.3161255787892263 4.2904972982227783 0.02907174649726544
3.3204889019192119 4.2906241476466986 0.029071746497170672
3.3248522250491979 4.290750997070619 0.029071746497344758
3.3292155481791834 4.2908778464945403 0.029071746497353852
3.3335788713091694 4.2910046959184607 0.029071746497143402
3.3379421944391554 4.2911315453423811 0.029071746497356554
3.342305517569141 4.2912583947663023 0.029071746497333947
3.346668840699127 4.2913852441902227 0.029071746497211226
3.351032163829113 4.2915120936141431 0.029071746497105169
3.3553954869590985 4.2916389430380626 0.029071746497050324
3.3597588100890845 4.291765792461983 0.029071746497375772
3.3641221332190701 4.2918926418859042 0.029071746497350174
3.3684854563490561 4.2920194913098246 0.029071746497127106
3.372848779479042 4.2921463407337441 0.029071746496814752
3.3772121026090276 4.2922731901576627 0.02907174649707478
3.3815754257390136 4.292400039581584 0.029071746497568354
3.3859387488689991 4.2925268890055053 0.029071746497166016
3.3903020719989851 4.2926537384294248 0.029071746497060475
3.3946653951289711 4.2927805878533452 0.02907174649726544
3.3990287182589567 4.2929074372772655 0.029071746497170672
3.4033920413889427 4.2930342867011859 0.029071746497344758
3.4077553645189282 4.2931611361251072 0.029071746497353852
3.4121186876489142 4.2932879855490276 0.029071746497143402
3.4164820107789002 4.293414834972948 0.029071746497356558
3.4208453339088858 4.2935416843968692 0.02907174649733393
3.4252086570388718 4.2936685338207896 0.029071746497211285
3.4295719801688578 4.29379538324471 0.02907174649710495
3.4339353032988433 4.2939222326686295 0.029071746497051149
3.4382986264288293 4.2940490820925499 0.02907174649737268
3.4426619495588149 4.2941759315164711 0.029071746497361699
3.4470252726888009 4.2943027809403915 0.029071746497084095
3.4513885958187869 4.294429630364311 0.029071746496975272
3.4557519189487724 4.2945564797882305 0.029071746497086364
3.4601152420787584 4.2946833292121509 0.029071746497361491
3.464478565208744 4.2948101786360722 0.02907174649737123
3.46884188833873 4.2949370280599926 0.029071746497057148
3.473205211468716 4.2950638774839121 0.029071746497073541
3.4775685345987015 4.2951907269078324 0.029071746497330915
3.4819318577286875 4.2953175763317537 0.029071746497506355
3.4862951808586731 4.295444425755675 0.029071746497157894
3.4906585039886591 4.2955712751795945 0.029071746497154983
3.4950218271186451 4.2956981246035157 0.029071746497506174
3.4993851502486306 4.295824974027437 0.029071746497334537
3.5037484733786166 4.2959518234513574 0.02907174649705924
3.5081117965086026 4.2960786728752769 0.029071746497101848
3.5124751196385882 4.2962055222991973 0.029071746497215604
3.5168384427685742 4.2963323717231177 0.029071746497328611
3.5212017658985597 4.2964592211470389 0.029071746497373506
3.5255650890285457 4.2965860705709593 0.029071746497080931
3.5299284121585317 4.2967129199948788 0.029071746496976122
3.5342917352885173 4.2968397694187983 0.029071746497086135
3.5386550584185033 4.2969666188427187 0.029071746497361554
3.5430183815484888 4.29709346826664 0.029071746497371216
3.5473817046784748 4.2972203176905603 0.029071746497057148
3.5517450278084608 4.2973471671144798 0.029071746497073541
3.5561083509384463 4.2974740165384002 0.029071746497330915
3.5604716740684323 4.2976008659623215 0.029071746497506355
3.5648349971984179 4.2977277153862428 0.02907174649715789
3.5691983203284039 4.2978545648101623 0.029071746497154986
3.5735616434583899 4.2979814142340835 0.029071746497506171
3.5779249665883754 4.2981082636580048 0.029071746497334554
3.5822882897183614 4.2982351130819252 0.029071746497059181
3.5866516128483474 4.2983619625058447 0.02907174649710207
3.591014935978333 4.2984888119297651 0.029071746497214779
3.595378259108319 4.2986156613536854 0.029071746497331696
3.5997415822383045 4.2987425107776067 0.02907174649736198
3.6041049053682905 4.2988693602015271 0.029071746497123942
3.6084682284982765 4.2989962096254466 0.029071746496815598
3.6128315516282621 4.2991230590493652 0.029071746497074554
3.6171948747582481 4.2992499084732865 0.029071746497568426
3.6215581978882336 4.2993767578972077 0.029071746497165974
3.6259215210182196 4.2995036073211272 0.029071746497060593
3.6302848441482056 4.2996304567450476 0.029071746497264999
3.6346481672781912 4.299757306168968 0.029071746497172309
3.6390114904081772 4.2998841555928884 0.029071746497338638
3.6433748135381627 4.3000110050168097 0.029071746497376687
3.6477381366681487 4.30013785444073 0.029071746497058164
3.6521014597981347 4.3002647038646495 0.029071746497064
3.6564647829281203 4.3003915532885699 0.029071746497368062
3.6608281060581063 4.3005184027124912 0.029071746497367316
3.6651914291880923 4.3006452521364116 0.029071746497057335
3.6695547523180778 4.3007721015603311 0.029071746497085566
3.6739180754480638 4.3008989509842515 0.029071746497282627
3.6782813985780494 4.3010258004081718 0.029071746497076827
3.6826447217080354 4.3011526498320913 0.0290717464970923
3.6870080448380214 4.3012794992560117 0.029071746497227317
3.6913713679680069 4.3014063486799321 0.029071746497291332
3.6957346910979929 4.3015331981038534 0.0290717464975109
3.7000980142279785 4.3016600475277746 0.02907174649717929
3.7044613373579645 4.3017868969516941 0.029071746497064836
3.7088246604879505 4.3019137463756145 0.029071746497234704
3.713187983617936 4.3020405957995349 0.029071746497289257
3.717551306747922 4.3021674452234562 0.029071746497511836
3.7219146298779076 4.3022942946473774 0.029071746497177618
3.7262779530078936 4.3024211440712969 0.029071746497070585
3.7306412761378795 4.3025479934952173 0.029071746497213398
3.7350045992678651 4.3026748429191377 0.029071746497368725
3.7393679223978511 4.302801692343059 0.029071746497215254
3.7437312455278371 4.3029285417669785 0.029071746497054254
3.7480945686578226 4.3030553911908989 0.029071746497249962
3.7524578917878086 4.3031822406148192 0.02907174649723878
3.7568212149177942 4.3033090900387396 0.0290717464970878
3.7611845380477802 4.3034359394626591 0.029071746497092248
3.7655478611777662 4.3035627888865795 0.029071746497216559
3.7699111843077517 4.3036896383104999 0.029071746497334398
3.7742745074377377 4.3038164877344212 0.029071746497349407
3.7786378305677233 4.3039433371583415 0.029071746497171529
3.7830011536977093 4.3040701865822619 0.029071746497257373
3.7873644768276953 4.3041970360061823 0.029071746497082981
3.7917277999576808 4.3043238854301018 0.029071746497092932
3.7960911230876668 4.3044507348540222 0.029071746497227519
3.8004544462176524 4.3045775842779426 0.029071746497289875
3.8048177693476384 4.3047044337018638 0.029071746497516541
3.8091810924776244 4.3048312831257851 0.029071746497149314
3.8135444156076099 4.3049581325497046 0.029071746497179102
3.8179077387375959 4.3050849819736259 0.029071746497427178
3.8222710618675819 4.3052118313975463 0.029071746497006869
3.8266343849975675 4.3053386808214658 0.029071746497227574
3.8309977081275535 4.305465530245387 0.029071746497375723
3.835361031257539 4.3055923796693074 0.029071746497173073
3.839724354387525 4.3057192290932278 0.029071746497224878
3.844087677517511 4.3058460785171482 0.029071746497211434
3.8484510006474966 4.3059729279410686 0.029071746497222283
3.8528143237774826 4.3060997773649889 0.029071746497192328
3.8571776469074681 4.3062266267889093 0.029071746497301289
3.8615409700374541 4.3063534762128306 0.029071746497506074
3.8659042931674401 4.3064803256367519 0.029071746497179751
3.8702676162974257 4.3066071750606714 0.029071746497067816
3.8746309394274117 4.3067340244845917 0.02907174649723121
3.8789942625573972 4.3068608739085121 0.029071746497300231
3.8833575856873832 4.3069877233324334 0.029071746497471428
3.8877209088173692 4.3071145727563547 0.02907174649731941
3.8920842319473548 4.3072414221802751 0.02907174649715449
3.8964475550773408 4.3073682716041954 0.029071746497355531
3.9008108782073267 4.3074951210281167 0.029071746497318082
3.9051742013373123 4.3076219704520371 0.029071746497275716
3.9095375244672983 4.3077488198759584 0.02907174649748261
3.9139008475972838 4.3078756692998796 0.029071746497308051
3.9182641707272698 4.3080025187238 0.029071746497188751
3.9226274938572558 4.3081293681477204 0.029071746497220951
3.9269908169872414 4.3082562175716408 0.029071746497220344
3.9313541401172274 4.3083830669955612 0.029071746497190555
3.9357174632472129 4.3085099164194816 0.029071746497310324
3.9400807863771989 4.3086367658434028 0.029071746497471709
3.9444441095071849 4.3087636152673241 0.029071746497308173
3.9488074326371705 4.3088904646912445 0.02907174649719917
3.9531707557671565 4.3090173141151649 0.029071746497188036
3.957534078897142 4.3091441635390852 0.029071746497341587
3.961897402027128 4.3092710129630065 0.029071746497349164
3.966260725157114 4.3093978623869269 0.029071746497156447
3.9706240482870996 4.3095247118108473 0.029071746497317943
3.9749873714170856 4.3096515612347686 0.029071746497475352
3.9793506945470716 4.3097784106586898 0.029071746497285989
3.9837140176770571 4.3099052600826102 0.029071746497284254
3.9880773408070431 4.3100321095065315 0.029071746497480538
3.9924406639370287 4.3101589589304528 0.029071746497307812
3.9968039870670147 4.3102858083543731 0.029071746497191773
4.0011673101970002 4.3104126577782935 0.029071746497217991
4.0055306333269867 4.3105395072022139 0.029071746497220274
4.0098939564569722 4.3106663566261343 0.029071746497184945
4.0142572795869578 4.3107932060500547 0.029071746497341698
4.0186206027169442 4.3109200554739759 0.02907174649734293
4.0229839258469298 4.3110469048978963 0.029071746497181264
4.0273472489769153 4.3111737543218167 0.029071746497233784
4.0317105721069009 4.3113006037457371 0.029071746497185368
4.0360738952368873 4.3114274531696575 0.029071746497308763
4.0404372183668729 4.3115543025935787 0.029071746497474262
4.0448005414968584 4.3116811520175 0.029071746497317273
4.0491638646268449 4.3118080014414204 0.029071746497151309
4.0535271877568304 4.3119348508653408 0.029071746497361526
4.057890510886816 4.3120617002892621 0.029071746497315022
4.0622538340168024 4.3121885497131824 0.029071746497273065
4.066617157146788 4.3123153991371037 0.029071746497487391
4.0709804802767735 4.312442248561025 0.029071746497300453
4.0753438034067591 4.3125690979849454 0.029071746497223251
4.0797071265367455 4.3126959474088657 0.029071746497090541
4.0840704496667311 4.3128227968327852 0.02907174649708795
4.0884337727967166 4.3129496462567056 0.029071746497248762
4.092797095926703 4.313076495680626 0.029071746497201012
4.0971604190566886 4.3132033451045464 0.029071746497231203
4.1015237421866741 4.3133301945284668 0.029071746497175931
4.1058870653166606 4.3134570439523872 0.029071746497349071
4.1102503884466461 4.3135838933763084 0.029071746497322457
4.1146137115766317 4.3137107428002288 0.02907174649727353
4.1189770347066181 4.3138375922241501 0.029071746497478099
4.1233403578366037 4.3139644416480714 0.029071746497319417
4.1277036809665892 4.3140912910719917 0.029071746497156655
4.1320670040965748 4.3142181404959121 0.029071746497355739
4.1364303272265612 4.3143449899198334 0.029071746497315077
4.1407936503565468 4.3144718393437538 0.029071746497278658
4.1451569734865323 4.314598688767675 0.029071746497482724
4.1495202966165188 4.3147255381915963 0.02907174649729578
4.1538836197465043 4.3148523876155167 0.029071746497228834
4.1582469428764899 4.3149792370394371 0.029071746497090628
4.1626102660064763 4.3151060864633566 0.029071746497082003
4.1669735891364619 4.315232935887277 0.029071746497254709
4.1713369122664474 4.3153597853111973 0.029071746497200932
4.1757002353964339 4.3154866347351177 0.029071746497225565
4.1800635585264194 4.3156134841590381 0.029071746497180823
4.184426881656405 4.3157403335829585 0.029071746497352908
4.1887902047863905 4.3158671830068798 0.029071746497319997
4.193153527916377 4.3159940324308002 0.02907174649726179
4.1975168510463625 4.3161208818547214 0.029071746497527542
4.2018801741763481 4.3162477312786427 0.029071746497151125
4.2062434973063345 4.3163745807025622 0.029071746497151971
4.2106068204363201 4.3165014301264835 0.029071746497525017
4.2149701435663056 4.3166282795504047 0.02907174649727106
4.2193334666962921 4.3167551289743251 0.029071746497285417
4.2236967898262776 4.3168819783982464 0.02907174649748195
4.2280601129562632 4.3170088278221677 0.029071746497309887
4.2324234360862487 4.317135677246088 0.029071746497190954
4.2367867592162352 4.3172625266700084 0.029071746497210321
4.2411500823462207 4.3173893760939288 0.02907174649725178
4.2455134054762063 4.3175162255178492 0.02907174649708431
4.2498767286061927 4.3176430749417687 0.02907174649708431
4.2542400517361783 4.3177699243656891 0.02907174649725178
4.2586033748661638 4.3178967737896095 0.029071746497210345
4.2629666979961502 4.3180236232135298 0.029071746497190847
4.2673300211261358 4.3181504726374502 0.029071746497310275
4.2716933442561213 4.3182773220613715 0.029071746497480479
4.2760566673861078 4.3184041714852928 0.029071746497273142
4.2804199905160933 4.3185310209092131 0.029071746497321638
4.2847833136460789 4.3186578703331344 0.029071746497352738
4.2891466367760644 4.3187847197570548 0.029071746497179845
4.2935099599060509 4.3189115691809752 0.029071746497211892
4.2978732830360364 4.3190384186048956 0.029071746497256599
4.302236606166022 4.319165268028816 0.029071746497063473
4.3065999292960084 4.3192921174527354 0.029071746497162855
4.310963252425994 4.3194189668766567 0.02907174649756912
4.3153265755559795 4.319545816300578 0.029071746497083776
4.319689898685966 4.3196726657244966 0.029071746496769121
4.3240532218159515 4.3197995151484161 0.029071746497291759
4.3284165449459371 4.3199263645723374 0.029071746497365599
4.3327798680759235 4.3200532139962577 0.029071746497140515
4.3371431912059091 4.3201800634201781 0.029071746497356353
4.3415065143358946 4.3203069128440994 0.029071746497346507
4.3458698374658802 4.3204337622680198 0.029071746497170068
4.3502331605958666 4.3205606116919402 0.029071746497257231
4.3545964837258522 4.3206874611158606 0.029071746497085035
4.3589598068558377 4.32081431053978 0.02907174649709374
4.3633231299858242 4.3209411599637004 0.029071746497213342
4.3676864531158097 4.3210680093876208 0.029071746497336921
4.3720497762457953 4.3211948588115421 0.029071746497351409
4.3764130993757817 4.3213217082354625 0.029071746497152127
4.3807764225057673 4.3214485576593828 0.029071746497324105
4.3851397456357528 4.3215754070833041 0.029071746497463871
4.3895030687657384 4.3217022565072254 0.029071746497343526
4.3938663918957248 4.3218291059311458 0.029071746497056686
4.3982297150257104 4.3219559553550653 0.02907174649710307
4.4025930381556959 4.3220828047789857 0.029071746497222131
4.4069563612856824 4.322209654202906 0.029071746497292415
4.4113196844156679 4.3223365036268273 0.029071746497502892
4.4156830075456535 4.3224633530507486 0.029071746497219123
4.4200463306756399 4.3225902024746681 0.029071746496904634
4.4244096538056255 4.3227170518985876 0.029071746497225034
4.428772976935611 4.3228439013225088 0.029071746497496994
4.4331363000655974 4.3229707507464301 0.029071746497292317
4.437499623195583 4.3230976001703505 0.029071746497228407
4.4418629463255686 4.3232244495942709 0.029071746497095811
4.4462262694555541 4.3233512990181904 0.029071746497079456
4.4505895925855405 4.3234781484421108 0.029071746497259701
4.4549529157155261 4.3236049978660311 0.029071746497165776
4.4593162388455116 4.3237318472899515 0.02907174649737897
4.4636795619754981 4.3238586967138728 0.029071746497213009
4.4680428851054836 4.3239855461377923 0.029071746497053005
4.4724062082354692 4.3241123955617127 0.029071746497266068
4.4767695313654556 4.3242392449856331 0.02907174649716673
4.4811328544954412 4.3243660944095534 0.02907174649735102
4.4854961776254267 4.3244929438334747 0.029071746497341611
4.4898595007554132 4.3246197932573951 0.029071746497177219
4.4942228238853987 4.3247466426813155 0.029071746497233545
4.4985861470153843 4.3248734921052359 0.029071746497190357
4.5029494701453698 4.3250003415291562 0.029071746497306806
4.5073127932753563 4.3251271909530775 0.0290717464974771
4.5116761164053418 4.3252540403769988 0.029071746497290156
4.5160394395353274 4.3253808898009192 0.029071746497274703
4.5204027626653138 4.3255077392248404 0.029071746497505713
4.5247660857952994 4.3256345886487617 0.029071746497207798
4.5291294089252849 4.3257614380726812 0.029071746496964868
4.5334927320552714 4.3258882874966007 0.029071746496995409
4.5378560551852569 4.3260151369205202 0.029071746497116174
4.5422193783152425 4.3261419863444406 0.029071746497230995
4.5465827014452289 4.326268835768361 0.029071746497243863
4.5509460245752145 4.3263956851922813 0.029071746497077573
4.5553093477052 4.3265225346162008 0.029071746497136935
4.5596726708351856 4.3266493840401221 0.029071746497676468
4.564035993965172 4.3267762334640452 0.029071746497883848
4.5683993170951576 4.3269030828879682 0.029071746497736167
4.5727626402251431 4.3270299323118904 0.029071746497526581
4.5771259633551296 4.3271567817358116 0.029071746497273517
4.5814892864851151 4.3272836311597311 0.029071746496663366
4.5858526096151007 4.3274104805836471 0.029071746495710777
4.5902159327450871 4.3275373300075595 0.029071746495228191
4.5945792558750727 4.327664179431471 0.029071746495057803
4.5989425790050582 4.3277910288553825 0.029071746495629037
4.6033059021350438 4.3279178782792993 0.029071746497178495
4.6076692252650302 4.3280447277032232 0.029071746498940985
4.6120325483950158 4.3281715771271569 0.029071746501944256
4.6163958715250013 4.3282984265511049 0.029071746504674402
4.6207591946549877 4.3284252759750599 0.029071746505388799
4.6251225177849733 4.3285521253990131 0.029071746503465071
4.6294858409149588 4.3286789748229504 0.029071746498250013
4.6338491640449453 4.3288058242468592 0.029071746490482879
4.6382124871749308 4.3289326736707281 0.029071746479745177
4.6425758103049164 4.329059523094549 0.029071746470024879
4.6469391334349028 4.3291863725183415 0.029071746467108691
4.6513024565648884 4.329313221942142 0.029071746474448421
4.6556657796948739 4.3294400713659993 0.029071746492602104
4.6600291028248595 4.3295669207899579 0.029071746521346278
4.6643924259548459 4.3296937702140665 0.029071746561016767
4.6687557490848315 4.329820619638352 0.029071746598315892
4.673119072214817 4.329947469062752 0.029071746609765265
4.6774823953448035 4.3300743184871182 0.029071746582221562
4.681845718474789 4.3302011679112784 0.029071746516067046
4.6862090416047746 4.3303280173350656 0.029071746410092008
4.690572364734761 4.3304548667582985 0.029071746262593071
4.6949356878647466 4.3305817161808688 0.029071746121950771
4.6992990109947321 4.3307085656030031 0.029071746076642185
4.7036623341247186 4.3308354150252493 0.029071746175607815
4.7080256572547041 4.3309622644482459 0.029071746418011055
4.7123889803846897 4.3310891138726166 0.029071746810164487
4.7167523035146752 4.3312159632990443 0.029071747358152215
4.7211156266446617 4.3313428127279447 0.029071747888429256
4.7254789497746472 4.3314696621585176 0.02907174806931391
4.7298422729046328 4.3315965115887227 0.029071747712585094
4.7342055960346192 4.3317233610161878 0.029071746821875855
4.7385689191646048 4.331850210438585 0.029071745373072451
4.7429322422945903 4.3319770598533678 0.029071743339306132
4.7472955654245768 4.3321039092589242 0.029071741344309562
4.7516588885545623 4.3322307586580937 0.029071740623155786
4.7560222116845479 4.3323576080584143 0.02907174190290621
4.7603855348145334 4.3324844574687438 0.029071745178082864
4.7647488579445199 4.3326113068977605 0.029071750527631952
4.7691121810745054 4.332738156354953 0.029071758074855437
4.773475504204491 4.3328650058465739 0.029071765579868982
4.7778388273344774 4.3329918553625646 0.029071768439306454
4.782202150464463 4.3331187048750728 0.029071763857587078
4.7865654735944485 4.3332455543510537 0.029071751816351108
4.7909287967244349 4.3333724037581103 0.02907173205978451
4.7952921198544205 4.3334992530609187 0.029071704062586277
4.7996554429844061 4.333626102235316 0.029071675843263499
4.8040187661143925 4.3337529513168027 0.029071664548192908
4.808382089244378 4.3338798004082646 0.029071680925592393
4.8127454123743636 4.3340066496329808 0.029071725188383746
4.8171087355043491 4.3341334991118758 0.029071798139263
4.8214720586343356 4.3342603489764091 0.029071901978762606
4.8258353817643211 4.3343871993197833 0.029072008041969594
4.8301987048943067 4.3345140500170389 0.029072052487363775
4.8345620280242931 4.3346409006882745 0.029071994063383007
4.8389253511542787 4.3347677508736933 0.029071831400853957
4.8432886742842642 4.3348946001218636 0.02907156204739492
4.8476519974142507 4.3350214479436273 0.029071176994239643
4.8520153205442362 4.3351482939803487 0.029070778530713302
4.8563786436742218 4.3352751386703581 0.029070604202268771
4.8607419668042082 4.3354019834158279 0.029070812180386131
4.8651052899341938 4.335528829931472 0.029071409810357596
4.8694686130641793 4.3356556799026551 0.029072404248104696
4.8738319361941649 4.3357825351492165 0.029073831803711109
4.8781952593241513 4.3359093970482299 0.029075328115525434
4.8825585824541369 4.336036264067876 0.029076009889463812
4.8869219055841224 4.3361631310352937 0.029075271260060029
4.8912852287141089 4.3362899915566127 0.02907307608304292
4.8956485518440944 4.3364168393393268 0.029069404989942836
4.90001187497408 4.3365436676141034 0.02906411345002851
4.9043751981040664 4.336670471103556 0.029058496899428257
4.908738521234052 4.336797255138622 0.029055837657318909
4.9131018443640375 4.3369240387937715 0.029058454114095411
4.9174651674940231 4.3370508459074131 0.029066515188775288
4.9218284906240095 4.3371776999748635 0.029080066365255439
4.9261918137539951 4.3373046261728634 0.02909967695834538
4.9305551368839806 4.3374316446894836 0.029120750330036409
4.9349184600139671 4.3375587370591937 0.029131097502170966
4.9392817831439526 4.3376858329814674 0.029121855648974199
4.9436451062739382 4.3378128435915455 0.029092262107498698
4.9480084294039246 4.337939681156274 0.029042244563280264
4.9523717525339102 4.3380662520478444 0.028969580105561801
4.9567350756638957 4.3381924791689777 0.02889054538102347
4.9610983987938821 4.3383184261417966 0.02885037380235413
4.9654617219238677 4.3384443519307876 0.028882914121710679
4.9698250450538533 4.3385705877573368 0.028991525618663118
4.9741883681838388 4.3386974612401472 0.02917612558497746
4.9785516913138252 4.3388253205339034 0.029445328052342339
4.9829150144438108 4.3389544596062324 0.029741622826906421
4.9872783375737963 4.3390846605835653 0.029897264292187871
4.9916416607037828 4.3392149700375766 0.029783098826218438
4.9960049838337683 4.3393441536102921 0.029384603337175606
5.0003683069637539 4.339470987830266 0.028703355841354316
5.0047316300937403 4.3395941781671103 0.027706195861153596
5.0090949532237259 4.3397126053927852 0.026595859777141358
5.0134582763537114 4.3398270103521215 0.025993983461656194
5.0178215994836979 4.3399409013069707 0.026392914731143618
5.0221849226136834 4.3400588775951743 0.027854530824875205
5.026548245743669 4.3401855083824037 0.030368398705517281
5.0309115688736545 4.3403256068876601 0.034061427136452868
5.035274892003641 4.3404834284486622 0.038220641895104157
5.0396382151336265 4.3406564748203573 0.040544038720347238
5.0440015382636121 4.3408318444702925 0.039156413873361863
5.0483648613935985 4.340992402622831 0.033797249420374591
5.0527281845235841 4.3411210847368151 0.02452154688897969
5.0570915076535696 4.3411999946823174 0.010846349451705062
5.0614548307835561 4.3412129760208309 -0.0047271517180999542
5.0658181539135416 4.3411683651016526 -0.013684640337668117
5.0701814770435272 4.3411135371538236 -0.0089034157201698799
5.0745448001735127 4.3411121880552486 0.010673811244801859
5.0789081233034992 4.3412277329697968 0.04472343026072588
5.0832714464334847 4.3415260015307444 0.094949655530930613
5.0876347695634703 4.3420667711800762 0.15235812720623715
5.0919980926934567 4.3428195948909405 0.18502711498864557
5.0963614158234423 4.3436049634277776 0.16511649931549266
5.1007247389534278 4.3441758290152519 0.086984784005417148
5.1050880620834143 4.344278540911743 -0.049937871261995399
5.1094513852133998 4.3436409009297874 -0.25502275863905072
5.1138147083433854 4.3419936152977314 -0.50097022439234262
5.1181780314733718 4.3393733191424566 -0.67526944548276879
5.1225413546033574 4.3363489473726684 -0.6789397799842104
5.1269046777333429 4.3337181145484012 -0.4972037008490805
5.1312680008633285 4.3322729935405118 -0.13466484149264141
5.1356313239933149 4.3328317574447821 0.4264488126737393
5.1399946471233005 4.3362130536076506 1.1378553452989131
5.144357970253286 4.3426725631551344 1.7881694166681401
5.1487212933832724 4.3514549357805805 2.189013232162738
5.153084616513258 4.3613813736219225 2.3190082081661409
5.1574479396432436 4.3713262887095548 2.1974898077153542
5.16181126277323 4.3801850719727158 1.8195032178227954
5.1661745859032155 4.3868849356903823 1.2218350042173824
5.1705379090332011 4.3907302966393864 0.54351917431785335
5.1749012321631875 4.3916944136915923 -0.089158207924473681
5.1792645552931731 4.390041984978903 -0.66013458024429861
5.1836278784231586 4.3860042550823133 -1.1825683479591875
5.1879912015531442 4.3797806607334211 -1.6647588856958935
5.1923545246831306 4.3715322487401105 -2.1086147231940253
5.1967178478131162 4.3614763728720076 -2.4858835189461019
5.2010811709431017 4.3499746649262923 -2.7697540293983458
5.2054444940730882 4.3374396839255231 -2.9615103246875729
5.2098078172030737 4.3242534706344449 -3.0687951953567909
5.2141711403330593 4.3107794639428976 -3.0935259246238385
5.2185344634630457 4.297372700895683 -3.0389569792755489
5.2228977865930313 4.2843600246906703 -2.9153145533318163
5.2272611097230168 4.2720201560852518 -2.7309106180463738
5.2316244328530024 4.2606223728520893 -2.4818501653035141
5.2359877559829888 4.2504611847280156 -2.1645455536958242
5.2403510791129744 4.2418564072267273 -1.762495165762437
5.2447144022429599 4.2351526913757969 -1.3108185006896145
5.2490777253729464 4.2301911055762913 -1.014701447282671
5.2534410485029319 4.2257670672807519 -1.0834554950878164
5.2578043716329175 4.2201381412977845 -1.5633856694170936
5.2621676947629039 4.2115403325040379 -2.4445841347356079
5.2665310178928895 4.1981823618236813 -3.7539597890732321
5.270894341022875 4.1782231924970441 -5.4467548031394291
5.2752576641528615 4.150514696237952 -7.2328936860065003
5.279620987282847 4.1154098075163557 -8.8089727287201498
5.2839843104128326 4.0740369704723145 -10.113426356675465
5.2883476335428181 4.0275187587518806 -11.166755658776919
5.2927109566728046 3.9769716137745181 -11.956774316801395
5.2970742798027901 3.9235371161346788 -12.498658299654755
5.3014376029327757 3.8680983942588893 -12.904304247546772
5.3058009260627621 3.8109519825596081 -13.291960587373016
5.3101642491927477 3.7521060704923284 -13.678300695825401
5.3145275723227332 3.6916183373591771 -14.042607316085951
5.3188908954527196 3.6296064154153891 -14.375828772430706
5.3232542185827052 3.5662353588456135 -14.661063493468092
5.3276175417126908 3.5018014498178807 -14.852138808325364
5.3319808648426772 3.4368324086047255 -14.901296137358266
5.3363441879726627 3.371990653704001 -14.794005672940438
5.3407075111026483 3.3079570062547408 -14.530880823339453
5.3450708342326338 3.2454155942585308 -14.109071407822551
5.3494341573626203 3.1850528952929951 -13.535475660354226
5.3537974804926058 3.127456124186867 -12.851983415230027
5.3581608036225914 3.0729873705544315 -12.107169835993792
5.3625241267525778 3.0218667349904673 -11.317253588607707
5.3668874498825634 2.9742852629858776 -10.486386122265143
5.3712507730125489 2.9304075851653777 -9.6198813163231911
5.3756140961425354 2.8903719030882975 -8.7286650151642462
5.3799774192725209 2.8542173384240539 -7.8500135630761241
5.3843407424025065 2.8217874587803786 -7.0264711216597178
5.388704065532492 2.7927950417693768 -6.2749623460498132
5.3930673886624785 2.7669154660309458 -5.6008826703192502
5.397430711792464 2.7437959394480522 -5.0108081279704457
5.4017940349224496 2.7230569778811931 -4.5107600194652848
5.406157358052436 2.7042903525322237 -4.1081925637381618
5.4105206811824216 2.6870544512825218 -3.8099836365171118
5.4148840043124071 2.6708848525608095 -3.6198028208319109
5.4192473274423936 2.6553077002323495 -3.5382632612831002
5.4236106505723791 2.6398474385487503 -3.5668980927292386
5.4279739737023647 2.6240263695252937 -3.7016030926086896
5.4323372968323511 2.6074337923271655 -3.9126710623587084
5.4367006199623367 2.5898254010439543 -4.1625664488440171
5.4410639430923222 2.57107300792521 -4.4368969744728002
5.4454272662223078 2.5510761034505469 -4.7319001876506208
5.4497905893522942 2.5297554908129158 -5.0433344808516054
5.4541539124822798 2.5070521644147861 -5.3633927404258745
5.4585172356122653 2.482979934659292 -5.6635979812048811
5.4628805587422518 2.4577073638031872 -5.9092011262632775
5.4672438818722373 2.4315123370585914 -6.0861110041141515
5.4716072050022229 2.4046995137559493 -6.1918679225113022
5.4759705281322093 2.3775861431151264 -6.2233371238129642
5.4803338512621949 2.3505011386870054 -6.1788413572459167
5.4846971743921804 2.3237726633478912 -6.0607207061083406
5.4890604975221668 2.2977120415959957 -5.8733854297735624
5.4934238206521524 2.2726148148132488 -5.619283294850355
5.497787143782138 2.2487684361384064 -5.3006257133070971
5.5021504669121235 2.2264494117295546 -4.919206926514204
5.5065137900421099 2.2059250393063659 -4.4794964023960864
5.5108771131720955 2.1874130124251416 -4.0022585942636084
5.5152404363020811 2.1710137431293131 -3.5147083598669431
5.5196037594320675 2.1567397914636972 -3.0282612282236765
5.523967082562053 2.1445826103880186 -2.5449549731520791
5.5283304056920386 2.1345242547626766 -2.0661967902065399
5.532693728822025 2.1265413796988262 -1.5944943745729216
5.5370570519520106 2.1205778640517114 -1.1446576376463085
5.5414203750819961 2.1164914552203675 -0.7366941593330214
5.5457836982119817 2.1140781978488787 -0.37740702501551593
5.5501470213419681 2.1131295216773909 -0.065172976797267981
5.5545103444719537 2.1134436583234306 0.20182169129578725
5.5588736676019392 2.1148268194455788 0.42486219594390945
5.5632369907319257 2.1170806773010491 0.59935957404668749
5.5676003138619112 2.1199756217196 0.71775518605453026
5.5719636369918968 2.1232601582403885 0.77831781060367633
5.5763269601218832 2.1266869472959424 0.78334113708210329
5.5806902832518688 2.1300176465519796 0.73442436542554912
5.5850536063818543 2.1330198007059127 0.63311067321189574
5.5894169295118408 2.1354724683694424 0.48359215936477928
5.5937802526418263 2.1371777336886022 0.29130482620501974
5.5981435757718119 2.1379556516034826 0.058499564633031388
5.6025068989017974 2.1376298733199905 -0.21443477318728832
5.6068702220317839 2.1360247507188355 -0.5283501280639703
5.6112335451617694 2.1329597082377871 -0.88313370063231367
5.615596868291755 2.1282791412326909 -1.2646038691580352
5.6199601914217414 2.1219175841067082 -1.6504561375797231
5.624323514551727 2.1138819334279835 -2.0323625083133781
5.6286868376817125 2.1041847398454898 -2.4122994483346489
5.633050160811699 2.0928294195115225 -2.7930820449910621
5.6374134839416845 2.0798073181418215 -3.1760529200702758
5.6417768070716701 2.0651320550708401 -3.5460113077709101
5.6461401302016565 2.0489191580010209 -3.8770364047501982
5.6505034533316421 2.0313704187825614 -4.1586342985166249
5.6548667764616276 2.0126970248488742 -4.3929306561316777
5.6592300995916132 1.9931014895860473 -4.5814206303011007
5.6635934227215996 1.9727826841438474 -4.7244659960059563
5.6679567458515852 1.9519432583861376 -4.8190306654158936
5.6723200689815707 1.9308076003230701 -4.8593531139931292
5.6766833921115571 1.909621223149516 -4.8420448721588913
5.6810467152415427 1.8886376896840686 -4.7663622220734743
5.6854100383715283 1.8681146787068774 -4.6303040643734503
5.6897733615015147 1.8483208566837932 -4.4322340114262149
5.6941366846315002 1.8295086361087258 -4.1843195448368444
5.6985000077614858 1.8118457200825429 -3.9089444222055536
5.7028633308914722 1.7954222333753169 -3.6159869512304108
5.7072266540214578 1.7803177343653787 -3.3041539905788087
5.7115899771514433 1.7666179422286763 -2.9717688612781936
5.7159533002814289 1.7544141180947814 -2.6187852014890929
5.7203166234114153 1.7437715916935359 -2.2610838880448894
5.7246799465414009 1.7346473132764773 -1.9275331329029393
5.7290432696713864 1.7268936275403772 -1.6332169333331155
5.7334065928013729 1.7203362041382377 -1.3791929790310693
5.7377699159313584 1.7147976429474179 -1.1665975453242621
5.742133239061344 1.7100925907102928 -0.99740663628967585
5.7464965621913304 1.7060252793232167 -0.87520885376664037
5.750859885321316 1.7023789949559744 -0.80523572775321495
5.7552232084513015 1.6989178680550554 -0.79054426237318887
5.7595865315812871 1.6953993427201264 -0.83144260975204309
5.7639498547112735 1.6915809680798484 -0.92816613808642801
5.7683131778412591 1.6872188973113915 -1.0803527953942231
5.7726765009712446 1.6820873767687285 -1.2777352549279088
5.7770398241012311 1.6760307222577893 -1.5011287171933057
5.7814031472312166 1.6689663097009266 -1.7391310646163347
5.7857664703612022 1.6608361332005588 -1.9893769173216564
5.7901297934911886 1.6515907095646165 -2.2499439179065557
5.7944931166211742 1.6411902289602296 -2.5183761833200591
5.7988564397511597 1.6296153714650314 -2.785680866565313
5.8032197628811462 1.6169048201301015 -3.0363175070108968
5.8075830860111317 1.6031558528885481 -3.2612740139564047
5.8119464091411173 1.5884834293097305 -3.4596953399541119
5.8163097322711028 1.5730028775543774 -3.6316033431490991
5.8206730554010893 1.5568299529531402 -3.7772185132457312
5.8250363785310748 1.5400759952518503 -3.8983792653727631
5.8293997016610604 1.5228412241038676 -3.9981929941990426
5.8337630247910468 1.5052119425679089 -4.0796056639692155
5.8381263479210324 1.4872631390013891 -4.1450737842746088
5.8424896710510179 1.4690588841813133 -4.1971111434376125
5.8468529941810043 1.4506522708416454 -4.238260400332325
5.8512163173109899 1.4320825729310256 -4.2728861744751416
5.8555796404409755 1.413364668928174 -4.3072615154388014
5.8599429635709619 1.3944888699765909 -4.345593950459806
5.8643062867009474 1.375434661694366 -4.3891146594955428
5.868669609830933 1.3561782698860061 -4.4383757612079133
5.8730329329609186 1.3366939755209384 -4.4935160538131784
5.877396256090905 1.3169595864767862 -4.5523404724347643
5.8817595792208905 1.296968742685298 -4.6101802363271913
5.8861229023508761 1.2767351035909758 -4.6632558116960015
5.8904862254808625 1.2562840319252824 -4.7095431240003087
5.8948495486108481 1.2356494019283102 -4.7470193355540582
5.8992128717408336 1.2148744150278752 -4.773534887485833
5.9035761948708201 1.194013107590725 -4.7858483957984239
5.9079395180008056 1.1731373607799556 -4.7793562218916383
5.9123028411307912 1.1523374222429756 -4.7508172615317097
5.9166661642607767 1.1317122242428985 -4.6992006039019047
5.9210294873907632 1.1113633623326853 -4.6240687513694398
5.9253928105207487 1.0913940453354058 -4.525262259251682
5.9297561336507343 1.0719039641034092 -4.4051659795877134
5.9341194567807207 1.0529747286892759 -4.2692501695959457
5.9384827799107063 1.0346646407014997 -4.1217060962535124
5.9428461030406918 1.0170208091473085 -3.9640196058835104
5.9472094261706783 1.0000851014477878 -3.7973553611473481
5.9515727493006638 0.98389409179552167 -3.6228120700882607
5.9559360724306494 0.96847776376817885 -3.4430009667379546
5.9602993955606358 0.9538487016442283 -3.2628726568756576
5.9646627186906214 0.93999981544006861 -3.085503386466836
5.9690260418206069 0.92691898191591948 -2.910625204085576
5.9733893649505925 0.91459776178537866 -2.737161381735175
5.9777526880805789 0.90303259095980837 -2.5638019439886559
5.9821160112105645 0.89222669531983589 -2.3888431424965013
5.98647933434055 0.88219094734155423 -2.2104840953269687
5.9908426574705365 0.87294428007803793 -2.0268326222802227
5.995205980600522 0.86451378069772533 -1.8361099248415924
5.9995693037305076 0.85693368548221238 -1.6368016523833064
6.003932626860494 0.85024434607286414 -1.4276240261335453
6.0082959499904796 0.8444872599791744 -1.2102340592589156
6.0126592731204651 0.83968601958699218 -0.99081029317112979
6.0170225962504515 0.83583617242799002 -0.77457442662879539
6.0213859193804371 0.83291913070886625 -0.5634620781210059
6.0257492425104227 0.83090865290083638 -0.35949012937782693
6.0301125656404082 0.82976801058230953 -0.16512801225297807
6.0344758887703946 0.82944390184523942 0.012913536113248155
6.0388392119003802 0.82983683647839301 0.16079506820152323
6.0432025350303658 0.8307866337033647 0.26710061294076409
6.0475658581603522 0.83210097832431085 0.32751174391594134
6.0519291812903377 0.83357348891922223 0.33895291518728826
6.0562925044203233 0.83498259077836812 0.29792737705283745
6.0606558275503097 0.83609545651180761 0.20331476608825447
6.0650191506802953 0.83668253743953747 0.0576107875823633
6.0693824738102808 0.8365269404845791 -0.13709138960956355
6.0737457969402664 0.83541435106608863 -0.38118595115960041
6.0781091200702528 0.83312836195783091 -0.67485527686935531
6.0824724432002384 0.82945245242049648 -1.0184925046892532
6.0868357663302239 0.82417976234475698 -1.4037785889524643
6.0911990894602104 0.81717801071094476 -1.8056776095402725
6.0955624125901959 0.80842833753685639 -2.2033929266105892
6.0999257357201815 0.79796253928437866 -2.5923356531757697
6.1042890588501679 0.78582156797395297 -2.9705342732356548
6.1086523819801535 0.77205901827782197 -3.335476392331076
6.113015705110139 0.75674516034616202 -3.6790254431342726
6.1173790282401255 0.74001520570645174 -3.9801244733039987
6.121742351370111 0.72209940196120237 -4.221145465506952
6.1261056745000966 0.70327227275472226 -4.397873485464876
6.1304689976300821 0.68381611253198316 -4.5090115146998935
6.1348323207600686 0.66402264642396736 -4.5521356903480905
6.1391956438900541 0.64418899449594058 -4.5280451366904684
6.1435589670200397 0.62459628464329586 -4.4432533419521567
6.1479222901500261 0.60549420769064299 -4.303517172724586
6.1522856132800117 0.58712027725714944 -4.1092826418758897
6.1566489364099972 0.56971360212246724 -3.8602845095185478
6.1610122595399837 0.55351396721687174 -3.5555760838415496
6.1653755826699692 0.53875746285127635 -3.201284718215347
6.1697389057999548 0.52561577256019765 -2.8206707616404576
6.1741022289299412 0.51415113731271078 -2.43409546743966
6.1784655520599268 0.50437862470109063 -2.0445346632656589
6.1828288751899123 0.49631475192722829 -1.6511611317820896
6.1871921983198979 0.4899756485145409 -1.2535777846073437
6.1915555214498843 0.48537623896616255 -0.85529525160699016
6.1959188445798699 0.48249089359830399 -0.47137961764635405
6.2002821677098554 0.48122227880313651 -0.11523890509018755
6.2046454908398418 0.4814420497270524 0.21120331171644668
6.2090088139698274 0.48302336415466085 0.50876072844665376
6.213372137099813 0.48583949579630503 0.77721497935195716
6.2177354602297994 0.48976378672350607 1.0167525380999449
6.2220987833597849 0.49467122892878024 1.2280272795683131
6.2264621064897705 0.50043995160750265 1.4115286144926247
6.2308254296197561 0.50694814642466635 1.5668449577968315
6.2351887527497425 0.51407146375518187 1.6934289276395995
6.239552075879728 0.52168252236707247 1.7900499947520028
6.2439153990097136 0.52965097341809431 1.8580529001710546
6.2482787221397 0.53786340112979547 1.9028911475660406
6.2526420452696856 0.5462414144626041 1.9371295348966406
6.2570053683996711 0.55472070243066429 1.9388173350902274
6.2613686915296576 0.56323163646609831 1.9892172902282734
6.2657320146596431 0.57165506847866643 1.7475259433581156
6.2700953377896287 0.57873555297260937 1.6803867172954712
6.2744586609196151 0.58329478518374656 -0.4661931093920465
6.2788219840496007 0.58531792682739037 4.71009261294639
6.2831853071795862 0.61635586569630207 4.3569472117476256
