# q  U_kJmol  dU_dq   # conservative spline pchip_hermite_v1
0 3.9292386354616555 415.90221402905195
0.0043633231299858239 3.9966373612180113 -93.053719451066854
0.0087266462599716477 4.0488386971672341 38.543608958021679
0.013089969389957472 4.0831692982218666 -1.6257389800660218
0.017453292519943295 4.1037036072305142 5.6816804421318547
0.021816615649929118 4.1168612269348444 2.0638810384497459
0.026179938779914945 4.1279236381379993 2.7152620121728557
0.030543261909900768 4.1400508455863241 3.0190782398305536
0.034906585039886591 4.1548588328553286 3.7277007604974099
0.039269908169872414 4.1732009727202453 4.8624672193293597
0.043633231299858237 4.1955698003163979 4.8132297471494878
0.04799655442984406 4.2106982050657011 1.6658116738653976
0.05235987755982989 4.2098523407111266 -1.6565250184943001
0.056723200689815713 4.1987432045117838 -3.2593645096804678
0.061086523819801536 4.1832768225194634 -3.5779973118491126
0.065449846949787352 4.1694009265588496 -2.6029104989578382
0.069813170079773182 4.1613252319660825 -1.1031626000152324
0.074176493209759012 4.1594016201879587 0.14054426169483603
0.078539816339744828 4.161939554057362 0.96336231033951281
0.082903139469730658 4.1672887642547627 1.4288073062213327
0.087266462599716474 4.1738667638476308 1.5219538529693315
0.091629785729702304 4.1800707723539974 1.2716386953595422
0.09599310885968812 4.1847457168101112 0.8713084488501659
0.10035643198967395 4.1877686087847303 0.53576997559637951
0.10471975511965978 4.1895849442960342 0.31281938132943227
0.1090830782496456 4.1906379662180981 0.1857773492434758
0.11344640137963143 4.1913509328353529 0.15827550135383936
0.11780972450961724 4.1921540581497281 0.22350867377595071
0.12217304763960307 4.193362251886267 0.33057091800200511
0.1265363707695889 4.1950150165652849 0.42125776510208984
0.1308996938995747 4.1969944302780053 0.48169992901231012
0.13526301702956053 4.1991811651873743 0.51637531328827668
0.13962634015954636 4.2014619343745627 0.52442837411630561
0.14398966328953219 4.2037212619683606 0.50745179982386335
0.14835298641951802 4.2058733504588632 0.47883070626680185
0.15271630954950383 4.2079058317154976 0.45432360217784207
0.15707963267948966 4.2098498851330204 0.43793873202145261
0.16144295580947549 4.2117376387672563 0.42847793342721135
0.16580627893946132 4.2135994155827419 0.42613677336766448
0.17016960206944712 4.2154662052094007 0.43054842232998813
0.17453292519943295 4.2173613668477392 0.43819669993137395
0.17889624832941878 4.219288700011127 0.44481861013983937
0.18325957145940461 4.2212399700297878 0.4492599723580033
0.18762289458939044 4.2232065261143239 0.45184030738056646
0.19198621771937624 4.2251802514769707 0.45251676232713273
0.19634954084936207 4.227152831106693 0.45137209212080864
0.2007128639793479 4.2291179094958062 0.44932909693106055
0.20507618710933373 4.2310743365868788 0.44754008037976151
0.20943951023931956 4.2330242846077759 0.44633626687956962
0.21380283336930536 4.2349700829537333 0.44563275059222518
0.21816615649929119 4.2369139044262303 0.44543832484605733
0.22252947962927702 4.2388579796858075 0.4457348371901701
0.22689280275926285 4.2408040368160362 0.44628033858952343
0.23125612588924865 4.242752419808129 0.44676359935697718
0.23561944901923448 4.2447025563696883 0.44708986526443373
0.23998277214922031 4.2466538192594063 0.447281612619433
0.24434609527920614 4.2486056268000523 0.44733723788381835
0.24870941840919197 4.2505573806745032 0.4472605657072638
0.2530727415391778 4.2525086112980377 0.44711497016174001
0.25743606466916363 4.2544592167811643 0.446984448807077
0.26179938779914941 4.2564093476996483 0.44689602827398212
0.26616271092913524 4.2583591729496186 0.44684378295831478
0.27052603405912107 4.2603088482620377 0.44682793309840674
0.2748893571891069 4.2622585340953938 0.44684772205061785
0.27925268031909273 4.2642083579797294 0.44688656662694931
0.28361600344907856 4.2661583498474389 0.44692181309145246
0.28797932657906439 4.2681084701340533 0.44694577385241363
0.29234264970905022 4.2700586733608805 0.44696000416897902
0.29670597283903605 4.2720089178285257 0.44696450272927596
0.30106929596902182 4.273959160506676 0.4469594029032557
0.30543261909900765 4.2759093667762116 0.44694904056147872
0.30979594222899348 4.2778595279079408 0.44693952256538017
0.31415926535897931 4.2798096542903172 0.44693303052689998
0.31852258848896514 4.2817597581775351 0.44692915825010898
0.32288591161895097 4.2837098507469502 0.44692789131603572
0.3272492347489368 4.2856599435539202 0.44692921311187989
0.33161255787892263 4.2876100460058106 0.44693198755207458
0.33597588100890846 4.2895601606225418 0.44693456328261583
0.34033920413889424 4.2915102846502249 0.44693632034261493
0.34470252726888007 4.2934604147536453 0.44693736423527897
0.3490658503988659 4.2954105478965277 0.44693769875397255
0.35342917352885173 4.2973606809111775 0.4469373184004829
0.35779249665883756 4.2993108111861718 0.44693653348110313
0.36215581978882339 4.3012609380342877 0.44693581371567681
0.36651914291880922 4.3032110622973345 0.4469353441862205
0.37088246604879505 4.3051611850083562 0.44693509761301098
0.37524578917878088 4.3071113071398734 0.44693508790349207
0.37960911230876665 4.3090614298003178 0.44693533854039069
0.38397243543875248 4.3110115539289309 0.44693571880425803
0.38833575856873831 4.3129616795861994 0.44693600757636259
0.39269908169872414 4.3149118061017688 0.4469361133744153
0.39706240482870997 4.3168619326930511 0.44693604359065409
0.4014257279586958 4.3188120585101615 0.44693573670256476
0.40578905108868163 4.3207621822972389 0.44693510600943709
0.41015237421866746 4.3227123029181582 0.44693436303224837
0.41451569734865329 4.3246624208239268 0.44693392194408221
0.41887902047863912 4.3266125378568532 0.44693396235165628
0.42324234360862489 4.3285626561094013 0.44693448023756038
0.42760566673861072 4.3305127779897754 0.44693570114595788
0.43196898986859655 4.3324629073769136 0.44693795520670537
0.43633231299858238 4.33441304793139 0.44694055742226924
0.44069563612856821 4.3363631979359498 0.44694206999413594
0.44505895925855404 4.3383133507428804 0.44694184165805179
0.44942228238853987 4.3402634987700717 0.44693988289209258
0.4537856055185257 4.3422136333029213 0.44693538195948246
0.45814892864851153 4.3441637402194013 0.44692707881289279
0.46251225177849731 4.3461138057949551 0.44691738078763676
0.46687557490848314 4.3480638358510761 0.44691163074508261
0.47123889803846897 4.3500138549195855 0.44691235305217147
0.4756022211684548 4.3519638912209455 0.4469195077764061
0.47996554429844063 4.353913976961242 0.44693600671661016
0.48432886742842646 4.3558641642225142 0.44696664862164509
0.48869219055841229 4.3578145050179549 0.44700294506091304
0.49305551368839812 4.3597649800209277 0.44702495401927878
0.49741883681838395 4.3617154986005549 0.44702285714914386
0.50178215994836972 4.3636659555134134 0.44699679782493434
0.50614548307835561 4.3656162315205638 0.44693635144214944
0.51050880620834138 4.3675661344255321 0.44682328853037301
0.51487212933832727 4.3695154671732741 0.44668744916324404
0.51923545246831304 4.3714642928740686 0.44660323850950329
0.52359877559829882 4.3734129462169324 0.44660879610645682
0.5279620987282847 4.3753618197437083 0.44670365909497117
0.53232542185827048 4.3773113551010274 0.44692507801302456
0.53668874498825636 4.379262261352439 0.44734213786276866
0.54105206811824214 4.3812152842572862 0.44785034059627771
0.54541539124822802 4.3831702219355373 0.44817227473230498
0.5497787143782138 4.385125839097106 0.44816001498803321
0.55414203750819968 4.3870806716274275 0.44781482543809198
0.55850536063818546 4.3890330832254891 0.44700386026312633
0.56286868376817123 4.390980458804199 0.44546588824832478
0.56723200689815712 4.3929199790376146 0.443565292045907
0.57159533002814289 4.3948522719823622 0.44233559363067199
0.57595865315812877 4.3967818942754207 0.44234966099401696
0.58032197628811455 4.3987143066793877 0.44360522406502212
0.58468529941810043 4.4006555734672901 0.44657506932707891
0.58904862254808621 4.4026153363479708 0.45224492780820247
0.59341194567807209 4.4046042427918097 0.45935026329310114
0.59777526880805787 4.4066204153792556 0.46404352032700685
0.60213859193804364 4.408647056175643 0.46410938643069899
0.60650191506802953 4.4106637987238351 0.45954454112490362
0.6108652381980153 4.4126481617882307 0.44867002891825991
0.61522856132800119 4.4145646070719078 0.4277736036096359
0.61959188445798696 4.416372962804715 0.40122008989027369
0.62395520758797285 4.4180785016725572 0.3833220000815139
0.62831853071795862 4.419743109433341 0.38263404770982506
0.63268185384794451 4.4214427411410417 0.39922248286516188
0.63704517697793028 4.4232607622769677 0.4390359616135589
0.64140850010791606 4.4253281278616781 0.51602880110427085
0.64577182323790194 4.4277962590580451 0.61522671658017181
0.65013514636788772 4.4306519144218068 0.68343034366123134
0.6544984694978736 4.4336672519270959 0.68764926415105132
0.65886179262785938 4.4365590191601081 0.62739864749126384
0.66322511575784526 4.4390178776251137 0.48157538889181961
0.66758843888783104 4.4405605297200923 0.19753579811095492
0.67195176201781692 4.4406127107664721 -0.17519208500646574
0.6763150851478027 4.439184042959667 -0.44317004122119796
0.68067840827778847 4.4370623027691938 -0.49320847563130304
0.68504173140777436 4.435161033265496 -0.3500137732480989
0.68940505453776013 4.434309107098457 0.00030566334085949771
0.69376837766774602 4.4355970910833378 0.64860239091682159
0.69813170079773179 4.4402077465475926 1.4608905166500019
0.70249502392771768 4.4479070237615259 1.9715218050873782
0.70685834705770345 4.4565675437916248 1.9011902922740447
0.71122167018768934 4.4637469421980436 1.3144427167435291
0.71558499331767511 4.4673514597847088 0.25551331707992725
0.71994831644766089 4.465214096752872 -1.3277548184424937
0.72431163957764677 4.4552182497853652 -3.2866747422096756
0.72867496270763255 4.4366476174055824 -5.1664106384867088
0.73303828583761843 4.410666846621135 -6.678971176197444
0.73740160896760421 4.3788284709417535 -7.8712214658373822
0.74176493209759009 4.342354273582365 -8.8044084340612372
0.74612825522757587 4.3023577621750091 -9.4885312224198817
0.75049157835756175 4.2598222777512218 -9.9862871072488826
0.75485490148754752 4.2152845653626798 -10.43344058128582
0.7592182246175333 4.1687101729171863 -10.924019402133451
0.76358154774751918 4.119890070128351 -11.458905398674935
0.76794487087750496 4.06866945496858 -12.023290018132348
0.77230819400749084 4.0149438542076705 -12.603637506279158
0.77667151713747662 3.9587034036410009 -13.169247526222112
0.7810348402674625 3.9001092456411559 -13.673833343609898
0.78539816339744828 3.8395221077874977 -14.078442091007249
0.78976148652743416 3.7774225085225677 -14.365585161874463
0.79412480965741994 3.7143380879727039 -14.529409235931801
0.79848813278740571 3.6508059455243327 -14.571914009413343
0.8028514559173916 3.5873217309122496 -14.512948990703453
0.80721477904737737 3.5242453773098132 -14.392926965406978
0.81157810217736326 3.4617590528723818 -14.245881340201416
0.81594142530734903 3.3999473269549929 -14.084591918216709
0.82030474843733492 3.3388626206077596 -13.913113618670646
0.82466807156732069 3.2785493807534354 -13.73003311396621
0.82903139469730658 3.2190678009711995 -13.531604797934188
0.83339471782729235 3.1604863119663351 -13.317734388659737
0.83775804095727824 3.1028744551668783 -13.086117512527352
0.84212136408726401 3.0463238763861638 -12.830104413366284
0.84648468721724979 2.9909528089798023 -12.545120386119397
0.85084801034723567 2.9368912350980829 -12.229755883469355
0.85521133347722145 2.8842665472006712 -11.887926463667998
0.85957465660720733 2.8331710585471814 -11.531278662479645
0.86393797973719311 2.7836438270144006 -11.170045164002975
0.86830130286717899 2.7356955236494112 -10.807781746577264
0.87266462599716477 2.6893266148761712 -10.446566141215111
0.87702794912715065 2.6445271723518866 -10.088694742732606
0.88139127225713643 2.6012769192355605 -9.7371662592756074
0.8857545953871222 2.5595378682125545 -9.3969813914152542
0.89011791851710809 2.519249828063574 -9.0725817337389749
0.89448124164709386 2.48033833352725 -8.7662805960438206
0.89884456477707975 2.4427207257834986 -8.479830728965565
0.90320788790706552 2.4063058870905869 -8.2153572222833287
0.90757121103705141 2.3709946639649369 -7.9739478614774058
0.91193453416703718 2.3366885004111491 -7.7542405813517439
0.91629785729702307 2.3032960465039776 -7.5552305257191108
0.92066118042700884 2.2707248556778987 -7.3780986499590044
0.92502450355699462 2.2388765829777495 -7.2239354170431156
0.9293878266869805 2.2076497171332039 -7.0934304516359417
0.93375114981696627 2.1769426619938774 -6.9849701492842122
0.93811447294695216 2.1466720309053944 -6.8918577351450505
0.94247779607693793 2.116786730498359 -6.8077707585912348
0.94684111920692382 2.0872530906576605 -6.7305132225120321
0.95120444233690959 2.0580453098985849 -6.6578021469992095
0.95556776546689548 2.0291518092833876 -6.5857766740658779
0.95993108859688125 2.0005825051193558 -6.507605470745303
0.96429441172686703 1.9723885734254309 -6.4113275969521943
0.96865773485685291 1.9446762566421865 -6.2853891752637105
0.97302105798683869 1.9175912732023928 -6.1229640798893747
0.97738438111682457 1.8913036791369284 -5.9190356986126904
0.98174770424681035 1.8660059195748078 -5.6683696962656862
0.98611102737679623 1.841911746090497 -5.3668771829636324
0.99047435050678201 1.8192466712432134 -5.0134125631336586
0.99483767363676789 1.798238046889129 -4.6072962440488228
0.99920099676675367 1.7791199569886675 -4.146498930825981
1.0035643198967394 1.7621325990490504 -3.6309853766424105
1.0079276430267252 1.7475100171324989 -3.0629532956546206
1.0122909661567112 1.7354670491481636 -2.4510830533345342
1.016654289286697 1.7261520690510013 -1.8173579005591258
1.0210176124166828 1.7196074802116548 -1.183721723933979
1.0253809355466685 1.7158075400643542 -0.56012942753246564
1.0297442586766545 1.714695548086739 0.047043673915002096
1.0341075818066403 1.7161841880063275 0.63091878112084299
1.0384709049366261 1.7201541057245027 1.1823089800747972
1.0428342280666119 1.7264311240837809 1.6851195807210064
1.0471975511965976 1.7347665929988672 2.1240188851577955
1.0515608743265836 1.7448636183937496 2.4920544369689508
1.0559241974565694 1.7564081480244951 2.7874005477896189
1.0602875205865552 1.7690828599349802 3.0102672517179263
1.064650843716541 1.7825805759868438 3.1663663875720571
1.0690141668465269 1.7966407891043619 3.2717036003059783
1.0733774899765127 1.8110824572460145 3.3432692632056891
1.0777408131064985 1.8257794976431458 3.3895195836811203
1.0821041362364843 1.8406334090229313 3.4163902110134972
1.08646745936647 1.8555739979021177 3.4301089827514613
1.090830782496456 1.8705617969112582 3.4404176215593898
1.0951941056264418 1.8856223898068618 3.4679729785735329
1.0995574287564276 1.9008809940591844 3.533634881761754
1.1039207518864134 1.9165276933800153 3.6464090061270062
1.1082840750163994 1.9327744784580825 3.8090736940082235
1.1126473981463851 1.9498422558324942 4.0227021160642877
1.1170107212763709 1.9679498102337785 4.284894486372445
1.1213740444063567 1.987294937288469 4.5882868849490928
1.1257373675363425 2.0080376609376538 4.9243338348227272
1.1301006906663285 2.0303074569001454 5.287607855432424
1.1344640137963142 2.0542130072603659 5.6730642856031448
1.1388273369263 2.0798388762479618 6.0754303852255243
1.1431906600562858 2.1072418009190015 6.4851270052142143
1.1475539831862718 2.1364091388531752 6.8789091126226722
1.1519173063162575 2.1672122455897136 7.2318770461500419
1.1562806294462433 2.1994438130752241 7.5330322536434933
1.1606439525762291 2.2328689187281037 7.7781971516730435
1.1650072757062149 2.2672365157783294 7.9650080997416248
1.1693705988362009 2.3022886897904749 8.0912892090190365
1.1737339219661866 2.337745499642423 8.1482413822045601
1.1780972450961724 2.373281008722409 8.1264682939214943
1.1824605682261582 2.4085460724336931 8.0247735386926227
1.1868238913561442 2.4431986706314461 7.8462808410324651
1.19118721448613 2.4769111206891052 7.594447872096735
1.1955505376161157 2.5093750663705108 7.2754658214122445
1.1999138607461015 2.5403223438482079 6.9020343716004282
1.2042771838760873 2.5695480499032834 6.4882926578434308
1.2086405070060733 2.5968963981745139 6.0422495111193948
1.2130038301360591 2.6222368837925383 5.5688830095204116
1.2173671532660448 2.6454585540520257 5.0710973608535319
1.2217304763960306 2.6664629297598705 4.5543168888223562
1.2260937995260166 2.6852069629890782 4.0406279772950366
1.2304571226560024 2.7017664545300284 3.5560868571843622
1.2348204457859882 2.7162948079190063 3.1094522976724162
1.2391837689159739 2.7289573099490165 2.7011590344275098
1.2435470920459597 2.7399219651660913 2.3307482704165996
1.2479104151759457 2.7493536806990484 1.9993594202368183
1.2522737383059315 2.7574484050615697 1.722106479443378
1.2566370614359172 2.7644883356317487 1.5180368863567331
1.261000384565903 2.7708092452218192 1.3919829983040219
1.265363707695889 2.7767454060903605 1.3413719981023062
1.2697270308258748 2.7826225922306067 1.3647881156109056
1.2740903539558606 2.7887596789608908 1.4598810922531364
1.2784536770858463 2.7954573870802002 1.6202424249520861
1.2828170002158321 2.8029825710521461 1.8380894795257205
1.2871803233458181 2.811575741892447 2.1095640981782955
1.2915436464758039 2.8214667045250974 2.4324081592401789
1.2959069696057897 2.8328760420015731 2.8058108482408177
1.3002702927357754 2.8460203691539951 3.2262047055826608
1.3046336158657614 2.8610653358641676 3.6709011187966114
1.3089969389957472 2.8780470635065796 4.1101238371333011
1.313360262125733 2.8969087989072433 4.532753398687043
1.3177235852557188 2.9175779053818283 4.9382673687280816
1.3220869083857045 2.9399775193872091 5.3260480767692844
1.3264502315156905 2.9640277362198901 5.6940915176050666
1.3308135546456763 2.9896206207123601 6.029668107267514
1.3351768777756621 3.0165742383985736 6.3155496894878898
1.3395402009056478 3.0446520908856503 6.5449849107365248
1.3439035240356338 3.0736076993605064 6.7178299172800688
1.3482668471656196 3.1031922100172857 6.8329165213717484
1.3526301702956054 3.1331507481384269 6.889288729030663
1.3569934934255912 3.1632313937422771 6.8898305567366354
1.3613568165555769 3.1932015693442204 6.8392923806633572
1.3657201396855629 3.2228423095476808 6.7384465833212435
1.3700834628155487 3.2519317359077125 6.5868093763123738
1.3744467859455345 3.2802451957982526 6.3816332797573674
1.3788101090755203 3.3075450750332194 6.1235729029144128
1.3831734322055063 3.3336558466852328 5.8465336310321225
1.387536755335492 3.3586116812574534 5.6011047014178672
1.3919000784654778 3.382610716414213 5.4079366282965422
1.3962634015954636 3.4058786664665255 5.2655339388417746
1.4006267247254494 3.4286444215529523 5.1803718539302022
1.4049900478554354 3.4511764046481974 5.1574092770178535
1.4093533709854211 3.4736741178453121 5.1501296416952087
1.4137166941154069 3.4960340950910709 5.0839482491733961
1.4180800172453927 3.5179157158320384 4.9323594842583365
1.4224433403753787 3.5389667576155186 4.704938204716802
1.4268066635053644 3.5588664303635444 4.4035250252781655
1.4311699866353502 3.5772887152810098 4.0291989371107224
1.435533309765336 3.5939748255700334 3.6184336759890248
1.4398966328953218 3.6088956422309808 3.2283885702730983
1.4442599560253078 3.6222100035526683 2.881090429386552
1.4486232791552935 3.6340946609710212 2.5728187722850131
1.4529866022852793 3.6447057319662211 2.2945580235027578
1.4573499254152651 3.6541542146447927 2.0408823067831694
1.4617132485452511 3.6626454040208154 1.8763226842889196
1.4660765716752369 3.6708183050657053 1.9112115625730552
1.4704398948052226 3.6796830408035053 2.1930472317187593
1.4748032179352084 3.6903013594370528 2.7121609605775565
1.4791665410651942 3.703708625675143 3.4770842877096353
1.4835298641951802 3.7210151339740785 4.4967377352388116
1.487893187325166 3.7431170887756506 5.6312281244083389
1.4922565104551517 3.7699701657402591 6.6373502407005507
1.4966198335851375 3.8006959685234114 7.4076924964456898
1.5009831567151235 3.8342962019812212 7.9592044464684983
1.5053464798451093 3.8698388241679189 8.294615460630677
1.509709802975095 3.9063582513182573 8.4085491919175119
1.5140731261050808 3.9430018568471281 8.3743836384567238
1.5184364492350666 3.9794122044860503 8.3221145733870472
1.5227997723650526 4.0156859155327957 8.3110356748337644
1.5271630954950384 4.0519858530765287 8.3317079444768343
1.5315264186250241 4.0884318089933167 8.3785246136136955
1.5358897417550099 4.1251390251350646 8.450609804450318
1.5402530648849959 4.1621918738834758 8.5327211463907133
1.5446163880149817 4.199579396024153 8.5999345379854901
1.5489797111449675 4.2371991937207731 8.6387750128483276
1.5533430342749532 4.2749243997655455 8.6483740719720501
1.557706357404939 4.3126241497246198 8.6261084870280786
1.562069680534925 4.3501491265925267 8.5679043264417007
1.5664330036649108 4.3873572732159811 8.4849849978242649
1.5707963267948966 4.4241936672942659 8.4014318205933716
1.5751596499248823 4.4606882440521067 8.3279493578858919
1.5795229730548683 4.4968745425254877 8.2584595726535337
1.5838862961848541 4.5327579258501469 8.1896755260414196
1.5882496193148399 4.568339878075852 8.1187836254467172
1.5926129424448257 4.6035252976823804 7.9912507708117992
1.5969762655748114 4.6378479304854068 7.7064298342061157
1.6013395887047974 4.6704675275850001 7.2091168277378772
1.6057029118347832 4.7004573185810914 6.5041472041938633
1.610066234964769 4.7269346301278707 5.5982142399542516
1.6144295580947547 4.7490322793884827 4.5006787673124027
1.6187928812247407 4.7661026447022037 3.3290138149899802
1.6231562043547265 4.7782937772344614 2.3019899183959862
1.6275195274847123 4.786591188985863 1.5499119012730411
1.6318828506146981 4.7922327357209289 1.0820843815037755
1.6362461737446838 4.7964482323671902 0.8989543834408632
1.6406094968746698 4.8004915314166698 1.0004277314538981
1.6449728200046556 4.8054442192830873 1.2845196847732363
1.6493361431346414 4.8116748223917316 1.5505580167066315
1.6536994662646272 4.8187696358058716 1.6751297725135379
1.6580627893946132 4.8260719146305657 1.6476343637880537
1.6624261125245989 4.8329244058254242 1.4664357575181599
1.6667894356545847 4.8386394057409472 1.127393002455868
1.6711527587845705 4.8426187078747791 0.68930334569520435
1.6755160819145565 4.8446881384837583 0.27419590555133105
1.6798794050445423 4.8451569750563541 -0.040903006530810623
1.684242728174528 4.8444856821252325 -0.24978261797754361
1.6886060513045138 4.843132000645455 -0.35223636995713731
1.6929693744344996 4.8415709384520831 -0.34530203220094374
1.6973326975644856 4.8402355226686229 -0.25802706353993055
1.7016960206944713 4.8393448100698881 -0.15316284508797059
1.7060593438244571 4.8388651168164154 -0.071543214726414228
1.7104226669544429 4.838681242639403 -0.016899654276036315
1.7147859900844289 4.8386781860187034 0.010617682591595413
1.7191493132144147 4.8387317498522515 0.0091551254839070777
1.7235126363444004 4.8387265828238322 -0.013962992417653206
1.7278759594743862 4.8386025101195917 -0.042161850534941481
1.732239282604372 4.8383675837841364 -0.064219163328353229
1.736602605734358 4.8380526240650648 -0.079035297801607021
1.7409659288643438 4.8376884189048317 -0.086599019597302845
1.7453292519943295 4.8373082116659472 -0.086388888048947066
1.7496925751243153 4.8369431086974686 -0.080282979926042428
1.7540558982543013 4.836609749965926 -0.072706082999838981
1.7584192213842871 4.8363062733701447 -0.066748406080452807
1.7627825445142729 4.8360244277916351 -0.062738175585798153
1.7671458676442586 4.8357559527855578 -0.060671454088396831
1.7715091907742444 4.8354919286314679 -0.06069546172269958
1.7758725139042304 4.8352239485854156 -0.062325843237381648
1.7802358370342162 4.8349474294752781 -0.064371208505100849
1.7845991601642019 4.8346628476177642 -0.065973930667789629
1.7889624832941877 4.8343724841459679 -0.067036358666576715
1.7933258064241737 4.8340786277631445 -0.067560618395403588
1.7976891295541595 4.8337837555623482 -0.067501125193279915
1.8020524526841453 4.833490218249767 -0.066995461733983935
1.806415775814131 4.8331992337139065 -0.06640464725753556
1.8107790989441168 4.832910464184506 -0.065995482375971734
1.8151424220741028 4.8326230065303672 -0.065798051128665533
1.8195057452040886 4.8323359579454523 -0.065813706729851137
1.8238690683340744 4.8320483200691022 -0.066072427237461706
1.8282323914640601 4.831759135536017 -0.06649045939085993
1.8325957145940461 4.8314682245825695 -0.066810012314038436
1.8369590377240319 4.8311765319984366 -0.066838177345988251
1.8413223608540177 4.8308853973737849 -0.066559749287028888
1.8456856839840035 4.8305961451553312 -0.065967424644198247
1.8500490071139892 4.830310286590044 -0.064987600065916112
1.8544123302439752 4.8300293074864094 -0.063811048271201723
1.858775653373961 4.8297527452627342 -0.063105386356944057
1.8631389765039468 4.829477181887011 -0.063381005580883221
1.8675022996339325 4.8291981634657377 -0.06467294767170835
1.8718656227639185 4.8289112945457457 -0.067002679744836632
1.8762289458939043 4.8286115591456298 -0.070635754784846461
1.8805922690238901 4.8282939103411646 -0.074936412242262829
1.8849555921538759 4.8279601285282423 -0.077509296508958977
1.8893189152838616 4.827622770811387 -0.07646795196971852
1.8936822384138476 4.8272982962812572 -0.071661229587053524
1.8980455615438334 4.8270029638465335 -0.063035008069108722
1.9024088846738192 4.8267552092560866 -0.049597871543591639
1.906772207803805 4.8265739561578531 -0.033537465037099763
1.911135530933791 4.826453495936958 -0.023695066015395491
1.9154988540637767 4.8263476941884766 -0.027248541816398152
1.9198621771937625 4.826195243829976 -0.044871836084202824
1.9242255003237483 4.8259354942247139 -0.076671932715398253
1.9285888234537341 4.8255001511688222 -0.12635094330973318
1.9329521465837201 4.8248177962771521 -0.186396796034345
1.9373154697137058 4.8239059796052564 -0.22413350149804259
1.9416787928436916 4.8229340809278849 -0.21221646977779096
1.9460421159736774 4.8221305481319217 -0.14769738223206885
1.9504054391036634 4.8217217765697917 -0.030513079742587389
1.9547687622336491 4.8219609514266386 0.15314359601792221
1.9591320853636349 4.8231177341613956 0.37772843620866337
1.9634954084936207 4.8251418539271196 0.52297011898949131
1.9678587316236065 4.8274168858344071 0.48627004403542129
1.9722220547535925 4.8291083780447712 0.25913080020829821
1.9765853778835782 4.8294117756745685 -0.1512080236513689
1.980948701013564 4.8274887340481358 -0.76788388945373964
1.9853120241435498 4.8224704198460095 -1.5497811354332593
1.9896753472735358 4.814022295561001 -2.291832653437349
1.9940386704035216 4.8027897432929754 -2.8143247042284463
1.9984019935335073 4.789802270494663 -3.1033311216758195
2.0027653166634933 4.7760213028261456 -3.1769747638266028
2.0071286397934789 4.7624144649060582 -3.0192378672403231
2.0114919629234649 4.7499712634745901 -2.6567614991384492
2.0158552860534504 4.7393223897979135 -2.230657462955524
2.0202186091834364 4.7304122410108675 -1.8684019119141411
2.0245819323134224 4.7229108600374587 -1.5794715769163423
2.028945255443408 4.7165418343326797 -1.350300933903366
2.033308578573394 4.7110374912459925 -1.1828517317107006
2.0376719017033795 4.7061127247933623 -1.0888196674440556
2.0420352248333655 4.7013754132737873 -1.1050250681173026
2.0463985479633515 4.6962576062290893 -1.2669604640929182
2.0507618710933371 4.690086717560181 -1.5886685226758921
2.0551251942233231 4.682153674088271 -2.0755148796971383
2.0594885173533091 4.6717145867554164 -2.7410186278386788
2.0638518404832946 4.6579970347045059 -3.5692924158594481
2.0682151636132806 4.640478471855995 -4.4581823341942108
2.0725784867432662 4.6191491445601365 -5.3078200264869837
2.0769418098732522 4.5942410905271478 -6.1010192304173447
2.0813051330032382 4.5659853563912298 -6.840831271912875
2.0856684561332237 4.5346450205850486 -7.5108950809167512
2.0900317792632097 4.5005446938215936 -8.1092736897792506
2.0943951023931953 4.4639036966069163 -8.6901617733419894
2.0987584255231813 4.4246560906549828 -9.3072393119324985
2.1031217486531673 4.3826353099989586 -9.9569077046075662
2.1074850717831528 4.3377438395921484 -10.621591956219817
2.1118483949131388 4.2899288684429724 -11.296978488524589
2.1162117180431244 4.2391610494048235 -11.971027813971771
2.1205750411731104 4.1855282557667826 -12.599484074697161
2.1249383643030963 4.1293402465704325 -13.138257949024029
2.1293016874330819 4.0710173513600196 -13.579382498010151
2.1336650105630679 4.0109726015656397 -13.927809935065113
2.1380283336930539 3.9496013417928406 -14.188876723958684
2.1423916568230394 3.8872695574221545 -14.368631277207765
2.1467549799530254 3.8243323096608219 -14.465240305451603
2.151118303083011 3.7611602362262131 -14.476789842432494
2.155481626212997 3.6981120716938345 -14.410243420562972
2.159844949342983 3.6355071571113591 -14.27492986856698
2.1642082724729685 3.5736275771450563 -14.07927093474156
2.1685715956029545 3.512717697909562 -13.831799763949174
2.1729349187329401 3.4529876560740371 -13.539429827391849
2.1772982418629261 3.3946200858606175 -13.208417818218736
2.1816615649929121 3.3377695302343837 -12.845046907962331
2.1860248881228976 3.2825662955398389 -12.453905715826579
2.1903882112528836 3.2291288678686993 -12.035147473445949
2.1947515343828692 3.1775786239746742 -11.589710169465343
2.1991148575128552 3.128008803870741 -11.1310465428031
2.2034781806428412 3.0804396470287676 -10.673944521948206
2.2078415037728267 3.0348581084073527 -10.21887587453158
2.2122048269028127 2.9912670288710452 -9.7611280027559602
2.2165681500327987 2.9496882516072662 -9.2950921509848676
2.2209314731627843 2.9101681038732501 -8.8180168983651637
2.2252947962927703 2.8727314499130974 -8.3444395583683644
2.2296581194227558 2.8373179861402602 -7.892276265739576
2.2340214425527418 2.8038250180434603 -7.4630281079054139
2.2383847656827278 2.7721631642463027 -7.0527670160410461
2.2427480888127134 2.742251226773714 -6.6609242484420266
2.2471114119426994 2.7140064691232206 -6.2891341619713108
2.2514747350726849 2.6873309957201199 -5.9429084947242758
2.2558380582026709 2.6620981243997845 -5.6287807490888273
2.2602013813326569 2.6381580398841775 -5.3508025359113534
2.2645647044626425 2.6153476164105167 -5.1112906817982706
2.2689280275926285 2.5934922314005591 -4.9139825127075278
2.2732913507226145 2.5724015501586925 -4.7603193823953749
2.2776546738526 2.5519048512864972 -4.6381162962156335
2.282017996982586 2.5319038848052844 -4.5313590913440267
2.2863813201125716 2.5123438490598646 -4.4365888691329616
2.2907446432425576 2.493168191693949 -4.3549862136463906
2.2951079663725436 2.4743222447437518 -4.2851957678363366
2.2994712895025291 2.4557620506712281 -4.2227988166854935
2.3038346126325151 2.4374787706375152 -4.1553157920647168
2.3081979357625007 2.4195291165579613 -4.0678684638451754
2.3125612588924866 2.4020207186243518 -3.9523711138702007
2.3169245820224726 2.3850841351987855 -3.8052717681239194
2.3212879051524582 2.3688657363332823 -3.6222284749455547
2.3256512282824442 2.3535296736698008 -3.4010639771190787
2.3300145514124297 2.3392268226331323 -3.1517315890311712
2.3343778745424157 2.3260456638870184 -2.8886228425528988
2.3387411976724017 2.3140334291884188 -2.6154784326922051
2.3431045208023873 2.3032369651489288 -2.3315695132131764
2.3474678439323733 2.2937002255799186 -2.0383245234221676
2.3518311670623593 2.2854560242980413 -1.7404067914290073
2.3561944901923448 2.2784979396033713 -1.4523702157467697
2.3605578133223308 2.2727408495808419 -1.1924225103877808
2.3649211364523164 2.2680371437387525 -0.97025318338887678
2.3692844595823024 2.2642137276120402 -0.78938195852427562
2.3736477827122884 2.2610823234665443 -0.65400116894856397
2.3780111058422739 2.2584372960194417 -0.56619517650464524
2.3823744289722599 2.2560883012935973 -0.51485484468827813
2.3867377521022455 2.2539160007176506 -0.48299910944170615
2.3911010752322315 2.2518530259220229 -0.46510956394792569
2.3954643983622175 2.2498366501179139 -0.46131750499539814
2.399827721492203 2.2478090487480982 -0.47005431022803174
2.404191044622189 2.2457242945355835 -0.48591267878762895
2.4085543677521746 2.2435889236816133 -0.487839238544853
2.4129176908821606 2.2415284166509424 -0.4476034967396077
2.4172810140121466 2.2397652391588485 -0.35071859862363813
2.4216443371421321 2.2385566454138033 -0.19276150356313682
2.4260076602721181 2.2381795935250266 0.031554981420033726
2.4303709834021041 2.238934969431138 0.32665801166356245
2.4347343065320897 2.2411262071816229 0.68775528846876677
2.4390976296620757 2.2450183837049988 1.1049683895237541
2.4434609527920612 2.2508468975046756 1.5758255070113294
2.4478242759220472 2.2588489444066657 2.1009226604910167
2.4521875990520332 2.2692577330515546 2.6788419407713122
2.4565509221820188 2.2822936224300281 3.3030828098053613
2.4609142453120048 2.2981076719041287 3.9445836455632022
2.4652775684419903 2.3166814509180509 4.5619118757435686
2.4696408915719763 2.3378504159166518 5.1328668296994593
2.4740042147019623 2.3613963692334807 5.6503340144136329
2.4783675378319479 2.3870699157643043 6.1066324448299367
2.4827308609619338 2.4145852912192574 6.4931451658940844
2.4870941840919194 2.4436183620118834 6.8006345876984238
2.4914575072219054 2.4738033929315204 7.0196840699818965
2.4958208303518914 2.5047361201542633 7.1421042706885807
2.5001841534818769 2.5359816493454459 7.1625188872663337
2.5045474766118629 2.5670859433947175 7.076400881023245
2.5089107997418489 2.5975778012793715 6.8822720693652881
2.5132741228718345 2.6270159779589277 6.5993674007446979
2.5176374460018205 2.6550878468553782 6.2612530209787725
2.522000769131806 2.6816025675554531 5.8865949380641602
2.526364092261792 2.7064181733870627 5.4845000822920147
2.530727415391778 2.7294484876674048 5.0718362047856766
2.5350907385217636 2.7507028510217704 4.676056605359201
2.5394540616517496 2.7703473134816967 4.3438986481734796
2.5438173847817351 2.7887857984792035 4.1322547306997688
2.5481807079117211 2.8066400101184601 4.0801025622499045
2.5525440310417071 2.8246434504124154 4.2012404485655459
2.5569073541716927 2.843550006044993 4.4923795047129804
2.5612706773016787 2.8640622153198496 4.9315878863553078
2.5656340004316642 2.8867222320312327 5.4643050442248695
2.5699973235616502 2.9117759415692248 6.0167336039267143
2.5743606466916362 2.9391801262149895 6.5361518065444422
2.5787239698216218 2.9687315246522394 6.9984335342574271
2.5830872929516078 3.0001547244181426 7.3931596709859768
2.5874506160815938 3.0331543966756196 7.7228318344102167
2.5918139392115793 3.0674900383670507 8.0118646089035455
2.5961772623415653 3.10306693907423 8.2980331036137294
2.6005405854715509 3.1399405007745371 8.609271613284589
2.6049039086015369 3.1782486381990336 8.9560091209321016
2.6092672317315229 3.2181655811071423 9.3502953645460938
2.6136305548615084 3.2599258786464951 9.7999433398613984
2.6179938779914944 3.3036284103642743 10.209844336178929
2.62235720112148 3.3486988570593756 10.396483289791913
2.626720524251466 3.3938873228092712 10.26167946312381
2.631083847381452 3.4377871749177564 9.8094142641725739
2.6354471705114375 3.4790192320708195 9.0330527111152836
2.6398104936414235 3.5161215131398005 7.9170985442485353
2.6441738167714091 3.5478243379182741 6.6054592000114409
2.6485371399013951 3.5739046489896626 5.3898223904446398
2.6529004630313811 3.5952269493750904 4.4268861306973433
2.6572637861613666 3.6128958846675174 3.7110319948580814
2.6616271092913526 3.6279715905863714 3.2425428067892921
2.6659904324213386 3.6415809204399046 3.041174597258828
2.6703537555513241 3.6548906727884751 3.1009563867308629
2.6747170786813101 3.6689772676938022 3.3913407164957712
2.6790804018112957 3.6848062333875098 3.9021051163968821
2.6834437249412817 3.7033603957340904 4.6403362959140146
2.6878070480712677 3.7256339203545337 5.6075995058468875
2.6921703712012532 3.7526125875988767 6.792578388148951
2.6965336943312392 3.784980928256104 8.0260838954318512
2.7008970174612248 3.8222412845028235 8.9762516172256994
2.7052603405912108 3.8626019814454335 9.4372146249745477
2.7096236637211968 3.9038591808594774 9.3912218105432057
2.7139869868511823 3.9438127633437001 8.8343187775903846
2.7183503099811683 3.9801974260309088 7.7578142441914668
2.7227136331111539 4.0110257496141735 6.3466695468704417
2.7270769562411399 4.0356662040922959 4.9930301003115405
2.7314402793711259 4.0550402952403264 3.9433824706569185
2.7358036025011114 4.0705481435796544 3.2164949833373617
2.7401669256310974 4.0835843682227519 2.8160965400705966
2.7445302487610834 4.0956253698309695 2.7609495695198816
2.748893571891069 4.108084280475734 2.9850040282907995
2.753256895021055 4.121851180927715 3.3305737991275914
2.7576202181510405 4.1371797240575292 3.6972542187734776
2.7619835412810265 4.1541386658520176 4.0796487328364535
2.7663468644110125 4.1727998649391393 4.4747557080117097
2.7707101875409981 4.1931847337883443 4.8674272271083918
2.7750735106709841 4.2152125360572414 5.2163400188788041
2.7794368338009696 4.2385321764703399 5.4458176260538593
2.7838001569309556 4.2624834464560459 5.501473392016961
2.7881634800609416 4.2862685967208218 5.3694337188624317
2.7925268031909272 4.3090634847447014 5.0468669745064378
2.7968901263209132 4.3300360083758234 4.5353539996315666
2.8012534494508987 4.3484316044624309 3.8792423132674325
2.8056167725808847 4.3638175243127204 3.1741362121566623
2.8099800957108707 4.37616106704687 2.4895869291566202
2.8143434188408563 4.3855961692740246 1.8414093487759426
2.8187067419708423 4.392293653947422 1.2367253800958515
2.8230700651008283 4.3964636279382736 0.68360331677250774
2.8274333882308138 4.3983351392739971 0.18268068724969608
2.8317967113607998 4.3981258491451882 -0.27146694849098901
2.8361600344907854 4.3960289917728534 -0.68240311828792277
2.8405233576207713 4.3922364765271187 -1.0481549183008505
2.8448866807507573 4.3869510054329801 -1.3665408535342973
2.8492500038807429 4.3803816930419917 -1.6364303964321267
2.8536133270107289 4.3727501549860586 -1.8515231139981354
2.8579766501407144 4.3643242194903387 -1.9977827174074192
2.8623399732707004 4.3554312943431981 -2.0649174661058995
2.8667032964006864 4.3464215844003924 -2.0514926119692829
2.871066619530672 4.3376452228980193 -1.9579140211397856
2.875429942660658 4.32945151426562 -1.7846120646332615
2.8797932657906435 4.3221820539603719 -1.5353295366271347
2.8841565889206295 4.316152127847424 -1.2180543313732777
2.8885199120506155 4.3116416332161576 -0.83951261310696312
2.8928832351806011 4.3089107509904778 -0.40269919739952575
2.8972465583105871 4.3082080967437273 0.089583618611045759
2.9016098814405731 4.3097685760805993 0.63416180964797841
2.9059732045705586 4.3138051110375679 1.2219927057347546
2.9103365277005446 4.3204679057807809 1.8341845926855105
2.9146998508305302 4.3298246275818109 2.4554771774248683
2.9190631739605162 4.3419024202167256 3.0811932547174576
2.9234264970905022 4.3567166892552907 3.7093694392554877
2.9277898202204877 4.3742751025019597 4.3391457858030789
2.9321531433504737 4.3945766588477646 4.9646450592410298
2.9365164664804593 4.4175679859205452 5.5682680112755012
2.9408797896104453 4.4431140307890891 6.1341216263923624
2.9452431127404313 4.4710310228271801 6.653721979581622
2.9496064358704168 4.5010915849038566 7.1134203424919624
2.9539697590004028 4.5329859035356703 7.4896348684465925
2.9583330821303884 4.5662812057218414 7.7491218748665753
2.9626964052603744 4.600381759118604 7.8518546109912846
2.9670597283903604 4.6345241726425463 7.763867513253822
2.9714230515203459 4.6678344256676976 7.4697126579898399
2.9757863746503319 4.6994228353338956 6.9783154738767772
2.9801496977803179 4.7284963985556177 6.3251257274795609
2.9845130209103035 4.7544772278042968 5.5737936027349599
2.9888763440402895 4.7771183285616194 4.8096764350739374
2.993239667170275 4.7965478421075511 4.1131243501597154
2.997602990300261 4.8131874380328306 3.5371190862365123
3.001966313430247 4.8276241440721837 3.1048906502640086
3.0063296365602326 4.8404823354361657 2.8099073941519084
3.0106929596902186 4.8523056152376931 2.6252093326189376
3.0150562828202041 4.8635067373991596 2.5196679748798543
3.0194196059501901 4.8743591001929429 2.4589781057547078
3.0237829290801761 4.8849796974001025 2.4081393825878532
3.0281462522101616 4.8953553174617603 2.3443999868092305
3.0325095753401476 4.9054090822229099 2.2604710109212167
3.0368728984701332 4.9150569814921186 2.1595823493967914
3.0412362216001192 4.924242869600354 2.050357939183447
3.0455995447301052 4.9329526417349898 1.9431355360679519
3.0499628678600907 4.9412166658018988 1.8474225325093316
3.0543261909900767 4.9490997173517792 1.7690857457424711
3.0586895141200627 4.9566843464453907 1.7110283212597683
3.0630528372500483 4.9640539799576731 1.6685945657948613
3.0674161603800343 4.9712413545797478 1.6232549567961636
3.0717794835100198 4.9781896929679732 1.5573859578009788
3.0761428066400058 4.9847951469190974 1.4661023812977998
3.0805061297699918 4.9909457621517195 1.3486316458740835
3.0848694528999774 4.9965242923757982 1.2037374187739229
3.0892327760299634 5.0014130543065471 1.0331986398546065
3.0935960991599489 5.0055142618337038 0.8445157164817565
3.0979594222899349 5.0087669804084012 0.64492563606642239
3.1023227454199209 5.0111293182091012 0.43641012371195159
3.1066860685499065 5.0125620328581419 0.2187197298969151
3.1110493916798925 5.0130292085929815 -0.0050206368935965676
3.115412714809878 5.0124970979913623 -0.24328310803916595
3.119776037939864 5.0108513761523152 -0.51921421899193676
3.12413936106985 5.0078168892912425 -0.89773448508029208
3.1285026841998356 5.0030356200513557 -1.2635659001502992
3.1328660073298216 4.9973927888563709 -1.2150854359820376
3.1372293304598076 4.9932813749451883 -0.5826172789556433
3.1415926535897931 4.9920241361893236 -0.14565912211687146
3.1459559767197791 4.9907608706392175 -0.56771734029704612
3.1503192998497647 4.9866396999678901 -1.2855371632412063
3.1546826229797507 4.9796679355137821 -1.9170743879365664
3.1590459461097367 4.969847755085218 -2.5914561441330148
3.1634092692397222 4.9577516743527719 -2.7856122423200991
3.1677725923697082 4.9469025310097656 -2.0420688806514971
3.1721359154996938 4.9403408193465195 -1.0169343499436274
3.1764992386296798 4.9376482273847841 -0.25298420010292899
3.1808625617596658 4.9378019675819074 0.28328525929603099
3.1852258848896513 4.9397797864008055 0.58539518773189447
3.1895892080196373 4.9425633547188905 0.64882264070054707
3.1939525311496229 4.9451228289722335 0.49291971868458556
3.1983158542796088 4.9467279330551115 0.24285162996610005
3.2026791774095948 4.9472982914420465 0.031411577563599032
3.2070425005395804 4.9471012310004188 -0.11183717901638386
3.2114058236695664 4.9464104979935275 -0.19446467365207026
3.2157691467995524 4.9454976066539222 -0.21287501011939816
3.2201324699295379 4.9446386994809668 -0.17223420887777416
3.2244957930595239 4.9440327757214995 -0.10533171590598814
3.2288591161895095 4.9437052837716049 -0.048208295630025363
3.2332224393194955 4.9435854555926966 -0.0093897672337684857
3.2375857624494815 4.9435996804703821 0.013159883012534892
3.241949085579467 4.9436753147001529 0.01853280648032913
3.246312408709453 4.9437382167203854 0.0079594002832246245
3.2506757318394386 4.9437341394023813 -0.0099255215876172583
3.2550390549694246 4.9436551706498166 -0.025355586117571414
3.2594023780994106 4.9435200142781301 -0.035873724829732799
3.2637657012293961 4.9433484643663439 -0.042025221681070597
3.2681290243593821 4.9431599566009101 -0.043582811877881607
3.2724923474893677 4.9429743929482886 -0.040836092699946092
3.2768556706193537 4.942806550650837 -0.036056850050375636
3.2812189937493397 4.9426588477615878 -0.031889396421981762
3.2855823168793252 4.9425263466625982 -0.029039635407500066
3.2899456400093112 4.9424037241406964 -0.027362142722106835
3.2943089631392972 4.9422857801062996 -0.026913174118911899
3.2986722862692828 4.9421671732571735 -0.027625567993698388
3.3030356093992688 4.9420438809354614 -0.028902172587188645
3.3073989325292543 4.9419151740906377 -0.030027605857291275
3.3117622556592403 4.9417823546116217 -0.030799659034677671
3.3161255787892263 4.9416468541726219 -0.031256944343204016
3.3204889019192119 4.9415100641139071 -0.031385719439266525
3.3248522250491979 4.9413734176724571 -0.031201266991035301
3.3292155481791834 4.9412380091812613 -0.030860405832447597
3.3335788713091694 4.94110405604936 -0.030556519674263798
3.3379421944391554 4.9409712154528913 -0.030347371104430924
3.342305517569141 4.9408391023267733 -0.030222756754006937
3.346668840699127 4.9407073443907548 -0.030185980232243146
3.351032163829113 4.9405755571316092 -0.030233651043217923
3.3553954869590985 4.9404434430299808 -0.030324625756147236
3.3597588100890845 4.940310937840561 -0.030406668589908068
3.3641221332190701 4.9401781317156965 -0.030463322670942268
3.3684854563490561 4.9400451282248357 -0.030497270346978821
3.372848779479042 4.9399120269826451 -0.030507733288771922
3.3772121026090276 4.9397789311297249 -0.030495437319815993
3.3815754257390136 4.9396459215052895 -0.030471166525456887
3.3859387488689991 4.9395130169486912 -0.030449020009278301
3.3903020719989851 4.9393801937867616 -0.030433674692859444
3.3946653951289711 4.9392474241631046 -0.030424429418083043
3.3990287182589567 4.9391146814216702 -0.030421462774113971
3.4033920413889427 4.938981937900957 -0.030424627562610933
3.4077553645189282 4.9388491716486174 -0.030431099960293646
3.4121186876489142 4.9387163771764575 -0.030437077215281005
3.4164820107789002 4.9385835606912982 -0.030441233340369144
3.4208453339088858 4.9384507296852176 -0.030443750458673934
3.4252086570388718 4.9383178912915096 -0.030444589068912217
3.4295719801688578 4.9381850529275821 -0.030443776392444041
3.4339353032988433 4.9380522205514561 -0.030442051103478158
3.4382986264288293 4.9379193957528136 -0.030440438132941085
3.4426619495588149 4.9377865769069631 -0.030439312571827869
3.4470252726888009 4.9376537619990089 -0.03043862745048672
3.4513885958187869 4.9375209491199428 -0.030438391038194668
3.4557519189487724 4.937388136281097 -0.030438599194541626
3.4601152420787584 4.9372553218662727 -0.030439058890995661
3.464478565208744 4.9371225054173165 -0.030439494077929091
3.46884188833873 4.9369896873587598 -0.03043979887961815
3.473205211468716 4.9368568682324332 -0.030439985310157302
3.4775685345987015 4.9367240485492569 -0.030440051792443291
3.4819318577286875 4.9365912288423299 -0.030439998624229136
3.4862951808586731 4.9364584095498474 -0.030439876193598885
3.4906585039886591 4.9363255908032659 -0.030439758799350191
3.4950218271186451 4.9361927724918644 -0.030439676265361978
3.4993851502486306 4.9360599544699548 -0.030439625547891088
3.5037484733786166 4.9359271366007871 -0.030439606894195757
3.5081117965086026 4.9357943187414746 -0.03043962043294408
3.5124751196385882 4.9356615007732687 -0.030439653025244692
3.5168384427685742 4.9355286826586005 -0.030439684686965653
3.5212017658985597 4.9353958644262885 -0.030439707033739289
3.5255650890285457 4.9352630461154989 -0.030439720828025384
3.5299284121585317 4.9351302277628362 -0.030439726051240668
3.5342917352885173 4.9349974094065931 -0.030439722615571516
3.5386550584185033 4.9348645910789353 -0.030439713942938876
3.5430183815484888 4.9347317727905624 -0.030439705405058078
3.5473817046784748 4.934598954533989 -0.030439699355131355
3.5517450278084608 4.9344661362986866 -0.030439695604165082
3.5561083509384463 4.9343333180748576 -0.030439694144524417
3.5604716740684323 4.9342004998522393 -0.030439695013125066
3.5648349971984179 4.9340676816221256 -0.030439697319439265
3.5691983203284039 4.9339348633814781 -0.030439699621501101
3.5735616434583899 4.9338020451322349 -0.030439701259465275
3.5779249665883754 4.9336692268772273 -0.030439702278812007
3.5822882897183614 4.9335364086190792 -0.030439702686003236
3.5866516128483474 4.9334035903605375 -0.030439702467724289
3.591014935978333 4.9332707721039588 -0.030439701854610455
3.595378259108319 4.9331379538502045 -0.030439701233852305
3.5997415822383045 4.9330051355987736 -0.030439700790575699
3.6041049053682905 4.9328723173489042 -0.030439700513385029
3.6084682284982765 4.9327394990998954 -0.030439700400127456
3.6128315516282621 4.9326066808510083 -0.030439700454960566
3.6171948747582481 4.9324738626016087 -0.030439700617578957
3.6215581978882336 4.9323410443514524 -0.03043970078491472
3.6259215210182196 4.9322082261006681 -0.030439700904982343
3.6302848441482056 4.9320754078494602 -0.030439700980395921
3.6346481672781912 4.9319425895980169 -0.030439701011797837
3.6390114904081772 4.9318097713465363 -0.030439700998251187
3.6433748135381627 4.9316769530951889 -0.030439700955083911
3.6477381366681487 4.931544134844045 -0.030439700909857061
3.6521014597981347 4.9314113165930706 -0.030439700877442501
3.6564647829281203 4.9312784983422109 -0.030439700856923619
3.6608281060581063 4.931145680091416 -0.030439700848059068
3.6651914291880923 4.9310128618406326 -0.030439700851509523
3.6695547523180778 4.9308800435898137 -0.030439700863069581
3.6739180754480638 4.9307472253389406 -0.030439700875056187
3.6782813985780494 4.9306144070880222 -0.030439700883944338
3.6826447217080354 4.9304815888370719 -0.030439700889533138
3.6870080448380214 4.9303487705861047 -0.030439700891867146
3.6913713679680069 4.9302159523351339 -0.030439700890996922
3.6957346910979929 4.9300831340841729 -0.030439700887869146
3.7000980142279785 4.9299503158332261 -0.030439700884762489
3.7044613373579645 4.9298174975822908 -0.030439700882607567
3.7088246604879505 4.9296846793313636 -0.030439700880889944
3.713187983617936 4.9295518610804425 -0.030439700880153998
3.717551306747922 4.9294190428295215 -0.030439700880540741
3.7219146298779076 4.9292862245785987 -0.030439700880951055
3.7262779530078936 4.9291534063276732 -0.030439700881976381
3.7306412761378795 4.9290205880767424 -0.030439700882951469
3.7350045992678651 4.9288877698258098 -0.030439700882920424
3.7393679223978511 4.9287549515748772 -0.030439700883290829
3.7437312455278371 4.9286221333239419 -0.030439700883662966
3.7480945686578226 4.9284893150730076 -0.030439700883034659
3.7524578917878086 4.9283564968220759 -0.030439700882733081
3.7568212149177942 4.9282236785711442 -0.030439700882735694
3.7611845380477802 4.9280908603202134 -0.030439700882416158
3.7655478611777662 4.9279580420692835 -0.030439700882461038
3.7699111843077517 4.9278252238183526 -0.030439700882610349
3.7742745074377377 4.9276924055674218 -0.030439700882578913
3.7786378305677233 4.927559587316491 -0.030439700882555334
3.7830011536977093 4.9274267690655602 -0.030439700882681088
3.7873644768276953 4.9272939508146285 -0.030439700882803015
3.7917277999576808 4.9271611325636968 -0.030439700882809544
3.7960911230876668 4.9270283143127651 -0.030439700882661486
3.8004544462176524 4.9268954960618343 -0.030439700882636509
3.8048177693476384 4.9267626778109026 -0.030439700882884488
3.8091810924776244 4.9266298595599709 -0.030439700882518909
3.8135444156076099 4.926497041309041 -0.030439700882521216
3.8179077387375959 4.9263642230581093 -0.030439700882877566
3.8222710618675819 4.9262314048071776 -0.030439700882661899
3.8266343849975675 4.9260985865562468 -0.030439700882566863
3.8309977081275535 4.925965768305316 -0.030439700882551983
3.835361031257539 4.9258329500543852 -0.03043970088270655
3.839724354387525 4.9257001318034535 -0.030439700882713836
3.844087677517511 4.9255673135525226 -0.030439700882520793
3.8484510006474966 4.9254344953015918 -0.030439700882684318
3.8528143237774826 4.9253016770506601 -0.030439700882833924
3.8571776469074681 4.9251688587997284 -0.030439700882682667
3.8615409700374541 4.9250360405487976 -0.030439700882527412
3.8659042931674401 4.9249032222978668 -0.030439700882679735
3.8702676162974257 4.9247704040469351 -0.030439700882845668
3.8746309394274117 4.9246375857960034 -0.030439700882640273
3.8789942625573972 4.9245047675450726 -0.030439700882685237
3.8833575856873832 4.9243719492941409 -0.030439700882710787
3.8877209088173692 4.9242391310432101 -0.030439700882554311
3.8920842319473548 4.9241063127922793 -0.030439700882553308
3.8964475550773408 4.9239734945413485 -0.030439700882713784
3.9008108782073267 4.9238406762904168 -0.030439700882674253
3.9051742013373123 4.923707858039486 -0.030439700882681196
3.9095375244672983 4.9235750397885543 -0.03043970088269296
3.9139008475972838 4.9234422215376235 -0.030439700882638979
3.9182641707272698 4.9233094032866918 -0.030439700882843129
3.9226274938572558 4.9231765850357601 -0.030439700882681872
3.9269908169872414 4.9230437667848292 -0.030439700882521389
3.9313541401172274 4.9229109485338984 -0.030439700882713892
3.9357174632472129 4.9227781302829667 -0.03043970088271504
3.9400807863771989 4.9226453120320359 -0.030439700882517951
3.9444441095071849 4.9225124937811051 -0.030439700882685199
3.9488074326371705 4.9223796755301734 -0.030439700882833272
3.9531707557671565 4.9222468572792417 -0.030439700882684363
3.957534078897142 4.9221140390283109 -0.030439700882521278
3.961897402027128 4.9219812207773801 -0.030439700882711886
3.966260725157114 4.9218484025264484 -0.030439700882713909
3.9706240482870996 4.9217155842755176 -0.030439700882524488
3.9749873714170856 4.9215827660245868 -0.030439700882669476
3.9793506945470716 4.9214499477736551 -0.0304397008828803
3.9837140176770571 4.9213171295227234 -0.030439700882511998
3.9880773408070431 4.9211843112717935 -0.030439700882553041
3.9924406639370287 4.9210514930208618 -0.03043970088275719
3.9968039870670147 4.9209186747699309 -0.030439700882510197
4.0011673101970002 4.9207858565190001 -0.030439700882683364
4.0055306333269867 4.9206530382680684 -0.030439700882839048
4.0098939564569722 4.9205202200171367 -0.030439700882653832
4.0142572795869578 4.9203874017662059 -0.030439700882646928
4.0186206027169442 4.9202545835152742 -0.030439700882841168
4.0229839258469298 4.9201217652643425 -0.030439700882681768
4.0273472489769153 4.9199889470134117 -0.030439700882533054
4.0317105721069009 4.9198561287624809 -0.030439700882676678
4.0360738952368873 4.9197233105115492 -0.030439700882842945
4.0404372183668729 4.9195904922606175 -0.030439700882644929
4.0448005414968584 4.9194576740096867 -0.030439700882678621
4.0491638646268449 4.919324855758755 -0.030439700882723273
4.0535271877568304 4.9191920375078242 -0.030439700882511002
4.057890510886816 4.9190592192568934 -0.030439700882723342
4.0622538340168024 4.9189264010059617 -0.030439700882678319
4.066617157146788 4.9187935827550309 -0.030439700882646088
4.0709804802767735 4.9186607645040992 -0.030439700882838615
4.0753438034067591 4.9185279462531675 -0.030439700882711425
4.0797071265367455 4.9183951280022367 -0.030439700882398387
4.0840704496667311 4.9182623097513067 -0.030439700882556386
4.0884337727967166 4.918129491500375 -0.030439700882866703
4.092797095926703 4.9179966732494433 -0.030439700882670156
4.0971604190566886 4.9178638549985125 -0.030439700882535371
4.1015237421866741 4.9177310367475817 -0.030439700882678968
4.1058870653166606 4.91759821849665 -0.030439700882831433
4.1102503884466461 4.9174654002457183 -0.030439700882688686
4.1146137115766317 4.9173325819947875 -0.030439700882515092
4.1189770347066181 4.9171997637438567 -0.030439700882722989
4.1233403578366037 4.917066945492925 -0.030439700882675651
4.1277036809665892 4.9169341272419942 -0.030439700882675707
4.1320670040965748 4.9168013089910625 -0.030439700882722822
4.1364303272265612 4.9166684907401317 -0.030439700882515703
4.1407936503565468 4.9165356724892009 -0.030439700882686424
4.1451569734865323 4.9164028542382692 -0.030439700882839905
4.1495202966165188 4.9162700359873375 -0.03043970088264732
4.1538836197465043 4.9161372177364067 -0.03043970088265352
4.1582469428764899 4.916004399485475 -0.030439700882839898
4.1626102660064763 4.9158715812345433 -0.030439700882680255
4.1669735891364619 4.9157387629836125 -0.030439700882521781
4.1713369122664474 4.9156059447326816 -0.030439700882723224
4.1757002353964339 4.9154731264817499 -0.030439700882668026
4.1800635585264194 4.9153403082308191 -0.030439700882687395
4.184426881656405 4.9152074899798874 -0.03043970088268369
4.1887902047863905 4.9150746717289566 -0.030439700882679152
4.193153527916377 4.9149418534780249 -0.030439700882682413
4.1975168510463625 4.9148090352270941 -0.030439700882673892
4.2018801741763481 4.9146762169761624 -0.030439700882723308
4.2062434973063345 4.9145433987252316 -0.030439700882515564
4.2106068204363201 4.9144105804743008 -0.030439700882686483
4.2149701435663056 4.9142777622233691 -0.030439700882839805
4.2193334666962921 4.9141449439724374 -0.03043970088264767
4.2236967898262776 4.9140121257215066 -0.030439700882652208
4.2280601129562632 4.9138793074705749 -0.030439700882844787
4.2324234360862487 4.9137464892196432 -0.030439700882680606
4.2367867592162352 4.9136136709687124 -0.030439700882515477
4.2411500823462207 4.9134808527177816 -0.030439700882729532
4.2455134054762063 4.9133480344668499 -0.030439700882667661
4.2498767286061927 4.9132152162159191 -0.030439700882682514
4.2542400517361783 4.9130823979649874 -0.030439700882684998
4.2586033748661638 4.9129495797140565 -0.030439700882678767
4.2629666979961502 4.9128167614631248 -0.030439700882682632
4.2673300211261358 4.912683943212194 -0.030439700882673407
4.2716933442561213 4.9125511249612623 -0.030439700882725039
4.2760566673861078 4.9124183067103315 -0.030439700882509132
4.2804199905160933 4.9122854884594007 -0.030439700882710464
4.2847833136460789 4.912152670208469 -0.030439700882750304
4.2891466367760644 4.9120198519575382 -0.030439700882389623
4.2935099599060509 4.9118870337066083 -0.030439700882552576
4.2978732830360364 4.9117542154556766 -0.030439700882872102
4.302236606166022 4.9116213972047449 -0.030439700882670985
4.3065999292960084 4.9114885789538141 -0.030439700882526656
4.310963252425994 4.9113557607028833 -0.030439700882694445
4.3153265755559795 4.9112229424519516 -0.030439700882796846
4.319689898685966 4.9110901242010199 -0.030439700882811518
4.3240532218159515 4.9109573059500882 -0.030439700882650449
4.3284165449459371 4.9108244876991574 -0.030439700882687968
4.3327798680759235 4.9106916694482257 -0.030439700882680377
4.3371431912059091 4.9105588511972948 -0.030439700882673219
4.3415065143358946 4.9104260329463632 -0.030439700882728026
4.3458698374658802 4.9102932146954323 -0.030439700882515967
4.3502331605958666 4.9101603964445015 -0.030439700882680155
4.3545964837258522 4.9100275781935698 -0.030439700882846123
4.3589598068558377 4.9098947599426381 -0.030439700882647313
4.3633231299858242 4.9097619416917073 -0.030439700882647313
4.3676864531158097 4.9096291234407756 -0.030439700882846137
4.3720497762457953 4.9094963051898439 -0.030439700882680106
4.3764130993757817 4.9093634869389131 -0.030439700882516151
4.3807764225057673 4.9092306686879823 -0.030439700882727357
4.3851397456357528 4.9090978504370506 -0.030439700882675714
4.3895030687657384 4.9089650321861198 -0.030439700882671103
4.3938663918957248 4.9088322139351881 -0.030439700882722555
4.3982297150257104 4.9086993956842573 -0.030439700882521389
4.4025930381556959 4.9085665774333265 -0.030439700882682504
4.4069563612856824 4.9084337591823948 -0.030439700882831301
4.4113196844156679 4.9083009409314631 -0.030439700882685671
4.4156830075456535 4.9081681226805323 -0.030439700882527312
4.4200463306756399 4.9080353044296015 -0.030439700882677109
4.4244096538056255 4.9079024861786698 -0.030439700882846955
4.428772976935611 4.9077696679277381 -0.030439700882647022
4.4331363000655974 4.9076368496768072 -0.03043970088264767
4.437499623195583 4.9075040314258755 -0.030439700882844992
4.4418629463255686 4.9073712131749438 -0.030439700882684311
4.4462262694555541 4.907238394924013 -0.030439700882519075
4.4505895925855405 4.9071055766730822 -0.030439700882711435
4.4549529157155261 4.9069727584221505 -0.030439700882717902
4.4593162388455116 4.9068399401712197 -0.030439700882518256
4.4636795619754981 4.9067071219202889 -0.030439700882681116
4.4680428851054836 4.9065743036693572 -0.030439700882839982
4.4724062082354692 4.9064414854184255 -0.030439700882670898
4.4767695313654556 4.9063086671674947 -0.03043970088255914
4.4811328544954412 4.9061758489165639 -0.030439700882564581
4.4854961776254267 4.9060430306656331 -0.03043970088267316
4.4898595007554132 4.9059102124147014 -0.030439700882825493
4.4942228238853987 4.9057773941637697 -0.03043970088271826
4.4985861470153843 4.9056445759128389 -0.030439700882402755
4.5029494701453698 4.9055117576619089 -0.030439700882550675
4.5073127932753563 4.9053789394109772 -0.030439700882866582
4.5116761164053418 4.9052461211600455 -0.030439700882676383
4.5160394395353274 4.9051133029091147 -0.030439700882529182
4.5204027626653138 4.9049804846581839 -0.03043970088267892
4.5247660857952994 4.9048476664072522 -0.030439700882837852
4.5291294089252849 4.9047148481563205 -0.030439700882681629
4.5334927320552714 4.9045820299053897 -0.030439700882518326
4.5378560551852569 4.9044492116544589 -0.030439700882717115
4.5422193783152425 4.9043163934035272 -0.030439700882714506
4.5465827014452289 4.9041835751525964 -0.030439700882507546
4.5509460245752145 4.9040507569016656 -0.030439700882727357
4.5553093477052 4.9039179386507339 -0.030439700882684311
4.5596726708351856 4.9037851203998031 -0.030439700882636703
4.564035993965172 4.9036523021488714 -0.030439700882851573
4.5683993170951576 4.9035194838979397 -0.030439700882650397
4.5727626402251431 4.9033866656470089 -0.030439700882648153
4.5771259633551296 4.9032538473960772 -0.03043970088283969
4.5814892864851151 4.9031210291451455 -0.030439700882686483
4.5858526096151007 4.9029882108942147 -0.030439700882515679
4.5902159327450871 4.9028553926432838 -0.030439700882722829
4.5945792558750727 4.9027225743923522 -0.030439700882675703
4.5989425790050582 4.9025897561414213 -0.030439700882675655
4.6033059021350438 4.9024569378904896 -0.030439700882722989
4.6076692252650302 4.9023241196395588 -0.030439700882515085
4.6120325483950158 4.902191301388628 -0.030439700882688728
4.6163958715250013 4.9020584831376963 -0.030439700882831291
4.6207591946549877 4.9019256648867646 -0.030439700882679478
4.6251225177849733 4.9017928466358338 -0.030439700882533508
4.6294858409149588 4.901660028384903 -0.030439700882677116
4.6338491640449453 4.9015272101339713 -0.030439700882840735
4.6382124871749308 4.9013943918830396 -0.030439700882653332
4.6425758103049164 4.9012615736321088 -0.03043970088264723
4.6469391334349028 4.9011287553811771 -0.030439700882840461
4.6513024565648884 4.9009959371302454 -0.030439700882684318
4.6556657796948739 4.9008631188793146 -0.030439700882523558
4.6600291028248595 4.9007303006283838 -0.030439700882712098
4.6643924259548459 4.9005974823774521 -0.030439700882710748
4.6687557490848315 4.9004646641265213 -0.030439700882527627
4.673119072214817 4.9003318458755905 -0.030439700882669365
4.6774823953448035 4.9001990276246588 -0.030439700882877625
4.681845718474789 4.9000662093737271 -0.030439700882513507
4.6862090416047746 4.8999333911227971 -0.03043970088255897
4.690572364734761 4.8998005728718654 -0.030439700882722649
4.6949356878647466 4.8996677546209346 -0.030439700882633144
4.6992990109947321 4.8995349363700029 -0.030439700882846057
4.7036623341247186 4.8994021181190712 -0.030439700882676002
4.7080256572547041 4.8992692998681404 -0.030439700882532634
4.7123889803846897 4.8991364816172096 -0.030439700882684082
4.7167523035146752 4.8990036633662779 -0.030439700882832342
4.7211156266446617 4.8988708451153462 -0.030439700882679922
4.7254789497746472 4.8987380268644154 -0.030439700882530663
4.7298422729046328 4.8986052086134846 -0.030439700882688055
4.7342055960346192 4.8984723903625529 -0.030439700882799819
4.7385689191646048 4.8983395721116212 -0.03043970088280604
4.7429322422945903 4.8982067538606895 -0.030439700882687968
4.7472955654245768 4.8980739356097587 -0.030439700882524793
4.7516588885545623 4.8979411173588279 -0.030439700882684911
4.7560222116845479 4.8978082991078962 -0.030439700882836852
4.7603855348145334 4.8976754808569645 -0.030439700882679641
4.7647488579445199 4.8975426626060337 -0.030439700882527274
4.7691121810745054 4.8974098443551028 -0.030439700882683319
4.773475504204491 4.8972770261041711 -0.030439700882840738
4.7778388273344774 4.8971442078532395 -0.030439700882647098
4.782202150464463 4.8970113896023086 -0.030439700882653565
4.7865654735944485 4.8968785713513769 -0.030439700882839944
4.7909287967244349 4.8967457531004452 -0.030439700882680023
4.7952921198544205 4.8966129348495144 -0.030439700882522677
4.7996554429844061 4.8964801165985836 -0.030439700882719894
4.8040187661143925 4.8963472983476519 -0.030439700882680436
4.808382089244378 4.8962144800967211 -0.030439700882641068
4.8127454123743636 4.8960816618457894 -0.030439700882856587
4.8171087355043491 4.8959488435948577 -0.030439700882644565
4.8214720586343356 4.8958160253439269 -0.030439700882647851
4.8258353817643211 4.8956832070929952 -0.030439700882846733
4.8301987048943067 4.8955503888420635 -0.030439700882677164
4.8345620280242931 4.8954175705911327 -0.030439700882527301
4.8389253511542787 4.8952847523402019 -0.030439700882685678
4.8432886742842642 4.8951519340892702 -0.030439700882831294
4.8476519974142507 4.8950191158383385 -0.0304397008826825
4.8520153205442362 4.8948862975874077 -0.03043970088252141
4.8563786436742218 4.8947534793364769 -0.030439700882722496
4.8607419668042082 4.8946206610855452 -0.030439700882671308
4.8651052899341938 4.8944878428346144 -0.030439700882675003
4.8694686130641793 4.8943550245836827 -0.030439700882729969
4.8738319361941649 4.8942222063327518 -0.03043970088250644
4.8781952593241513 4.894089388081821 -0.030439700882716331
4.8825585824541369 4.8939565698308893 -0.030439700882710957
4.8869219055841224 4.8938237515799585 -0.030439700882541137
4.8912852287141089 4.8936909333290277 -0.030439700882596513
4.8956485518440944 4.8935581150780969 -0.030439700882544853
4.90001187497408 4.8934252968271661 -0.0304397008827147
4.9043751981040664 4.8932924785762344 -0.030439700882679058
4.908738521234052 4.8931596603253036 -0.030439700882651782
4.9131018443640375 4.8930268420743719 -0.030439700882815127
4.9174651674940231 4.8928940238234402 -0.030439700882799684
4.9218284906240095 4.8927612055725085 -0.030439700882679502
4.9261918137539951 4.8926283873215777 -0.030439700882565021
4.9305551368839806 4.8924955690706469 -0.030439700882551025
4.9349184600139671 4.8923627508197161 -0.030439700882702907
4.9392817831439526 4.8922299325687844 -0.030439700882720078
4.9436451062739382 4.8920971143178535 -0.030439700882518097
4.9480084294039246 4.8919642960669227 -0.030439700882679579
4.9523717525339102 4.891831477815991 -0.030439700882846303
4.9567350756638957 4.8916986595650593 -0.030439700882647174
4.9610983987938821 4.8915658413141285 -0.030439700882647691
4.9654617219238677 4.8914330230631968 -0.030439700882844777
4.9698250450538533 4.8913002048122651 -0.030439700882685154
4.9741883681838388 4.8911673865613343 -0.030439700882515911
4.9785516913138252 4.8910345683104035 -0.030439700882723228
4.9829150144438108 4.8909017500594718 -0.030439700882673892
4.9872783375737963 4.890768931808541 -0.030439700882682504
4.9916416607037828 4.8906361135576093 -0.030439700882678798
4.9960049838337683 4.8905032953066785 -0.030439700882684998
5.0003683069637539 4.8903704770557468 -0.030439700882682511
5.0047316300937403 4.890237658804816 -0.030439700882667665
5.0090949532237259 4.8901048405538843 -0.030439700882729539
5.0134582763537114 4.8899720223029535 -0.030439700882515467
5.0178215994836979 4.8898392040520227 -0.030439700882680616
5.0221849226136834 4.889706385801091 -0.030439700882844783
5.026548245743669 4.8895735675501593 -0.030439700882652212
5.0309115688736545 4.8894407492992285 -0.030439700882647667
5.035274892003641 4.8893079310482968 -0.030439700882839808
5.0396382151336265 4.8891751127973651 -0.030439700882686483
5.0440015382636121 4.8890422945464342 -0.030439700882515561
5.0483648613935985 4.8889094762955034 -0.030439700882723315
5.0527281845235841 4.8887766580445717 -0.030439700882673892
5.0570915076535696 4.8886438397936409 -0.03043970088268241
5.0614548307835561 4.8885110215427092 -0.030439700882679166
5.0658181539135416 4.8883782032917784 -0.030439700882683638
5.0701814770435272 4.8882453850408467 -0.030439700882687572
5.0745448001735127 4.8881125667899159 -0.03043970088266737
5.0789081233034992 4.8879797485389842 -0.03043970088272565
5.0832714464334847 4.8878469302880534 -0.030439700882512733
5.0876347695634703 4.8877141120371226 -0.030439700882714027
5.0919980926934567 4.8875812937861909 -0.03043970088271384
5.0963614158234423 4.8874484755352601 -0.03043970088251334
5.1007247389534278 4.8873156572843293 -0.030439700882723429
5.1050880620834143 4.8871828390333976 -0.030439700882675648
5.1094513852133998 4.8870500207824668 -0.030439700882656687
5.1138147083433854 4.8869172025315351 -0.030439700882798886
5.1181780314733718 4.8867843842806034 -0.030439700882841148
5.1225413546033574 4.8866515660296717 -0.030439700882529893
5.1269046777333429 4.8865187477787417 -0.030439700882529903
5.1312680008633285 4.88638592952781 -0.03043970088284113
5.1356313239933149 4.8862531112768783 -0.030439700882798935
5.1399946471233005 4.8861202930259466 -0.030439700882656514
5.144357970253286 4.8859874747750158 -0.030439700882676297
5.1487212933832724 4.8858546565240841 -0.030439700882720997
5.153084616513258 4.8857218382731533 -0.03043970088252243
5.1574479396432436 4.8855890200222225 -0.030439700882679919
5.16181126277323 4.8854562017712908 -0.030439700882840596
5.1661745859032155 4.8853233835203591 -0.030439700882651095
5.1705379090332011 4.8851905652694283 -0.030439700882656316
5.1749012321631875 4.8850577470184966 -0.030439700882806339
5.1792645552931731 4.8849249287675649 -0.030439700882811713
5.1836278784231586 4.8847921105166332 -0.030439700882658776
5.1879912015531442 4.8846592922657024 -0.030439700882654474
5.1923545246831306 4.8845264740147707 -0.030439700882806019
5.1967178478131162 4.884393655763839 -0.030439700882814828
5.2010811709431017 4.8842608375129073 -0.030439700882646636
5.2054444940730882 4.8841280192619765 -0.030439700882681341
5.2098078172030737 4.8839952010110448 -0.03043970088271071
5.2141711403330593 4.883862382760114 -0.030439700882577105
5.2185344634630457 4.8837295645091832 -0.030439700882452899
5.2228977865930313 4.8835967462582532 -0.030439700882472685
5.2272611097230168 4.8834639280073224 -0.030439700882536329
5.2316244328530024 4.8833311097563925 -0.030439700882261989
5.2359877559829888 4.8831982915054626 -0.030439700882666419
5.2403510791129744 4.88306547325453 -0.030439700883155042
5.2447144022429599 4.8829326550035965 -0.030439700883257363
5.2490777253729464 4.8827998367526622 -0.030439700883562206
5.2534410485029319 4.8826670185017269 -0.030439700883461863
5.2578043716329175 4.8825342002507934 -0.030439700882966287
5.2621676947629039 4.8824013819998617 -0.030439700882587697
5.2665310178928895 4.8822685637489327 -0.030439700881544313
5.270894341022875 4.8821357454980099 -0.030439700880008348
5.2752576641528615 4.8820029272470924 -0.030439700879238338
5.279620987282847 4.8818701089961758 -0.030439700879579701
5.2839843104128326 4.8817372907452556 -0.030439700880834836
5.2883476335428181 4.8816044724943275 -0.030439700883411608
5.2927109566728046 4.8814716542433843 -0.030439700887708084
5.2970742798027901 4.8813388359924206 -0.030439700892372103
5.3014376029327757 4.88120601774144 -0.030439700895086113
5.3058009260627621 4.881073199490455 -0.030439700894203437
5.3101642491927477 4.8809403812394834 -0.030439700888913498
5.3145275723227332 4.8808075629885446 -0.030439700879219857
5.3188908954527196 4.8806747447376573 -0.030439700865252453
5.3232542185827052 4.8805419264868393 -0.03043970084776508
5.3276175417126908 4.8804091082360914 -0.030439700835825902
5.3319808648426772 4.880276289985364 -0.03043970083876343
5.3363441879726627 4.8801434717345877 -0.030439700858493828
5.3407075111026483 4.8800106534836898 -0.030439700893901269
5.3450708342326338 4.8798778352326027 -0.030439700946274389
5.3494341573626203 4.8797450169812544 -0.030439701010963757
5.3537974804926058 4.8796121987296486 -0.030439701056462425
5.3581608036225914 4.8794793804779539 -0.030439701047956898
5.3625241267525778 4.879346562226436 -0.030439700976005752
5.3668874498825634 4.8792137439753631 -0.030439700844849319
5.3712507730125489 4.8790809257249963 -0.030439700650021006
5.3756140961425354 4.8789481074755976 -0.030439700409365746
5.3799774192725209 4.8788152892271661 -0.0304397002361728
5.3843407424025065 4.8786824709790872 -0.030439700262168027
5.388704065532492 4.8785496527303733 -0.030439700525572013
5.3930673886624785 4.8784168344800216 -0.030439701008637812
5.397430711792464 4.8782840162270675 -0.03043970172829253
5.4017940349224496 4.878151197970519 -0.030439702627246587
5.406157358052436 4.8780183797103289 -0.030439703286857016
5.4105206811824216 4.8778855614487444 -0.030439703211940294
5.4148840043124071 4.8777527431894292 -0.030439702250508856
5.4192473274423936 4.8776199249361403 -0.030439700467507637
5.4236106505723791 4.8774871066924685 -0.030439697805274894
5.4279739737023647 4.8773542884621355 -0.030439694453939341
5.4323372968323511 4.8772214702454839 -0.030439691943799474
5.4367006199623367 4.8770886520343408 -0.030439692141634132
5.4410639430923222 4.8769558338150878 -0.030439695649096123
5.4454272662223078 4.8768230155736854 -0.030439702226210452
5.4497905893522942 4.8766901972967389 -0.030439712077336339
5.4541539124822798 4.8765573789702934 -0.030439724567035736
5.4585172356122653 4.8764245605924801 -0.030439734108082428
5.4628805587422518 4.8762917421929917 -0.03043973367477985
5.4672438818722373 4.8761589238224214 -0.030439720886958215
5.4716072050022229 4.876026105533243 -0.030439696628008085
5.4759705281322093 4.8758932873754164 -0.030439660179886505
5.4803338512621949 4.8757604694012464 -0.030439613647457165
5.4846971743921804 4.8756276516198476 -0.030439577412639141
5.4890604975221668 4.8754948339234589 -0.030439577895931793
5.4934238206521524 4.8753620161241846 -0.030439624487853187
5.497787143782138 4.8752291980259077 -0.03043971395493493
5.5021504669121235 4.8750963794422422 -0.030439848802362387
5.5065137900421099 4.8749635601772621 -0.030440022111569095
5.5108771131720955 4.8748307401892124 -0.030440159610740092
5.5152404363020811 4.8746979198687201 -0.030440162021545855
5.5196037594320675 4.8745650999133945 -0.030439992379736755
5.523967082562053 4.8744322810561789 -0.030439662461278567
5.5283304056920386 4.8742994639925268 -0.030439163608645379
5.532693728822025 4.8741666494559119 -0.030438518311351474
5.5370570519520106 4.874033837630309 -0.030437996935880719
5.5414203750819961 4.8739010271013266 -0.030437972289974795
5.5457836982119817 4.8737682152796804 -0.030438589528550008
5.5501470213419681 4.8736353994263135 -0.030439805997253086
5.5545103444719537 4.8735025769459241 -0.030441651295883557
5.5588736676019392 4.8733697450942159 -0.03044405328191821
5.5632369907319257 4.8732369030824305 -0.03044602883787462
5.5676003138619112 4.8731040560255909 -0.03044617890627193
5.5719636369918968 4.8729712135314385 -0.030443934727888377
5.5763269601218832 4.8728383858352942 -0.030439449939478329
5.5806902832518688 4.8727055826237189 -0.030432624560924736
5.5850536063818543 4.872572814159172 -0.030423686217026489
5.5894169295118408 4.8724400837557491 -0.030416205772997272
5.5937802526418263 4.8723073729390487 -0.030415430153385246
5.5981435757718119 4.8721746460694808 -0.030423583376167532
5.6025068989017974 4.8720418649024086 -0.030440115457312067
5.6068702220317839 4.8719089932792876 -0.030465359121909154
5.6112335451617694 4.8717759928419584 -0.030498611506005392
5.615596868291755 4.8716428498796818 -0.030526917366224433
5.6199601914217414 4.8715096310288963 -0.030530611571989788
5.624323514551727 4.8713764684528673 -0.030501014311504565
5.6286868376817125 4.8712435050429228 -0.030440080962496185
5.633050160811699 4.8711108757914596 -0.030346724658194647
5.6374134839416845 4.8709787240038054 -0.030223052842918461
5.6417768070716701 4.8708471057105989 -0.030116012711894145
5.6461401302016565 4.8707157808946269 -0.030099261205216197
5.6505034533316421 4.8705842596060371 -0.030206611901332475
5.6548667764616276 4.8704520080117186 -0.030431166477153732
5.6592300995916132 4.8703185220748821 -0.030776390110954597
5.6635934227215996 4.8701832666436831 -0.031236227107137301
5.6679567458515852 4.8700460150150366 -0.031640754460478607
5.6723200689815707 4.8699076304251641 -0.03171425907597579
5.6766833921115571 4.869769928605181 -0.031325242023389981
5.6810467152415427 4.8696349037483477 -0.030497823336903217
5.6854100383715283 4.8695044380610133 -0.029221316806291173
5.6897733615015147 4.8693805291660484 -0.027511989211816034
5.6941366846315002 4.8692640867575543 -0.025984109810468385
5.6985000077614858 4.8691520110073521 -0.02566908397109792
5.7028633308914722 4.8690375751481652 -0.027077465049693245
5.7072266540214578 4.8689133303349106 -0.030125798017020422
5.7115899771514433 4.8687722471103898 -0.034845463894417478
5.7159533002814289 4.8686068715814068 -0.041197864452594594
5.7203166234114153 4.8684135788006548 -0.046965243010046322
5.7246799465414009 4.8682034816404327 -0.048291656897384294
5.7290432696713864 4.8680014922935415 -0.043197941223012813
5.7334065928013729 4.8678354314853243 -0.03196922465274131
5.7377699159313584 4.8677315549025986 -0.014520438971651312
5.742133239061344 4.8677176659025028 0.0090813301284943734
5.7464965621913304 4.8678081231501613 0.030839567618360916
5.750859885321316 4.8679631570466215 0.03634767698817435
5.7552232084513015 4.8680905393996659 0.017944834379236003
5.7595865315812871 4.86808637307466 -0.023409914005492978
5.7639498547112735 4.8678525805252493 -0.087913648778277731
5.7683131778412591 4.867285488552592 -0.17558312678354976
5.7726765009712446 4.8663285147968764 -0.25762425132312372
5.7770398241012311 4.865123716470948 -0.2802448664928332
5.7814031472312166 4.8640124100034319 -0.2138326375981919
5.7857664703612022 4.8633825502119876 -0.061562319942614269
5.7901297934911886 4.8636004537969644 0.17684169367088842
5.7944931166211742 4.8650522038656421 0.50216483649510735
5.7988564397511597 4.8679581491911517 0.81062961423521929
5.8032197628811462 4.8718070429275162 0.89960194098969115
5.8075830860111317 4.875321281462079 0.65347945925434681
5.8119464091411173 4.8770227043073513 0.07250483520030504
5.8163097322711028 4.8754628770944892 -0.84614481444045719
5.8206730554010893 4.869131253917157 -2.1136871965778461
5.8250363785310748 4.8567217924230359 -3.5845270613073623
5.8293997016610604 4.8379957525723141 -4.9553983991947899
5.8337630247910468 4.8138799127211547 -6.0497860618116306
5.8381263479210324 4.7856055460623272 -6.8663100036503177
5.8424896710510179 4.7543678922509747 -7.4024251624393447
5.8468529941810043 4.7214460677421277 -7.6367972286928465
5.8512163173109899 4.6880397194114529 -7.6542783210137486
5.8555796404409755 4.654678198080016 -7.6522951518778415
5.8599429635709619 4.6211244056095371 -7.7441218591924654
5.8643062867009474 4.5869748211111716 -7.9206305205265908
5.868669609830933 4.5518935245005521 -8.1730036529059849
5.8730329329609186 4.5155317958270169 -8.507960760994445
5.877396256090905 4.4775442304592321 -8.9139624032515776
5.8817595792208905 4.4376835102232288 -9.3607281151105486
5.8861229023508761 4.3958199837381082 -9.832578188384776
5.8904862254808625 4.3518318498546043 -10.33621277110071
5.8948495486108481 4.3055647623662123 -10.877489890753147
5.8992128717408336 4.2568500109577272 -11.458529656081653
5.9035761948708201 4.2055136638214696 -12.078459672052276
5.9079395180008056 4.1513960529898464 -12.732432349821229
5.9123028411307912 4.0943566844442723 -13.417720309501235
5.9166661642607767 4.0342579576867976 -14.13490818496971
5.9210294873907632 3.9709564822188965 -14.886376293515067
5.9253928105207487 3.9042933977440302 -15.676635892913721
5.9297561336507343 3.834112828202652 -16.493846074187125
5.9341194567807207 3.7603690891644588 -17.303045221708864
5.9384827799107063 3.6831575754768902 -18.083159557176074
5.9428461030406918 3.6026002681512912 -18.838167543306373
5.9472094261706783 3.5187900991645109 -19.574922452584001
5.9515727493006638 3.4317938605467946 -20.29997788070013
5.9559360724306494 3.3416589191921529 -21.011594415683017
5.9602993955606358 3.2484761664861668 -21.693606613495493
5.9646627186906214 3.152403105483621 -22.336691616086412
5.9690260418206069 3.0536028020306598 -22.94468279595031
5.9733893649505925 2.952220248157817 -23.52017146777791
5.9777526880805789 2.8483998397351473 -24.061795530312555
5.9821160112105645 2.7422981373901458 -24.564458092550399
5.98647933434055 2.634105097662224 -25.018583610971739
5.9908426574705365 2.5240532269798255 -25.415354664221965
5.995205980600522 2.4124067406879814 -25.748559887440347
5.9995693037305076 2.2994570701334687 -26.01134837188043
6.003932626860494 2.1855305500554207 -26.194624968046448
6.0082959499904796 2.0709926991239773 -26.290682491385869
6.0126592731204651 1.9562330905795438 -26.295965238897182
6.0170225962504515 1.8416564755569711 -26.2054289513169
6.0213859193804371 1.7276987424457593 -26.010962417900704
6.0257492425104227 1.6148279170971682 -25.706550250488029
6.0301125656404082 1.5035320839243804 -25.288477870060852
6.0344758887703946 1.3943042436046165 -24.760447555393196
6.0388392119003802 1.2875945849999033 -24.137419832159772
6.0432025350303658 1.1837865536704426 -23.43117486883898
6.0475658581603522 1.0832370427976903 -22.643776850720013
6.0519291812903377 0.98629815078956695 -21.77674158251634
6.0562925044203233 0.8933110423160493 -20.832755787994774
6.0606558275503097 0.80459430656928077 -19.822596006999699
6.0650191506802953 0.72038616491767682 -18.77124795692858
6.0693824738102808 0.64081458697378646 -17.69905259718767
6.0737457969402664 0.56595480569178014 -16.611722951678409
6.0781091200702528 0.49586839557863943 -15.511715877343693
6.0824724432002384 0.43060490382086658 -14.401151155500987
6.0868357663302239 0.37020228307206943 -13.285333993969321
6.0911990894602104 0.31465669441621014 -12.177629360449743
6.0955624125901959 0.26390508493483072 -11.088718492184226
6.0999257357201815 0.21785923708847721 -10.02052594053886
6.1042890588501679 0.17642924847651253 -8.9731326069173498
6.1086523819801535 0.1395224314840986 -7.9473637318012074
6.113015705110139 0.10704663019032215 -6.9413868582718008
6.1173790282401255 0.078928071202275185 -5.9487021124338728
6.121742351370111 0.055123228336265366 -4.9637061023813756
6.1261056745000966 0.035602228021929749 -3.9851289749959178
6.1304689976300821 0.020338571371980297 -3.0119464280030117
6.1348323207600686 0.0093117869223438756 -2.0430611115143122
6.1391956438900541 0.002514035801852864 -1.0710570453282349
6.1435589670200397 0 -0.07502379167816299
6.1479222901500261 0.0019210039517234025 0.96341354648945421
6.1522856132800117 0.0084765570739291259 2.0494209473753657
6.1566489364099972 0.019878611668218998 3.18564425169094
6.1610122595399837 0.036354837658726297 4.3756958569442332
6.1653755826699692 0.058149923331638466 5.6249879374564387
6.1697389057999548 0.085539011260302 6.9408991877406647
6.1741022289299412 0.11883010976270489 8.3320383023840403
6.1784655520599268 0.1583304589375818 9.7786604413876734
6.1828288751899123 0.20430952815769696 11.32463884326067
6.1871921983198979 0.25697721508916294 12.747297667275355
6.1915555214498843 0.31429033282334073 13.303401705163692
6.1959188445798699 0.37171070379181503 12.924031569753273
6.2002821677098554 0.42674354324652702 12.317604215169608
6.2046454908398418 0.47922495244675889 11.726903794946047
6.2090088139698274 0.52902422944050664 11.097800340447399
6.213372137099813 0.57605509108401143 10.457394126243083
6.2177354602297994 0.6202699598761181 9.8085661851653274
6.2220987833597849 0.66164670180818386 9.1567978077540761
6.2264621064897705 0.70017611751309694 8.5036696602930526
6.2308254296197561 0.73585367167778337 7.849477758867101
6.2351887527497425 0.76867301201219185 7.1934148788489818
6.239552075879728 0.79861718943334303 6.5298788231906872
6.2439153990097136 0.82567776087994882 5.8806480962982999
6.2482787221397 0.84986897589221322 5.1856614708030353
6.2526420452696856 0.87145132986169827 4.8482938113502216
6.2570053683996711 0.89145662800876735 4.0147266374401411
6.2613686915296576 0.91257265087595285 7.3657373443211025
6.2657320146596431 0.93979547951825304 -0.24232987868715039
6.2700953377896287 0.9794963803330704 39.616949136448511
6.2744586609196151 1.0359372476584878 -92.123256074791939
6.2788219840496007 1.1067615140447713 416.37713565286208
6.2831853071795862 3.9292386354616555 415.90221402905195
