# q  U_kJmol  dU_dq   # conservative spline pchip_hermite_v1
0 4.0587386449738494 -0.69091469895862423
0.0043633231299858239 4.0573107553494427 -0.29932531957978664
0.0087266462599716477 4.0555913864305424 -0.27567960153801685
0.013089969389957472 4.0554282694436612 0.10774175700211713
0.017453292519943295 4.0562252818449389 0.28054695630094695
0.021816615649929118 4.0578577186307854 0.4404366373585426
0.026179938779914945 4.059903993273978 0.48700216143063391
0.030543261909900768 4.0619933972933575 0.4550379103712312
0.034906585039886591 4.0637404344156929 0.33058882633180903
0.039269908169872414 4.0647673447500434 0.12983256661134959
0.043633231299858237 4.0648461209644386 -0.089705020286987153
0.04799655442984406 4.0640466007422154 -0.26655956255810753
0.05235987755982989 4.062604474026811 -0.38529963369444675
0.056723200689815713 4.0607646052704451 -0.44877576962587534
0.061086523819801536 4.0587710984670586 -0.45523217815098505
0.065449846949787352 4.0568638369202343 -0.41226627767364382
0.069813170079773182 4.0552002588868428 -0.35083115833007017
0.074176493209759012 4.0537811019297116 -0.30394154077709989
0.078539816339744828 4.0525119951654283 -0.28171666402373535
0.082903139469730658 4.0512885335877886 -0.28295555680928436
0.087266462599716474 4.0500077798015015 -0.30823276487697354
0.091629785729702304 4.0485686708858903 -0.35415322776866348
0.09599310885968812 4.0469074927106075 -0.40675471109382411
0.10035643198967395 4.0450314476761129 -0.45084346124763447
0.10471975511965978 4.0429929499288342 -0.48131280534375054
0.1090830782496456 4.0408503465269856 -0.49861871212486969
0.11344640137963143 4.0386611229986817 -0.50255715430292791
0.11780972450961724 4.0364819633420215 -0.49463170819575319
0.12217304763960307 4.0343526945376507 -0.48117321872756258
0.1265363707695889 4.0322807423055194 -0.4692222272117707
0.1308996938995747 4.0302520904987622 -0.46130553101665323
0.13526301702956053 4.0282494794582933 -0.45724781576898799
0.13962634015954636 4.02625617186452 -0.4570944821444895
0.14398966328953219 4.0242555941135407 -0.46036754501471422
0.14835298641951802 4.0222369582059505 -0.46484309296505272
0.15271630954950383 4.0202010131153205 -0.4679846298285758
0.15707963267948966 4.0181563177935642 -0.46886006780376527
0.16144295580947549 4.0161126245264258 -0.46754403279371526
0.16580627893946132 4.0140795682621375 -0.46393030841358063
0.17016960206944712 4.0120666407429395 -0.45854827081762373
0.17453292519943295 4.0100767724144717 -0.45399630820084325
0.17889624832941878 4.0080990968423107 -0.45334874284583526
0.18325957145940461 4.0061132285856456 -0.45774072009813432
0.18762289458939044 4.004097429455717 -0.46703220396519557
0.19198621771937624 4.0020299200352119 -0.48160662071548987
0.19634954084936207 3.9998891927074762 -0.49991177156550071
0.2007128639793479 3.9976736729888755 -0.5138811362793142
0.20507618710933373 3.9954252925212166 -0.51371537340131102
0.20943951023931956 3.9932166508669464 -0.49568005151120514
0.21380283336930536 3.9911252057524265 -0.46008630125453231
0.21816615649929119 3.9892279638808117 -0.4063939047220001
0.22252947962927702 3.9876018555725188 -0.33681522052189661
0.22689280275926285 3.986293839778412 -0.26370034481176385
0.23125612588924865 3.9852834152404499 -0.20242555319649999
0.23561944901923448 3.9845012726329321 -0.15907582555999925
0.23998277214922031 3.9838696177098112 -0.13332672366291823
0.24434609527920614 3.9833118523385038 -0.12540243504368856
0.24870941840919197 3.9827511543767806 -0.13406227843576107
0.2530727415391778 3.9821289864110234 -0.15162715570672364
0.25743606466916363 3.9814292484631864 -0.1683046558853849
0.26179938779914941 3.9806673929066436 -0.18007189072812163
0.26616271092913524 3.9798647620119874 -0.18706943031136306
0.27052603405912107 3.9790418093531583 -0.18931931035346328
0.2748893571891069 3.9782191514482808 -0.18709180854517254
0.27925268031909273 3.9774126933169152 -0.18241113403162251
0.28361600344907856 3.9766270458996149 -0.17791479706329458
0.28797932657906439 3.9758581900984802 -0.17472736158512525
0.29234264970905022 3.9751003980449755 -0.1728215030786783
0.29670597283903605 3.9743481899334627 -0.17218626433485665
0.30106929596902182 3.9735960347058219 -0.17275748183440942
0.30543261909900765 3.9728396138340183 -0.17400433119720091
0.30979594222899348 3.9720776111130895 -0.17521635389664877
0.31415926535897931 3.9713110698908296 -0.17607965415615986
0.31852258848896514 3.9705415271003024 -0.1765986004013918
0.32288591161895097 3.9697704509618221 -0.17677749387939171
0.3272492347489368 3.9689993251141176 -0.17663140366203769
0.33161255787892263 3.9682293215794111 -0.17629940302151156
0.33597588100890846 3.9674608148056261 -0.17597275321911562
0.34033920413889424 3.9666935345626113 -0.17573895562541697
0.34470252726888007 3.9659270685257373 -0.17559768845743606
0.3490658503988659 3.9651610232898733 -0.17554742635416171
0.35342917352885173 3.9643950009486066 -0.17558467930695318
0.35779249665883756 3.9636286835656884 -0.17567304413043006
0.36215581978882339 3.962861964939473 -0.17576106215059395
0.36651914291880922 3.9620949148857409 -0.17582437259129707
0.37088246604879505 3.9613276439996881 -0.17586281870286308
0.37524578917878088 3.9605602576986283 -0.17587691044893383
0.37960911230876665 3.9597928626838397 -0.17586744198517804
0.38397243543875248 3.9590255451646899 -0.17584393313636973
0.38833575856873831 3.9582583351784835 -0.1758202207131368
0.39269908169872414 3.9574912147372503 -0.17580307846056376
0.39706240482870997 3.9567241541834939 -0.17579261770962221
0.4014257279586958 3.955957125268053 -0.17578867446659169
0.40578905108868163 3.9551900993824054 -0.1757910721538207
0.41015237421866746 3.9544230531605606 -0.17579732365473566
0.41451569734865329 3.9536559781284533 -0.17580371058053501
0.41887902047863912 3.9528888789062622 -0.17580835173031462
0.42324234360862489 3.9521217634445587 -0.17581119754810157
0.42760566673861072 3.9513546393133114 -0.17581229933264345
0.43196898986859655 3.9505875141814348 -0.17581169509795638
0.43633231299858238 3.9498203943792261 -0.17581003382456473
0.44069563612856821 3.9490532822925308 -0.17580831394678614
0.44505895925855404 3.9482861767403028 -0.17580705716622996
0.44942228238853987 3.9475190755936382 -0.17580628235521914
0.4537856055185257 3.9467519768258028 -0.17580597377506582
0.45814892864851153 3.9459848783832578 -0.17580612369100895
0.46251225177849731 3.9452177785523665 -0.1758065635107702
0.46687557490848314 3.9444506766600584 -0.17580702619820221
0.47123889803846897 3.9436835730009054 -0.17580736774757089
0.4756022211684548 3.942916468137649 -0.17580758153630155
0.47996554429844063 3.9421493626057971 -0.1758076724049189
0.48432886742842646 3.9413822569478225 -0.17580764154961404
0.48869219055841229 3.940615151624673 -0.17580753060902354
0.49305551368839812 3.9398480468359294 -0.17580740758753999
0.49741883681838395 3.9390809425314464 -0.1758073102305811
0.50178215994836972 3.9383138385892074 -0.17580724066618558
0.50614548307835561 3.9375467348943936 -0.17580719710305229
0.51050880620834138 3.9367796313312349 -0.17580718028354997
0.51487212933832727 3.9360125277869309 -0.1758071876417584
0.51923545246831304 3.9352454241663448 -0.17580721451259623
0.52359877559829882 3.9344783203909186 -0.17580725857899152
0.5279620987282847 3.9337112163861394 -0.17580731959429194
0.53232542185827048 3.9329441120756901 -0.17580739932150705
0.53668874498825636 3.9321770073798779 -0.17580749451664499
0.54105206811824214 3.9314099022813775 -0.17580757583280518
0.54541539124822802 3.9306427969477546 -0.17580759389935668
0.5497787143782138 3.9298756917360094 -0.17580751817849566
0.55414203750819968 3.9291085870660334 -0.1758073467053804
0.55850536063818546 3.9283414833576842 -0.17580707465970249
0.56286868376817123 3.9275743810461807 -0.17580671274927898
0.56723200689815712 3.9268072803266985 -0.17580637744310926
0.57159533002814289 3.92604018064754 -0.17580627071110089
0.57595865315812877 3.9252730806732514 -0.17580652058786758
0.58032197628811455 3.92450597879931 -0.17580713683445842
0.58468529941810043 3.923738873423575 -0.17580813573231319
0.58904862254808621 3.9229717628828977 -0.17580948270288693
0.59341194567807209 3.9222046463701745 -0.17581075315179534
0.59777526880805787 3.9214375258444165 -0.17581118962141729
0.60213859193804364 3.9206704062408537 -0.17581029839879458
0.60650191506802953 3.9199032935552185 -0.17580803634830089
0.6108652381980153 3.9191361937727813 -0.17580434777077289
0.61522856132800119 3.9183691131163174 -0.17579934249532664
0.61959188445798696 3.9176020547768227 -0.17579455810635039
0.62395520758797285 3.9168350117667945 -0.17579281715511785
0.62831853071795862 3.9160679658692366 -0.17579601090340322
0.63268185384794451 3.9153008947174186 -0.17580432573088745
0.63704517697793028 3.9145337759842711 -0.17581795073522657
0.64140850010791606 3.9137665864284141 -0.17583654451095554
0.64577182323790194 3.9129993135211167 -0.17585454674087261
0.65013514636788772 3.9122319821490374 -0.17586144969754106
0.6544984694978736 3.9114646595252269 -0.17585001819744261
0.65886179262785938 3.910697429067401 -0.17581945771141883
0.66322511575784526 3.909930374057879 -0.17576913312438608
0.66758843888783104 3.9091635812661121 -0.17570007494237336
0.67195176201781692 3.908397099687857 -0.17563236996023629
0.6763150851478027 3.907630840871271 -0.17560511377999199
0.68067840827778847 3.9068645569286118 -0.17564595925680776
0.68504173140777436 3.9060979367945481 -0.17575825712822432
0.68940505453776013 3.9053306698051085 -0.17594411334472812
0.69376837766774602 3.9045624321051564 -0.17620054698913465
0.69813170079773179 3.903793032741377 -0.17645506879513409
0.70249502392771768 3.903022785368818 -0.17656229702973636
0.70685834705770345 3.9022526038435936 -0.17641663688164655
0.71122167018768934 3.9014836479633939 -0.17600408450188265
0.71558499331767511 3.9007170766372625 -0.1753177641142529
0.71994831644766089 3.899954098307767 -0.17436573691843935
0.72431163957764677 3.8991954549061503 -0.17340932670945705
0.72867496270763255 3.8984400369621612 -0.17298885656900503
0.73303828583761843 3.8976844769032444 -0.17350719705788406
0.73740160896760421 3.8969244511154688 -0.17502242526230538
0.74176493209759009 3.8961556361665788 -0.17755656299621494
0.74612825522757587 3.8953735238697562 -0.18109034888700537
0.75049157835756175 3.8945752395320503 -0.18468272683768788
0.75485490148754752 3.8937646969491504 -0.18632665397514997
0.7592182246175333 3.8929543002735931 -0.18448639754167123
0.76358154774751918 3.8921601649421369 -0.17892270100450636
0.76794487087750496 3.8913984207576631 -0.16956675476410019
0.77230819400749084 3.8906858823603439 -0.15645231689580119
0.77667151713747662 3.890033659799947 -0.14296449270906508
0.7810348402674625 3.8894279877861813 -0.13655431433100448
0.78539816339744828 3.8888231972147711 -0.14307101863578686
0.78976148652743416 3.8881592310122466 -0.16349451162693612
0.79412480965741994 3.8873759093759834 -0.19803275369419363
0.79848813278740571 3.8864105287456083 -0.24669358763629792
0.8028514559173916 3.8852202512891081 -0.2973142211750413
0.80721477904737737 3.8838533320225701 -0.32224848304083331
0.81157810217736326 3.8824778363701893 -0.29923745299473242
0.81594142530734903 3.8813175366009087 -0.22428620941776056
0.82030474843733492 3.8805969780499754 -0.096800632658090219
0.82466807156732069 3.8805499345788088 0.083724465505738033
0.82903139469730658 3.881341267728271 0.27363865825301442
0.83339471782729235 3.8828023249729244 0.3703504622658092
0.83775804095727824 3.8843151135508305 0.28962526734694449
0.84212136408726401 3.8850459990427075 0.013785125964550192
0.84648468721724979 3.884154372928613 -0.45528288219757573
0.85084801034723567 3.880789409612714 -1.1192689106777185
0.85521133347722145 3.8741966644616213 -1.9140575004553133
0.85957465660720733 3.864123320449826 -2.6832599277674101
0.86393797973719311 3.8510086783796931 -3.2957876433060007
0.86830130286717899 3.8356338120937714 -3.7215325694639629
0.87266462599716477 3.8187958304214007 -3.9660048881193046
0.87702794912715065 3.801289661870721 -4.0277461829876327
0.88139127225713643 3.7838704866280883 -3.9359079487328072
0.8857545953871222 3.767057289017135 -3.7650678688256951
0.89011791851710809 3.7510364017012612 -3.5788744617400914
0.89448124164709386 3.7358252290030158 -3.3930169759138127
0.89884456477707975 3.7214310290555512 -3.2042124767394675
0.90320788790706552 3.7078674962828955 -3.0124541925407291
0.90757121103705141 3.6951384199512987 -2.8234371618285943
0.91193453416703718 3.6832040084643687 -2.6511622810316902
0.91629785729702307 3.6719600721986749 -2.5081717417871476
0.92066118042700884 3.6612688459361835 -2.3976575814019654
0.92502450355699462 3.6509901126119093 -2.3190801031839916
0.9293878266869805 3.6409847030207927 -2.2723713669670547
0.93375114981696627 3.6311132133933546 -2.2577836493086125
0.93811447294695216 3.6212336299246481 -2.2763315869601168
0.94247779607693793 3.6111986548317909 -2.3291318801755079
0.94684111920692382 3.6008588503313428 -2.4158074428059058
0.95120444233690959 3.5900666610557028 -2.5369270213997162
0.95556776546689548 3.5786666981727109 -2.6946843556161704
0.95993108859688125 3.5665397969884141 -2.8602157509392221
0.96429441172686703 3.5538153485976975 -2.9509819908570889
0.96865773485685291 3.5410082914309866 -2.890026442297184
0.97302105798683869 3.5288430724659912 -2.6585845661388299
0.97738438111682457 3.5180538551147027 -2.2579431574462032
0.98174770424681035 3.5093988323272627 -1.6785175535324555
0.98611102737679623 3.50350689309361 -1.029740970972534
0.99047435050678201 3.5000386960990784 -0.63807418108692482
0.99483767363676789 3.4971144714852143 -0.81306765303140749
0.99920099676675367 3.4919972608661221 -1.6385388077018186
1.0035643198967394 3.4818845748202625 -3.1040827320266957
1.0079276430267252 3.4639563152196127 -5.2246643334003444
1.0122909661567112 3.4355580713828657 -7.8490174531048504
1.016654289286697 3.3954130828188553 -10.5061210231529
1.0210176124166828 3.3444903284416747 -12.740066298034728
1.0253809355466685 3.2850418389558822 -14.419291220199634
1.0297442586766545 3.2194411786241135 -15.560231016110016
1.0341075818066403 3.1500451933587432 -16.156641209031783
1.0384709049366261 3.0791410953448932 -16.276435794563454
1.0428342280666119 3.008388166013015 -16.133813276069741
1.0471975511965976 2.9384211669624367 -15.940206977534229
1.0515608743265836 2.8692600455116302 -15.762808209594713
1.0559241974565694 2.8008510419291128 -15.594810802043471
1.0602875205865552 2.7331557449103965 -15.436372558599215
1.064650843716541 2.666148937075616 -15.274044159169341
1.0690141668465269 2.5999304159716021 -15.066439673942472
1.0733774899765127 2.5347954142253499 -14.772226947005029
1.0777408131064985 2.471166826769946 -14.375975132572757
1.0821041362364843 2.4094877977680675 -13.879043288860963
1.08646745936647 2.35019916480885 -13.279089567216708
1.090830782496456 2.2937331637440201 -12.591622306183426
1.0951941056264418 2.2403499305404471 -11.881191283928583
1.0995574287564276 2.1899858038426951 -11.215042853751624
1.1039207518864134 2.1423876978750438 -10.612507101940276
1.1082840750163994 2.0972851746078431 -10.071186498855317
1.1126473981463851 2.0544118269434888 -9.5905001430267287
1.1170107212763709 2.0135008297272798 -9.1726851401360481
1.1213740444063567 1.9742557174066335 -8.8300406402313083
1.1257373675363425 1.9363153705135807 -8.5759649316286843
1.1301006906663285 1.8992827189316563 -8.413736313936651
1.1344640137963142 1.862759637046383 -8.3422868525392904
1.1388273369263 1.8263475578971289 -8.363639140532019
1.1431906600562858 1.7896494162225611 -8.4700416950267172
1.1475539831862718 1.7523649867326068 -8.6228631024009559
1.1519173063162575 1.714395378852509 -8.779370686853893
1.1562806294462433 1.675763219100274 -8.9271500130780908
1.1606439525762291 1.6365023180468294 -9.0673529110903353
1.1650072757062149 1.5966439871813545 -9.2018151498112744
1.1693705988362009 1.556219127486312 -9.3240423092099451
1.1737339219661866 1.5153484431297988 -9.3967144218362542
1.1780972450961724 1.4743513777868678 -9.3772184355844779
1.1824605682261582 1.4336690276840143 -9.2530411734959035
1.1868238913561442 1.3937526425725966 -9.0262252128733689
1.19118721448613 1.3550517801561281 -8.695295738407987
1.1955505376161157 1.318015839728224 -8.2653817150587479
1.1999138607461015 1.2830269376326031 -7.7638113616659767
1.2042771838760873 1.2503218043627882 -7.2223631340635821
1.2086405070060733 1.2200426875470132 -6.6515165704887185
1.2130038301360591 1.1923198019596086 -6.0508098760990716
1.2173671532660448 1.1672860545101384 -5.4180328971158263
1.2217304763960306 1.1450750611389944 -4.7601495739655997
1.2260937995260166 1.1257224662682592 -4.1183870591724752
1.2304571226560024 1.109039839185866 -3.5422957701211994
1.2348204457859882 1.0946902430063905 -3.0486149220962617
1.2391837689159739 1.0823183572653108 -2.6355821780893396
1.2435470920459597 1.0715727124571357 -2.3034995643911373
1.2479104151759457 1.0621002168345948 -2.0513889597400214
1.2522737383059315 1.0535673452266772 -1.8705232073097406
1.2566370614359172 1.0456889253182766 -1.7500910939477414
1.261000384565903 1.0382120482537787 -1.6866369335045284
1.265363707695889 1.0308875021748429 -1.6800700949061318
1.2697270308258748 1.023465460105661 -1.7320898441282131
1.2740903539558606 1.0156936372849483 -1.8381025207767021
1.2784536770858463 1.0073940538297379 -1.9653850781705722
1.2828170002158321 0.99857210717324063 -2.0722541370251886
1.2871803233458181 0.98936189785996076 -2.1435955648068346
1.2915436464758039 0.97991568812830598 -2.1805724689742405
1.2959069696057897 0.97038209232459316 -2.1836675971635664
1.3002702927357754 0.9609103608434062 -2.151857642646668
1.3046336158657614 0.95166149520714072 -2.0802362897871816
1.3089969389957472 0.94282403148457772 -1.9624412679375094
1.313360262125733 0.93460711255694495 -1.7957284151511494
1.3177235852557188 0.92722386528057033 -1.5805292697649655
1.3220869083857045 0.92088631886549444 -1.3158773468671725
1.3264502315156905 0.91580944911958972 -1.0039358023275602
1.3308135546456763 0.91216419106885471 -0.66527277727682077
1.3351768777756621 0.91000211114178353 -0.32780456457719737
1.3395402009056478 0.90928624123812696 -0.0022415118274925257
1.3439035240356338 0.90996614720821245 0.31204363258739337
1.3482668471656196 0.91199389998037561 0.61571600098850765
1.3526301702956054 0.91532212565678495 0.90759188665338264
1.3569934934255912 0.91988378975914453 1.1786050741604146
1.3613568165555769 0.92555869217958309 1.4161325182399438
1.3657201396855629 0.93218547001007546 1.6148771644529976
1.3700834628155487 0.93959534582923898 1.7752509752941847
1.3744467859455345 0.9476211083768088 1.8968821244187135
1.3788101090755203 0.95609358729719685 1.9805757930515531
1.3831734322055063 0.96486467530237663 2.0366180064118615
1.387536755335492 0.9738477466198372 2.0798129571824693
1.3919000784654778 0.98300473007213307 2.1163131061768308
1.3962634015954636 0.9923060756513995 2.1459468225781917
1.4006267247254494 1.0017206345920942 2.168007668673638
1.4049900478554354 1.0112164191726853 2.1838169776739318
1.4093533709854211 1.0207843309942133 2.2039565697523531
1.4137166941154069 1.030478213202894 2.2437907886917006
1.4180800172453927 1.040404138254531 2.3104660859970525
1.4224433403753787 1.0506798882130661 2.4039934734530837
1.4268066635053644 1.0614212340744782 2.5238506774506098
1.4311699866353502 1.0727443232213907 2.6709918565570323
1.435533309765336 1.0847757296417326 2.8495502402494686
1.4398966328953218 1.097665420073443 3.0652912279576232
1.4442599560253078 1.111584202669861 3.3214331643444579
1.4486232791552935 1.1267095443786181 3.618245022742717
1.4529866022852793 1.1432183741204571 3.9556408948336959
1.4573499254152651 1.1612878624525957 4.3334916575209679
1.4617132485452511 1.1810908160729454 4.7495654798633637
1.4660765716752369 1.2027862290891942 5.200421602588376
1.4704398948052226 1.2265212093450024 5.6843856630842415
1.4748032179352084 1.2524397873483952 6.201307657785085
1.4791665410651942 1.2806868555089219 6.7519387432746187
1.4835298641951802 1.31140821819218 7.334643911411038
1.487893187325166 1.3447224899933186 7.9371447438605243
1.4922565104551517 1.3806745187228555 8.5407773078571676
1.4966198335851375 1.4192416500359986 9.1353463843772342
1.5009831567151235 1.4603809710126727 9.7199569486416433
1.5053464798451093 1.5040517880949693 10.295981469465751
1.509709802975095 1.5502150482311374 10.861478946340435
1.5140731261050808 1.5987988795495005 11.401404282989231
1.5184364492350666 1.6496395236459729 11.892137780570854
1.5227997723650526 1.7024865546248709 12.320438626836784
1.5271630954950384 1.7570633110372054 12.685263354020462
1.5315264186250241 1.813095247431697 12.987443260564229
1.5358897417550099 1.8703084596408339 13.226592387560432
1.5402530648849959 1.9284236734566114 13.400172018564707
1.5446163880149817 1.9871453840692961 13.503871470657586
1.5489797111449675 2.0461620641266141 13.535296563449347
1.5533430342749532 2.1051580867463051 13.494499783444137
1.557706357404939 2.1638178586376049 13.380869831634055
1.562069680534925 2.2218242349689872 13.195755752507004
1.5664330036649108 2.2788874547309468 12.952133635419459
1.5707963267948966 2.3347988156049309 12.671309658215661
1.5751596499248823 2.3894299241920671 12.366031216630592
1.5795229730548683 2.4426794828710401 12.037848580099263
1.5838862961848541 2.494444342969246 11.685170270392097
1.5882496193148399 2.544618440986901 11.309535154329577
1.5926129424448257 2.5931294716729454 10.927585617418103
1.5969762655748114 2.6400121799000522 10.568025956356173
1.6013395887047974 2.6854107793767521 10.248264069670915
1.6057029118347832 2.7295054608709135 9.9699652978647908
1.610066234964769 2.7724741409880056 9.7322327854242268
1.6144295580947547 2.8144944579597722 9.5352336193338534
1.6187928812247407 2.8557429713995952 9.3782633081357591
1.6231562043547265 2.8963918734159289 9.2602282521293589
1.6275195274847123 2.9366092707776303 9.1803955937811192
1.6318828506146981 2.9765611664978633 9.1385350544530795
1.6362461737446838 3.0164142190919598 9.1353048604562339
1.6406094968746698 3.0563360445808412 9.1694114076251125
1.6449728200046556 3.0964731797928633 9.2315362334283826
1.6493361431346414 3.1369147898386713 9.3063079194635563
1.6536994662646272 3.177689380737525 9.3833785953043591
1.6580627893946132 3.2187992715090981 9.459800187299809
1.6624261125245989 3.2602447094415949 9.5382835881967178
1.6667894356545847 3.3020393219500068 9.6187083805558746
1.6711527587845705 3.344109814278498 9.6482815565011801
1.6755160819145565 3.3860065409036242 9.5197725553565924
1.6798794050445423 3.4268565646120965 9.1651029725268423
1.684242728174528 3.4656531267500514 8.5807742140568006
1.6886060513045138 3.5014043625338358 7.7670904861640082
1.6929693744344996 3.5330977722310912 6.7223862831236083
1.6973326975644856 3.5598520712705177 5.5290487752024999
1.7016960206944713 3.5813822707035032 4.3593943565667495
1.7060593438244571 3.5980930087136089 3.3259056398859324
1.7104226669544429 3.6106177421942744 2.4378126258445261
1.7147859900844289 3.6195697008930945 1.6891296941695637
1.7191493132144147 3.6255676874943759 1.0844938332440244
1.7235126363444004 3.6292298402313481 0.61471753593719103
1.7278759594743862 3.6310880966622423 0.25218978105614481
1.732239282604372 3.6315634029046624 -0.019037151239647956
1.736602605734358 3.6310574500009931 -0.1971122682464781
1.7409659288643438 3.6299817131269192 -0.28000356093848472
1.7453292519943295 3.62874868676644 -0.27026215881797666
1.7496925751243153 3.6277205719921248 -0.19359393067528996
1.7540558982543013 3.6270846011283684 -0.099503124198926887
1.7584192213842871 3.626824276819673 -0.024640739482261254
1.7627825445142729 3.6268304837677463 0.023347854952176395
1.7671458676442586 3.6269915028615412 0.04622547675822631
1.7715091907742444 3.6271976926064426 0.044224437901328947
1.7758725139042304 3.6273508608519549 0.02395312585658645
1.7802358370342162 3.6273994952175324 -0.0012876864057569935
1.7845991601642019 3.6273468956913626 -0.021528623837931287
1.7889624832941877 3.6272221128270989 -0.034556966223834008
1.7933258064241737 3.6270551124048582 -0.04085892145660882
1.7976891295541595 3.6268752691258217 -0.040479510756316027
1.8020524526841453 3.6267090926558243 -0.035128690491965313
1.806415775814131 3.6265707806557135 -0.028356578246982265
1.8107790989441168 3.6264597420327265 -0.022885856389664901
1.8151424220741028 3.6263682514472206 -0.019348822691535345
1.8195057452040886 3.6262882699944177 -0.01761434203939392
1.8238690683340744 3.6262119283248837 -0.017673670953451664
1.8282323914640601 3.6261320715162517 -0.019085136930102258
1.8325957145940461 3.6260447900426915 -0.020901599302272145
1.8369590377240319 3.6259501623021841 -0.022380028508175467
1.8413223608540177 3.625850241275153 -0.023340166138195052
1.8456856839840035 3.6257471835694894 -0.023817203510892827
1.8500490071139892 3.6256430973102454 -0.02381271910798647
1.8544123302439752 3.6255399130112651 -0.023440658500060749
1.858775653373961 3.6254387062787985 -0.022953568558545329
1.8631389765039468 3.6253394779176613 -0.022554086423440849
1.8675022996339325 3.6252416827490674 -0.022293486368009881
1.8718656227639185 3.6251447422138505 -0.022162375490932144
1.8762289458939043 3.6250480915706409 -0.022160501365920383
1.8805922690238901 3.6249512100930299 -0.022258503724242446
1.8849555921538759 3.6248538021030696 -0.02238908168524556
1.8893189152838616 3.6247558614398745 -0.022497009847211428
1.8936822384138476 3.6246575327680794 -0.022567733439222051
1.8980455615438334 3.6245589712998454 -0.022603745012788189
1.9024088846738192 3.6244603283223484 -0.022605075808872183
1.906772207803805 3.6243617442514626 -0.022579281489583176
1.911135530933791 3.6242633003018261 -0.022544286493764398
1.9154988540637767 3.6241649997440608 -0.022515131533409061
1.9198621771937625 3.6240668042219135 -0.022495940210866209
1.9242255003237483 3.62396867209601 -0.022486055243598983
1.9285888234537341 3.6238705628381331 -0.022485475491814819
1.9329521465837201 3.6237724385958456 -0.022492259091138247
1.9373154697137058 3.6236742770790564 -0.022501635027035432
1.9416787928436916 3.6235760769702572 -0.022509509655275345
1.9460421159736774 3.6234778484305323 -0.02251471678253552
1.9504054391036634 3.6233796026306289 -0.022517428534457935
1.9547687622336491 3.6232813504277841 -0.02251764396231817
1.9591320853636349 3.6231831020230167 -0.022515861471436704
1.9634954084936207 3.6230848635294479 -0.022513350203286091
1.9678587316236065 3.6229866354201992 -0.022511223596064969
1.9722220547535925 3.6228884150058915 -0.022509810908735464
1.9765853778835782 3.6227901992897169 -0.022509067415165673
1.980948701013564 3.6226919853630259 -0.022508993520128966
1.9853120241435498 3.6225937704775064 -0.022509461477467876
1.9896753472735358 3.6224955529578358 -0.022510133894011936
1.9940386704035216 3.6223973326445593 -0.022510708121255187
1.9984019935335073 3.6222991102488065 -0.022511091342912189
2.0027653166634933 3.6222008865745354 -0.022511295078699749
2.0071286397934789 3.6221026624009958 -0.022511319230066697
2.0114919629234649 3.62200443846841 -0.022511196492918537
2.0158552860534504 3.6219062152355836 -0.022511016503332645
2.0202186091834364 3.6218079927541327 -0.022510861472051901
2.0245819323134224 3.6217097708362109 -0.022510757524925019
2.028945255443408 3.6216115492661407 -0.022510701725475056
2.033308578573394 3.6215133278351463 -0.022510694083791138
2.0376719017033795 3.6214151063439162 -0.022510726243554321
2.0420352248333655 3.6213168846668875 -0.022510774406912348
2.0463985479633515 3.6212186627878116 -0.02251081625680891
2.0507618710933371 3.6211204407562549 -0.022510844449343186
2.0551251942233231 3.6210222186300771 -0.022510859724057482
2.0594885173533091 3.6209239964652156 -0.022510862086372634
2.0638518404832946 3.6208257743153212 -0.022510853668726783
2.0682151636132806 3.6207275522147344 -0.02251084078489252
2.0725784867432662 3.6206293301684669 -0.022510829489277663
2.0769418098732522 3.6205311081634544 -0.022510821843581424
2.0813051330032382 3.620432886184175 -0.022510817664285684
2.0856684561332237 3.6203346642156404 -0.022510816946793313
2.0900317792632097 3.6202364422434128 -0.022510819147671876
2.0943951023931953 3.6201382202581067 -0.022510822592865486
2.0987584255231813 3.6200399982582012 -0.022510825641107259
2.1031217486531673 3.6199417762471349 -0.02251082771440548
2.1074850717831528 3.6198435542290714 -0.022510828857443599
2.1118483949131388 3.6197453322080269 -0.022510829072525676
2.1162117180431244 3.6196471101878855 -0.022510828497813534
2.1205750411731104 3.6195488881712112 -0.022510827576795508
2.1249383643030963 3.6194506661584605 -0.02251082675421695
2.1293016874330819 3.619352444148729 -0.022510826191976075
2.1336650105630679 3.6192542221409001 -0.022510825879509713
2.1380283336930539 3.6191560001338967 -0.02251082581594702
2.1423916568230394 3.619057778126674 -0.022510825965891136
2.1467549799530254 3.6189595561185328 -0.02251082621194115
2.151118303083011 3.6188613341093379 -0.022510826433781935
2.155481626212997 3.6187631120993267 -0.022510826586127099
2.159844949342983 3.6186648900887985 -0.022510826671509193
2.1642082724729685 3.6185666680780417 -0.022510826690297064
2.1685715956029545 3.6184684460673369 -0.022510826651286099
2.1729349187329401 3.6183702240568754 -0.022510826585495476
2.1772982418629261 3.6182720020466972 -0.022510826525543721
2.1816615649929121 3.6181737800367402 -0.022510826484275902
2.1860248881228976 3.618075558026923 -0.022510826461069885
2.1903882112528836 3.617977336017169 -0.022510826455624477
2.1947515343828692 3.6178791140074025 -0.022510826465804129
2.1991148575128552 3.6177808919975716 -0.022510826483353587
2.2034781806428412 3.6176826699876647 -0.022510826499454534
2.2078415037728267 3.6175844479776984 -0.022510826510634803
2.2122048269028127 3.6174862259676939 -0.022510826516986084
2.2165681500327987 3.617388003957672 -0.022510826518560473
2.2209314731627843 3.6172897819476528 -0.022510826515994519
2.2252947962927703 3.6171915599376505 -0.022510826511249273
2.2296581194227558 3.6170933379276691 -0.022510826506842878
2.2340214425527418 3.6169951159177036 -0.022510826503871061
2.2383847656827278 3.6168968939077484 -0.022510826502143193
2.2427480888127134 3.616798671897798 -0.022510826501652034
2.2471114119426994 3.6167004498878472 -0.022510826502291185
2.2514747350726849 3.616602227877892 -0.022510826503584401
2.2558380582026709 3.616504005867931 -0.022510826504795058
2.2602013813326569 3.6164057838579655 -0.022510826505675013
2.2645647044626425 3.616307561847997 -0.022510826506142067
2.2689280275926285 3.6162093398380275 -0.022510826506141893
2.2732913507226145 3.6161111178280585 -0.022510826505973983
2.2776546738526 3.6160128958180904 -0.022510826505736693
2.282017996982586 3.6159146738081236 -0.022510826505327094
2.2863813201125716 3.6158164517981586 -0.022510826505065442
2.2907446432425576 3.615718229788194 -0.022510826504994988
2.2951079663725436 3.6156200077782299 -0.022510826504920905
2.2994712895025291 3.6155217857682658 -0.022510826504989239
2.3038346126325151 3.6154235637583012 -0.022510826505095328
2.3081979357625007 3.6153253417483362 -0.022510826505213299
2.3125612588924866 3.6152271197383707 -0.022510826505245992
2.3169245820224726 3.6151288977284053 -0.022510826505295702
2.3212879051524582 3.6150306757184394 -0.022510826505376374
2.3256512282824442 3.6149324537084735 -0.022510826505309309
2.3300145514124297 3.614834231698508 -0.022510826505191563
2.3343778745424157 3.614736009688543 -0.022510826505118962
2.3387411976724017 3.614637787678578 -0.022510826505214881
2.3431045208023873 3.6145395656686126 -0.022510826505216033
2.3474678439323733 3.6144413436586476 -0.022510826505115499
2.3518311670623593 3.6143431216486825 -0.022510826505204268
2.3561944901923448 3.6142448996387171 -0.022510826505261945
2.3605578133223308 3.6141466776287516 -0.022510826505247789
2.3649211364523164 3.6140484556187862 -0.022510826505246752
2.3692844595823024 3.6139502336088207 -0.022510826505265043
2.3736477827122884 3.6138520115988553 -0.022510826505186033
2.3780111058422739 3.6137537895888903 -0.022510826505185336
2.3823744289722599 3.6136555675789248 -0.022510826505267138
2.3867377521022455 3.6135573455689594 -0.022510826505245957
2.3911010752322315 3.6134591235589939 -0.022510826505248879
2.3954643983622175 3.6133609015490284 -0.022510826505251498
2.399827721492203 3.613262679539063 -0.022510826505244993
2.404191044622189 3.6131644575290975 -0.022510826505268377
2.4085543677521746 3.6130662355191321 -0.022510826505181342
2.4129176908821606 3.6129680135091671 -0.022510826505200771
2.4172810140121466 3.6128697914992016 -0.022510826505203214
2.4216443371421321 3.6127715694892366 -0.022510826505180898
2.4260076602721181 3.6126733474792712 -0.0225108265052677
2.4303709834021041 3.6125751254693057 -0.022510826505241281
2.4347343065320897 3.6124769034593402 -0.022510826505267031
2.4390976296620757 3.6123786814493748 -0.022510826505190439
2.4434609527920612 3.6122804594394098 -0.022510826505165723
2.4478242759220472 3.6121822374294443 -0.022510826505341194
2.4521875990520332 3.6120840154194784 -0.022510826505267797
2.4565509221820188 3.6119857934095134 -0.022510826505087459
2.4609142453120048 3.6118875713995484 -0.022510826505271548
2.4652775684419903 3.6117893493895825 -0.022510826505326192
2.4696408915719763 3.6116911273796171 -0.022510826505228863
2.4740042147019623 3.6115929053696516 -0.022510826505251321
2.4783675378319479 3.6114946833596862 -0.022510826505265695
2.4827308609619338 3.6113964613497207 -0.022510826505185738
2.4870941840919194 3.6112982393397557 -0.02251082650518586
2.4914575072219054 3.6112000173297902 -0.022510826505265345
2.4958208303518914 3.6111017953198248 -0.022510826505245725
2.5001841534818769 3.6110035733098593 -0.022510826505251609
2.5045474766118629 3.6109053512998939 -0.022510826505247696
2.5089107997418489 3.6108071292899284 -0.022510826505250582
2.5132741228718345 3.610708907279963 -0.022510826505249826
2.5176374460018205 3.6106106852699975 -0.022510826505249961
2.522000769131806 3.6105124632600321 -0.022510826505250166
2.526364092261792 3.6104142412500666 -0.022510826505249215
2.530727415391778 3.6103160192401011 -0.02251082650524595
2.5350907385217636 3.6102177972301357 -0.022510826505266833
2.5394540616517496 3.6101195752201702 -0.022510826505186564
2.5438173847817351 3.6100213532102052 -0.022510826505181422
2.5481807079117211 3.6099231312002398 -0.022510826505282265
2.5525440310417071 3.6098249091902743 -0.022510826505182491
2.5569073541716927 3.6097266871803093 -0.022510826505182286
2.5612706773016787 3.6096284651703439 -0.022510826505282879
2.5656340004316642 3.6095302431603784 -0.022510826505186054
2.5699973235616502 3.6094320211504134 -0.022510826505167433
2.5743606466916362 3.6093337991404479 -0.022510826505331854
2.5787239698216218 3.609235577130482 -0.022510826505310343
2.5830872929516078 3.6091373551205166 -0.022510826505231958
2.5874506160815938 3.6090391331105511 -0.022510826505254794
2.5918139392115793 3.6089409111005857 -0.022510826505248719
2.5961772623415653 3.6088426890906202 -0.02251082650525018
2.6005405854715509 3.6087444670806548 -0.022510826505250416
2.6049039086015369 3.6086462450706893 -0.022510826505248015
2.6092672317315229 3.6085480230607239 -0.022510826505250492
2.6136305548615084 3.6084498010507584 -0.022510826505249871
2.6179938779914944 3.608351579040793 -0.022510826505249867
2.62235720112148 3.6082533570308275 -0.022510826505250502
2.626720524251466 3.608155135020862 -0.02251082650524798
2.631083847381452 3.6080569130108966 -0.022510826505250561
2.6354471705114375 3.6079586910009311 -0.022510826505249625
2.6398104936414235 3.6078604689909657 -0.022510826505250783
2.6441738167714091 3.6077622469810002 -0.022510826505247095
2.6485371399013951 3.6076640249710348 -0.022510826505260685
2.6529004630313811 3.6075658029610693 -0.02251082650520313
2.6572637861613666 3.6074675809511043 -0.022510826505121314
2.6616271092913526 3.6073693589411393 -0.022510826505200796
2.6659904324213386 3.6072711369311738 -0.022510826505263141
2.6703537555513241 3.6071729149212084 -0.022510826505246481
2.6747170786813101 3.6070746929112429 -0.022510826505250776
2.6790804018112957 3.6069764709012775 -0.022510826505250252
2.6834437249412817 3.606878248891312 -0.02251082650524806
2.6878070480712677 3.6067800268813466 -0.022510826505250478
2.6921703712012532 3.6066818048713811 -0.022510826505249878
2.6965336943312392 3.6065835828614157 -0.022510826505249867
2.7008970174612248 3.6064853608514502 -0.022510826505250495
2.7052603405912108 3.6063871388414848 -0.022510826505248001
2.7096236637211968 3.6062889168315193 -0.022510826505250471
2.7139869868511823 3.6061906948215539 -0.022510826505249958
2.7183503099811683 3.6060924728115884 -0.022510826505249538
2.7227136331111539 3.6059942508016229 -0.02251082650525173
2.7270769562411399 3.6058960287916575 -0.022510826505243397
2.7314402793711259 3.605797806781692 -0.022510826505267652
2.7358036025011114 3.6056995847717266 -0.022510826505185842
2.7401669256310974 3.6056013627617616 -0.0225108265051835
2.7445302487610834 3.6055031407517961 -0.022510826505267784
2.748893571891069 3.6054049187418307 -0.022510826505245218
2.753256895021055 3.6053066967318652 -0.0225108265052512
2.7576202181510405 3.6052084747218998 -0.02251082650524984
2.7619835412810265 3.6051102527119343 -0.022510826505249298
2.7663468644110125 3.6050120307019689 -0.02251082650524593
2.7707101875409981 3.6049138086920034 -0.022510826505266833
2.7750735106709841 3.6048155866820379 -0.022510826505186592
2.7794368338009696 3.6047173646720729 -0.022510826505181318
2.7838001569309556 3.6046191426621075 -0.022510826505282657
2.7881634800609416 3.604520920652142 -0.022510826505181034
2.7925268031909272 3.604422698642177 -0.022510826505187723
2.7968901263209132 3.6043244766322116 -0.02251082650526259
2.8012534494508987 3.6042262546222461 -0.022510826505261775
2.8056167725808847 3.6041280326122807 -0.022510826505190172
2.8099800957108707 3.6040298106023156 -0.022510826505165168
2.8143434188408563 3.6039315885923502 -0.022510826505343674
2.8187067419708423 3.6038333665823843 -0.022510826505265303
2.8230700651008283 3.6037351445724193 -0.022510826505088084
2.8274333882308138 3.6036369225624543 -0.022510826505271548
2.8317967113607998 3.6035387005524884 -0.022510826505325564
2.8361600344907854 3.6034404785425229 -0.022510826505231368
2.8405233576207713 3.6033422565325575 -0.02251082650524882
2.8448866807507573 3.603244034522592 -0.022510826505266323
2.8492500038807429 3.6031458125126266 -0.022510826505185735
2.8536133270107289 3.6030475905026615 -0.022510826505185242
2.8579766501407144 3.6029493684926961 -0.022510826505267811
2.8623399732707004 3.6028511464827306 -0.022510826505243355
2.8667032964006864 3.6027529244727652 -0.022510826505251741
2.871066619530672 3.6026547024627997 -0.022510826505249534
2.875429942660658 3.6025564804528343 -0.022510826505249965
2.8797932657906435 3.6024582584428688 -0.022510826505250461
2.8841565889206295 3.6023600364329034 -0.022510826505248036
2.8885199120506155 3.6022618144229379 -0.022510826505250367
2.8928832351806011 3.6021635924129725 -0.022510826505250339
2.8972465583105871 3.602065370403007 -0.022510826505248112
2.9016098814405731 3.6019671483930416 -0.022510826505250187
2.9059732045705586 3.6018689263830761 -0.022510826505251009
2.9103365277005446 3.6017707043731106 -0.022510826505245628
2.9146998508305302 3.6016724823631452 -0.022510826505266323
2.9190631739605162 3.6015742603531797 -0.02251082650518893
2.9234264970905022 3.6014760383432147 -0.022510826505165598
2.9277898202204877 3.6013778163332493 -0.022510826505343189
2.9321531433504737 3.6012795943232834 -0.022510826505266826
2.9365164664804593 3.6011813723133184 -0.02251082650508935
2.9408797896104453 3.6010831503033534 -0.022510826505264953
2.9452431127404313 3.6009849282933875 -0.022510826505343813
2.9496064358704168 3.600886706283422 -0.022510826505164973
2.9539697590004028 3.600788484273457 -0.022510826505190807
2.9583330821303884 3.6006902622634915 -0.022510826505266316
2.9626964052603744 3.6005920402535261 -0.022510826505243785
2.9670597283903604 3.6004938182435606 -0.022510826505251502
2.9714230515203459 3.6003955962335952 -0.022510826505250058
2.9757863746503319 3.6002973742236297 -0.022510826505248115
2.9801496977803179 3.6001991522136643 -0.022510826505250461
2.9845130209103035 3.6001009302036988 -0.022510826505249881
2.9888763440402895 3.6000027081937334 -0.022510826505249867
2.993239667170275 3.5999044861837679 -0.022510826505250499
2.997602990300261 3.5998062641738025 -0.02251082650524799
3.001966313430247 3.599708042163837 -0.022510826505250502
3.0063296365602326 3.5996098201538715 -0.022510826505249847
3.0106929596902186 3.5995115981439061 -0.022510826505249958
3.0150562828202041 3.5994133761339406 -0.022510826505250176
3.0194196059501901 3.5993151541239752 -0.022510826505249194
3.0237829290801761 3.5992169321140097 -0.02251082650524602
3.0281462522101616 3.5991187101040443 -0.022510826505266569
3.0325095753401476 3.5990204880940788 -0.022510826505187546
3.0368728984701332 3.5989222660841138 -0.022510826505177762
3.0412362216001192 3.5988240440741484 -0.022510826505295921
3.0455995447301052 3.5987258220641829 -0.022510826505131535
3.0499628678600907 3.5986276000542174 -0.022510826505677779
3.0543261909900767 3.598529378044252 -0.022510826503657187
3.0586895141200627 3.5984311560342874 -0.022510826510575774
3.0630528372500483 3.5983329340243198 -0.022510826486455575
3.0674161603800343 3.5982347120143627 -0.022510826570827112
3.0717794835100198 3.5981364900043666 -0.022510826277002488
3.0761428066400058 3.5980382679945171 -0.022510827294038808
3.0805061297699918 3.5979400459841209 -0.022510823794816535
3.0848694528999774 3.597841823975763 -0.022510835749061788
3.0892327760299634 3.597743601959797 -0.022510795260792655
3.0935960991599489 3.597645379972227 -0.02251093096697453
3.0979594222899349 3.5975471578786813 -0.02251048197040284
3.1023227454199209 3.5974489361806401 -0.022511943185130227
3.1066860685499065 3.5973507130065574 -0.02250729024531108
3.1110493916798925 3.597252495341138 -0.022521668163351598
3.115412714809878 3.5971542571171065 -0.022479157013615574
3.119776037939864 3.5970560956188593 -0.022596205991516218
3.12413936106985 3.5969576477760872 -0.02231464445935296
3.1285026841998356 3.596860268585631 -0.022785966393663711
3.1328660073298216 3.5967589011304359 -0.023189617824362071
3.1372293304598076 3.596672418081881 -0.013612054840281598
3.1415926535897931 3.596639342796399 -0.0045644181657236785
3.1459559767197791 3.5966062675109169 -0.013612054840266497
3.1503192998497647 3.596519784462362 -0.023189617824428087
3.1546826229797507 3.5964184170071665 -0.022785966393726081
3.1590459461097367 3.5963210378167103 -0.022314644459336071
3.1634092692397222 3.5962225899739382 -0.022596205991521564
3.1677725923697082 3.596124428475691 -0.022479157013618013
3.1721359154996938 3.5960261902516595 -0.022521668163336488
3.1764992386296798 3.5959279725862401 -0.022507290245369082
3.1808625617596658 3.5958297494121569 -0.022511943185211776
3.1852258848896513 3.5957315277141157 -0.022510481970323976
3.1895892080196373 3.5956333056205705 -0.022510930966909967
3.1939525311496229 3.5955350836330005 -0.022510795260824439
3.1983158542796088 3.5954368616170345 -0.022510835748999234
3.2026791774095948 3.5953386396086771 -0.022510823794722766
3.2070425005395804 3.5952404175982808 -0.022510827294171122
3.2114058236695664 3.5951421955884304 -0.022510826277184523
3.2157691467995524 3.5950439735784339 -0.022510826570875754
3.2201324699295379 3.5949457515684768 -0.022510826486384299
3.2244957930595239 3.5948475295585096 -0.022510826510506902
3.2288591161895095 3.594749307548545 -0.022510826503698601
3.2332224393194955 3.5946510855385796 -0.022510826505587885
3.2375857624494815 3.5945528635286146 -0.022510826505137502
3.241949085579467 3.5944546415186487 -0.022510826505361958
3.246312408709453 3.5943564195086832 -0.022510826505219836
3.2506757318394386 3.5942581974987178 -0.022510826505258544
3.2550390549694246 3.5941599754887523 -0.022510826505245839
3.2594023780994106 3.5940617534787869 -0.022510826505251075
3.2637657012293961 3.5939635314688214 -0.022510826505249715
3.2681290243593821 3.593865309458856 -0.022510826505249912
3.2724923474893677 3.5937670874488905 -0.022510826505250478
3.2768556706193537 3.5936688654389251 -0.022510826505248032
3.2812189937493397 3.5935706434289596 -0.022510826505250367
3.2855823168793252 3.5934724214189941 -0.022510826505250346
3.2899456400093112 3.5933741994090287 -0.022510826505248088
3.2943089631392972 3.5932759773990632 -0.022510826505250266
3.2986722862692828 3.5931777553890978 -0.0225108265052507
3.3030356093992688 3.5930795333791323 -0.022510826505246787
3.3073989325292543 3.5929813113691669 -0.022510826505262004
3.3117622556592403 3.5928830893592014 -0.022510826505205056
3.3161255787892263 3.5927848673492364 -0.0225108265051054
3.3204889019192119 3.5926866453392714 -0.022510826505262524
3.3248522250491979 3.5925884233293055 -0.022510826505344351
3.3292155481791834 3.59249020131934 -0.022510826505165258
3.3335788713091694 3.592391979309375 -0.022510826505189135
3.3379421944391554 3.5922937572994096 -0.022510826505265834
3.342305517569141 3.5921955352894441 -0.022510826505247369
3.346668840699127 3.5920973132794787 -0.022510826505244528
3.351032163829113 3.5919990912695132 -0.022510826505267471
3.3553954869590985 3.5919008692595478 -0.022510826505185429
3.3597588100890845 3.5918026472495828 -0.022510826505185322
3.3641221332190701 3.5917044252396173 -0.022510826505267794
3.3684854563490561 3.5916062032296519 -0.022510826505243359
3.372848779479042 3.5915079812196864 -0.022510826505251744
3.3772121026090276 3.5914097592097209 -0.02251082650524951
3.3815754257390136 3.5913115371997555 -0.022510826505250048
3.3859387488689991 3.59121331518979 -0.022510826505250145
3.3903020719989851 3.5911150931798246 -0.022510826505249219
3.3946653951289711 3.5910168711698591 -0.02251082650524595
3.3990287182589567 3.5909186491598937 -0.022510826505266833
3.4033920413889427 3.5908204271499282 -0.022510826505186567
3.4077553645189282 3.5907222051399632 -0.022510826505181419
3.4121186876489142 3.5906239831299978 -0.022510826505282275
3.4164820107789002 3.5905257611200323 -0.022510826505182446
3.4208453339088858 3.5904275391100673 -0.022510826505182449
3.4252086570388718 3.5903293171001018 -0.022510826505282262
3.4295719801688578 3.5902310950901364 -0.022510826505181481
3.4339353032988433 3.5901328730801714 -0.022510826505186342
3.4382986264288293 3.5900346510702059 -0.022510826505267655
3.4426619495588149 3.5899364290602405 -0.022510826505242873
3.4470252726888009 3.589838207050275 -0.022510826505260716
3.4513885958187869 3.5897399850403096 -0.022510826505207235
3.4557519189487724 3.5896417630303445 -0.022510826505104858
3.4601152420787584 3.5895435410203795 -0.022510826505262507
3.464478565208744 3.5894453190104136 -0.022510826505344972
3.46884188833873 3.5893470970004482 -0.022510826505162784
3.473205211468716 3.5892488749904832 -0.022510826505191515
3.4775685345987015 3.5891506529805177 -0.022510826505265674
3.4819318577286875 3.5890524309705523 -0.022510826505245638
3.4862951808586731 3.5889542089605868 -0.022510826505251619
3.4906585039886591 3.5888559869506214 -0.022510826505247723
3.4950218271186451 3.5887577649406559 -0.02251082650525045
3.4993851502486306 3.5886595429306904 -0.022510826505250318
3.5037484733786166 3.588561320920725 -0.022510826505248126
3.5081117965086026 3.5884630989107595 -0.022510826505250152
3.5124751196385882 3.5883648769007941 -0.022510826505251116
3.5168384427685742 3.5882666548908286 -0.022510826505245232
3.5212017658985597 3.5881684328808632 -0.022510826505267794
3.5255650890285457 3.5880702108708977 -0.022510826505183445
3.5299284121585317 3.5879719888609327 -0.022510826505186057
3.5342917352885173 3.5878737668509673 -0.022510826505266833
3.5386550584185033 3.5877755448410018 -0.022510826505246457
3.5430183815484888 3.5876773228310364 -0.022510826505247189
3.5473817046784748 3.5875791008210709 -0.02251082650526464
3.5517450278084608 3.5874808788111054 -0.02251082650518722
3.5561083509384463 3.5873826568011404 -0.022510826505180999
3.5604716740684323 3.587284434791175 -0.022510826505283299
3.5648349971984179 3.5871862127812095 -0.022510826505185658
3.5691983203284039 3.5870879907712445 -0.022510826505168592
3.5735616434583899 3.5869897687612791 -0.022510826505327604
3.5779249665883754 3.5868915467513132 -0.022510826505326171
3.5822882897183614 3.5867933247413477 -0.022510826505172887
3.5866516128483474 3.5866951027313827 -0.022510826505169921
3.591014935978333 3.5865968807214172 -0.022510826505341947
3.595378259108319 3.5864986587114513 -0.022510826505267468
3.5997415822383045 3.5864004367014863 -0.022510826505088025
3.6041049053682905 3.5863022146915213 -0.022510826505269612
3.6084682284982765 3.5862039926815554 -0.022510826505326494
3.6128315516282621 3.58610577067159 -0.022510826505229595
3.6171948747582481 3.5860075486616245 -0.022510826505254971
3.6215581978882336 3.5859093266516591 -0.02251082650525037
3.6259215210182196 3.5858111046416936 -0.022510826505243397
3.6302848441482056 3.5857128826317282 -0.022510826505269008
3.6346481672781912 3.5856146606217627 -0.022510826505180426
3.6390114904081772 3.5855164386117977 -0.0225108265052038
3.6433748135381627 3.5854182166018322 -0.022510826505198901
3.6477381366681487 3.5853199945918672 -0.022510826505195113
3.6521014597981347 3.5852217725819018 -0.022510826505208272
3.6564647829281203 3.5851235505719368 -0.022510826505166302
3.6608281060581063 3.5850253285619713 -0.022510826505321026
3.6651914291880923 3.5849271065520054 -0.022510826505347883
3.6695547523180778 3.5848288845420395 -0.022510826505397964
3.6739180754480638 3.5847306625320732 -0.02251082650547611
3.6782813985780494 3.5846324405221068 -0.022510826505418781
3.6826447217080354 3.5845342185121409 -0.022510826505264626
3.6870080448380214 3.5844359965021759 -0.022510826505015683
3.6913713679680069 3.5843377744922122 -0.022510826504645833
3.6957346910979929 3.5842395524822503 -0.022510826504236831
3.7000980142279785 3.5841413304722898 -0.022510826504105352
3.7044613373579645 3.5840431084623288 -0.022510826504429614
3.7088246604879505 3.5839448864523655 -0.02251082650508917
3.713187983617936 3.5838466644423987 -0.0225108265061029
3.717551306747922 3.5837484424324266 -0.022510826507495078
3.7219146298779076 3.5836502204224483 -0.022510826508851309
3.7262779530078936 3.5835519984124655 -0.022510826509362186
3.7306412761378795 3.5834537764024836 -0.022510826508398252
3.7350045992678651 3.5833555543925093 -0.022510826505948656
3.7393679223978511 3.5832573323825487 -0.022510826502054961
3.7437312455278371 3.5831591103726081 -0.022510826496867142
3.7480945686578226 3.5830608883626907 -0.022510826491901666
3.7524578917878086 3.5829626663527891 -0.022510826490082066
3.7568212149177942 3.5828644443428845 -0.022510826493471286
3.7611845380477802 3.5827662223329533 -0.022510826502191328
3.7655478611777662 3.5826680003229723 -0.022510826516432367
3.7699111843077517 3.5825697783129171 -0.022510826535943031
3.7742745074377377 3.5824715563027745 -0.022510826554800634
3.7786378305677233 3.582373334292571 -0.022510826561840874
3.7830011536977093 3.5822751122823777 -0.022510826549630301
3.7873644768276953 3.5821768902722817 -0.022510826517534811
3.7917277999576808 3.5820786682623695 -0.022510826464858281
3.7960911230876668 3.5819804462527318 -0.022510826392555982
3.8004544462176524 3.5818822242434196 -0.022510826321936475
3.8048177693476384 3.5817840022343383 -0.02251082629413426
3.8091810924776244 3.5816857802252273 -0.022510826337639782
3.8135444156076099 3.5815875582157619 -0.022510826455540065
3.8179077387375959 3.5814893362056188 -0.022510826650027869
3.8222710618675819 3.5813911141944601 -0.022510826918405162
3.8266343849975675 3.5812928921820864 -0.022510827184103986
3.8309977081275535 3.581194670168832 -0.022510827293799
3.835361031257539 3.5810964481556598 -0.022510827138309306
3.839724354387525 3.5809982261437807 -0.022510826704955997
3.844087677517511 3.5809000041344001 -0.022510825986916751
3.8484510006474966 3.5808017821287774 -0.022510824990899118
3.8528143237774826 3.5807035601276884 -0.022510823992131782
3.8571776469074681 3.5806053381299519 -0.022510823561110931
3.8615409700374541 3.5805071161320177 -0.022510824114874255
3.8659042931674401 3.5804088941293708 -0.022510825706904675
3.8702676162974257 3.5803106721175122 -0.022510828358750581
3.8746309394274117 3.5802124500917452 -0.022510832055596168
3.8789942625573972 3.5801142280490654 -0.022510835807411426
3.8833575856873832 3.5800160059936403 -0.022510837494680542
3.8877209088173692 3.5799177839385505 -0.022510835526319599
3.8920842319473548 3.5798195619006261 -0.022510829679928436
3.8964475550773408 3.5797213398966528 -0.022510819888775693
3.9008108782073267 3.5796231179441484 -0.022510806169225749
3.9051742013373123 3.5795248960547235 -0.022510792080926795
3.9095375244672983 3.5794266742137162 -0.022510785493958949
3.9139008475972838 3.5793284523729527 -0.022510792472933156
3.9182641707272698 3.5792302304697037 -0.022510813938291078
3.9226274938572558 3.5791320084413356 -0.022510850085298857
3.9269908169872414 3.5790337862225345 -0.022510900989510401
3.9313541401172274 3.5789355637685314 -0.022510953870782689
3.9357174632472129 3.5788373411307353 -0.022510979521265483
3.9400807863771989 3.578739118486483 -0.022510954843742083
3.9444441095071849 3.5786408960695413 -0.022510876055014405
3.9488074326371705 3.5785426741136281 -0.022510742620308132
3.9531707557671565 3.5784444528622275 -0.022510553780901128
3.957534078897142 3.5783462324875903 -0.022510355367943539
3.961897402027128 3.5782480128101044 -0.022510255715092981
3.966260725157114 3.5781497931772717 -0.022510342712312743
3.9706240482870996 3.5780515727181044 -0.02251063182082344
3.9749873714170856 3.5779533505604357 -0.022511124338850465
3.9793506945470716 3.5778551257967082 -0.022511824755854084
3.9837140176770571 3.5777568977655014 -0.022512568917146973
3.9880773408070431 3.577658667091812 -0.022512955245427076
3.9924406639370287 3.5775604361752755 -0.022512649577621908
3.9968039870670147 3.5774622082604823 -0.02251158904324645
4.0011673101970002 3.577363986602264 -0.022509771297914847
4.0055306333269867 3.5772657745830085 -0.022507173846878729
4.0098939564569722 3.5771675747377589 -0.022504383903768483
4.0142572795869578 3.5770693849015962 -0.02250288915620291
4.0186206027169442 3.5769711962541066 -0.022503959076869577
4.0229839258469298 3.5768729967109514 -0.022507848178222312
4.0273472489769153 3.5767747741248437 -0.022514556327140237
4.0317105721069009 3.5766765158912084 -0.022524187231756629
4.0360738952368873 3.5765782123108201 -0.0225346430296871
4.0404372183668729 3.5764798708440524 -0.022540415819765531
4.0448005414968584 3.5763815238952095 -0.022536686814489729
4.0491638646268449 3.5762832164626714 -0.022522429832881032
4.0535271877568304 3.576184993883321 -0.022497676600358518
4.057890510886816 3.5760869031247 -0.022461972500353949
4.0622538340168024 3.5759889812361005 -0.022422802401254029
4.066617157146788 3.5758912026607845 -0.022400545467937447
4.0709804802767735 3.575793448417715 -0.022413478724505533
4.0753438034067591 3.575695550982505 -0.022465724674854626
4.0797071265367455 3.575597341137557 -0.022557056394154874
4.0840704496667311 3.5754986438814118 -0.022689399934084108
4.0884337727967166 3.5753993179096937 -0.0228360862950324
4.092797095926703 3.5752994501714577 -0.022921761516882373
4.0971604190566886 3.5751994772878701 -0.022877158106541083
4.1015237421866741 3.5751000227961378 -0.022685769159355166
4.1058870653166606 3.5750017183235774 -0.022348813434267412
4.1102503884466461 3.5749052159024823 -0.021858331021720419
4.1146137115766317 3.5748110536799933 -0.021309215035666899
4.1189770347066181 3.5747189382192319 -0.020979909648288615
4.1233403578366037 3.5746272682161666 -0.021132723328657541
4.1277036809665892 3.5745337233618599 -0.021833552603483502
4.1320670040965748 3.5744359459062278 -0.023076596891655192
4.1364303272265612 3.5743315065020491 -0.024894131192466803
4.1407936503565468 3.5742183584736669 -0.026948977068431239
4.1451569734865323 3.5740974826028267 -0.028212941301511252
4.1495202966165188 3.5739747480233977 -0.027693465474009419
4.1538836197465043 3.5738587869885956 -0.025128212207118833
4.1582469428764899 3.5737584009862156 -0.020542951385852701
4.1626102660064763 3.5736826413512999 -0.01380880140971987
4.1669735891364619 3.5736392818025022 -0.0061221608050644836
4.1713369122664474 3.5736250824843547 -0.0012771171641635911
4.1757002353964339 3.5736185456052656 -0.0030265295560031051
4.1800635585264194 3.5735875646528115 -0.012412125458768188
4.184426881656405 3.5734992820254772 -0.029324565866907851
4.1887902047863905 3.5733199730489185 -0.054272045508078334
4.193153527916377 3.5730201482694479 -0.083015356613483665
4.1975168510463625 3.5726103544126442 -0.10156436310612087
4.2018801741763481 3.572169281548188 -0.09574005563798095
4.2062434973063345 3.5718163147531508 -0.061416869401683248
4.2106068204363201 3.5716741221697821 0.00096102241696712398
4.2149701435663056 3.5718683702006491 0.09336346904163402
4.2193334666962921 3.5725107769049331 0.20082652422191707
4.2236967898262776 3.5735677075305889 0.27170871776571337
4.2280601129562632 3.5747511370636711 0.25269678493465914
4.2324234360862487 3.5756178985090945 0.12711162566571993
4.2367867592162352 3.5757079361509385 -0.10329669308877967
4.2411500823462207 3.5745595859386987 -0.44156697758253638
4.2455134054762063 3.5717295536529079 -0.865769713691661
4.2498767286061927 3.5669950690698133 -1.2963328553622138
4.2542400517361783 3.5605296404006523 -1.6493919880619381
4.2586033748661638 3.5527543553861145 -1.8972926883523571
4.2629666979961502 3.5441218728276636 -2.0425872564945142
4.2673300211261358 3.5350807634208223 -2.0838250270399028
4.2716933442561213 3.5260715118502453 -2.032626667671094
4.2760566673861078 3.5174117714616697 -1.9339723123956638
4.2804199905160933 3.5091931387224244 -1.8361986259996097
4.2847833136460789 3.5013622819285493 -1.7560493466528957
4.2891466367760644 3.4938448851883366 -1.6922857921892824
4.2935099599060509 3.4865715554398999 -1.644161929373088
4.2978732830360364 3.4794709429467243 -1.6138611952283139
4.302236606166022 3.4724502813625135 -1.6094661614950883
4.3065999292960084 3.4653744881376323 -1.6402825586853498
4.310963252425994 3.4580806318819257 -1.7092468236036038
4.3153265755559795 3.4504039342047048 -1.815724834857501
4.319689898685966 3.4421756788816471 -1.9632940002047135
4.3240532218159515 3.4332372816338168 -2.1340200524746913
4.3284165449459371 3.423629180001508 -2.2522591168102868
4.3327798680759235 3.4137850775121232 -2.231293861083921
4.3371431912059091 3.4044047821283918 -2.0402877805714379
4.3415065143358946 3.3962222981974368 -1.682832591645429
4.3458698374658802 3.3899809465288744 -1.1454807037622441
4.3502331605958666 3.386393055727972 -0.49333390503854874
4.3545964837258522 3.3854206214140286 -0.016632263541328629
4.3589598068558377 3.3854993185733657 -0.054625444231825353
4.3633231299858242 3.3840104030293046 -0.73446069916847756
4.3676864531158097 3.3781699931904394 -2.0468046925318659
4.3720497762457953 3.3652018338006791 -4.010140156463323
4.3764130993757817 3.3423619029340057 -6.5324640110190728
4.3807764225057673 3.3080215944142681 -9.1742404601287024
4.3851397456357528 3.2628922561323859 -11.409878482007164
4.3895030687657384 3.2093401556370282 -13.03460511042049
4.3938663918957248 3.1500177352756222 -14.058504992154548
4.3982297150257104 3.0875408684168271 -14.474396185989079
4.4025930381556959 3.0245157375071798 -14.332727774998812
4.4069563612856824 2.9628933395310781 -13.896020696673572
4.4113196844156679 2.903212375222247 -13.485237834380147
4.4156830075456535 2.84498556130678 -13.230444734012389
4.4200463306756399 2.7875338072786837 -13.127707908969352
4.4244096538056255 2.7302055446108127 -13.175649979547718
4.428772976935611 2.6723505790742061 -13.363846334550198
4.4331363000655974 2.6134639095360508 -13.634600481131493
4.437499623195583 2.5533496075476814 -13.916792858036935
4.4418629463255686 2.4920458758691533 -14.179118717412758
4.4462262694555541 2.4296425403523139 -14.421446427147357
4.4505895925855405 2.3662217265168195 -14.645408198543755
4.4549529157155261 2.3018660346829436 -14.849574728086459
4.4593162388455116 2.2366714985517517 -15.028468457388843
4.4636795619754981 2.1707653099995725 -15.174770027919379
4.4680428851054836 2.1042984381368601 -15.285463626972755
4.4724062082354692 2.0374264331012597 -15.36043415964838
4.4767695313654556 1.9703043449261846 -15.400351982281281
4.4811328544954412 1.9030858137004614 -15.403964017291468
4.4854961776254267 1.8359482045402711 -15.360269497918992
4.4898595007554132 1.7691331043432912 -15.25405679713
4.4942228238853987 1.7029310798116957 -15.079341512508869
4.4985861470153843 1.6376399515329603 -14.836609443649284
4.5029494701453698 1.57355749550059 -14.524945050974868
4.5073127932753563 1.5109808709481298 -14.147979406665982
4.5116761164053418 1.4501606786678296 -13.724539040750196
4.5160394395353274 1.3912428841184361 -13.279639943152183
4.5204027626653138 1.3342872341485883 -12.825613129788016
4.5247660857952994 1.2793303653017885 -12.363287572160374
4.5291294089252849 1.2264118513510918 -11.890886353431691
4.5334927320552714 1.1755730700034854 -11.411428385534338
4.5378560551852569 1.126807481630322 -10.946320177157183
4.5422193783152425 1.0799832536987932 -10.526007370117256
4.5465827014452289 1.0348651145215999 -10.164565467637994
4.5509460245752145 0.99119499510250608 -9.8620406139290733
4.5553093477052 0.94871731327584308 -9.61813718521406
4.5596726708351856 0.90717694497735224 -9.431966746297249
4.564035993965172 0.86632987745616763 -9.2994241180629089
4.5683993170951576 0.8259537466646053 -9.2152943239429543
4.5727626402251431 0.78584545293626507 -9.1764126845245606
4.5771259633551296 0.7458097626187713 -9.1819994082377381
4.5814892864851151 0.70565044242009078 -9.2336173695307995
4.5858526096151007 0.665168828484477 -9.3281532962927542
4.5902159327450871 0.62422029234151144 -9.441016540729759
4.5945792558750727 0.58280688823718918 -9.5356793649251799
4.5989425790050582 0.54105911336323464 -9.5936808970209615
4.6033059021350438 0.49914075563566873 -9.6141924819828546
4.6076692252650302 0.45721173230154166 -9.5987618717672056
4.6120325483950158 0.41543045319221683 -9.5457244122275018
4.6163958715250013 0.37398330982557149 -9.441988600184569
4.6207591946549877 0.33313682110366233 -9.2672547807504451
4.6251225177849733 0.29322973588629614 -9.0110598846286969
4.6294858409149588 0.25461931000985083 -8.6731697233023475
4.6338491640449453 0.21766087152489239 -8.2535851082201681
4.6382124871749308 0.18271085050903385 -7.7531047320254611
4.6425758103049164 0.15010707920961058 -7.1805622409081673
4.6469391334349028 0.12013340867912271 -6.5497260192922839
4.6513024565648884 0.093023908669863861 -5.8680307197569279
4.6556657796948739 0.068998192474603592 -5.1361359777772551
4.6600291028248595 0.048277450747946871 -4.3528236141628254
4.6643924259548459 0.031085031488534122 -3.5197389155927126
4.6687557490848315 0.017611142178845809 -2.6528213745294846
4.673119072214817 0.0079464218325135134 -1.7779117113779548
4.6774823953448035 0.0020866831360386012 -0.90936356847733468
4.681845718474789 0 -0.048191213515792093
4.6862090416047746 0.0016570113402135454 0.80670785682149437
4.690572364734761 0.007029526208778546 1.6545059911045858
4.6949356878647466 0.016074299718612423 2.4878654920233081
4.6992990109947321 0.028701287872611184 3.2944377762154091
4.7036623341247186 0.044774450205856256 4.0671533348268119
4.7080256572547041 0.064144053084776317 4.8055992156385861
4.7123889803846897 0.086661593184012134 5.5099279047331198
4.7167523035146752 0.11217780987697966 6.1802676256442286
4.7211156266446617 0.14055128661341695 6.820825505793584
4.7254789497746472 0.17166817610623611 7.4389932306680189
4.7298422729046328 0.20544233646545978 8.0390009878780688
4.7342055960346192 0.2417957614453515 8.6211788263153952
4.7385689191646048 0.2806498564046091 9.1851654687694477
4.7429322422945903 0.32192511838530091 9.7310469116872174
4.7472955654245768 0.36554850143283563 10.262655442439669
4.7516588885545623 0.41147363950421578 10.787359179575198
4.7560222116845479 0.45968206656293997 11.309379748961558
4.7603855348145334 0.51016268152563704 11.828708928782818
4.7647488579445199 0.5629034364778851 12.345570756124207
4.7691121810745054 0.61789392208305194 12.859552914499346
4.773475504204491 0.67510808863039573 13.362453706751372
4.7778388273344774 0.7344655594604429 13.839386250339521
4.782202150464463 0.79582820793161213 14.281041351193306
4.7865654735944485 0.85903820075290083 14.686287411152152
4.7909287967244349 0.92393872389877973 15.056111518139012
4.7952921198544205 0.99037532294822794 15.390020058522939
4.7996554429844061 1.0581741430137637 15.677283965274752
4.8040187661143925 1.1270874985218324 15.897212101402729
4.808382089244378 1.1967864011464635 16.03663618649011
4.8127454123743636 1.2669147293792582 16.094365422225941
4.8171087355043491 1.3371181273259198 16.070889827032605
4.8214720586343356 1.4070416485764285 15.966248063662761
4.8258353817643211 1.4763373039916354 15.784172921092875
4.8301987048943067 1.5446819558840077 15.531564647267015
4.8345620280242931 1.6117799144550409 15.213047839286416
4.8389253511542787 1.6773463836037577 14.82958559390406
4.8432886742842642 1.7410964331146279 14.380098671332009
4.8476519974142507 1.8027412855183715 13.865203546736286
4.8520153205442362 1.8620238480559033 13.302653184467292
4.8563786436742218 1.9188111931178631 12.72797372249117
4.8607419668042082 1.9731139729238099 12.165395531713548
4.8651052899341938 2.024996896121714 11.618355671654923
4.8694686130641793 2.074522994634894 11.084889164818943
4.8738319361941649 2.1217513183221777 10.565528164834799
4.8781952593241513 2.1667674181588064 10.075591994289169
4.8825585824541369 2.2097669743246926 9.6472112982386928
4.8869219055841224 2.2510774604503423 9.3028779392535288
4.8912852287141089 2.2910764020389731 9.0455214565729491
4.8956485518440944 2.330139518494327 8.8741031809163946
4.90001187497408 2.3686430020459466 8.7889315587128003
4.9043751981040664 2.406956504328682 8.7856395829276099
4.908738521234052 2.4454173197840867 8.8546426862763141
4.9131018443640375 2.4843232032823335 8.9892135708116054
4.9174651674940231 2.5239566043726964 9.1881374253311012
4.9218284906240095 2.5645999646059758 9.4524721297466883
4.9261918137539951 2.6065405070613057 9.7824830129968543
4.9305551368839806 2.6500343613932826 10.15796015217418
4.9349184600139671 2.695183942939956 10.532413466926249
4.9392817831439526 2.7418960362136144 10.871821174616844
4.9436451062739382 2.7900003716846373 11.171276181488141
4.9480084294039246 2.8393288539162773 11.432944984589216
4.9523717525339102 2.88971596612055 11.656336433944306
4.9567350756638957 2.9409809713945969 11.832557000546796
4.9610983987938821 2.9928768593703832 11.941641092046359
4.9654617219238677 3.0450714254679516 11.968203103307602
4.9698250450538533 3.0971951622480831 11.909528265043344
4.9741883681838388 3.1488786432457991 11.766269376516318
4.9785516913138252 3.1997509501470978 11.537559963917221
4.9829150144438108 3.2494528007412855 11.233187798716777
4.9872783375737963 3.297707086576239 10.87936717878971
4.9916416607037828 3.3443501965447697 10.495986681987574
4.9960049838337683 3.3892626121457043 10.08562856804682
5.0003683069637539 3.4323228653217721 9.6470506469235069
5.0047316300937403 3.4734080359453934 9.1803006329992787
5.0090949532237259 3.5124055110318255 8.6925181582071041
5.0134582763537114 3.5492604363873137 8.2018956692750837
5.0178215994836979 3.583997524826239 7.7229420118379668
5.0221849226136834 3.6166767136456843 7.2583541720321811
5.026548245743669 3.6473580115786413 6.8071030457225659
5.0309115688736545 3.6761004535380146 6.3699876296446334
5.035274892003641 3.7029684753404939 5.9478848795299086
5.0396382151336265 3.7280243111409495 5.5386876124713975
5.0440015382636121 3.7513199010079412 5.1413561608095835
5.0483648613935985 3.7729098600276627 4.7569178923308124
5.0527281845235841 3.7928521236471266 4.3864251221420574
5.0570915076535696 3.8112073234279502 4.0287778458211445
5.0614548307835561 3.8280091192133971 3.6706330902619144
5.0658181539135416 3.8432028681282029 3.2872058876899364
5.0701814770435272 3.8566260901392355 2.8561232369690339
5.0745448001735127 3.8680465539087652 2.3695612777397344
5.0789081233034992 3.8772223602043199 1.826583833363328
5.0832714464334847 3.8839054620477471 1.2278854373983223
5.0876347695634703 3.8879091518681914 0.60957112354900034
5.0919980926934567 3.8893135759587114 0.052175295096697306
5.0963614158234423 3.8885574473924813 -0.37253713490761603
5.1007247389534278 3.886287592738713 -0.64253956406611934
5.1050880620834143 3.8831733248903313 -0.75915455788304387
5.1094513852133998 3.8798859886832866 -0.72226093827875415
5.1138147083433854 3.8770359549024671 -0.57154646038070123
5.1181780314733718 3.8749243268404592 -0.40294061577974333
5.1225413546033574 3.8734197577029552 -0.30300512552888115
5.1269046777333429 3.8721419283474066 -0.29807516901055492
5.1312680008633285 3.8706839489147264 -0.38569776387271615
5.1356313239933149 3.8686414205390056 -0.56590565838599205
5.1399946471233005 3.8656476251390273 -0.81340076189072252
5.144357970253286 3.8615352800853171 -1.0663135735338043
5.1487212933832724 3.8564173254339962 -1.2676315448432744
5.153084616513258 3.8505754614335599 -1.3985764827862499
5.1574479396432436 3.8443125874276567 -1.4606673225105038
5.16181126277323 3.8379289947009512 -1.4538242615443369
5.1661745859032155 3.8317033526406212 -1.3935068655518457
5.1705379090332011 3.8257882883929559 -1.3194830573205962
5.1749012321631875 3.8201542332932941 -1.2691504535022466
5.1792645552931731 3.8146602679830273 -1.2549783745623335
5.1836278784231586 3.8091512224310931 -1.2760490603375179
5.1879912015531442 3.8034723395274472 -1.3330783680767109
5.1923545246831306 3.7974867841115847 -1.4115145005372884
5.1967178478131162 3.791183809436331 -1.4698345574594789
5.2010811709431017 3.7847477769194038 -1.467843437210546
5.2054444940730882 3.7784796031878254 -1.3935604949352409
5.2098078172030737 3.7726909825504982 -1.2475557645927784
5.2141711403330593 3.7677021956875363 -1.0262160130045574
5.2185344634630457 3.7637843298691305 -0.77134348216381765
5.2228977865930313 3.7608375136019956 -0.60821779274644205
5.2272611097230168 3.7581628443061073 -0.66083411511010148
5.2316244328530024 3.7547014507808609 -0.96729177655125376
5.2359877559829888 3.7493567750157162 -1.5246060319545331
5.2403510791129744 3.7410217310336455 -2.3397665728770463
5.2447144022429599 3.7286691855774117 -3.340066433909354
5.2490777253729464 3.7119351677878831 -4.2984154657546645
5.2534410485029319 3.6915534409167887 -4.9851779735382999
5.2578043716329175 3.668933827676705 -5.3264162614195047
5.2621676947629039 3.6455659494822221 -5.3278270159186381
5.2665310178928895 3.6229488862993966 -4.9791924198199311
5.270894341022875 3.6024773190214412 -4.3809633496225224
5.2752576641528615 3.5846087929267023 -3.8576606184037479
5.279620987282847 3.5682162079036845 -3.7445989984757988
5.2839843104128326 3.5511690260196929 -4.1554335277690519
5.2883476335428181 3.5312028586056736 -5.0821712954839873
5.2927109566728046 3.5060519914224382 -6.536069289114228
5.2970742798027901 3.4735557810875828 -8.408762464659393
5.3014376029327757 3.432593050001135 -10.335528583524335
5.3058009260627621 3.3838417191763819 -11.931968527086292
5.3101642491927477 3.3291470616817089 -13.060819767280956
5.3145275723227332 3.2705316673734415 -13.731005340401243
5.3188908954527196 3.2099936960440645 -13.93897846090452
5.3232542185827052 3.1494922468290887 -13.73365623878319
5.3276175417126908 3.0904847769380872 -13.294676731282211
5.3319808648426772 3.033533740604847 -12.814832899571384
5.3363441879726627 2.9786101445784352 -12.365322895858215
5.3407075111026483 2.9255881346212855 -11.941807195082768
5.3450708342326338 2.8743621365793333 -11.543098895750216
5.3494341573626203 2.8248227280700156 -11.166987417605753
5.3537974804926058 2.7769059409610346 -10.794895789782281
5.3581608036225914 2.730643329821274 -10.406413864085161
5.3625241267525778 2.6861255071996268 -9.9954773566218957
5.3668874498825634 2.6434475409173692 -9.563085055513497
5.3712507730125489 2.6027060818313266 -9.1071544574495871
5.3756140961425354 2.5639919798631485 -8.637916801696738
5.3799774192725209 2.5272824689051232 -8.1986346913589898
5.3843407424025065 2.4923299513764166 -7.8387258365026069
5.388704065532492 2.45873493661492 -7.5762735178179748
5.3930673886624785 2.4260742469026968 -7.4102469123460528
5.397430711792464 2.3939275816672319 -7.340993871701686
5.4017940349224496 2.3618776375339703 -7.3641149113862987
5.406157358052436 2.329554718400292 -7.4620670471718888
5.4105206811824216 2.2966791377524545 -7.6148033167101357
5.4148840043124071 2.2630357018301561 -7.8138265679453411
5.4192473274423936 2.2284236512869131 -8.0589060485605408
5.4236106505723791 2.1926377785523958 -8.3525959214279482
5.4279739737023647 2.1554760522117449 -8.6857848971655862
5.4323372968323511 2.1168460229982795 -9.014837071564477
5.4367006199623367 2.076889206553334 -9.2872017942498033
5.4410639430923222 2.0359119942899047 -9.4824949192060171
5.4454272662223078 1.9942497055771871 -9.6015540529352474
5.4497905893522942 1.9522318359164825 -9.6455277144515286
5.4541539124822798 1.9101898943160833 -9.6116040323865217
5.4585172356122653 1.8684839055011087 -9.4888916250806297
5.4628805587422518 1.8275323642534351 -9.2639608780743519
5.4672438818722373 1.7877977112488996 -8.9310056101112298
5.4716072050022229 1.7497512663045665 -8.4903603418501206
5.4759705281322093 1.7138638226555623 -7.9407503751502855
5.4803338512621949 1.6806064813964789 -7.2870903644260263
5.4846971743921804 1.6503806985416258 -6.5586691515532118
5.4890604975221668 1.6234258956471759 -5.7927078316114615
5.4934238206521524 1.5998622910998277 -5.0043979316471354
5.497787143782138 1.5797873055723326 -4.1933848640818976
5.5021504669121235 1.5633037894514554 -3.3578368093123672
5.5065137900421099 1.5505123040805853 -2.5032762672639182
5.5108771131720955 1.5414491252662856 -1.6552183674623617
5.5152404363020811 1.5360107894833663 -0.84635725850326515
5.5196037594320675 1.5339843345721014 -0.091764619228178468
5.523967082562053 1.5351305362009087 0.60819815956796208
5.5283304056920386 1.5392144117722293 1.2549081820956887
5.532693728822025 1.5460003741871364 1.8457191992707243
5.5370570519520106 1.5552219574875272 2.3681927390127679
5.5414203750819961 1.5665433669069004 2.8058312216045302
5.5457836982119817 1.5795729221122428 3.1509723753929766
5.5501470213419681 1.5939058911702702 3.4033651622074523
5.5545103444719537 1.609138273456362 3.5632051978500789
5.5588736676019392 1.6248677445578019 3.6316163464943707
5.5632369907319257 1.6407003568277887 3.6108194540450329
5.5676003138619112 1.6562515238737747 3.5030030370271548
5.5719636369918968 1.6711461734566426 3.310169957798252
5.5763269601218832 1.6850158937817687 3.0332410847531373
5.5806902832518688 1.6974912139649148 2.670381289890539
5.5850536063818543 1.7082005518510872 2.2258304375962066
5.5894169295118408 1.7168396977911031 1.7293345183370397
5.5937802526418263 1.7232774498333705 1.2229429594646866
5.5981435757718119 1.7275264339028376 0.726552155473838
5.6025068989017974 1.7296334552210249 0.24091581794031772
5.6068702220317839 1.7296411065113315 -0.23627364101147452
5.6112335451617694 1.7275884974419085 -0.70183065420434343
5.615596868291755 1.7235743032266071 -1.1276304223811784
5.6199601914217414 1.7178668145584091 -1.4717844441395711
5.624323514551727 1.7108779395104734 -1.7146084742302476
5.6286868376817125 1.7030511001838096 -1.8563165085703579
5.633050160811699 1.6948252710255054 -1.8971273408238287
5.6374134839416845 1.6866412338111669 -1.8377671544467946
5.6417768070716701 1.6789188321205655 -1.6882658374187025
5.6461401302016565 1.672017520754802 -1.463693963158869
5.6505034533316421 1.6662441597490045 -1.1714211131635184
5.6548667764616276 1.6618926668572389 -0.81195834239087739
5.6592300995916132 1.6592584038673843 -0.38379746197962122
5.6635934227215996 1.658640241788947 0.1109454351611482
5.6679567458515852 1.6602892626390022 0.64878200398816832
5.6723200689815707 1.6643107562319797 1.1926850919314131
5.6766833921115571 1.6706790445034332 1.7239654390071668
5.6810467152415427 1.6793363290600354 2.2422760458082216
5.6854100383715283 1.6902290234417445 2.7485057705794609
5.6897733615015147 1.7033031358883477 3.2420634278844993
5.6941366846315002 1.718500596427776 3.7213422654300343
5.6985000077614858 1.7357535584357839 4.1838345750078965
5.7028633308914722 1.754984838826382 4.6280367326057759
5.7072266540214578 1.7761140689811359 5.053861453471109
5.7115899771514433 1.7990611292261531 5.4611424515101508
5.7159533002814289 1.8237450108812105 5.8501920817756741
5.7203166234114153 1.8500948599348228 6.2262978103530884
5.7246799465414009 1.8780737760091695 6.5983240526854905
5.7290432696713864 1.907677186882947 6.9710976829466897
5.7334065928013729 1.9389091507307885 7.3446078152734566
5.7377699159313584 1.9717722910278517 7.7190185154120039
5.742133239061344 2.0062714861309279 8.0942483219536268
5.7464965621913304 2.0423960767873099 8.4613264838084206
5.750859885321316 2.0800752548176709 8.8041792377326864
5.7552232084513015 2.1191792893121661 9.1142047468277401
5.7595865315812871 2.1595638456907693 9.3913310926076381
5.7639498547112735 2.2010869688587915 9.6360430555191581
5.7683131778412591 2.2436061834881578 9.8477517597513771
5.7726765009712446 2.2869743737660975 10.024779679716927
5.7770398241012311 2.3310348136195769 10.164627703065834
5.7814031472312166 2.3756210447412829 10.265670885173103
5.7857664703612022 2.4205620516338291 10.327083432403629
5.7901297934911886 2.4656854321397264 10.349706773554473
5.7944931166211742 2.5108243419577114 10.333868890291855
5.7988564397511597 2.5557805420676747 10.259652308945657
5.8032197628811462 2.6002156624424422 10.088466540440075
5.8075830860111317 2.6436450185144311 9.7976455636008328
5.8119464091411173 2.685544295302734 9.3885976193525984
5.8163097322711028 2.725401796918931 8.8597841489621594
5.8206730554010893 2.7626795836248408 8.2065834533744901
5.8250363785310748 2.7969605578552694 7.5140619035914042
5.8293997016610604 2.8284529756703205 6.9596221538466452
5.8337630247910468 2.8580449339494196 6.6459728136360372
5.8381263479210324 2.8867968714604806 6.5707944611347129
5.8424896710510179 2.9157313735449826 6.7331236293729866
5.8468529941810043 2.9459117943288078 7.1411380605301389
5.8512163173109899 2.9782390184212688 7.6794149930699209
5.8555796404409755 3.0127574179803509 8.100867337032577
5.8599429635709619 3.0485468715690622 8.2572346827274501
5.8643062867009474 3.0844284042412982 8.1475342475643195
5.868669609830933 3.1192671929468383 7.7763396160828533
5.8730329329609186 3.1519000400204491 7.1371868919779047
5.877396256090905 3.1812578086647338 6.296520616637256
5.8817595792208905 3.2067636953676986 5.3982014421641571
5.8861229023508761 3.2284132198916526 4.5323461487833292
5.8904862254808625 3.2463679093602558 3.7022657151796401
5.8948495486108481 3.2607660615447087 2.9027663741988992
5.8992128717408336 3.2717503490901003 2.1383488312091399
5.9035761948708201 3.2794947166583519 1.4207130285786773
5.9079395180008056 3.2842424379048714 0.76772665114309202
5.9123028411307912 3.2863094595894062 0.19385246784154858
5.9166661642607767 3.2860567305968371 -0.29572075389640901
5.9210294873907632 3.2838502750101681 -0.70178022146364649
5.9253928105207487 3.2800529082763932 -1.0250825191435309
5.9297561336507343 3.2750208097988778 -1.2685828055368833
5.9341194567807207 3.2690917292617616 -1.436937811017611
5.9384827799107063 3.262585170887097 -1.5337814527167768
5.9428461030406918 3.2558079136641536 -1.5612152129917867
5.9472094261706783 3.2490652113249516 -1.5169971604973433
5.9515727493006638 3.2426719507550361 -1.4024189594123002
5.9559360724306494 3.2368694517345893 -1.2585136316614971
5.9602993955606358 3.2316089949952516 -1.1698546016486617
5.9646627186906214 3.2264893426599541 -1.198905252088051
5.9690260418206069 3.2209606224488034 -1.3558060571329991
5.9733893649505925 3.2144729327407306 -1.6397453986281945
5.9777526880805789 3.2064675792521693 -2.049894837968814
5.9821160112105645 3.1964823357665462 -2.5300985799954456
5.98647933434055 3.18446001814528 -2.9609952676625184
5.9908426574705365 3.170845705719239 -3.2523687811413335
5.995205980600522 3.156304958739697 -3.3875225183317195
5.9995693037305076 3.141505892806538 -3.3701105647474265
6.003932626860494 3.1271175257315118 -3.1998359369558744
6.0082959499904796 3.1137628410195761 -2.905263025897753
6.0126592731204651 3.1018534217470473 -2.5494303373277778
6.0170225962504515 3.0915331865642419 -2.1810001886887171
6.0213859193804371 3.0828247515811071 -1.8097187909751602
6.0257492425104227 3.0757481692288668 -1.4331031217053056
6.0301125656404082 3.0703258423631836 -1.0514856826542878
6.0344758887703946 3.0665846348767865 -0.66133627324569844
6.0388392119003802 3.0645791031942298 -0.25433602848548714
6.0432025350303658 3.0643990980823217 0.17601597566697447
6.0475658581603522 3.0661509836400205 0.63101751113276539
6.0519291812903377 3.0699414631908586 1.1105635306787698
6.0562925044203233 3.0758783044228588 1.6147414880709126
6.0606558275503097 3.084059630987201 2.1374076672922206
6.0650191506802953 3.0945366528965175 2.6641632854599435
6.0693824738102808 3.1072977812898057 3.1833144232278561
6.0737457969402664 3.122301369095255 3.6921917124238832
6.0781091200702528 3.1395044424133691 4.19158778213452
6.0824724432002384 3.1588661190821687 4.6815273974515099
6.0868357663302239 3.1803374856404036 5.1570351270731321
6.0911990894602104 3.2038314422520253 5.6062109991496731
6.0955624125901959 3.229208112629943 6.0190889002318722
6.0999257357201815 3.2563017036232056 6.3933277181284254
6.1042890588501679 3.2849450613086941 6.7295032940092749
6.1086523819801535 3.3149723878769413 7.0276501724375269
6.113015705110139 3.3462141245507975 7.285400878155043
6.1173790282401255 3.3784822242708143 7.4968933101638848
6.121742351370111 3.4115622129654346 7.6570618660652148
6.1261056745000966 3.4452263945191746 7.7647703735822189
6.1304689976300821 3.4792465059064344 7.8201485377655668
6.1348323207600686 3.513393664723401 7.8229980789143996
6.1391956438900541 3.5474441649421622 7.777115571608106
6.1435589670200397 3.5812055806801104 7.6925786548395889
6.1479222901500261 3.6145311311935062 7.5781701274949729
6.1522856132800117 3.6472973504008372 7.4360944217567715
6.1566489364099972 3.6793822890505083 7.265823886395399
6.1610122595399837 3.7106626117291737 7.0673545349464497
6.1653755826699692 3.741019135251201 6.8431317713768589
6.1697389057999548 3.770351050735679 6.5988660691101746
6.1741022289299412 3.7985834977408368 6.3397442043888192
6.1784655520599268 3.8256566036758253 6.0674543186256056
6.1828288751899123 3.8515125518264606 5.7817754738219183
6.1871921983198979 3.8760915476280067 5.4819569273550846
6.1915555214498843 3.8993399531756339 5.1740957253877129
6.1959188445798699 3.921261120036327 4.8779705079806428
6.2002821677098554 3.9419517039019705 4.6117039340828301
6.2046454908398418 3.9615548128780138 4.3791162455888619
6.2090088139698274 3.9802142383780348 4.1792119509880949
6.213372137099813 3.9980768605055932 4.0147462092932757
6.2177354602297994 4.0152737407698345 3.8669414383851457
6.2220987833597849 4.0317509984353457 3.670119822559812
6.2264621064897705 4.04714072772052 3.3627055682499942
6.2308254296197561 4.0609158073835721 2.9313034609064439
6.2351887527497425 4.0725451996517918 2.3789088571690051
6.239552075879728 4.0814924292986943 1.7005042188915287
6.2439153990097136 4.0872510602554941 0.93007922766369788
6.2482787221397 4.0896492074527631 0.18736642228559722
6.2526420452696856 4.089089207469808 -0.41572798675945549
6.2570053683996711 4.0862774088315561 -0.84273243960618438
6.2613686915296576 4.0819480286928815 -1.1232551108108333
6.2657320146596431 4.076795828154812 -1.1833017878330825
6.2700953377896287 4.0716423538559265 -1.2291978161576043
6.2744586609196151 4.0665906552682163 -0.9164669747755041
6.2788219840496007 4.0631442272659131 -0.9478157332480448
6.2831853071795862 4.0587386449738494 -0.69091469895862423
