# q  U_kJmol  dU_dq   # conservative spline pchip_hermite_v1
0 0.47010337313686368 45.203264166784393
0.0043633231299858239 0.46867548351245741 -12.368941492700479
0.0087266462599716477 0.47010334595190345 4.272483113015662
0.013089969389957472 0.47724265814965128 1.1693644293905958
0.017453292519943295 0.48723750493467527 2.8306391120498713
0.021816615649929118 0.50008769601949987 3.2151701555162524
0.026179938779914945 0.51579298675500995 3.9419833490978347
0.030543261909900768 0.53435307813510868 4.5760377916216406
0.034906585039886591 0.55576761680240994 5.2383965561699855
0.039269908169872414 0.58003619505496584 5.8797735178243773
0.043633231299858237 0.60715835085402892 6.5761753793766635
0.04799655442984406 0.63713356783284847 7.0727867421629602
0.05235987755982989 0.66801160185444797 6.972291075662663
0.056723200689815713 0.6975365052108643 6.5680495386261253
0.061086523819801536 0.72531146137373337 6.1519921756036489
0.065449846949787352 0.75115736621305507 5.6909701103571964
0.069813170079773182 0.77496091673134515 5.2205783483397559
0.074176493209759012 0.79673764565224126 4.765408186991233
0.078539816339744828 0.81658359275920378 4.3354329249350503
0.082903139469730658 0.83460669577289548 3.9297010662629854
0.087266462599716474 0.85091155176041045 3.5479288508202087
0.091629785729702304 0.86560539473963438 3.191718984744409
0.09599310885968812 0.87880696745160325 2.8646702526224743
0.10035643198967395 0.89065250175954203 2.5707222598041608
0.10471975511965978 0.90129157356111655 2.3117171172309985
0.1090830782496456 0.91087683179312806 2.087634324121697
0.11344640137963143 0.91956111559929743 1.8989574153774185
0.11780972450961724 0.92749525526192178 1.7425223374450844
0.12217304763960307 0.93479532191176695 1.6052219460749779
0.1265363707695889 0.94151010365151389 1.4724898371271447
0.1308996938995747 0.94764414154066612 1.3390163429457074
0.13526301702956053 0.95319492781324677 1.2053380969274561
0.13962634015954636 0.95816223199696948 1.0713375695406131
0.14398966328953219 0.96254295297516435 0.93654028762978103
0.14835298641951802 0.96633927484738835 0.80462181065976401
0.15271630954950383 0.96957547527119947 0.68017863246473864
0.15707963267948966 0.97228620374221086 0.56347078033403797
0.16144295580947549 0.97450373412093261 0.45435943545158197
0.16580627893946132 0.97626104302431671 0.35198965914933023
0.17016960206944712 0.97758908599744876 0.25901361799683054
0.17453292519943295 0.9785639987338578 0.19535157961047422
0.17889624832941878 0.97937146405456266 0.18505294559351815
0.18325957145940461 0.98026721233120073 0.23548004685998589
0.18762289458939044 0.98151318175860103 0.34556349116470486
0.19198621771937624 0.98337017446708019 0.51570560097871165
0.19634954084936207 0.98609895335512665 0.74455840442310295
0.2007128639793479 0.98994295274223554 1.0251702394290079
0.20507618710933373 0.99510831690071366 1.3491427249947179
0.20943951023931956 1.0017749539382981 1.7133436413296135
0.21380283336930536 1.0101180592053416 2.1174213372966002
0.21816615649929119 1.0203136686391858 2.5632523289800324
0.22252947962927702 1.0325399038351393 3.0456941410089717
0.22689280275926285 1.046895328988815 3.530174512792001
0.23125612588924865 1.0632858326252119 3.9729512903942603
0.23561944901923448 1.0814820579775062 4.3581035042083958
0.23998277214922031 1.1012351646693708 4.6866734304226165
0.24434609527920614 1.122299809243436 4.9594212951316994
0.24870941840919197 1.144431152582408 5.1750149808323576
0.2530727415391778 1.167363316777196 5.3239042824240608
0.25743606466916363 1.1907755631489938 5.3934374433136911
0.26179938779914941 1.2143077766423067 5.3789790058268734
0.26616271092913524 1.2375947093429605 5.281120261222342
0.27052603405912107 1.2602716706261454 5.0989855724122801
0.2748893571891069 1.2819733036380605 4.8354112951195205
0.27925268031909273 1.3023761671010714 4.5082886055501277
0.28361600344907856 1.321257215246167 4.1410623375937634
0.28797932657906439 1.3384699880926694 3.7437453559058973
0.29234264970905022 1.3538836045894771 3.3162091602498918
0.29670597283903605 1.3673640807217742 2.8575327291877026
0.30106929596902182 1.3787782786893332 2.3699770223041483
0.30543261909900765 1.3880192576118422 1.8640127123603927
0.30979594222899348 1.395038181226262 1.3534576161752117
0.31415926535897931 1.3998333063063317 0.84489837281424063
0.31852258848896514 1.4024149028330293 0.33880906909655817
0.32288591161895097 1.4027919400000655 -0.16592796388674988
0.3272492347489368 1.4009714649309892 -0.66753201086290836
0.33161255787892263 1.3969933796883831 -1.1507403899991562
0.33597588100890846 1.3909876933581344 -1.5938421261076656
0.34033920413889424 1.3831562154747579 -1.9876244240124568
0.34470252726888007 1.3737142464302674 -2.3320074571625393
0.3490658503988659 1.3628757098253479 -2.6281943085663371
0.35342917352885173 1.3508510180624298 -2.8748132068225614
0.35779249665883756 1.3378876732113407 -3.0530612997551883
0.36215581978882339 1.3243484265695029 -3.1347812586050203
0.36651914291880922 1.3106893107457565 -3.1080302131648314
0.37088246604879505 1.2973821748391647 -2.973726849964399
0.37524578917878088 1.2848958250623619 -2.731356810052997
0.37960911230876665 1.2737016546912159 -2.3823722436474601
0.38397243543875248 1.264238350134903 -1.9421877602457374
0.38833575856873831 1.2568523561496736 -1.4336010456052368
0.39269908169872414 1.2518117071482702 -0.86733841713219895
0.39706240482870997 1.2493663414335923 -0.24404986911739682
0.4014257279586958 1.249768237579127 0.43855171109796293
0.40578905108868163 1.2532748069508592 1.1771059668673103
0.41015237421866746 1.2600684470856547 1.9349268153275434
0.41451569734865329 1.2701057930323172 2.6553203819541613
0.41887902047863912 1.2831460841118716 3.3108060897006082
0.42324234360862489 1.2989030648835966 3.9010009220739152
0.42760566673861072 1.3170965713433009 4.4278257912881482
0.43196898986859655 1.3374483584831021 4.8894876329048866
0.43633231299858238 1.3596464612604238 5.269373009060998
0.44069563612856821 1.3832746640088078 5.5408670984508825
0.44505895925855404 1.4078224438018032 5.6905242793391873
0.44942228238853987 1.432756603481721 5.7183113112289066
0.4537856055185257 1.4575466163185029 5.6240531755926586
0.45814892864851153 1.4816600252157219 5.4089920156795852
0.46251225177849731 1.5045931962874384 5.0868244346258145
0.46687557490848314 1.525926528652251 4.6791160943909462
0.47123889803846897 1.545318759839559 4.1975461057502752
0.4756022211684548 1.5624515273904758 3.6434387756591664
0.47996554429844063 1.5770047778984457 3.0144000438072402
0.48432886742842646 1.5886519432880883 2.3130400781598492
0.48869219055841229 1.5971377821540933 1.575873716763718
0.49305551368839812 1.6024413316458332 0.86435011437266096
0.49741883681838395 1.6047663356949797 0.21173288593409781
0.50178215994836972 1.6043772759460282 -0.38022440482612396
0.50614548307835561 1.6015328044790709 -0.91404756577416535
0.51050880620834138 1.5964869448639065 -1.3885773716747947
0.51487212933832727 1.589534407765838 -1.7811328586292168
0.51923545246831304 1.5811223159490992 -2.0508318810458648
0.52359877559829882 1.5718485870512446 -2.1754142272423955
0.5279620987282847 1.5623493638689194 -2.154842288332246
0.53232542185827048 1.5532555286294771 -1.9888619291179923
0.53668874498825636 1.5452032012448547 -1.678543033642194
0.54105206811824214 1.5387819972140278 -1.2482331133762945
0.54541539124822802 1.5344227454261243 -0.74061994853861912
0.5497787143782138 1.5323950130298205 -0.18065394333178339
0.55414203750819968 1.53291883022764 0.42921979844092267
0.55850536063818546 1.5362176488403674 1.0920255322869958
0.56286868376817123 1.5425229263140254 1.8059681338671465
0.56723200689815712 1.5519955073700671 2.532158374319724
0.57159533002814289 1.5645328447182203 3.1983035527061467
0.57595865315812877 1.5797559382773789 3.7612937562975683
0.58032197628811455 1.5972020662420081 4.2182235815954536
0.58468529941810043 1.616415863051478 4.5713195191961438
0.58904862254808621 1.6369426021437072 4.8200781346857751
0.59341194567807209 1.6583217238895422 4.9607154966643918
0.59777526880805787 1.6800635260610766 4.9848232686965108
0.60213859193804364 1.7016458803416263 4.8874872165766181
0.60650191506802953 1.7225389223376462 4.6691591425145429
0.6108652381980153 1.7422144092936378 4.3287420934197085
0.61522856132800119 1.7601381215185465 3.8671775974546101
0.61959188445798696 1.7758264194883406 3.312463418047817
0.62395520758797285 1.7889876709934616 2.7184578395520185
0.62831853071795862 1.7995427884732831 2.1198794022900542
0.63268185384794451 1.8074863082952619 1.5207506809249698
0.63704517697793028 1.8128089439557098 0.91825450809869258
0.64140850010791606 1.8154960275102128 0.31330855989860257
0.64577182323790194 1.8155729138587491 -0.27112302594906101
0.65013514636788772 1.8132276197859867 -0.78845872185875954
0.6544984694978736 1.8088346156158521 -1.2079546916368391
0.65886179262785938 1.8028330918335802 -1.5264734920377214
0.66322511575784526 1.7956585377821173 -1.7453551451188596
0.66758843888783104 1.7877470060966056 -1.8645344327006406
0.67195176201781692 1.7795259119400626 -1.8884836026395728
0.6763150851478027 1.7713938006339223 -1.8251670110055309
0.68067840827778847 1.7637169380615401 -1.6802981334012883
0.68504173140777436 1.7568468613068182 -1.4553791947005867
0.68940505453776013 1.751134609738024 -1.1491568004209587
0.69376837766774602 1.7469361593764754 -0.76209031506520908
0.69813170079773179 1.744571717627198 -0.31479417151862421
0.70249502392771768 1.7442142542551922 0.14982289292480244
0.70685834705770345 1.7458601195961989 0.60134254150061717
0.71122167018768934 1.7494360845366737 1.0350729786226998
0.71558499331767511 1.7548701840047922 1.45322950904979
0.71994831644766089 1.7620948121922204 1.8555090091986168
0.72431163957764677 1.7710179609735073 2.2271280800668287
0.72867496270763255 1.7814379221526833 2.5353214312378949
0.73303828583761843 1.7930160985754886 2.7563914958803699
0.73740160896760421 1.8053604729572015 2.8870469406748405
0.74176493209759009 1.8180803581563827 2.9283362286870647
0.74612825522757587 1.8307852676112153 2.8804092885181127
0.75049157835756175 1.8430896730404833 2.7451649137125975
0.75485490148754752 1.8546174430022693 2.5247278549066881
0.7592182246175333 1.8650010470887037 2.2210747422069472
0.76358154774751918 1.8738810376631339 1.8356452440849622
0.76794487087750496 1.8808999039933527 1.3675930780789427
0.77230819400749084 1.8856953173670048 0.81688282382575939
0.77667151713747662 1.8879332165324909 0.2006251204866917
0.7810348402674625 1.8874065214034044 -0.44284607571513895
0.78539816339744828 1.884072186306595 -1.0838896558214999
0.78976148652743416 1.8779598612872401 -1.7166403628081193
0.79412480965741994 1.8691006850436693 -2.343194917031119
0.79848813278740571 1.8575201728628181 -2.9638745444489767
0.8028514559173916 1.8432691893059274 -3.5617351165663491
0.80721477904737737 1.8265318846817025 -4.0951625146423156
0.81157810217736326 1.8076734315880973 -4.531455054487016
0.81594142530734903 1.7871368748544529 -4.8650308311432067
0.82030474843733492 1.7653651138846223 -5.0974781334330643
0.82466807156732069 1.7428002839145078 -5.2286511014063377
0.82903139469730658 1.7198825779399747 -5.2594056751059606
0.83339471782729235 1.6970483291502299 -5.1904531477688085
0.83775804095727824 1.6747313735671947 -5.0224631397338122
0.84212136408726401 1.6533617641316729 -4.7563638571419711
0.84648468721724979 1.6333678485189935 -4.3915463642457331
0.85084801034723567 1.6151825787502543 -3.9275249371093661
0.85521133347722145 1.5992143314241827 -3.3805825080435867
0.85957465660720733 1.5857436533156068 -2.7908592003838542
0.86393797973719311 1.5748729676026927 -2.1918696651866596
0.86830130286717899 1.5666181444100804 -1.5913934347879484
0.87266462599716477 1.5609906905156787 -0.9873072410662963
0.87702794912715065 1.5580083916267435 -0.3790075665814801
0.88139127225713643 1.557665952071414 0.2174157372971271
0.8857545953871222 1.5598270845974771 0.7597857948306983
0.89011791851710809 1.5641652008738665 1.2119954000118076
0.89448124164709386 1.5702609311278848 1.5660170484770166
0.89884456477707975 1.5776909795145333 1.8235767749409648
0.90320788790706552 1.5860344322995035 1.9847363951000396
0.90757121103705141 1.5948684660819139 2.0478474401017244
0.91193453416703718 1.6037544532820116 2.0072628266647858
0.91629785729702307 1.6122270834491907 1.8580074131685831
0.92066118042700884 1.619809855595536 1.5995890120551837
0.92502450355699462 1.6260273566936738 1.2320054950450861
0.9293878266869805 1.6304010187108708 0.75433636748424537
0.93375114981696627 1.6324672459398579 0.17839072707431197
0.93811447294695216 1.6318635110630266 -0.46236360359721834
0.94247779607693793 1.6283817364556434 -1.1379257199593891
0.94684111920692382 1.6218935467222504 -1.8407760600340826
0.95120444233690959 1.6122759483912015 -2.5724942218006945
0.95556776546689548 1.5994012881065807 -3.333784937498744
0.95993108859688125 1.5831552185720237 -4.1143050079601693
0.96429441172686703 1.5635128595634504 -4.8840608971992587
0.96865773485685291 1.5405896464065805 -5.6153830549158554
0.97302105798683869 1.5145758704932539 -6.3010021127384848
0.97738438111682457 1.4856675529535621 -6.9422583767026156
0.98174770424681035 1.4540576769882436 -7.5392092395684855
0.98611102737679623 1.4199446011806891 -8.088677709753064
0.99047435050678201 1.3835508512659864 -8.5830024104164462
0.99483767363676789 1.3451346823742563 -9.0148240084806535
0.99920099676675367 1.3049762861861804 -9.381593029447707
1.0035643198967394 1.2633591022741428 -9.6835511573751756
1.0079276430267252 1.2205652654606598 -9.9209451246160825
1.0122909661567112 1.1768784029257111 -10.092417328218515
1.016654289286697 1.1325946366226947 -10.193534604836051
1.0210176124166828 1.088031687320157 -10.219946186006291
1.0253809355466685 1.0435189688118394 -10.170598525595423
1.0297442586766545 0.99938648592592627 -10.045610679330622
1.0341075818066403 0.95596472318674608 -9.8448237903163953
1.0384709049366261 0.9135815076842515 -9.5702515329223434
1.0428342280666119 0.87254773182252143 -9.2274686161865649
1.0471975511965976 0.8331478923048472 -8.8219543089530195
1.0515608743265836 0.79564994884653606 -8.3557351692436104
1.0559241974565694 0.76031882903121106 -7.82868043171871
1.0602875205865552 0.72742181974330866 -7.2397492041456637
1.064650843716541 0.69722015476173782 -6.5957754938375972
1.0690141668465269 0.66990725914210836 -5.92124781648167
1.0733774899765127 0.64555577269449438 -5.241045763488251
1.0777408131064985 0.62416801482025575 -4.5625570226841194
1.0821041362364843 0.60573885501782565 -3.8848221788911199
1.08646745936647 0.59026635862707333 -3.2072160822264841
1.090830782496456 0.57774355128031574 -2.5344664963563934
1.0951941056264418 0.5681189600915808 -1.8823474916829626
1.0995574287564276 0.56126306901316614 -1.2672884758862824
1.1039207518864134 0.55699776601185613 -0.69486841174120928
1.1082840750163994 0.55513812994972256 -0.16443577447041657
1.1126473981463851 0.55550137717916104 0.32377033413570072
1.1170107212763709 0.55790254608944589 0.77002696941556803
1.1213740444063567 0.56216820772185838 1.1798968221077184
1.1257373675363425 0.56815496500275409 1.5594297445455729
1.1301006906663285 0.57573392018861891 1.9094810449104196
1.1344640137963142 0.58477491672613191 2.2296831493413616
1.1388273369263 0.59514813388198018 2.5200164440605772
1.1431906600562858 0.60672336035507735 2.7808893162489885
1.1475539831862718 0.61937782618600368 3.0155355859971036
1.1519173063162575 0.63300591616772006 3.2275226143398523
1.1562806294462433 0.64751165981646031 3.4177730992243034
1.1606439525762291 0.66279946284881774 3.585918767397946
1.1650072757062149 0.67877339850322116 3.732540075091106
1.1693705988362009 0.69533853354782893 3.8561379762110093
1.1737339219661866 0.71237613918781006 3.9464506756583884
1.1780972450961724 0.72971220891544064 3.9916576201590956
1.1824605682261582 0.74713984637070119 3.9886832654049322
1.1868238913561442 0.76445048442272467 3.9378882077814912
1.19118721448613 0.78143524433545475 3.8395426246919517
1.1955505376161157 0.79788745983072973 3.6935121401879223
1.1999138607461015 0.81358916819727778 3.493818399365995
1.2042771838760873 0.82828806458287385 3.2331304256668854
1.2086405070060733 0.84171288979760817 2.9101065207643075
1.2130038301360591 0.85359375277654148 2.5253530653298992
1.2173671532660448 0.86365965609765072 2.0779662133448684
1.2217304763960306 0.8716416183723863 1.57158041562599
1.2260937995260166 0.87731079108416044 1.0215411676357098
1.2304571226560024 0.88051895662592805 0.4458630966867842
1.2348204457859882 0.88117477146583989 -0.14831633848383613
1.2391837689159739 0.87919784410014656 -0.76092780662121839
1.2435470920459597 0.87450528473819067 -1.3935737271851665
1.2479104151759457 0.86701450481803777 -2.041424339527294
1.2522737383059315 0.85670701395138815 -2.6779184992828062
1.2566370614359172 0.84370917870525708 -3.2704635806020095
1.261000384565903 0.82824827208579443 -3.8070167681187685
1.265363707695889 0.8105672755497263 -4.288163457041172
1.2697270308258748 0.79090624471098558 -4.7148162081786076
1.2740903539558606 0.76950503016169847 -5.0848920070190067
1.2784536770858463 0.74663285148462388 -5.3857586828690609
1.2828170002158321 0.72262947631096297 -5.6013300373294141
1.2871803233458181 0.69788481669652369 -5.7256010027934581
1.2915436464758039 0.67279624902143242 -5.7590691899713899
1.2959069696057897 0.64776003405163851 -5.701384172071573
1.3002702927357754 0.62317275995473798 -5.5539919805648195
1.3046336158657614 0.59940965264088963 -5.3259214178731185
1.3089969389957472 0.57679589579175539 -5.0287053510272681
1.313360262125733 0.55561955472033331 -4.6671107217679051
1.3177235852557188 0.5361612559639034 -4.2411721319428723
1.3220869083857045 0.51870354832146159 -3.7497771080603712
1.3264502315156905 0.50352874837056893 -3.1961789561354981
1.3308135546456763 0.49087576028198238 -2.5984847615587929
1.3351768777756621 0.48088237731411648 -1.9803797914928927
1.3395402009056478 0.47360811349624138 -1.3523554678169807
1.3439035240356338 0.4690951724595781 -0.7144834222931099
1.3482668471656196 0.46738916251554169 -0.065546573324492
1.3526301702956054 0.46853489194147846 0.59144920722492134
1.3569934934255912 0.47254095370119081 1.2418604468695646
1.3613568165555769 0.47933435966370858 1.8662760629554578
1.3657201396855629 0.48877593498426936 2.4553861972398239
1.3700834628155487 0.50070978631258334 3.008839935349009
1.3744467859455345 0.51498226251981027 3.5273976332519896
1.3788101090755203 0.53143984700619773 4.0100029147428833
1.3831734322055063 0.54991568314500316 4.4510414971218628
1.387536755335492 0.57021069450804429 4.842702256783002
1.3919000784654778 0.59209908955520874 5.1813233092250401
1.3962634015954636 0.61534902406851266 5.4668338433424912
1.4006267247254494 0.63972877416509244 5.6991002096319336
1.4049900478554354 0.66500730342564296 5.8792832186714943
1.4093533709854211 0.69096647330919791 6.0122138707013777
1.4137166941154069 0.71741416167060634 6.1041628382447914
1.4180800172453927 0.7441810892100934 6.1588095706927399
1.4224433403753787 0.77110639079862353 6.176656339200945
1.4268066635053644 0.79802786431307704 6.1568805179959298
1.4311699866353502 0.82478330239058428 6.1013474870101003
1.435533309765336 0.85123433930684689 6.0198070529004655
1.4398966328953218 0.87729807650386749 5.9259233266764202
1.4442599560253078 0.90294060354533523 5.8271082234365794
1.4486232791552935 0.92814302129476767 5.724052732707877
1.4529866022852793 0.9528850821309397 5.6159748409721661
1.4573499254152651 0.97714559885422403 5.5037384564357659
1.4617132485452511 1.0009178934784297 5.393999753595538
1.4660765716752369 1.0242354947192152 5.2968900184760797
1.4704398948052226 1.0471678087217948 5.2175395278915939
1.4748032179352084 1.0697931458674044 5.1560854938047509
1.4791665410651942 1.0921892617161457 5.1125894263648988
1.4835298641951802 1.1144337787290637 5.0861950939283007
1.487893187325166 1.1365928377683852 5.0722802348993872
1.4922565104551517 1.1587064316819491 5.0643179110473167
1.4966198335851375 1.1807903082323503 5.0583903937834815
1.5009831567151235 1.202851049920761 5.053724273420225
1.5053464798451093 1.2248958363206286 5.0514398643838092
1.509709802975095 1.2469342990787273 5.0499257567462248
1.5140731261050808 1.2689421589133036 5.0328777602157038
1.5184364492350666 1.290793843625617 4.9741647292249347
1.5227997723650526 1.3122686506492354 4.8595647338120749
1.5271630954950384 1.3331191300946073 4.6882997117900933
1.5315264186250241 1.3531004814331504 4.461135303556083
1.5358897417550099 1.3719680661732432 4.1777199845381148
1.5402530648849959 1.389474226945749 3.836729993748893
1.5446163880149817 1.4053628539140133 3.4359247838421241
1.5489797111449675 1.4193693666433274 2.973954862385801
1.5533430342749532 1.4312269263333608 2.4510820544068213
1.557706357404939 1.4406690096894443 1.866272740119187
1.562069680534925 1.4474252257852447 1.2209573117005976
1.5664330036649108 1.4512682075605523 0.53736966394065666
1.5707963267948966 1.4521147034278079 -0.14618864298520998
1.5751596499248823 1.450024305785333 -0.80785895418656573
1.5795229730548683 1.4450988716318809 -1.4461061604320757
1.5838862961848541 1.4374359776537142 -2.0628132808958264
1.5882496193148399 1.4271312609122082 -2.6562598620398794
1.5926129424448257 1.4143111223781146 -3.2116265806571525
1.5969762655748114 1.3991968038267444 -3.7035517431684775
1.6013395887047974 1.3821064333296811 -4.1164796027456791
1.6057029118347832 1.3633910214146303 -4.4487724183831663
1.610066234964769 1.3433995970784476 -4.7012909897178341
1.6144295580947547 1.3224810477269657 -4.8736896102789613
1.6187928812247407 1.3009842156008184 -4.9666187104320736
1.6231562043547265 1.2792524565123307 -4.9816255187311187
1.6275195274847123 1.2576235775889426 -4.9194578755439613
1.6318828506146981 1.2364344119961141 -4.7800618324831872
1.6362461737446838 1.2160225417593487 -4.5630601114226508
1.6406094968746698 1.1967259615595869 -4.2692171740349307
1.6449728200046556 1.1788701783207458 -3.9041546800543077
1.6493361431346414 1.1627457795851881 -3.477216276382904
1.6536994662646272 1.1486064453618088 -2.9947902647110114
1.6580627893946132 1.1366899824473438 -2.4582691589432164
1.6624261125245989 1.1272340710625597 -1.8666952457659831
1.6667894356545847 1.1204793048020603 -1.220590803454769
1.6711527587845705 1.1166446088982103 -0.53171941238332388
1.6755160819145565 1.1158685547426777 0.17735022748023291
1.6798794050445423 1.118200298573873 0.89193193423308459
1.684242728174528 1.1236574805421153 1.61019293856757
1.6886060513045138 1.1322591209913955 2.3334305848720747
1.6929693744344996 1.1440272094427537 3.0612786719311349
1.6973326975644856 1.1589624888123853 3.7813380265410905
1.7016960206944713 1.1769773737157541 4.4682333871722983
1.7060593438244571 1.1978825551224643 5.1051948800120082
1.7104226669544429 1.2214533489989001 5.6904151742092441
1.7147859900844289 1.24746719033902 6.225028342403145
1.7191493132144147 1.2757027519238175 6.7086134006068816
1.7235126363444004 1.3059283270872795 7.1354348697189369
1.7278759594743862 1.3378715334593037 7.493752713968199
1.732239282604372 1.3712121460440949 7.7754018350689664
1.736602605734358 1.4056116669339918 7.9793249667852084
1.7409659288643438 1.4407322212663418 8.1057811177906114
1.7453292519943295 1.4762351723957607 8.1546961305946706
1.7496925751243153 1.5117892576052991 8.1306538029909881
1.7540558982543013 1.5470967010248122 8.0434869009219376
1.7584192213842871 1.5819001158652712 7.9000739093565073
1.7627825445142729 1.6159577215579297 7.7015676557885788
1.7671458676442586 1.6490274585787987 7.4470165964503119
1.7715091907742444 1.6808638878598283 7.1365586800871146
1.7758725139042304 1.711245465821311 6.7846993797247555
1.7802358370342162 1.7400576065773068 6.4232468753659759
1.7845991601642019 1.7673186317231513 6.0753821201597145
1.7889624832941877 1.7931004187296304 5.7447758819961274
1.7933258064241737 1.8174739733574459 5.4297871000376476
1.7976891295541595 1.8405074677455111 5.1307616512102046
1.8020524526841453 1.8622852271028487 4.8571148667385149
1.806415775814131 1.8829608625236123 4.6295830432911664
1.8107790989441168 1.9027759510588245 4.4639240653771326
1.8151424220741028 1.9220098456249894 4.3628238070389393
1.8195057452040886 1.9409417078678826 4.3256221514472877
1.8238690683340744 1.9598518672633654 4.3529451246323205
1.8282323914640601 1.9790102122022351 4.436572918830274
1.8325957145940461 1.9986194729606983 4.5554054594602276
1.8369590377240319 2.0187918201546253 4.6936240983208677
1.8413223608540177 2.0396040094455845 4.8489897378636329
1.8456856839840035 2.0611339150273551 5.0226969336241911
1.8500490071139892 2.0834623262556851 5.2149799248371442
1.8544123302439752 2.1066518648315138 5.4132203574262707
1.858775653373961 2.1306642843586339 5.5858144540849803
1.8631389765039468 2.1553238313752461 5.7079009889278396
1.8675022996339325 2.1803954006011028 5.7751784442196614
1.8718656227639185 2.205644312966319 5.7891998530038133
1.8762289458939043 2.2308366478298609 5.7488690987701752
1.8805922690238901 2.2557347017243163 5.6549381919493769
1.8849555921538759 2.2801170186658228 5.5140652743151843
1.8893189152838616 2.3037924857228687 5.3308990612109337
1.8936822384138476 2.3265752971522957 5.1046978494605595
1.8980455615438334 2.348275877830865 4.8348370555113114
1.9024088846738192 2.3687045485422988 4.5218935128085516
1.906772207803805 2.3876820281191651 4.1712620737887107
1.911135530933791 2.4050665552767749 3.7937324381773712
1.9154988540637767 2.4207631510250804 3.3987128622514895
1.9198621771937625 2.4347049353741279 2.9892652070112646
1.9242255003237483 2.4468292603649502 2.5659629517165272
1.9285888234537341 2.4570721969585398 2.1254792427456328
1.9329521465837201 2.4653610448830885 1.6736365541232672
1.9373154697137058 2.4717139145892766 1.2468780415231377
1.9416787928436916 2.4763206435829179 0.87411628767175675
1.9460421159736774 2.4794198837519628 0.55489092874844081
1.9504054391036634 2.4812353818778994 0.28544513789957987
1.9547687622336491 2.4819911243803916 0.071183353111645975
1.9591320853636349 2.4819437532632076 -0.083138261874204172
1.9634954084936207 2.4813218031359296 -0.19882169496820043
1.9678587316236065 2.4802419834696994 -0.29162568070345696
1.9722220547535925 2.478822311527165 -0.35319942354486078
1.9765853778835782 2.4772090902957618 -0.38084036808502492
1.980948701013564 2.4755434696049869 -0.37780475009146636
1.9853120241435498 2.4739413681994371 -0.3546608484416619
1.9896753472735358 2.4724581857828434 -0.32483675544767299
1.9940386704035216 2.4710975366358356 -0.30126668465305823
1.9984019935335073 2.469805529178446 -0.29392884109381301
2.0027653166634933 2.4685091174930345 -0.30268386089219157
2.0071286397934789 2.4671409274729652 -0.32738089702635886
2.0114919629234649 2.4656366699870276 -0.36274197860728558
2.0158552860534504 2.4639889856449742 -0.38876675672017685
2.0202186091834364 2.4622836522213132 -0.3875561938058687
2.0245819323134224 2.460652871422345 -0.3547516472188636
2.028945255443408 2.4592305594471053 -0.29258918240666054
2.033308578573394 2.4581484833532743 -0.19678202260256741
2.0376719017033795 2.4575465048803 -0.078153356955180511
2.0420352248333655 2.457405066325955 -0.0017404465794187574
2.0463985479633515 2.4573822102979292 -0.027845490727656325
2.0507618710933371 2.4570025735545982 -0.16361123550922993
2.0551251942233231 2.455803842672887 -0.40291520845550621
2.0594885173533091 2.453322712845492 -0.75481378460228654
2.0638518404832946 2.4490838272234963 -1.1981719352890485
2.0682151636132806 2.4429140405338154 -1.6089743997664248
2.0725784867432662 2.4352641167715885 -1.8676634614911949
2.0769418098732522 2.426860676966959 -1.9578515067083868
2.0813051330032382 2.4184112040975845 -1.8881397363503751
2.0856684561332237 2.4106264059630305 -1.6514520918507571
2.0900317792632097 2.4042246380400023 -1.2600162268428414
2.0943951023931953 2.3997494485713431 -0.78692803062559635
2.0987584255231813 2.3973698523318649 -0.30527513716931459
2.1031217486531673 2.3970819794306069 0.17401189435603437
2.1074850717831528 2.3988914840598778 0.65542447160533468
2.1118483949131388 2.4028024121889335 1.1373700677085565
2.1162117180431244 2.4088158259624404 1.6185701231006138
2.1205750411731104 2.416921913277188 2.0962032941372275
2.1249383643030963 2.4270997934159806 2.5677467144589419
2.1293016874330819 2.4393180503481209 3.0312594267585706
2.1336650105630679 2.4535401595746857 3.4862722545988931
2.1380283336930539 2.4697341442139131 3.93621724824881
2.1423916568230394 2.4878565558174106 4.3630748260869918
2.1467549799530254 2.5076696970142001 4.6940482748290346
2.151118303083011 2.5285688923850356 4.8524727878897034
2.155481626212997 2.5497324586534882 4.8162851727643439
2.159844949342983 2.5703207056763562 4.5888187843824078
2.1642082724729685 2.5894911111175625 4.1644755135326728
2.1685715956029545 2.6064223094550232 3.5749135235412544
2.1729349187329401 2.6206306485515021 2.9458392437549441
2.1772982418629261 2.6322687056398895 2.4124025056297422
2.1816615649929121 2.6418848356399915 2.0178533395482354
2.1860248881228976 2.6500742531677486 1.75837683936848
2.1903882112528836 2.6574268510484398 1.6345419593545449
2.1947515343828692 2.6645194088795776 1.6352128035786115
2.1991148575128552 2.6718325575832127 1.7292410504893252
2.2034781806428412 2.679697263062951 1.8833468357309668
2.2078415037728267 2.688333141669764 2.0823375385083946
2.2122048269028127 2.6979325715098694 2.3249775557677994
2.2165681500327987 2.7086928202825313 2.6160361194718682
2.2209314731627843 2.7208138630893908 2.9428952141225966
2.2252947962927703 2.7343174340219267 3.2305696510814594
2.2296581194227558 2.7488232587612949 3.3926680860970126
2.2340214425527418 2.7637054299086565 3.4044555964199947
2.2383847656827278 2.778319771754417 3.2698179865265535
2.2427480888127134 2.7920230646846469 2.9860439589596055
2.2471114119426994 2.8041783753355616 2.5650723692528121
2.2514747350726849 2.8142808594781901 2.056998999288596
2.2558380582026709 2.8220867077829737 1.5197940418398543
2.2602013813326569 2.8275323901232197 0.97490616993325796
2.2645647044626425 2.8305841935782396 0.42302214892037948
2.2689280275926285 2.8312070312057314 -0.14049766257498103
2.2732913507226145 2.829352084347434 -0.70816740451169824
2.2776546738526 2.8251299380070432 -1.2051342232882876
2.282017996982586 2.8190721739867097 -1.5392414316428564
2.2863813201125716 2.8119735123330063 -1.6835920253388905
2.2907446432425576 2.804644373321461 -1.6462154962992122
2.2951079663725436 2.7978876262440502 -1.4162878726545518
2.2994712895025291 2.7925265845589937 -1.0202108505277885
2.3038346126325151 2.7889400573771095 -0.65476392097470137
2.3081979357625007 2.7864110133114508 -0.56549052712257963
2.3125612588924866 2.7834809344974145 -0.83669038073291413
2.3169245820224726 2.7786046615541466 -1.4550000590022893
2.3212879051524582 2.7702570611611259 -2.4353749550772372
2.3256512282824442 2.7568839956449342 -3.7375299384273841
2.3300145514124297 2.7376071304983864 -5.0629440316507139
2.3343778745424157 2.7132223774291089 -6.030211340709573
2.3387411976724017 2.6857084334771533 -6.4991262240476404
2.3431045208023873 2.6572098403514723 -6.4846674555236836
2.3474678439323733 2.6298396960498431 -5.9747182895715296
2.3518311670623593 2.6057378309489501 -5.0060062080553962
2.3561944901923448 2.586421833740955 -3.8531800675600496
2.3605578133223308 2.5718581360605945 -2.8752358612295308
2.3649211364523164 2.5608720134705796 -2.212638913245613
2.3692844595823024 2.5521045445915704 -1.8557775425967893
2.3736477827122884 2.5442247556603386 -1.810062272282857
2.3780111058422739 2.5358921268119383 -2.0508107419812616
2.3823744289722599 2.5261491064857609 -2.4145956757413654
2.3867377521022455 2.5149562569940027 -2.685250327089908
2.3911010752322315 2.5029864769957584 -2.7698539623279519
2.3954643983622175 2.4910533265648716 -2.6697782026061798
2.399827721492203 2.47995954252786 -2.383187148866289
2.404191044622189 2.4704970549619922 -1.9309244663642038
2.4085543677521746 2.4632192298549453 -1.4029061523254285
2.4129176908821606 2.4581961548873545 -0.9149268262010708
2.4172810140121466 2.4550892581836723 -0.52714331476846021
2.4216443371421321 2.4534422083861513 -0.24507276132418959
2.4260076602721181 2.4527989825483325 -0.067243173854203267
2.4303709834021041 2.4527251378805186 0.021024093708204145
2.4347343065320897 2.4528944752481134 0.048802743082484244
2.4390976296620757 2.4531075644266025 0.046702058734327305
2.4434609527920612 2.4532966525465754 0.040905763794307347
2.4478242759220472 2.4534706731465477 0.03933005197551212
2.4521875990520332 2.4536422693282063 0.039402623299790329
2.4565509221820188 2.4538083555124048 0.035232747380639369
2.4609142453120048 2.453945884708788 0.028416946008778404
2.4652775684419903 2.454064809846233 0.027424480178552441
2.4696408915719763 2.454189522342531 0.029398031005288077
2.4740042147019623 2.4543190923073679 0.029815137727039986
2.4783675378319479 2.4544490160908055 0.029756177120460744
2.4827308609619338 2.4545804545513579 0.030859595847452282
2.4870941840919194 2.4547193653297739 0.032683884139291727
2.4914575072219054 2.4548634881144515 0.033004411105187245
2.4958208303518914 2.4550061363509363 0.032467701831154265
2.5001841534818769 2.4551474278066427 0.032347333555794167
2.5045474766118629 2.455288622073772 0.032365840239874204
2.5089107997418489 2.4554294306561442 0.032080182529830914
2.5132741228718345 2.4555682758088007 0.031589174547373165
2.5176374460018205 2.4557056678828486 0.031489846095437569
2.522000769131806 2.4558434321976477 0.031635038514808603
2.526364092261792 2.4559815751228946 0.031669844546196348
2.530727415391778 2.4561197448550751 0.03166417246004042
2.5350907385217636 2.4562580128389562 0.031738038756403616
2.5394540616517496 2.4563967960882547 0.031870068955350335
2.5438173847817351 2.4565359836337834 0.031900325880195285
2.5481807079117211 2.4566750779045616 0.031861110599353065
2.5525440310417071 2.4568140667316434 0.031851086057952088
2.5569073541716927 2.4569530481028878 0.031852775502912878
2.5612706773016787 2.4570920044399074 0.031833703743191159
2.5656340004316642 2.4572308257220223 0.031798232159516202
2.5699973235616502 2.4573695347322357 0.03178914086810606
2.5743606466916362 2.4575082669113417 0.031799714901140329
2.5787239698216218 2.4576470284002139 0.031802591728354972
2.5830872929516078 2.4577857919792279 0.03180209937293297
2.5874506160815938 2.4579245619385506 0.031807015820210748
2.5918139392115793 2.4580633672530361 0.031816537583022594
2.5961772623415653 2.4582022036873346 0.031819238911139316
2.6005405854715509 2.4583410344266468 0.03181639265902976
2.6049039086015369 2.4584798570342064 0.031815569773974567
2.6092672317315229 2.4586186790515336 0.031815710771201912
2.6136305548615084 2.4587574994422248 0.031814445460875002
2.6179938779914944 2.4588963105889725 0.031811891645008
2.62235720112148 2.4590351131252399 0.031811096421307264
2.626720524251466 2.4591739170434836 0.031811861178708434
2.631083847381452 2.459312723213638 0.031812095849433439
2.6354471705114375 2.4594515295515622 0.031812056058876735
2.6398104936414235 2.4595903363043528 0.031812381141495136
2.6441738167714091 2.4597291454710599 0.031813065529493062
2.6485371399013951 2.4598679570160797 0.03181329778902945
2.6529004630313811 2.4600067682311195 0.031813092692642528
2.6572637861613666 2.4601455788236777 0.031813025954260873
2.6616271092913526 2.4602843893682742 0.031813037041346422
2.6659904324213386 2.4604231998070123 0.031812953672487883
2.6703537555513241 2.460562009616178 0.031812770415855847
2.6747170786813101 2.460700818769523 0.031812703040029415
2.6790804018112957 2.4608396280000187 0.031812757935781845
2.6834437249412817 2.4609784374022743 0.031812776866968859
2.6878070480712677 2.4611172468183078 0.031812773812858269
2.6921703712012532 2.4612560562613668 0.031812795152447622
2.6965336943312392 2.4613948658684186 0.031812844182718049
2.7008970174612248 2.4615336756560202 0.031812863612100548
2.7052603405912108 2.4616724854260927 0.031812848949082644
2.7096236637211968 2.4618112951488551 0.031812843591580958
2.7139869868511823 2.4619501048676433 0.031812844424121023
2.7183503099811683 2.4620889145795286 0.031812838972935152
2.7227136331111539 2.4622277242487498 0.031812825865367961
2.7270769562411399 2.4623665338683436 0.031812820291856045
2.7314402793711259 2.4625053434917592 0.031812824199863164
2.7358036025011114 2.4626441531281826 0.031812825712570478
2.7401669256310974 2.4627829627657563 0.031812825488063405
2.7445302487610834 2.4629217724050947 0.031812826877582148
2.748893571891069 2.463060582055518 0.031812830378841549
2.753256895021055 2.4631993917195616 0.031812831970279162
2.7576202181510405 2.4633382013828244 0.031812830931064226
2.7619835412810265 2.4634770110425168 0.031812830504831163
2.7663468644110125 2.4636158207018757 0.03181283056478406
2.7707101875409981 2.4637546303607829 0.031812830211386069
2.7750735106709841 2.4638934400168138 0.03181282927685776
2.7794368338009696 2.4640322496691121 0.03181282882439955
2.7838001569309556 2.4641710593215524 0.031812829100141382
2.7881634800609416 2.4643098689749712 0.031812829219978342
2.7925268031909272 2.4644486786284867 0.031812829204110167
2.7968901263209132 2.4645874882821177 0.031812829293695208
2.8012534494508987 2.4647262979364939 0.031812829542959081
2.8056167725808847 2.4648651075918919 0.031812829671239544
2.8099800957108707 2.4650039172472709 0.031812829598286574
2.8143434188408563 2.465142726902382 0.031812829564582416
2.8187067419708423 2.4652815365574647 0.031812829568694752
2.8230700651008283 2.4654203462125177 0.031812829545941182
2.8274333882308138 2.4655591558673775 0.031812829479575568
2.8317967113607998 2.4656979655219589 0.031812829443527681
2.8361600344907854 2.4658367751765402 0.031812829462640892
2.8405233576207713 2.4659755848311939 0.031812829472005255
2.8448866807507573 2.4661143944858561 0.031812829470995507
2.8492500038807429 2.4662532041405258 0.031812829476671863
2.8536133270107289 2.4663920137952453 0.031812829494364175
2.8579766501407144 2.4665308234500412 0.031812829504633204
2.8623399732707004 2.4666696331048388 0.031812829499603436
2.8667032964006864 2.4668084427596164 0.031812829496925113
2.871066619530672 2.4669472524143914 0.031812829497105878
2.875429942660658 2.4670860620691641 0.031812829495702473
2.8797932657906435 2.4672248717239245 0.031812829491059354
2.8841565889206295 2.4673636813786639 0.031812829488135234
2.8885199120506155 2.4675024910334025 0.031812829489503779
2.8928832351806011 2.4676413006881468 0.03181282949032211
2.8972465583105871 2.467780110342892 0.031812829490260229
2.9016098814405731 2.4679189199976377 0.031812829490595718
2.9059732045705586 2.4680577296523865 0.031812829491768009
2.9103365277005446 2.4681965393071406 0.031812829492544707
2.9146998508305302 2.4683353489618951 0.031812829492234962
2.9190631739605162 2.4684741586166483 0.031812829492086567
2.9234264970905022 2.4686129682714015 0.031812829492064161
2.9277898202204877 2.4687517779261543 0.031812829492006561
2.9321531433504737 2.4688905875809066 0.031812829491648716
2.9365164664804593 2.4690293972356567 0.031812829491305691
2.9408797896104453 2.4691682068904068 0.031812829491508959
2.9452431127404313 2.4693070165451578 0.031812829491639882
2.9496064358704168 2.4694458261999088 0.031812829491533301
2.9539697590004028 2.4695846358546594 0.031812829491523364
2.9583330821303884 2.4697234455094104 0.031812829491669685
2.9626964052603744 2.4698622551641618 0.031812829491705032
2.9670597283903604 2.4700010648189132 0.031812829491712942
2.9714230515203459 2.4701398744736647 0.031812829491655689
2.9757863746503319 2.4702786841284157 0.031812829491571416
2.9801496977803179 2.4704174937831667 0.031812829491650714
2.9845130209103035 2.4705563034379181 0.031812829491732857
2.9888763440402895 2.4706951130926695 0.031812829491630293
2.993239667170275 2.4708339227474205 0.031812829491653094
2.997602990300261 2.470972732402172 0.031812829491664439
3.001966313430247 2.471111542056923 0.03181282949158655
3.0063296365602326 2.471250351711674 0.031812829491591151
3.0106929596902186 2.4713891613664249 0.031812829491650638
3.0150562828202041 2.4715279710211764 0.031812829491713414
3.0194196059501901 2.4716667806759278 0.031812829491708161
3.0237829290801761 2.4718055903306793 0.031812829491656702
3.0281462522101616 2.4719443999854303 0.031812829491572159
3.0325095753401476 2.4720832096401812 0.031812829491656432
3.0368728984701332 2.4722220192949327 0.031812829491709216
3.0412362216001192 2.4723608289496841 0.031812829491719138
3.0455995447301052 2.4724996386044356 0.031812829491616977
3.0499628678600907 2.472638448259187 0.031812829492025421
3.0543261909900767 2.4727772579139384 0.031812829490493785
3.0586895141200627 2.4729160675686894 0.031812829495896831
3.0630528372500483 2.4730548772234422 0.031812829476742036
3.0674161603800343 2.4731936868781865 0.031812829543378163
3.0717794835100198 2.4733324965329633 0.031812829312476434
3.0761428066400058 2.4734713061876197 0.03181283010899124
3.0805061297699918 2.4736101158427246 0.031812827379465274
3.0848694528999774 2.4737489254961558 0.031812836658649632
3.0892327760299634 2.4738877351558348 0.031812805416370618
3.0935960991599489 2.4740265447921961 0.031812909369902879
3.0979594222899349 2.4741653545155788 0.031812568597496829
3.1023227454199209 2.4743041639141938 0.031813664271286617
3.1066860685499065 2.4744429745248588 0.031810232398879631
3.1110493916798925 2.4745817806120911 0.031820587475664797
3.115412714809878 2.4747206035810048 0.031791095946806631
3.119776037939864 2.4748593635466261 0.031866996101615731
3.12413936106985 2.4749983586437354 0.03171123364101127
3.1285026841998356 2.4751364762181849 0.031816707693333945
3.1328660073298216 2.4752778687517853 0.033198929855741605
3.1372293304598076 2.4754070389714413 0.021412819144088144
3.1415926535897931 2.4754632760855988 0.008626486187308385
3.1459559767197791 2.4755195131997567 0.021412819144235082
3.1503192998497647 2.4756486834194131 0.033198929855772261
3.1546826229797507 2.4757900759530136 0.031816707693378923
3.1590459461097367 2.4759281935274635 0.03171123364109641
3.1634092692397222 2.4760671886245729 0.031866996101535677
3.1677725923697082 2.4762059485901937 0.03179109594674609
3.1721359154996938 2.4763447715591074 0.031820587475681672
3.1764992386296798 2.4764835776463396 0.031810232398872693
3.1808625617596658 2.4766223882570046 0.031813664271287762
3.1852258848896513 2.4767611976556196 0.031812568597499175
3.1895892080196373 2.4769000073790024 0.031812909369902102
3.1939525311496229 2.4770388170153637 0.031812805416371388
3.1983158542796088 2.4771776266750427 0.031812836658647349
3.2026791774095948 2.4773164363284739 0.031812827379463934
3.2070425005395804 2.4774552459835788 0.031812830108998894
3.2114058236695664 2.4775940556382352 0.031812829312456894
3.2157691467995524 2.477732865293012 0.031812829543438927
3.2201324699295379 2.4778716749477567 0.031812829476823838
3.2244957930595239 2.4780104846025095 0.031812829495814154
3.2288591161895095 2.47814929425726 0.031812829490437323
3.2332224393194955 2.4782881039120115 0.031812829492038348
3.2375857624494815 2.4784269135667629 0.031812829491612023
3.241949085579467 2.4785657232215144 0.031812829491726001
3.246312408709453 2.4787045328762658 0.031812829491696407
3.2506757318394386 2.4788433425310172 0.03181282949170082
3.2550390549694246 2.4789821521857687 0.031812829491712769
3.2594023780994106 2.4791209618405201 0.031812829491650825
3.2637657012293961 2.4792597714952711 0.031812829491591053
3.2681290243593821 2.4793985811500221 0.031812829491586765
3.2724923474893677 2.4795373908047731 0.031812829491663676
3.2768556706193537 2.4796762004595245 0.03181282949166564
3.2812189937493397 2.4798150101142755 0.03181282949157118
3.2855823168793252 2.4799538197690265 0.031812829491651422
3.2899456400093112 2.480092629423778 0.031812829491730248
3.2943089631392972 2.4802314390785294 0.031812829491630307
3.2986722862692828 2.4803702487332804 0.031812829491655648
3.3030356093992688 2.4805090583880318 0.031812829491654211
3.3073989325292543 2.4806478680427828 0.031812829491634616
3.3117622556592403 2.4807866776975342 0.031812829491714462
3.3161255787892263 2.4809254873522857 0.031812829491710271
3.3204889019192119 2.4810642970070371 0.031812829491656931
3.3248522250491979 2.4812031066617881 0.03181282949156912
3.3292155481791834 2.4813419163165391 0.03181282949166838
3.3335788713091694 2.4814807259712905 0.031812829491664481
3.3379421944391554 2.4816195356260415 0.031812829491571104
3.342305517569141 2.4817583452807925 0.031812829491652886
3.346668840699127 2.481897154935544 0.031812829491724461
3.351032163829113 2.4820359645902954 0.031812829491651998
3.3553954869590985 2.4821747742450464 0.031812829491574685
3.3597588100890845 2.4823135838997974 0.031812829491651047
3.3641221332190701 2.4824523935545488 0.031812829491728263
3.3684854563490561 2.4825912032093003 0.031812829491648369
3.372848779479042 2.4827300128640513 0.03181282949157567
3.3772121026090276 2.4828688225188023 0.031812829491650728
3.3815754257390136 2.4830076321735537 0.031812829491728534
3.3859387488689991 2.4831464418283051 0.031812829491647598
3.3903020719989851 2.4832852514830561 0.031812829491588188
3.3946653951289711 2.4834240611378071 0.03181282949159172
3.3990287182589567 2.4835628707925581 0.031812829491646731
3.4033920413889427 2.4837016804473095 0.031812829491728471
3.4077553645189282 2.483840490102061 0.031812829491651831
3.4121186876489142 2.483979299756812 0.031812829491571333
3.4164820107789002 2.484118109411563 0.031812829491654884
3.4208453339088858 2.4842569190663144 0.031812829491716259
3.4252086570388718 2.4843957287210658 0.031812829491692507
3.4295719801688578 2.4845345383758173 0.03181282949171646
3.4339353032988433 2.4846733480305687 0.031812829491654121
3.4382986264288293 2.4848121576853197 0.031812829491574164
3.4426619495588149 2.4849509673400707 0.031812829491650998
3.4470252726888009 2.4850897769948221 0.031812829491728957
3.4513885958187869 2.4852285866495736 0.031812829491635893
3.4557519189487724 2.4853673963043246 0.031812829491634588
3.4601152420787584 2.485506205959076 0.031812829491732871
3.464478565208744 2.4856450156138274 0.031812829491646377
3.46884188833873 2.4857838252685784 0.031812829491588722
3.473205211468716 2.4859226349233294 0.03181282949159079
3.4775685345987015 2.4860614445780804 0.031812829491649902
3.4819318577286875 2.4862002542328319 0.03181282949171671
3.4862951808586731 2.4863390638875833 0.031812829491695678
3.4906585039886591 2.4864778735423347 0.031812829491713046
3.4950218271186451 2.4866166831970862 0.031812829491654877
3.4993851502486306 2.4867554928518372 0.031812829491574567
3.5037484733786166 2.4868943025065882 0.03181282949164866
3.5081117965086026 2.4870331121613396 0.031812829491728187
3.5124751196385882 2.487171921816091 0.031812829491651054
3.5168384427685742 2.487310731470842 0.031812829491574698
3.5212017658985597 2.487449541125593 0.031812829491651921
3.5255650890285457 2.4875883507803445 0.031812829491724731
3.5299284121585317 2.4877271604350959 0.031812829491651901
3.5342917352885173 2.4878659700898469 0.031812829491574796
3.5386550584185033 2.4880047797445979 0.0318128294916507
3.5430183815484888 2.4881435893993493 0.031812829491729526
3.5473817046784748 2.4882823990541008 0.03181282949164365
3.5517450278084608 2.4884212087088518 0.031812829491593295
3.5561083509384463 2.4885600183636027 0.031812829491584961
3.5604716740684323 2.4886988280183537 0.031812829491668658
3.5648349971984179 2.4888376376731052 0.031812829491647522
3.5691983203284039 2.4889764473278562 0.031812829491648369
3.5735616434583899 2.4891152569826076 0.03181282949165639
3.5779249665883754 2.4892540666373586 0.0318128294916332
3.5822882897183614 2.48939287629211 0.031812829491717896
3.5866516128483474 2.4895316859468615 0.031812829491697912
3.591014935978333 2.4896704956016129 0.031812829491702915
3.595378259108319 2.4898093052563643 0.031812829491702901
3.5997415822383045 2.4899481149111158 0.031812829491697933
3.6041049053682905 2.4900869245658672 0.031812829491717841
3.6084682284982765 2.4902257342206187 0.031812829491633429
3.6128315516282621 2.4903645438753697 0.031812829491655564
3.6171948747582481 2.4905033535301211 0.031812829491651401
3.6215581978882336 2.4906421631848721 0.031812829491645961
3.6259215210182196 2.4907809728396235 0.031812829491671898
3.6302848441482056 2.4909197824943745 0.031812829491563839
3.6346481672781912 2.4910585921491255 0.031812829491674528
3.6390114904081772 2.4911974018038769 0.031812829491645163
3.6433748135381627 2.4913362114586279 0.031812829491651956
3.6477381366681487 2.4914750211133794 0.031812829491654114
3.6521014597981347 2.4916138307681304 0.031812829491629002
3.6564647829281203 2.4917526404228818 0.031812829491736999
3.6608281060581063 2.4918914500776332 0.031812829491635448
3.6651914291880923 2.4920302597323842 0.031812829491618601
3.6695547523180778 2.4921690693871357 0.03181282949179727
3.6739180754480638 2.4923078790418876 0.031812829491710111
3.6782813985780494 2.4924466886966385 0.031812829491574747
3.6826447217080354 2.4925854983513895 0.031812829491592705
3.6870080448380214 2.4927243080061405 0.031812829491646495
3.6913713679680069 2.492863117660892 0.031812829491728437
3.6957346910979929 2.4930019273156434 0.031812829491652213
3.7000980142279785 2.4931407369703944 0.03181282949156982
3.7044613373579645 2.4932795466251454 0.031812829491670302
3.7088246604879505 2.4934183562798968 0.031812829491646391
3.713187983617936 2.4935571659346478 0.031812829491651262
3.717551306747922 2.4936959755893993 0.031812829491655696
3.7219146298779076 2.4938347852441503 0.031812829491633068
3.7262779530078936 2.4939735948989017 0.031812829491719145
3.7306412761378795 2.4941124045536531 0.031812829491693076
3.7350045992678651 2.4942512142084046 0.031812829491721005
3.7393679223978511 2.494390023863156 0.031812829491635351
3.7437312455278371 2.494528833517907 0.03181282949163499
3.7480945686578226 2.4946676431726584 0.031812829491731823
3.7524578917878086 2.4948064528274099 0.031812829491650159
3.7568212149177942 2.4949452624821609 0.03181282949157465
3.7611845380477802 2.4950840721369119 0.031812829491653018
3.7655478611777662 2.4952228817916633 0.03181282949171068
3.7699111843077517 2.4953616914464147 0.031812829491716717
3.7742745074377377 2.4955005011011662 0.031812829491634914
3.7786378305677233 2.4956393107559172 0.03181282949165077
3.7830011536977093 2.4957781204106686 0.031812829491669151
3.7873644768276953 2.4959169300654196 0.031812829491570029
3.7917277999576808 2.4960557397201706 0.031812829491652525
3.7960911230876668 2.496194549374922 0.031812829491726972
3.8004544462176524 2.4963333590296735 0.031812829491652019
3.8048177693476384 2.4964721686844245 0.031812829491572076
3.8091810924776244 2.4966109783391754 0.031812829491651748
3.8135444156076099 2.4967497879939269 0.031812829491728062
3.8179077387375959 2.4968885976486783 0.031812829491648445
3.8222710618675819 2.4970274073034293 0.03181282949157558
3.8266343849975675 2.4971662169581803 0.03181282949165104
3.8309977081275535 2.4973050266129317 0.031812829491727375
3.835361031257539 2.4974438362676832 0.031812829491651928
3.839724354387525 2.4975826459224342 0.031812829491572055
3.844087677517511 2.4977214555771852 0.031812829491651921
3.8484510006474966 2.4978602652319366 0.031812829491727403
3.8528143237774826 2.497999074886688 0.031812829491650929
3.8571776469074681 2.498137884541439 0.031812829491576003
3.8615409700374541 2.49827669419619 0.031812829491646835
3.8659042931674401 2.4984155038509415 0.03181282949173405
3.8702676162974257 2.4985543135056929 0.031812829491629425
3.8746309394274117 2.4986931231604439 0.031812829491655363
3.8789942625573972 2.4988319328151953 0.03181282949165623
3.8833575856873832 2.4989707424699463 0.031812829491626844
3.8877209088173692 2.4991095521246978 0.0318128294917338
3.8920842319473548 2.4992483617794492 0.031812829491650409
3.8964475550773408 2.4993871714342002 0.031812829491571673
3.9008108782073267 2.4995259810889512 0.031812829491654968
3.9051742013373123 2.4996647907437026 0.031812829491715586
3.9095375244672983 2.4998036003984541 0.031812829491695123
3.9139008475972838 2.4999424100532055 0.031812829491716391
3.9182641707272698 2.5000812197079569 0.031812829491651796
3.9226274938572558 2.5002200293627079 0.031812829491573838
3.9269908169872414 2.5003588390174589 0.031812829491654648
3.9313541401172274 2.5004976486722104 0.031812829491714684
3.9357174632472129 2.5006364583269618 0.031812829491699057
3.9400807863771989 2.5007752679817132 0.031812829491701521
3.9444441095071849 2.5009140776364647 0.031812829491697586
3.9488074326371705 2.5010528872912161 0.031812829491720582
3.9531707557671565 2.5011916969459675 0.03181282949163252
3.957534078897142 2.5013305066007185 0.031812829491656459
3.961897402027128 2.50146931625547 0.031812829491648764
3.966260725157114 2.501608125910221 0.031812829491645885
3.9706240482870996 2.5017469355649724 0.031812829491674806
3.9749873714170856 2.5018857452197234 0.031812829491561979
3.9793506945470716 2.5020245548744744 0.031812829491669331
3.9837140176770571 2.5021633645292258 0.031812829491667839
3.9880773408070431 2.5023021741839768 0.031812829491566427
3.9924406639370287 2.5024409838387278 0.031812829491668228
3.9968039870670147 2.5025797934934793 0.031812829491667756
4.0011673101970002 2.5027186031482302 0.031812829491567864
4.0055306333269867 2.5028574128029812 0.031812829491652886
4.0098939564569722 2.5029962224577327 0.031812829491718028
4.0142572795869578 2.5031350321124841 0.031812829491697149
4.0186206027169442 2.5032738417672356 0.03181282949169608
4.0229839258469298 2.503412651421987 0.031812829491721262
4.0273472489769153 2.5035514610767384 0.031812829491641034
4.0317105721069009 2.5036902707314894 0.031812829491631459
4.0360738952368873 2.5038290803862409 0.031812829491730539
4.0404372183668729 2.5039678900409923 0.031812829491649132
4.0448005414968584 2.5041066996957433 0.031812829491589756
4.0491638646268449 2.5042455093504943 0.031812829491583892
4.0535271877568304 2.5043843190052453 0.031812829491666736
4.057890510886816 2.5045231286599967 0.031812829491666
4.0622538340168024 2.5046619383147477 0.031812829491566649
4.066617157146788 2.5048007479694987 0.031812829491659464
4.0709804802767735 2.5049395576242501 0.031812829491712311
4.0753438034067591 2.5050783672790016 0.031812829491713469
4.0797071265367455 2.505217176933753 0.031812829491636531
4.0840704496667311 2.505355986588504 0.031812829491637815
4.0884337727967166 2.5054947962432554 0.031812829491729047
4.092797095926703 2.5056336058980069 0.031812829491648723
4.0971604190566886 2.5057724155527579 0.03181282949157347
4.1015237421866741 2.5059112252075089 0.031812829491668859
4.1058870653166606 2.5060500348622603 0.03181282949164848
4.1102503884466461 2.5061888445170113 0.031812829491634637
4.1146137115766317 2.5063276541717627 0.03181282949172981
4.1189770347066181 2.5064664638265142 0.031812829491648861
4.1233403578366037 2.5066052734812652 0.031812829491572159
4.1277036809665892 2.5067440831360162 0.031812829491673945
4.1320670040965748 2.5068828927907676 0.031812829491648882
4.1364303272265612 2.5070217024455186 0.031812829491627927
4.1407936503565468 2.50716051210027 0.031812829491736805
4.1451569734865323 2.5072993217550215 0.031812829491647009
4.1495202966165188 2.5074381314097725 0.031812829491572547
4.1538836197465043 2.5075769410645234 0.031812829491654877
4.1582469428764899 2.5077157507192749 0.031812829491724766
4.1626102660064763 2.5078545603740263 0.031812829491648785
4.1669735891364619 2.5079933700287773 0.031812829491577495
4.1713369122664474 2.5081321796835283 0.031812829491652685
4.1757002353964339 2.5082709893382797 0.031812829491709167
4.1800635585264194 2.5084097989930312 0.031812829491713379
4.184426881656405 2.5085486086477826 0.031812829491659471
4.1887902047863905 2.5086874183025336 0.031812829491565567
4.193153527916377 2.5088262279572846 0.031812829491670316
4.1975168510463625 2.508965037612036 0.031812829491650575
4.2018801741763481 2.509103847266787 0.031812829491644205
4.2062434973063345 2.5092426569215385 0.031812829491670011
4.2106068204363201 2.5093814665762895 0.031812829491573179
4.2149701435663056 2.5095202762310405 0.031812829491648702
4.2193334666962921 2.5096590858857919 0.031812829491729401
4.2236967898262776 2.5097978955405433 0.03181282949163642
4.2280601129562632 2.5099367051952943 0.031812829491641735
4.2324234360862487 2.5100755148500458 0.031812829491713469
4.2367867592162352 2.5102143245047972 0.03181282949170712
4.2411500823462207 2.5103531341595486 0.031812829491660782
4.2455134054762063 2.5104919438142996 0.031812829491566573
4.2498767286061927 2.5106307534690506 0.03181282949166498
4.2542400517361783 2.5107695631238021 0.031812829491670913
4.2586033748661638 2.5109083727785531 0.03181282949156819
4.2629666979961502 2.511047182433304 0.031812829491648389
4.2673300211261358 2.5111859920880555 0.031812829491735646
4.2716933442561213 2.5113248017428069 0.031812829491631181
4.2760566673861078 2.5114636113975579 0.031812829491637003
4.2804199905160933 2.5116024210523094 0.031812829491718222
4.2847833136460789 2.5117412307070608 0.031812829491712255
4.2891466367760644 2.5118800403618122 0.031812829491654954
4.2935099599060509 2.5120188500165632 0.031812829491565338
4.2978732830360364 2.5121576596713142 0.031812829491675777
4.302236606166022 2.5122964693260657 0.031812829491648389
4.3065999292960084 2.5124352789808166 0.031812829491628059
4.310963252425994 2.5125740886355681 0.031812829491736798
4.3153265755559795 2.5127128982903195 0.031812829491646911
4.319689898685966 2.5128517079450705 0.031812829491572943
4.3240532218159515 2.5129905175998215 0.031812829491653413
4.3284165449459371 2.5131293272545729 0.031812829491730227
4.3327798680759235 2.5132681369093244 0.031812829491628399
4.3371431912059091 2.5134069465640754 0.031812829491653552
4.3415065143358946 2.5135457562188268 0.031812829491674216
4.3458698374658802 2.5136845658735778 0.031812829491566441
4.3502331605958666 2.5138233755283288 0.031812829491652088
4.3545964837258522 2.5139621851830802 0.031812829491722601
4.3589598068558377 2.5141009948378317 0.03181282949167967
4.3633231299858242 2.5142398044925831 0.031812829491761459
4.3676864531158097 2.514378614147335 0.03181282949178256
4.3720497762457953 2.5145174238020864 0.031812829491635816
4.3764130993757817 2.5146562334568374 0.031812829491571569
4.3807764225057673 2.5147950431115884 0.031812829491669976
4.3851397456357528 2.5149338527663399 0.031812829491665362
4.3895030687657384 2.5150726624210908 0.031812829491585419
4.3938663918957248 2.5152114720758418 0.031812829491585044
4.3982297150257104 2.5153502817305928 0.031812829491666479
4.4025930381556959 2.5154890913853443 0.031812829491665855
4.4069563612856824 2.5156279010400953 0.031812829491567503
4.4113196844156679 2.5157667106948463 0.03181282949165621
4.4156830075456535 2.5159055203495977 0.031812829491724488
4.4200463306756399 2.5160443300043491 0.031812829491648556
4.4244096538056255 2.5161831396591001 0.031812829491578681
4.428772976935611 2.5163219493138511 0.031812829491648167
4.4331363000655974 2.5164607589686026 0.031812829491726036
4.437499623195583 2.516599568623354 0.031812829491650436
4.4418629463255686 2.516738378278105 0.031812829491589055
4.4462262694555541 2.516877187932856 0.031812829491604792
4.4505895925855405 2.517015997587607 0.03181282949158383
4.4549529157155261 2.517154807242358 0.031812829491651935
4.4593162388455116 2.5172936168971094 0.031812829491725265
4.4636795619754981 2.5174324265518608 0.031812829491649729
4.4680428851054836 2.5175712362066118 0.03181282949157322
4.4724062082354692 2.5177100458613628 0.031812829491668838
4.4767695313654556 2.5178488555161143 0.031812829491648792
4.4811328544954412 2.5179876651708653 0.031812829491633408
4.4854961776254267 2.5181264748256167 0.031812829491734411
4.4898595007554132 2.5182652844803681 0.031812829491631688
4.4942228238853987 2.5184040941351191 0.031812829491636274
4.4985861470153843 2.5185429037898706 0.031812829491740052
4.5029494701453698 2.518681713444622 0.031812829491625685
4.5073127932753563 2.518820523099373 0.031812829491654586
4.5116761164053418 2.5189593327541244 0.031812829491653358
4.5160394395353274 2.5190981424088754 0.031812829491648799
4.5204027626653138 2.5192369520636269 0.03181282949164882
4.5247660857952994 2.5193757617183778 0.031812829491653309
4.5291294089252849 2.5195145713731293 0.03181282949165478
4.5334927320552714 2.5196533810278803 0.031812829491624978
4.5378560551852569 2.5197921906826317 0.03181282949174271
4.5422193783152425 2.5199310003373832 0.031812829491626345
4.5465827014452289 2.5200698099921341 0.031812829491649298
4.5509460245752145 2.5202086196468856 0.031812829491673855
4.5553093477052 2.5203474293016366 0.03181282949157211
4.5596726708351856 2.5204862389563876 0.031812829491649187
4.564035993965172 2.520625048611139 0.031812829491728548
4.5683993170951576 2.5207638582658904 0.031812829491639383
4.5727626402251431 2.5209026679206414 0.031812829491630744
4.5771259633551296 2.5210414775753929 0.031812829491735022
4.5814892864851151 2.5211802872301443 0.031812829491631903
4.5858526096151007 2.5213190968848953 0.031812829491654177
4.5902159327450871 2.5214579065396467 0.031812829491648792
4.5945792558750727 2.5215967161943977 0.031812829491648036
4.5989425790050582 2.5217355258491492 0.031812829491675854
4.6033059021350438 2.5218743355039002 0.0318128294915654
4.6076692252650302 2.5220131451586512 0.031812829491654586
4.6120325483950158 2.5221519548134026 0.031812829491713636
4.6163958715250013 2.522290764468154 0.031812829491713039
4.6207591946549877 2.5224295741229055 0.031812829491636947
4.6251225177849733 2.5225683837776565 0.031812829491636552
4.6294858409149588 2.5227071934324079 0.031812829491733662
4.6338491640449453 2.5228460030871593 0.031812829491631507
4.6382124871749308 2.5229848127419103 0.031812829491637731
4.6425758103049164 2.5231236223966618 0.031812829491734404
4.6469391334349028 2.5232624320514132 0.031812829491627378
4.6513024565648884 2.5234012417061642 0.031812829491653483
4.6556657796948739 2.5235400513609156 0.031812829491675527
4.6600291028248595 2.5236788610156666 0.031812829491561265
4.6643924259548459 2.5238176706704176 0.031812829491671461
4.6687557490848315 2.5239564803251691 0.031812829491650298
4.673119072214817 2.5240952899799201 0.031812829491644191
4.6774823953448035 2.5242340996346715 0.03181282949167033
4.681845718474789 2.5243729092894225 0.031812829491571916
4.6862090416047746 2.5245117189441735 0.031812829491653455
4.690572364734761 2.5246505285989249 0.031812829491711658
4.6949356878647466 2.5247893382536764 0.031812829491702645
4.6992990109947321 2.5249281479084278 0.031812829491699918
4.7036623341247186 2.5250669575631792 0.031812829491700403
4.7080256572547041 2.5252057672179307 0.031812829491701222
4.7123889803846897 2.5253445768726821 0.031812829491716862
4.7167523035146752 2.5254833865274335 0.03181282949165351
4.7211156266446617 2.5256221961821845 0.031812829491566517
4.7254789497746472 2.5257610058369355 0.031812829491672523
4.7298422729046328 2.525899815491687 0.031812829491660227
4.7342055960346192 2.526038625146438 0.031812829491583983
4.7385689191646048 2.5261774348011889 0.031812829491595904
4.7429322422945903 2.5263162444559399 0.031812829491643844
4.7472955654245768 2.5264550541106914 0.031812829491726112
4.7516588885545623 2.5265938637654428 0.031812829491654419
4.7560222116845479 2.5267326734201938 0.03181282949157304
4.7603855348145334 2.5268714830749448 0.031812829491664876
4.7647488579445199 2.5270102927296962 0.031812829491664842
4.7691121810745054 2.5271491023844472 0.031812829491573179
4.773475504204491 2.5272879120391982 0.031812829491653871
4.7778388273344774 2.5274267216939497 0.031812829491708702
4.782202150464463 2.5275655313487011 0.031812829491714038
4.7865654735944485 2.5277043410034525 0.031812829491657313
4.7909287967244349 2.5278431506582035 0.031812829491554104
4.7952921198544205 2.5279819603129545 0.03181282949171834
4.7996554429844061 2.5281207699677064 0.031812829491794689
4.8040187661143925 2.5282595796224578 0.031812829491610954
4.808382089244378 2.5283983892772088 0.031812829491658902
4.8127454123743636 2.5285371989319603 0.03181282949167024
4.8171087355043491 2.5286760085867113 0.031812829491576967
4.8214720586343356 2.5288148182414623 0.031812829491613931
4.8258353817643211 2.5289536278962133 0.03181282949155937
4.8301987048943067 2.5290924375509638 0.031812829491454746
4.8345620280242931 2.5292312472057144 0.031812829491603044
4.8389253511542787 2.5293700568604658 0.031812829491725182
4.8432886742842642 2.5295088665152172 0.031812829491718375
4.8476519974142507 2.5296476761699691 0.031812829491909361
4.8520153205442362 2.5297864858247219 0.031812829492068255
4.8563786436742218 2.5299252954794751 0.031812829492177126
4.8607419668042082 2.5300641051342287 0.031812829492173962
4.8651052899341938 2.5302029147889815 0.031812829491772422
4.8694686130641793 2.5303417244437321 0.031812829491263822
4.8738319361941649 2.5304805340984804 0.031812829490646469
4.8781952593241513 2.5306193437532256 0.031812829489941047
4.8825585824541369 2.5307581534079686 0.031812829489716116
4.8869219055841224 2.5308969630627121 0.031812829490119321
4.8912852287141089 2.5310357727174586 0.03181282949115468
4.8956485518440944 2.5311745823722114 0.031812829493022013
4.90001187497408 2.5313133920269739 0.031812829495528765
4.9043751981040664 2.5314522016817476 0.03181282949796567
4.908738521234052 2.5315910113365296 0.031812829499145961
4.9131018443640375 2.5317298209913117 0.031812829497808642
4.9174651674940231 2.5318686306460818 0.031812829493733645
4.9218284906240095 2.5320074403008284 0.031812829486924835
4.9261918137539951 2.5321462499555394 0.031812829477625773
4.9305551368839806 2.5322850596102082 0.031812829468216924
4.9349184600139671 2.5324238692648446 0.03181282946383597
4.9392817831439526 2.5325626789194815 0.031812829468784637
4.9436451062739382 2.5327014885741619 0.031812829483618354
4.9480084294039246 2.5328402982289284 0.031812829508472688
4.9523717525339102 2.5329791078838255 0.031812829543224258
4.9567350756638957 2.533117917538882 0.031812829578765661
4.9610983987938821 2.5332567271940607 0.031812829595410347
4.9654617219238677 2.5333955368492402 0.031812829577867505
4.9698250450538533 2.5335343465042621 0.031812829523631007
4.9741883681838388 2.5336731561589674 0.031812829432023945
4.9785516913138252 2.5338119658131899 0.031812829303069369
4.9829150144438108 2.5339507754668174 0.031812829169450968
4.9872783375737963 2.5340895851199803 0.031812829104373434
4.9916416607037828 2.534228394773125 0.031812829166385274
4.9960049838337683 2.5343672044268439 0.03181282936569272
5.0003683069637539 2.5345060140817304 0.031812829703987494
5.0047316300937403 2.5346448237384029 0.031812830182252949
5.0090949532237259 2.5347836333972928 0.031812830683475637
5.0134582763537114 2.5349224430579445 0.031812830936124782
5.0178215994836979 2.5350612527187155 0.031812830717677723
5.0221849226136834 2.5352000623774003 0.031812829986495851
5.026548245743669 2.5353388720317835 0.031812828737776369
5.0309115688736545 2.5354776816795597 0.031812826963630247
5.035274892003641 2.5356164913190709 0.031812825083609594
5.0396382151336265 2.5357553009519052 0.031812824104595822
5.0440015382636121 2.5358941105841022 0.03181282487185233
5.0483648613935985 2.5360329202238772 0.031812827553874011
5.0527281845235841 2.5361717298794964 0.03181283216241703
5.0570915076535696 2.5363105395595533 0.031812838742105748
5.0614548307835561 2.5364493492704061 0.031812845790611333
5.0658181539135416 2.5365881590065475 0.031812849577741692
5.0701814770435272 2.5367269687457807 0.031812846893666057
5.0745448001735127 2.5368657784575115 0.031812837059280202
5.0789081233034992 2.5370045881108916 0.031812820052634701
5.0832714464334847 2.5371433976738924 0.031812795654443997
5.0876347695634703 2.5372822071221739 0.031812769238458487
5.0919980926934567 2.5374210164747386 0.031812754615358235
5.0963614158234423 2.537559825813124 0.031812763964757539
5.1007247389534278 2.5376986352512425 0.031812800012730499
5.1050880620834143 2.5378374449042149 0.031812862765524481
5.1094513852133998 2.5379762548914093 0.031812953223153154
5.1138147083433854 2.5381150653058482 0.031813052185626682
5.1181780314733718 2.5382538760823317 0.031813108553280678
5.1225413546033574 2.5383926869215085 0.031813076148544263
5.1269046777333429 2.5385314973993389 0.031812944061107774
5.1312680008633285 2.538670307086186 0.031812712531989203
5.1356313239933149 2.5388091155372114 0.031812377207448859
5.1399946471233005 2.5389479223974467 0.031812006599588244
5.144357970253286 2.5390867278891287 0.031811789660921665
5.1487212933832724 2.5392255331106566 0.031811901331220152
5.153084616513258 2.5393643396401675 0.031812385147305999
5.1574479396432436 2.5395031490811673 0.031813239307851585
5.16181126277323 2.5396419630913249 0.031814482163418485
5.1661745859032155 2.5397807830231702 0.031815869554670979
5.1705379090332011 2.5399196081250515 0.031816703241469714
5.1749012321631875 2.5400584343690102 0.031816320992562125
5.1792645552931731 2.5401972558831338 0.031814549540941019
5.1836278784231586 2.5403360666824377 0.03181139863385879
5.1879912015531442 2.540474860589863 0.031806792746249264
5.1923545246831306 2.5406136324590931 0.031801600856630183
5.1967178478131162 2.5407523848090263 0.031798401475852535
5.2010811709431017 2.5408911324016645 0.031799699533555478
5.2054444940730882 2.5410298970797385 0.031806182888699103
5.2098078172030737 2.5411687011830217 0.031817805267930391
5.2141711403330593 2.541307567729306 0.03183487181808986
5.2185344634630457 2.5414465162740734 0.031854293887312361
5.2228977865930313 2.541585538469981 0.031866555858314771
5.2272611097230168 2.5417245802503197 0.031862189961908788
5.2316244328530024 2.5418635603839772 0.031838471703620828
5.2359877559829888 2.5420023954801931 0.03179560509807848
5.2403510791129744 2.5421409997655395 0.031732375514950215
5.2447144022429599 2.5422792990253589 0.031659746484617945
5.2490777253729464 2.5424173205410963 0.031612809320755796
5.2534410485029319 2.5425552622040737 0.031627321528829022
5.2578043716329175 2.542693426024679 0.031714051480428378
5.2621676947629039 2.5428321233037416 0.031872142817347619
5.2665310178928895 2.5429716736768282 0.032106370781076872
5.270894341022875 2.5431123584559732 0.032377871987225498
5.2752576641528615 2.5432540900424092 0.032557331028605661
5.279620987282847 2.5433961446264903 0.032509802156105085
5.2839843104128326 2.5435373996653992 0.03219280866018373
5.2883476335428181 2.5436766930042367 0.031609819132487164
5.2927109566728046 2.5438128334790746 0.030742255515413527
5.2970742798027901 2.5439447559753501 0.029727681468251704
5.3014376029327757 2.5440727352237498 0.029042295307272557
5.3058009260627621 2.5441994167650592 0.029194998796285229
5.3101642491927477 2.5443289718337816 0.030353025246336107
5.3145275723227332 2.544465739193067 0.032502713592614571
5.3188908954527196 2.5446141580181307 0.03571569724694356
5.3232542185827052 2.5447782568130237 0.039505785183556706
5.3276175417126908 2.5449572018017794 0.042120693914069751
5.3319808648426772 2.5451413305367021 0.041642543386601179
5.3363441879726627 2.545315147407317 0.037414402450217231
5.3407075111026483 2.5454624539304378 0.029488028780217029
5.3450708342326338 2.5455667047960064 0.017591602555759561
5.3494341573626203 2.5456126818978548 0.0034347029706477445
5.3537974804926058 2.545602783283138 -0.0065246739120587626
5.3581608036225914 2.545572307717261 -0.005095249114356183
5.3625241267525778 2.5455786985309654 0.010346214568152837
5.3668874498825634 2.5456827347712196 0.039634440472510475
5.3712507730125489 2.5459452949380847 0.083169146492991938
5.3756140961425354 2.5464255098344255 0.13838348854658486
5.3799774192725209 2.5471550019637563 0.195030183540325
5.3843407424025065 2.5481126159162657 0.24146447425573961
5.388704065532492 2.5492408562796172 0.27323970717248908
5.3930673886624785 2.5504760712278527 0.29056887011476912
5.397430711792464 2.5517552219230657 0.29323528663592985
5.4017940349224496 2.553016243919108 0.28298407666140707
5.406157358052436 2.5542167833863578 0.26727340102261304
5.4105206811824216 2.5553533113034184 0.25477148995203902
5.4148840043124071 2.5564497380387099 0.24890716825583384
5.4192473274423936 2.5575348960659987 0.24954703157541036
5.4236106505723791 2.5586371915792476 0.25688697448760056
5.4279739737023647 2.5597843396325866 0.26950854189435103
5.4323372968323511 2.5609876414242208 0.28112913082458924
5.4367006199623367 2.5622252463966584 0.28421880400223642
5.4410639430923222 2.5634510878399421 0.27573664529615344
5.4454272662223078 2.5646148943534928 0.25583552419729866
5.4497905893522942 2.5656659127540666 0.2237226971917099
5.4541539124822798 2.5665551266210662 0.18327912952046704
5.4585172356122653 2.5672785959449795 0.1519600710984858
5.4628805587422518 2.5679258198917685 0.15129985910423657
5.4672438818722373 2.568656562115593 0.19026024314001125
5.4716072050022229 2.5696431207870245 0.26838828976228091
5.4759705281322093 2.5710599261366069 0.38861797826302985
5.4803338512621949 2.5730764975686373 0.53775578596105345
5.4846971743921804 2.575703590686178 0.65310743987226605
5.4890604975221668 2.5786124549744658 0.65605839356765716
5.4934238206521524 2.5812151534745191 0.51213042137652698
5.497787143782138 2.5828683494139497 0.22155739415391007
5.5021504669121235 2.5829339072190121 -0.21663197101107562
5.5065137900421099 2.5807757506522848 -0.79379443720175646
5.5108771131720955 2.5758707891384356 -1.4644325548168586
5.5152404363020811 2.5679450298535578 -2.1702291420647692
5.5196037594320675 2.5569193170817912 -2.8847232497933049
5.523967082562053 2.542758606439155 -3.6077870108587029
5.5283304056920386 2.5254234100018333 -4.3391192781867618
5.532693728822025 2.5048736870660164 -5.083487723683878
5.5370570519520106 2.4810044927349253 -5.8671277062921323
5.5414203750819961 2.4535650109083069 -6.7252486060330039
5.5457836982119817 2.422184101375878 -7.6737999597525883
5.5501470213419681 2.3864691273158236 -8.7112829855587446
5.5545103444719537 2.3460175844657032 -9.8493076079888073
5.5588736676019392 2.3004302583542318 -11.04745536942989
5.5632369907319257 2.2498456681977741 -12.083809832343114
5.5676003138619112 2.1956518300093695 -12.65764603928945
5.5719636369918968 2.1402703974918968 -12.624012615906784
5.5763269601218832 2.0863724899278622 -11.981243192822763
5.5806902832518688 2.0366188145969844 -10.716593489545534
5.5850536063818543 1.9936718505603317 -8.8886475760844945
5.5894169295118408 1.9593574169278862 -6.8498402747698126
5.5937802526418263 1.9334921682215889 -5.0884930502091388
5.5981435757718119 1.9141940628985896 -3.8482224188018428
5.6025068989017974 1.8991400460537491 -3.1373966850051462
5.6068702220317839 1.886043196539587 -2.9573008252689417
5.6112335451617694 1.8726118021137383 -3.2728770017918123
5.615596868291755 1.8571075170405895 -3.8458989191943358
5.6199601914217414 1.8391679509101764 -4.3378256169611324
5.624323514551727 1.8196237699236335 -4.5747247346072273
5.6286868376817125 1.7996271231327177 -4.5495460458360739
5.633050160811699 1.7803085321316827 -4.2582574344316351
5.6374134839416845 1.7628067783346333 -3.7332285021967344
5.6417768070716701 1.7477382367141598 -3.2025141358029749
5.6461401302016565 1.7343832393950269 -2.9993007953731081
5.6505034533316421 1.7208315619872183 -3.2999495137246733
5.6548667764616276 1.7048414005365933 -4.1123733774553219
5.6592300995916132 1.6841880191985374 -5.4448011548370898
5.6635934227215996 1.6566305328946074 -7.2557729137897855
5.6679567458515852 1.6206204839249627 -9.2379250127006838
5.6723200689815707 1.5764352827578445 -10.930719473400314
5.6766833921115571 1.5260186571584688 -12.082621989069001
5.6810467152415427 1.4718047835464396 -12.677424728245851
5.6854100383715283 1.4161948378470171 -12.716975136594698
5.6897733615015147 1.3616012571119358 -12.225038151238069
5.6941366846315002 1.3099853560764816 -11.407132855129881
5.6985000077614858 1.2620699190309739 -10.579137644192851
5.7028633308914722 1.2174213931908928 -9.9186094682944557
5.7072266540214578 1.1752493559766413 -9.4398465381791681
5.7115899771514433 1.1347888141469227 -9.1359807330003342
5.7159533002814289 1.0952739833002891 -9.0032463619132415
5.7203166234114153 1.0560461856328589 -8.9904771988127443
5.7246799465414009 1.0167602426525768 -9.016916517617517
5.7290432696713864 0.97736938662781125 -9.0360390737802128
5.7334065928013729 0.9379229016723567 -9.0434900616640377
5.7377699159313584 0.8984633841991595 -9.0417716884907211
5.742133239061344 0.85903262943145586 -9.0303789128767757
5.7464965621913304 0.81966915635547477 -9.0116331252240283
5.750859885321316 0.78039619949461825 -8.9895152025088922
5.7552232084513015 0.74122255282307337 -8.9662176592556264
5.7595865315812871 0.70215298966317152 -8.9416825472528245
5.7639498547112735 0.66319268929545994 -8.9164344250994816
5.7683131778412591 0.62434469057735376 -8.8896255368548811
5.7726765009712446 0.58563669473088731 -8.8486374013590865
5.7770398241012311 0.54717818485553293 -8.7716060292961178
5.7814031472312166 0.50916136052511451 -8.6455051235732139
5.7857664703612022 0.47180433121976467 -8.4696178640100523
5.7901297934911886 0.43532235290992627 -8.2439854178002374
5.7944931166211742 0.39993464018843816 -7.9684001168377439
5.7988564397511597 0.36583389560170859 -7.6591580584822463
5.8032197628811462 0.33309954611252068 -7.3473934161501688
5.8075830860111317 0.30169292960474442 -7.0513480231332375
5.8119464091411173 0.2715424653617437 -6.7707456053057777
5.8163097322711028 0.24258423747514363 -6.5058126544174373
5.8206730554010893 0.21474190493082992 -6.2591924170527529
5.8250363785310748 0.18799118275971999 -5.9928371884165887
5.8293997016610604 0.16258992731147878 -5.6265173594776874
5.8337630247910468 0.13910316121058555 -5.1140210157917974
5.8381263479210324 0.11817142427497487 -4.4573116527221464
5.8424896710510179 0.1004162086378815 -3.6559216289859626
5.8468529941810043 0.086484059889834652 -2.7056287492737963
5.8512163173109899 0.076910387208190156 -1.6829757168315758
5.8555796404409755 0.071666676191612308 -0.75015097540958753
5.8599429635709619 0.070090909063932477 -0.0051481753022927417
5.8643062867009474 0.071346061547953255 0.55030528543797597
5.868669609830933 0.07462274675089009 0.91978910836258732
5.8730329329609186 0.079095643762633228 1.0987585278017016
5.877396256090905 0.083983595847485271 1.1212225311553534
5.8817595792208905 0.088763007839882918 1.0631412752901011
5.8861229023508761 0.093211951165189544 0.97116210630341449
5.8904862254808625 0.097189732612796287 0.84599947477133197
5.8948495486108481 0.10054306482774023 0.68534245854919051
5.8992128717408336 0.10311973831953715 0.48980228484909166
5.9035761948708201 0.1047814438656845 0.26954317226551344
5.9079395180008056 0.10547107245437257 0.048683291902070429
5.9123028411307912 0.10522800011710472 -0.15724687761503919
5.9166661642607767 0.10412197810451625 -0.34726473038252553
5.9210294873907632 0.10221921271914342 -0.52238403311867954
5.9253928105207487 0.099586248666685653 -0.68173698275396344
5.9297561336507343 0.096297097690406494 -0.8224143991171815
5.9341194567807207 0.092442954141870121 -0.93997295786712931
5.9384827799107063 0.088133294098241749 -1.0307116566714907
5.9428461030406918 0.083489142708411665 -1.0933676837651065
5.9472094261706783 0.078632224292301475 -1.1282720171424978
5.9515727493006638 0.073684673753626834 -1.1346005453791923
5.9559360724306494 0.068766707383622616 -1.1163555803281473
5.9602993955606358 0.063960354984774523 -1.085926222449046
5.9646627186906214 0.05929631409719812 -1.0513023175692324
5.9690260418206069 0.054792544332944212 -1.0121867999739005
5.9733893649505925 0.050470413932018392 -0.96819244095891865
5.9777526880805789 0.046349919946925236 -0.91976438018759776
5.9821160112105645 0.04245122649151109 -0.86633718387507541
5.98647933434055 0.038799539511649946 -0.80614607622550583
5.9908426574705365 0.0354278404931914 -0.73800301836267201
5.995205980600522 0.032370513230548979 -0.66211471775287223
5.9995693037305076 0.029661177536466927 -0.57840350216302272
6.003932626860494 0.027334428828378644 -0.48682785178722954
6.0082959499904796 0.025419865702329392 -0.39039630302755707
6.0126592731204651 0.02392491498917464 -0.29579597423671328
6.0170225962504515 0.022828409183580142 -0.20817405581751977
6.0213859193804371 0.022096671954939508 -0.12851511992350093
6.0257492425104227 0.021695711283310833 -0.05655117427366467
6.0301125656404082 0.021592445145273382 0.0080389996835547924
6.0344758887703946 0.021751147250235334 0.062510138795428785
6.0388392119003802 0.022111336161224886 0.098683628030055148
6.0432025350303658 0.022576750078245413 0.11039804027289837
6.0475658581603522 0.02303855963909646 0.097236114248122882
6.0519291812903377 0.023389418659785808 0.059407261116351438
6.0562925044203233 0.023520419087575149 -0.0035630061175427733
6.0606558275503097 0.023329352192035031 -0.086453897754686454
6.0650191506802953 0.022757133594492131 -0.1754178506703534
6.0693824738102808 0.021805707486044115 -0.25945563313273312
6.0737457969402664 0.02050266052763983 -0.33682111787743418
6.0781091200702528 0.018875296163482946 -0.4080623075986769
6.0824724432002384 0.01695007315606532 -0.47350880464011474
6.0868357663302239 0.014756642736873755 -0.52967997730265404
6.0911990894602104 0.012357404412992046 -0.56545771430613956
6.0955624125901959 0.0098647630300056355 -0.57189789854351392
6.0999257357201815 0.0074107273248472001 -0.54803532869717431
6.1042890588501679 0.0051258684176877806 -0.49418471678484649
6.1086523819801535 0.003142381906334655 -0.409923939980534
6.113015705110139 0.0015850188078957554 -0.30062838567269889
6.1173790282401255 0.0005349945915422644 -0.18026998165127825
6.121742351370111 1.0682468954358738e-05 -0.060725620787130188
6.1261056745000966 0 0.055337278907410734
6.1304689976300821 0.00048952212000162815 0.16860239797981527
6.1348323207600686 0.0014674592562448452 0.27920379305607973
6.1391956438900541 0.0029166738724169181 0.38336904960997786
6.1435589670200397 0.0047889150286567353 0.47098477968694502
6.1479222901500261 0.0069898121542023746 0.5331754266757941
6.1522856132800117 0.0094018195606241344 0.56791304535179976
6.1566489364099972 0.011906376847060599 0.57555327116293842
6.1610122595399837 0.014384484522505755 0.55570194651867399
6.1653755826699692 0.016721865783740072 0.51252525112631309
6.1697389057999548 0.018841215921981607 0.45841984433705496
6.1741022289299412 0.020722414074870951 0.40436976536625829
6.1784655520599268 0.02237385444212955 0.35296442719561005
6.1828288751899123 0.023805473674175723 0.30352816218093082
6.1871921983198979 0.025025101414589225 0.25578606770609885
6.1915555214498843 0.02604822812212082 0.21533193921199473
6.1959188445798699 0.026937231013316992 0.1975696461155943
6.2002821677098554 0.027825979365632136 0.2166811956536917
6.2046454908398418 0.028887529767559761 0.27663222016236305
6.2090088139698274 0.03029846393958717 0.37674509568271974
6.213372137099813 0.032233774823789633 0.51709602436876345
6.2177354602297994 0.034870459948615463 0.6983437100577663
6.2220987833597849 0.038388199090193607 0.92099956497423219
6.2264621064897705 0.042968554581438195 1.1854977647450899
6.2308254296197561 0.048795826033338346 1.4927665591118848
6.2351887527497425 0.056056001576868297 1.841701728078659
6.239552075879728 0.064933308242528576 2.2357419992218146
6.2439153990097136 0.075616607070427583 2.6642119490512353
6.2482787221397 0.088219003162288007 3.1174747077496838
6.2526420452696856 0.10292542391996368 3.642048607639492
6.2570053683996711 0.11937872552087594 3.7381778450518728
6.2613686915296576 0.13504935574359242 3.4920285904712869
6.2657320146596431 0.14789954682841616 1.9031800630881297
6.2700953377896287 0.15789439361343965 4.602342190282565
6.2744586609196151 0.15932220168348329 -12.458909855859378
6.2788219840496007 0.15789433924403742 45.233259851503021
6.2831853071795862 0.47010337313686368 45.203264166784393
