# x V F
0.000000 84.897310 36.032414
0.011714 84.475215 36.032414
0.023429 84.053121 36.032414
0.035143 83.631027 36.032414
0.046857 83.208932 36.032414
0.058571 82.786838 36.032414
0.070286 82.364744 36.032414
0.082000 81.942649 36.032414
0.093714 81.520555 36.032414
0.105429 81.098460 36.032414
0.117143 80.676366 36.032414
0.128857 80.254272 36.032414
0.140572 79.832177 36.032414
0.152286 79.410083 36.032414
0.164000 78.987989 36.032414
0.175714 78.565894 36.032414
0.187429 78.143800 36.032414
0.199143 77.721705 36.032414
0.210857 77.299611 36.032414
0.222572 76.877517 36.032414
0.234286 76.455422 36.032414
0.246000 76.033328 36.032414
0.257715 75.611234 36.032414
0.269429 75.189139 36.032414
0.281143 74.767045 36.032414
0.292857 74.344950 36.032414
0.304572 73.922856 36.032414
0.316286 73.500762 36.032414
0.328000 73.078667 36.032414
0.339715 72.656573 36.032414
0.351429 72.234479 36.032414
0.363143 71.812384 36.032414
0.374857 71.390290 36.032414
0.386572 70.968195 36.032414
0.398286 70.546101 36.032414
0.410000 70.124007 36.032414
0.421715 69.701912 36.032414
0.433429 69.279818 36.032414
0.445143 68.857724 36.032414
0.456858 68.435629 36.032414
0.468572 68.013535 36.032414
0.480286 67.591440 36.032414
0.492000 67.169346 36.032414
0.503715 66.747252 36.032414
0.515429 66.325157 36.032414
0.527143 65.903063 36.032414
0.538858 65.480969 36.032414
0.550572 65.058874 36.032414
0.562286 64.636780 36.032414
0.574001 64.214685 36.032414
0.585715 63.792591 36.032414
0.597429 63.370497 36.032414
0.609143 62.948402 36.032414
0.620858 62.526308 36.032414
0.632572 62.104214 36.032414
0.644286 61.682119 36.032414
0.656001 61.260025 36.032414
0.667715 60.837930 36.032414
0.679429 60.415836 36.032414
0.691143 59.993742 36.032414
0.702858 59.571647 36.032414
0.714572 59.149553 36.032414
0.726286 58.727459 36.032414
0.738001 58.305364 36.032414
0.749715 57.883270 36.032414
0.761429 57.461175 36.032414
0.773144 57.039081 36.032414
0.784858 56.616987 36.032414
0.796572 56.194892 36.032414
0.808286 55.772798 36.032414
0.820001 55.350704 36.032414
0.831715 54.928609 36.032414
0.843429 54.506515 36.032414
0.855144 54.084421 36.032414
0.866858 53.662326 36.032414
0.878572 53.240232 36.032414
0.890287 52.818137 36.032414
0.902001 52.396043 36.032414
0.913715 51.973949 36.032414
0.925429 51.551854 36.032414
0.937144 51.129760 36.032414
0.948858 50.707666 36.032414
0.960572 50.285571 36.032414
0.972287 49.863477 36.032414
0.984001 49.441382 36.032414
0.995715 49.019288 36.032414
1.007429 48.597194 36.032414
1.019144 48.175099 36.032414
1.030858 47.753005 36.032414
1.042572 47.330911 36.032414
1.054287 46.908816 36.032414
1.066001 46.486722 36.032414
1.077715 46.064627 36.032414
1.089430 45.642533 36.032414
1.101144 45.220439 36.032414
1.112858 44.798344 36.032414
1.124572 44.376250 36.032414
1.136287 43.954156 36.032414
1.148001 43.532061 36.032414
1.159715 43.109967 36.032414
1.171430 42.687872 36.032414
1.183144 42.265778 36.032414
1.194858 41.843684 36.032414
1.206573 41.421589 36.032414
1.218287 40.999495 36.032414
1.230001 40.577401 36.032414
1.241715 40.155306 36.032414
1.253430 39.733212 36.032414
1.265144 39.311117 36.032414
1.276858 38.889023 36.032414
1.288573 38.466929 36.032414
1.300287 38.044834 36.032414
1.312001 37.622740 36.032414
1.323715 37.200646 36.032414
1.335430 36.778551 36.032414
1.347144 36.356457 36.032414
1.358858 35.934362 36.032414
1.370573 35.512268 36.032414
1.382287 35.090174 36.032414
1.394001 34.668079 36.032414
1.405716 34.245985 36.032414
1.417430 33.823891 36.032414
1.429144 33.401796 36.032414
1.440858 32.979702 36.032414
1.452573 32.557607 36.032414
1.464287 32.135513 36.032414
1.476001 31.713419 36.032414
1.487716 31.291324 36.032414
1.499430 30.869230 36.032414
1.511144 30.447136 36.032414
1.522859 30.025041 36.032414
1.534573 29.602947 36.032414
1.546287 29.180852 36.032414
1.558001 28.758758 36.032414
1.569716 28.336664 36.032414
1.581430 27.914569 36.032414
1.593144 27.492475 36.032414
1.604859 27.070381 36.032414
1.616573 26.648286 36.032414
1.628287 26.226192 36.032414
1.640001 25.804097 36.032414
1.651716 25.382003 36.032414
1.663430 24.959909 36.032414
1.675144 24.537814 36.032414
1.686859 24.115720 36.032414
1.698573 23.693626 36.032414
1.710287 23.271531 36.032414
1.722002 22.849437 36.032414
1.733716 22.427342 36.032414
1.745430 22.005248 36.032414
1.757144 21.583154 36.032414
1.768859 21.161059 36.032414
1.780573 20.738965 36.032414
1.792287 20.316871 36.032414
1.804002 19.894776 36.032414
1.815716 19.472682 36.032414
1.827430 19.050587 36.032414
1.839145 18.628493 36.032414
1.850859 18.206399 36.032414
1.862573 17.784304 36.032414
1.874287 17.362210 36.032414
1.886002 16.940116 36.032414
1.897716 16.518021 36.032414
1.909430 16.095927 36.032414
1.921145 15.673832 36.032414
1.932859 15.251738 36.032414
1.944573 14.829644 36.032414
1.956287 14.407549 36.032414
1.968059 13.983375 36.032414
1.979832 13.559201 46.406485
1.991604 12.890780 58.179036
2.003376 12.189433 56.088714
2.015148 11.570226 48.492278
2.026920 11.047729 41.052459
2.038692 10.603686 34.516552
2.050464 10.235071 27.760031
2.062236 9.950103 20.925895
2.074008 9.742391 15.539505
2.085780 9.584240 12.765261
2.097552 9.441845 12.648146
2.109324 9.286452 14.654928
2.121096 9.096809 17.726001
2.132868 8.869111 19.881101
2.144640 8.628728 19.104337
2.156412 8.419318 15.249641
2.168184 8.269690 10.669557
2.179956 8.168113 8.640028
2.191728 8.066269 10.908392
2.203500 7.911286 16.289177
2.215272 7.682756 21.542841
2.227044 7.404081 23.960430
2.238816 7.118631 23.216227
2.250588 6.857477 20.875247
2.262360 6.627144 18.733395
2.274132 6.416418 17.925872
2.285904 6.205097 18.953272
2.297676 5.970181 21.575300
2.309448 5.697127 24.556611
2.321220 5.392020 26.220451
2.332992 5.079792 25.690258
2.344764 4.787168 23.443676
2.356536 4.527834 20.643522
2.368308 4.301136 18.275823
2.380080 4.097547 16.903609
2.391852 3.903157 16.680009
2.403624 3.704833 17.212599
2.415396 3.497903 17.648701
2.427168 3.289311 17.347797
2.438940 3.089466 16.491637
2.450712 2.901032 15.739762
2.462484 2.718889 15.404491
2.474256 2.538348 15.321700
2.486028 2.358154 15.334792
2.497800 2.177305 15.477765
2.509572 1.993746 15.749799
2.521344 1.806492 15.947168
2.533116 1.618285 15.719034
2.544888 1.436402 14.809966
2.556660 1.269599 13.327899
2.568432 1.122610 11.712705
2.580204 0.993835 10.336914
2.591976 0.879237 9.178028
2.603748 0.777747 7.975471
2.615520 0.691463 6.674563
2.627292 0.620601 5.548703
2.639064 0.560824 4.829451
2.650836 0.506896 4.409424
2.662608 0.457008 4.012382
2.674380 0.412428 3.498982
2.686152 0.374628 2.908868
2.697924 0.343942 2.290039
2.709696 0.320711 1.564734
2.721468 0.307102 0.585715
2.733240 0.306921 -0.638732
2.745012 0.322140 -1.754845
2.756784 0.348237 -2.250042
2.768556 0.375115 -2.019941
2.780328 0.395795 -1.625422
2.792100 0.413384 -1.792618
2.803872 0.438000 -2.785228
2.815644 0.478960 -4.354629
2.827416 0.540526 -6.019222
2.839188 0.620676 -7.224424
2.850960 0.710618 -7.506809
2.862732 0.797417 -6.808196
2.874504 0.870910 -5.663852
2.886276 0.930767 -4.962482
2.898049 0.987747 -5.322345
2.909821 1.056076 -6.542790
2.921593 1.141791 -7.734410
2.933365 1.238175 -8.199315
2.945137 1.334836 -8.226653
2.956909 1.431864 -8.828844
2.968681 1.542702 -10.643286
2.980453 1.682450 -13.339990
2.992225 1.856779 -16.144418
3.003997 2.062554 -18.585276
3.015769 2.294351 -20.629363
3.027541 2.548252 -22.536968
3.039313 2.824962 -24.975457
3.051085 3.136275 -29.046057
3.062857 3.508823 -35.739002
3.074629 3.977715 -45.172569
3.086401 4.572368 -55.946704
3.098173 5.294926 -64.285370
3.109945 6.085904 -63.838432
3.121717 6.797940 -48.565765
3.133489 7.229338 -36.646073
3.145261 7.660736 -36.646073
