# x V F
0.000000 57.366197 21.828948
0.012719 57.088564 21.828948
0.025437 56.810931 21.828948
0.038156 56.533299 21.828948
0.050874 56.255666 21.828948
0.063593 55.978033 21.828948
0.076311 55.700401 21.828948
0.089030 55.422768 21.828948
0.101748 55.145135 21.828948
0.114467 54.867502 21.828948
0.127186 54.589870 21.828948
0.139904 54.312237 21.828948
0.152623 54.034604 21.828948
0.165341 53.756972 21.828948
0.178060 53.479339 21.828948
0.190778 53.201706 21.828948
0.203497 52.924073 21.828948
0.216215 52.646441 21.828948
0.228934 52.368808 21.828948
0.241653 52.091175 21.828948
0.254371 51.813543 21.828948
0.267090 51.535910 21.828948
0.279808 51.258277 21.828948
0.292527 50.980645 21.828948
0.305245 50.703012 21.828948
0.317964 50.425379 21.828948
0.330682 50.147746 21.828948
0.343401 49.870114 21.828948
0.356120 49.592481 21.828948
0.368838 49.314848 21.828948
0.381557 49.037216 21.828948
0.394275 48.759583 21.828948
0.406994 48.481950 21.828948
0.419712 48.204317 21.828948
0.432431 47.926685 21.828948
0.445149 47.649052 21.828948
0.457868 47.371419 21.828948
0.470587 47.093787 21.828948
0.483305 46.816154 21.828948
0.496024 46.538521 21.828948
0.508742 46.260888 21.828948
0.521461 45.983256 21.828948
0.534179 45.705623 21.828948
0.546898 45.427990 21.828948
0.559616 45.150358 21.828948
0.572335 44.872725 21.828948
0.585054 44.595092 21.828948
0.597772 44.317460 21.828948
0.610491 44.039827 21.828948
0.623209 43.762194 21.828948
0.635928 43.484561 21.828948
0.648646 43.206929 21.828948
0.661365 42.929296 21.828948
0.674084 42.651663 21.828948
0.686802 42.374031 21.828948
0.699521 42.096398 21.828948
0.712239 41.818765 21.828948
0.724958 41.541132 21.828948
0.737676 41.263500 21.828948
0.750395 40.985867 21.828948
0.763113 40.708234 21.828948
0.775832 40.430602 21.828948
0.788551 40.152969 21.828948
0.801269 39.875336 21.828948
0.813988 39.597703 21.828948
0.826706 39.320071 21.828948
0.839425 39.042438 21.828948
0.852143 38.764805 21.828948
0.864862 38.487173 21.828948
0.877580 38.209540 21.828948
0.890299 37.931907 21.828948
0.903018 37.654275 21.828948
0.915736 37.376642 21.828948
0.928455 37.099009 21.828948
0.941173 36.821376 21.828948
0.953892 36.543744 21.828948
0.966610 36.266111 21.828948
0.979329 35.988478 21.828948
0.992047 35.710846 21.828948
1.004766 35.433213 21.828948
1.017485 35.155580 21.828948
1.030203 34.877947 21.828948
1.042922 34.600315 21.828948
1.055640 34.322682 21.828948
1.068359 34.045049 21.828948
1.081077 33.767417 21.828948
1.093796 33.489784 21.828948
1.106514 33.212151 21.828948
1.119233 32.934518 21.828948
1.131952 32.656886 21.828948
1.144670 32.379253 21.828948
1.157389 32.101620 21.828948
1.170107 31.823988 21.828948
1.182826 31.546355 21.828948
1.195544 31.268722 21.828948
1.208263 30.991090 21.828948
1.220981 30.713457 21.828948
1.233700 30.435824 21.828948
1.246419 30.158191 21.828948
1.259137 29.880559 21.828948
1.271856 29.602926 21.828948
1.284574 29.325293 21.828948
1.297293 29.047661 21.828948
1.310011 28.770028 21.828948
1.322730 28.492395 21.828948
1.335448 28.214762 21.828948
1.348167 27.937130 21.828948
1.360886 27.659497 21.828948
1.373604 27.381864 21.828948
1.386323 27.104232 21.828948
1.399041 26.826599 21.828948
1.411760 26.548966 21.828948
1.424478 26.271333 21.828948
1.437197 25.993701 21.828948
1.449915 25.716068 21.828948
1.462634 25.438435 21.828948
1.475353 25.160803 21.828948
1.488071 24.883170 21.828948
1.500790 24.605537 21.828948
1.513508 24.327905 21.828948
1.526227 24.050272 21.828948
1.538945 23.772639 21.828948
1.551664 23.495006 21.828948
1.564382 23.217374 21.828948
1.577101 22.939741 21.828948
1.589820 22.662108 21.828948
1.602538 22.384476 21.828948
1.615257 22.106843 21.828948
1.627975 21.829210 21.828948
1.640694 21.551577 21.828948
1.653412 21.273945 21.828948
1.666131 20.996312 21.828948
1.678849 20.718679 21.828948
1.691568 20.441047 21.828948
1.704287 20.163414 21.828948
1.717005 19.885781 21.828948
1.729724 19.608148 21.828948
1.742442 19.330516 21.828948
1.755161 19.052883 21.828948
1.767879 18.775250 21.828948
1.780598 18.497618 21.828948
1.793316 18.219985 21.828948
1.806035 17.942352 21.828948
1.818754 17.664720 21.828948
1.831472 17.387087 21.828948
1.844191 17.109454 21.828948
1.856909 16.831821 21.828948
1.869628 16.554180 21.828948
1.882347 16.276538 31.131124
1.895066 15.762268 48.325923
1.907785 15.047227 63.097469
1.920504 14.157200 74.554427
1.933223 13.150717 79.792700
1.945942 12.127439 77.468295
1.958661 11.180084 69.721657
1.971380 10.353864 60.039602
1.984099 9.652801 50.627640
1.996818 9.066002 42.110764
2.009537 8.581590 34.610787
2.022256 8.185575 28.525836
2.034975 7.855952 24.448323
2.047694 7.563660 22.394375
2.060413 7.286285 21.256565
2.073132 7.022937 19.411308
2.085851 6.792502 16.040461
2.098570 6.614901 11.705722
2.111289 6.494733 7.603587
2.124008 6.421482 4.533006
2.136726 6.379422 2.575676
2.149445 6.355962 1.319753
2.162164 6.345851 0.267522
2.174883 6.349157 -0.597366
2.187602 6.361046 -0.511639
2.200321 6.362172 1.515331
2.213040 6.322499 5.648055
2.225759 6.218497 10.697214
2.238478 6.050384 14.717737
2.251197 5.844108 16.387170
2.263916 5.633529 15.973807
2.276635 5.437768 14.879822
2.289354 5.255017 14.287759
2.302073 5.074317 14.385536
2.314792 4.889079 14.623120
2.327511 4.702335 14.365167
2.340230 4.523659 13.448689
2.352949 4.360228 12.344579
2.365668 4.209638 11.676886
2.378387 4.063192 11.504051
2.391106 3.916999 11.266298
2.403825 3.776601 10.597758
2.416544 3.647414 9.968740
2.429263 3.523017 10.195424
2.441982 3.388063 11.408817
2.454701 3.232800 12.862458
2.467420 3.060869 13.739835
2.480139 2.883287 13.833588
2.492857 2.708971 13.455756
2.505576 2.541001 13.041830
2.518295 2.377214 12.949079
2.531014 2.211603 13.392583
2.543733 2.036535 14.341791
2.556452 1.846778 15.447134
2.569171 1.643592 16.192258
2.581890 1.434880 16.240856
2.594609 1.230458 15.648022
2.607328 1.036827 14.722701
2.620047 0.855943 13.735515
2.632766 0.687424 12.753308
2.645485 0.531525 11.646323
2.658204 0.391165 10.194737
2.670923 0.272192 8.243982
2.683642 0.181456 5.851773
2.696361 0.123335 3.321723
2.709080 0.096958 1.043364
2.721799 0.096794 -0.774294
2.734518 0.116654 -2.235999
2.747237 0.153673 -3.637802
2.759956 0.209192 -5.228595
2.772675 0.286678 -7.040701
2.785394 0.388293 -8.853035
2.798113 0.511881 -10.327470
2.810832 0.651003 -11.289138
2.823551 0.799053 -11.894723
2.836270 0.953580 -12.476818
2.848988 1.116438 -13.246659
2.861707 1.290547 -14.163942
2.874426 1.476739 -15.034454
2.887145 1.672993 -15.725764
2.899864 1.876770 -16.333674
2.912583 2.088488 -17.069722
2.925302 2.310988 -17.892350
2.938021 2.543632 -18.391893
2.950740 2.778840 -18.295293
2.963459 3.009026 -18.028447
2.976178 3.237446 -18.448705
2.988897 3.478323 -20.000094
3.001616 3.746207 -22.363577
3.014335 4.047206 -24.849584
3.027054 4.378329 -26.716795
3.039773 4.726826 -26.944971
3.052492 5.063753 -24.189835
3.065211 5.342165 -17.852416
3.077930 5.517882 -9.605209
3.090649 5.586502 -2.970752
3.103368 5.593451 -0.236577
3.116087 5.592520 -0.214428
3.128806 5.598906 -0.502087
3.141525 5.605292 -0.502087
3.141593 5.605326 -0.502087
