# x V F
0.010000 -30.567453 -110.726442
0.014959 -30.018411 -110.726442
0.019917 -29.469370 -110.726442
0.024876 -28.920329 -110.726442
0.029834 -28.371288 -110.726442
0.034793 -27.822246 -110.726442
0.039751 -27.273205 -110.726442
0.044710 -26.724164 -110.726442
0.049668 -26.175122 -110.726442
0.054627 -25.626081 -110.726442
0.059585 -25.077040 -110.726442
0.064544 -24.527999 -110.726442
0.069502 -23.978957 -110.726442
0.074461 -23.429916 -110.726442
0.079420 -22.880875 -110.726442
0.084378 -22.331834 -110.726442
0.089337 -21.782792 -110.726442
0.094295 -21.233751 -110.726442
0.099254 -20.684710 -110.726442
0.104212 -20.135669 -110.726442
0.109171 -19.586627 -110.726442
0.114129 -19.037586 -110.726442
0.119088 -18.488545 -110.726442
0.124046 -17.939504 -110.726442
0.129005 -17.390462 -110.726442
0.133963 -16.841421 -110.726442
0.138922 -16.292380 -110.726442
0.143881 -15.743339 -110.726442
0.148839 -15.194297 -110.726442
0.153798 -14.645256 -110.726442
0.158756 -14.096215 -110.726442
0.163715 -13.547174 -110.726442
0.168673 -12.998132 -110.726442
0.173632 -12.449091 -110.726442
0.178590 -11.900050 -110.726442
0.183549 -11.351008 -110.726442
0.188507 -10.801967 -110.726442
0.193466 -10.252926 -110.726442
0.198424 -9.703885 -110.726442
0.203383 -9.154843 -110.726442
0.208342 -8.605802 -110.726442
0.213300 -8.056761 -110.726442
0.218259 -7.507720 -110.726442
0.223217 -6.958678 -110.726442
0.228176 -6.409637 -110.726442
0.233134 -5.860596 -110.726442
0.238093 -5.311555 -110.726442
0.243051 -4.762513 -110.726442
0.248010 -4.213472 -110.726442
0.252968 -3.664431 -110.726442
0.257927 -3.115390 -110.726442
0.262885 -2.566348 -110.726442
0.267844 -2.017307 -110.726442
0.272803 -1.468266 -110.726442
0.277761 -0.919225 -110.726442
0.282720 -0.370183 -110.726442
0.287678 0.178858 -110.726442
0.292637 0.727899 -110.726442
0.297595 1.276940 -110.726442
0.302554 1.825982 -110.726442
0.307512 2.375023 -110.726442
0.312471 2.924064 -110.726442
0.317429 3.473106 -110.726442
0.322388 4.022147 -110.726442
0.327346 4.571188 -110.726442
0.332305 5.120229 -110.726442
0.337264 5.669271 -110.726442
0.342222 6.218312 -110.726442
0.347181 6.767353 -110.726442
0.352139 7.316394 -110.726442
0.357098 7.865436 -110.726442
0.362056 8.414477 -110.726442
0.367015 8.963518 -110.726442
0.371973 9.512559 -110.726442
0.376932 10.061601 -110.726442
0.381890 10.610642 -110.726442
0.386849 11.159683 -110.726442
0.391807 11.708724 -110.726442
0.396766 12.257766 -110.726442
0.401724 12.806807 -110.726442
0.406683 13.355848 -110.726442
0.411642 13.904889 -110.726442
0.416600 14.453931 -110.726442
0.421559 15.002972 -110.726442
0.426540 15.554557 -110.726442
0.431522 16.106142 -145.888941
0.436503 17.008051 -161.105762
0.441485 17.711242 -48.888347
0.446466 17.495127 165.128479
0.451448 16.066063 361.118406
0.456429 13.897297 427.475063
0.461411 11.807121 363.806182
0.466392 10.272688 257.181796
0.471374 9.244813 182.254336
0.476355 8.456885 152.198311
0.481337 7.728458 144.097506
0.486318 7.021238 137.384017
0.491300 6.359698 125.597199
0.496281 5.769911 110.015083
0.501263 5.263616 93.071872
0.506244 4.842634 76.365434
0.511226 4.502785 60.564701
0.516207 4.239226 45.937857
0.521189 4.045106 33.470311
0.526170 3.905761 24.452028
0.531152 3.801489 18.835707
0.536133 3.718101 14.824625
0.541115 3.653791 10.390501
0.546096 3.614580 5.271151
0.551078 3.601275 1.698875
0.556059 3.597654 2.908734
0.561041 3.572295 10.529944
0.566022 3.492744 23.514756
0.571004 3.338017 39.154635
0.575985 3.102645 54.537715
0.580967 2.794657 67.389834
0.585948 2.431239 76.256722
0.590930 2.034909 80.383551
0.595912 1.630376 79.657100
0.600893 1.241284 74.457428
0.605875 0.888555 65.264176
0.610856 0.591056 52.516790
0.615838 0.365329 37.032534
0.620819 0.222100 20.461822
0.625801 0.161468 5.187300
0.630782 0.170419 -6.443804
0.635764 0.225668 -13.321628
0.640745 0.303142 -16.313532
0.645727 0.388200 -17.341849
0.650708 0.475920 -17.372016
0.655690 0.561277 -15.863642
0.660671 0.633969 -12.523831
0.665653 0.686053 -8.574460
0.670634 0.719397 -5.506543
0.675616 0.740914 -3.582473
0.680597 0.755089 -2.578837
0.685579 0.766607 -3.123259
0.690560 0.786206 -6.125381
0.695542 0.827635 -11.411626
0.700523 0.899900 -17.826330
0.705505 1.005239 -24.231877
0.710486 1.141323 -29.717076
0.715468 1.301311 -33.342086
0.720449 1.473511 -34.588574
0.725431 1.645917 -34.085265
0.730412 1.813103 -33.330335
0.735394 1.977988 -33.457957
0.740375 2.146446 -34.401141
0.745357 2.320727 -35.168397
0.750338 2.496829 -34.663194
0.755320 2.666077 -32.396375
0.760301 2.819595 -28.949750
0.765283 2.954504 -25.938694
0.770264 3.078023 -25.241539
0.775246 3.205986 -27.956126
0.780227 3.356550 -33.715414
0.785209 3.541894 -40.712285
0.790190 3.762167 -46.708356
0.795172 4.007250 -50.711794
0.800153 4.267410 -53.914253
0.805135 4.544399 -58.699452
0.810116 4.852234 -66.423254
0.815098 5.206175 -76.087260
0.820079 5.610293 -85.268236
0.825061 6.055704 -92.323257
0.830042 6.530111 -97.755649
0.835024 7.029646 -103.968401
0.840006 7.565951 -113.821946
0.844987 8.163656 -128.144107
0.849969 8.842653 -143.341495
0.854950 9.591770 -152.279738
0.859932 10.359819 -149.406239
0.864913 11.080308 -135.839471
0.869895 11.713191 -119.829784
0.874876 12.274175 -111.725841
0.879858 12.826317 -115.844325
0.884839 13.428334 -126.221179
0.889821 14.083862 -132.961642
0.894802 14.753033 -132.293991
0.899784 15.401909 -124.939765
0.904765 15.997811 -107.088878
0.909747 16.468838 -75.045916
0.914728 16.745495 -38.020443
0.919710 16.847637 -20.504144
0.924691 16.949778 -20.504144
0.929672 17.051902 -20.504144
0.934652 17.154026 -20.504144
0.939633 17.256150 -20.504144
0.944614 17.358274 -20.504144
0.949594 17.460398 -20.504144
0.954575 17.562522 -20.504144
0.959556 17.664645 -20.504144
0.964536 17.766769 -20.504144
0.969517 17.868893 -20.504144
0.974498 17.971017 -20.504144
0.979478 18.073141 -20.504144
0.984459 18.175265 -20.504144
0.989440 18.277389 -20.504144
0.994420 18.379513 -20.504144
0.999401 18.481637 -20.504144
1.004382 18.583761 -20.504144
1.009362 18.685885 -20.504144
1.014343 18.788008 -20.504144
1.019323 18.890132 -20.504144
1.024304 18.992256 -20.504144
1.029285 19.094380 -20.504144
1.034265 19.196504 -20.504144
1.039246 19.298628 -20.504144
1.044227 19.400752 -20.504144
1.049207 19.502876 -20.504144
1.054188 19.605000 -20.504144
1.059169 19.707124 -20.504144
1.064149 19.809247 -20.504144
1.069130 19.911371 -20.504144
1.074111 20.013495 -20.504144
1.079091 20.115619 -20.504144
1.084072 20.217743 -20.504144
1.089053 20.319867 -20.504144
1.094033 20.421991 -20.504144
1.099014 20.524115 -20.504144
1.103994 20.626239 -20.504144
1.108975 20.728363 -20.504144
1.113956 20.830487 -20.504144
1.118936 20.932610 -20.504144
1.123917 21.034734 -20.504144
1.128898 21.136858 -20.504144
1.133878 21.238982 -20.504144
1.138859 21.341106 -20.504144
1.143840 21.443230 -20.504144
1.148820 21.545354 -20.504144
1.153801 21.647478 -20.504144
1.158782 21.749602 -20.504144
1.163762 21.851726 -20.504144
1.168743 21.953849 -20.504144
1.173724 22.055973 -20.504144
1.178704 22.158097 -20.504144
1.183685 22.260221 -20.504144
1.188665 22.362345 -20.504144
1.193646 22.464469 -20.504144
1.198627 22.566593 -20.504144
1.203607 22.668717 -20.504144
1.208588 22.770841 -20.504144
1.213569 22.872965 -20.504144
1.218549 22.975089 -20.504144
1.223530 23.077212 -20.504144
1.228511 23.179336 -20.504144
1.233491 23.281460 -20.504144
1.238472 23.383584 -20.504144
1.243453 23.485708 -20.504144
1.248433 23.587832 -20.504144
1.253414 23.689956 -20.504144
1.258395 23.792080 -20.504144
1.263375 23.894204 -20.504144
1.268356 23.996328 -20.504144
1.273336 24.098451 -20.504144
1.278317 24.200575 -20.504144
1.283298 24.302699 -20.504144
1.288278 24.404823 -20.504144
1.293259 24.506947 -20.504144
1.298240 24.609071 -20.504144
1.303220 24.711195 -20.504144
1.308201 24.813319 -20.504144
1.313182 24.915443 -20.504144
1.318162 25.017567 -20.504144
1.323143 25.119690 -20.504144
1.328124 25.221814 -20.504144
1.333104 25.323938 -20.504144
1.338085 25.426062 -20.504144
1.343066 25.528186 -20.504144
1.348046 25.630310 -20.504144
1.353027 25.732434 -20.504144
1.358007 25.834558 -20.504144
1.362988 25.936682 -20.504144
1.367969 26.038806 -20.504144
1.372949 26.140930 -20.504144
1.377930 26.243053 -20.504144
1.382911 26.345177 -20.504144
1.387891 26.447301 -20.504144
1.392872 26.549425 -20.504144
1.397853 26.651549 -20.504144
1.402833 26.753673 -20.504144
1.407814 26.855797 -20.504144
1.412795 26.957921 -20.504144
1.417775 27.060045 -20.504144
1.422756 27.162169 -20.504144
1.427737 27.264292 -20.504144
1.432717 27.366416 -20.504144
1.437698 27.468540 -20.504144
1.442678 27.570664 -20.504144
1.447659 27.672788 -20.504144
1.452640 27.774912 -20.504144
1.457620 27.877036 -20.504144
1.462601 27.979160 -20.504144
1.467582 28.081284 -20.504144
1.472562 28.183408 -20.504144
1.477543 28.285532 -20.504144
1.482524 28.387655 -20.504144
1.487504 28.489779 -20.504144
1.492485 28.591903 -20.504144
1.497466 28.694027 -20.504144
1.502446 28.796151 -20.504144
1.507427 28.898275 -20.504144
1.512408 29.000399 -20.504144
1.517388 29.102523 -20.504144
1.522369 29.204647 -20.504144
1.527349 29.306771 -20.504144
1.532330 29.408894 -20.504144
1.537311 29.511018 -20.504144
1.542291 29.613142 -20.504144
1.547272 29.715266 -20.504144
1.552253 29.817390 -20.504144
1.557233 29.919514 -20.504144
1.562214 30.021638 -20.504144
1.567195 30.123762 -20.504144
1.572175 30.225886 -20.504144
1.577156 30.328010 -20.504144
1.582137 30.430134 -20.504144
1.587117 30.532257 -20.504144
1.592098 30.634381 -20.504144
1.597079 30.736505 -20.504144
1.602059 30.838629 -20.504144
1.607040 30.940753 -20.504144
1.612020 31.042877 -20.504144
1.617001 31.145001 -20.504144
1.621982 31.247125 -20.504144
1.626962 31.349249 -20.504144
1.631943 31.451373 -20.504144
1.636924 31.553496 -20.504144
1.641904 31.655620 -20.504144
1.646885 31.757744 -20.504144
1.651866 31.859868 -20.504144
1.656846 31.961992 -20.504144
1.661827 32.064116 -20.504144
1.666808 32.166240 -20.504144
1.671788 32.268364 -20.504144
1.676769 32.370488 -20.504144
1.681750 32.472612 -20.504144
1.686730 32.574736 -20.504144
1.691711 32.676859 -20.504144
1.696691 32.778983 -20.504144
1.701672 32.881107 -20.504144
1.706653 32.983231 -20.504144
1.711633 33.085355 -20.504144
1.716614 33.187479 -20.504144
1.721595 33.289603 -20.504144
1.726575 33.391727 -20.504144
1.731556 33.493851 -20.504144
1.736537 33.595975 -20.504144
1.741517 33.698098 -20.504144
1.746498 33.800222 -20.504144
1.751479 33.902346 -20.504144
1.756459 34.004470 -20.504144
1.761440 34.106594 -20.504144
1.766421 34.208718 -20.504144
1.771401 34.310842 -20.504144
1.776382 34.412966 -20.504144
1.781362 34.515090 -20.504144
1.786343 34.617214 -20.504144
1.791324 34.719337 -20.504144
1.796304 34.821461 -20.504144
1.801285 34.923585 -20.504144
1.806266 35.025709 -20.504144
1.811246 35.127833 -20.504144
1.816227 35.229957 -20.504144
1.821208 35.332081 -20.504144
1.826188 35.434205 -20.504144
1.831169 35.536329 -20.504144
1.836150 35.638453 -20.504144
1.841130 35.740577 -20.504144
1.846111 35.842700 -20.504144
1.851092 35.944824 -20.504144
1.856072 36.046948 -20.504144
1.861053 36.149072 -20.504144
1.866033 36.251196 -20.504144
1.871014 36.353320 -20.504144
1.875995 36.455444 -20.504144
1.880975 36.557568 -20.504144
1.885956 36.659692 -20.504144
1.890937 36.761816 -20.504144
1.895917 36.863939 -20.504144
1.900898 36.966063 -20.504144
1.905879 37.068187 -20.504144
1.910859 37.170311 -20.504144
1.915840 37.272435 -20.504144
1.920821 37.374559 -20.504144
1.925801 37.476683 -20.504144
1.930782 37.578807 -20.504144
1.935763 37.680931 -20.504144
1.940743 37.783055 -20.504144
1.945724 37.885179 -20.504144
1.950704 37.987302 -20.504144
1.955685 38.089426 -20.504144
1.960666 38.191550 -20.504144
1.965646 38.293674 -20.504144
1.970627 38.395798 -20.504144
1.975608 38.497922 -20.504144
1.980588 38.600046 -20.504144
1.985569 38.702170 -20.504144
1.990550 38.804294 -20.504144
1.995530 38.906418 -20.504144
2.000511 39.008541 -20.504144
2.005492 39.110665 -20.504144
2.010472 39.212789 -20.504144
2.015453 39.314913 -20.504144
2.020434 39.417037 -20.504144
2.025414 39.519161 -20.504144
2.030395 39.621285 -20.504144
2.035375 39.723409 -20.504144
2.040356 39.825533 -20.504144
2.045337 39.927657 -20.504144
2.050317 40.029781 -20.504144
2.055298 40.131904 -20.504144
2.060279 40.234028 -20.504144
2.065259 40.336152 -20.504144
2.070240 40.438276 -20.504144
2.075221 40.540400 -20.504144
2.080201 40.642524 -20.504144
2.085182 40.744648 -20.504144
2.090163 40.846772 -20.504144
2.095143 40.948896 -20.504144
2.100124 41.051020 -20.504144
2.105105 41.153143 -20.504144
2.110085 41.255267 -20.504144
2.115066 41.357391 -20.504144
2.120046 41.459515 -20.504144
2.125027 41.561639 -20.504144
2.130008 41.663763 -20.504144
2.134988 41.765887 -20.504144
2.139969 41.868011 -20.504144
2.144950 41.970135 -20.504144
2.149930 42.072259 -20.504144
2.154911 42.174382 -20.504144
2.159892 42.276506 -20.504144
2.164872 42.378630 -20.504144
2.169853 42.480754 -20.504144
2.174834 42.582878 -20.504144
2.179814 42.685002 -20.504144
2.184795 42.787126 -20.504144
2.189776 42.889250 -20.504144
2.194756 42.991374 -20.504144
2.199737 43.093498 -20.504144
2.204717 43.195622 -20.504144
2.209698 43.297745 -20.504144
2.214679 43.399869 -20.504144
2.219659 43.501993 -20.504144
2.224640 43.604117 -20.504144
2.229621 43.706241 -20.504144
2.234601 43.808365 -20.504144
2.239582 43.910489 -20.504144
2.244563 44.012613 -20.504144
2.249543 44.114737 -20.504144
2.254524 44.216861 -20.504144
2.259505 44.318984 -20.504144
2.264485 44.421108 -20.504144
2.269466 44.523232 -20.504144
2.274447 44.625356 -20.504144
2.279427 44.727480 -20.504144
2.284408 44.829604 -20.504144
2.289389 44.931728 -20.504144
2.294369 45.033852 -20.504144
2.299350 45.135976 -20.504144
2.304330 45.238100 -20.504144
2.309311 45.340224 -20.504144
2.314292 45.442347 -20.504144
2.319272 45.544471 -20.504144
2.324253 45.646595 -20.504144
2.329234 45.748719 -20.504144
2.334214 45.850843 -20.504144
2.339195 45.952967 -20.504144
2.344176 46.055091 -20.504144
2.349156 46.157215 -20.504144
2.354137 46.259339 -20.504144
2.359118 46.361463 -20.504144
2.364098 46.463586 -20.504144
2.369079 46.565710 -20.504144
2.374060 46.667834 -20.504144
2.379040 46.769958 -20.504144
2.384021 46.872082 -20.504144
2.389001 46.974206 -20.504144
2.393982 47.076330 -20.504144
2.398963 47.178454 -20.504144
2.403943 47.280578 -20.504144
2.408924 47.382702 -20.504144
2.413905 47.484826 -20.504144
2.418885 47.586949 -20.504144
2.423866 47.689073 -20.504144
2.428847 47.791197 -20.504144
2.433827 47.893321 -20.504144
2.438808 47.995445 -20.504144
2.443789 48.097569 -20.504144
2.448769 48.199693 -20.504144
2.453750 48.301817 -20.504144
2.458731 48.403941 -20.504144
2.463711 48.506065 -20.504144
2.468692 48.608188 -20.504144
2.473672 48.710312 -20.504144
2.478653 48.812436 -20.504144
2.483634 48.914560 -20.504144
2.488614 49.016684 -20.504144
2.493595 49.118808 -20.504144
2.498576 49.220932 -20.504144
2.503556 49.323056 -20.504144
2.508537 49.425180 -20.504144
2.513518 49.527304 -20.504144
2.518498 49.629428 -20.504144
2.523479 49.731551 -20.504144
2.528460 49.833675 -20.504144
2.533440 49.935799 -20.504144
2.538421 50.037923 -20.504144
2.543402 50.140047 -20.504144
2.548382 50.242171 -20.504144
2.553363 50.344295 -20.504144
2.558343 50.446419 -20.504144
2.563324 50.548543 -20.504144
2.568305 50.650667 -20.504144
2.573285 50.752790 -20.504144
2.578266 50.854914 -20.504144
2.583247 50.957038 -20.504144
2.588227 51.059162 -20.504144
2.593208 51.161286 -20.504144
2.598189 51.263410 -20.504144
2.603169 51.365534 -20.504144
2.608150 51.467658 -20.504144
2.613131 51.569782 -20.504144
2.618111 51.671906 -20.504144
2.623092 51.774029 -20.504144
2.628073 51.876153 -20.504144
2.633053 51.978277 -20.504144
2.638034 52.080401 -20.504144
2.643014 52.182525 -20.504144
2.647995 52.284649 -20.504144
2.652976 52.386773 -20.504144
2.657956 52.488897 -20.504144
2.662937 52.591021 -20.504144
2.667918 52.693145 -20.504144
2.672898 52.795269 -20.504144
2.677879 52.897392 -20.504144
2.682860 52.999516 -20.504144
2.687840 53.101640 -20.504144
2.692821 53.203764 -20.504144
2.697802 53.305888 -20.504144
2.702782 53.408012 -20.504144
2.707763 53.510136 -20.504144
2.712744 53.612260 -20.504144
2.717724 53.714384 -20.504144
2.722705 53.816508 -20.504144
2.727685 53.918631 -20.504144
2.732666 54.020755 -20.504144
2.737647 54.122879 -20.504144
2.742627 54.225003 -20.504144
2.747608 54.327127 -20.504144
2.752589 54.429251 -20.504144
2.757569 54.531375 -20.504144
2.762550 54.633499 -20.504144
2.767531 54.735623 -20.504144
2.772511 54.837747 -20.504144
2.777492 54.939871 -20.504144
2.782473 55.041994 -20.504144
2.787453 55.144118 -20.504144
2.792434 55.246242 -20.504144
2.797415 55.348366 -20.504144
2.802395 55.450490 -20.504144
2.807376 55.552614 -20.504144
2.812356 55.654738 -20.504144
2.817337 55.756862 -20.504144
2.822318 55.858986 -20.504144
2.827298 55.961110 -20.504144
2.832279 56.063233 -20.504144
2.837260 56.165357 -20.504144
2.842240 56.267481 -20.504144
2.847221 56.369605 -20.504144
2.852202 56.471729 -20.504144
2.857182 56.573853 -20.504144
2.862163 56.675977 -20.504144
2.867144 56.778101 -20.504144
2.872124 56.880225 -20.504144
2.877105 56.982349 -20.504144
2.882086 57.084473 -20.504144
2.887066 57.186596 -20.504144
2.892047 57.288720 -20.504144
2.897027 57.390844 -20.504144
2.902008 57.492968 -20.504144
2.906989 57.595092 -20.504144
2.911969 57.697216 -20.504144
2.916950 57.799340 -20.504144
2.921931 57.901464 -20.504144
2.926911 58.003588 -20.504144
2.931892 58.105712 -20.504144
2.936873 58.207835 -20.504144
2.941853 58.309959 -20.504144
2.946834 58.412083 -20.504144
2.951815 58.514207 -20.504144
2.956795 58.616331 -20.504144
2.961776 58.718455 -20.504144
2.966757 58.820579 -20.504144
2.971737 58.922703 -20.504144
2.976718 59.024827 -20.504144
2.981698 59.126951 -20.504144
2.986679 59.229075 -20.504144
2.991660 59.331198 -20.504144
2.996640 59.433322 -20.504144
3.001621 59.535446 -20.504144
3.006602 59.637570 -20.504144
3.011582 59.739694 -20.504144
3.016563 59.841818 -20.504144
3.021544 59.943942 -20.504144
3.026524 60.046066 -20.504144
3.031505 60.148190 -20.504144
3.036486 60.250314 -20.504144
3.041466 60.352437 -20.504144
3.046447 60.454561 -20.504144
3.051428 60.556685 -20.504144
3.056408 60.658809 -20.504144
3.061389 60.760933 -20.504144
3.066369 60.863057 -20.504144
3.071350 60.965181 -20.504144
3.076331 61.067305 -20.504144
3.081311 61.169429 -20.504144
3.086292 61.271553 -20.504144
3.091273 61.373676 -20.504144
3.096253 61.475800 -20.504144
3.101234 61.577924 -20.504144
3.106215 61.680048 -20.504144
3.111195 61.782172 -20.504144
3.116176 61.884296 -20.504144
3.121157 61.986420 -20.504144
3.126137 62.088544 -20.504144
3.131118 62.190668 -20.504144
3.136099 62.292792 -20.504144
3.141079 62.394916 -20.504144
3.146060 62.497039 -20.504144
3.151040 62.599163 -20.504144
3.156021 62.701287 -20.504144
3.161002 62.803411 -20.504144
3.165982 62.905535 -20.504144
3.170963 63.007659 -20.504144
3.175944 63.109783 -20.504144
3.180924 63.211907 -20.504144
3.185905 63.314031 -20.504144
3.190886 63.416155 -20.504144
3.195866 63.518278 -20.504144
3.200847 63.620402 -20.504144
3.205828 63.722526 -20.504144
3.210808 63.824650 -20.504144
3.215789 63.926774 -20.504144
3.220770 64.028898 -20.504144
3.225750 64.131022 -20.504144
3.230731 64.233146 -20.504144
3.235711 64.335270 -20.504144
3.240692 64.437394 -20.504144
3.245673 64.539518 -20.504144
3.250653 64.641641 -20.504144
3.255634 64.743765 -20.504144
3.260615 64.845889 -20.504144
3.265595 64.948013 -20.504144
3.270576 65.050137 -20.504144
3.275557 65.152261 -20.504144
3.280537 65.254385 -20.504144
3.285518 65.356509 -20.504144
3.290499 65.458633 -20.504144
3.295479 65.560757 -20.504144
3.300460 65.662880 -20.504144
3.305441 65.765004 -20.504144
3.310421 65.867128 -20.504144
3.315402 65.969252 -20.504144
3.320382 66.071376 -20.504144
3.325363 66.173500 -20.504144
3.330344 66.275624 -20.504144
3.335324 66.377748 -20.504144
3.340305 66.479872 -20.504144
3.345286 66.581996 -20.504144
3.350266 66.684120 -20.504144
3.355247 66.786243 -20.504144
3.360228 66.888367 -20.504144
3.365208 66.990491 -20.504144
3.370189 67.092615 -20.504144
3.375170 67.194739 -20.504144
3.380150 67.296863 -20.504144
3.385131 67.398987 -20.504144
3.390112 67.501111 -20.504144
3.395092 67.603235 -20.504144
3.400073 67.705359 -20.504144
3.405053 67.807482 -20.504144
3.410034 67.909606 -20.504144
3.415015 68.011730 -20.504144
3.419995 68.113854 -20.504144
3.424976 68.215978 -20.504144
3.429957 68.318102 -20.504144
3.434937 68.420226 -20.504144
3.439918 68.522350 -20.504144
3.444899 68.624474 -20.504144
3.449879 68.726598 -20.504144
3.454860 68.828722 -20.504144
3.459841 68.930845 -20.504144
3.464821 69.032969 -20.504144
3.469802 69.135093 -20.504144
3.474783 69.237217 -20.504144
3.479763 69.339341 -20.504144
3.484744 69.441465 -20.504144
3.489724 69.543589 -20.504144
3.494705 69.645713 -20.504144
3.499686 69.747837 -20.504144
3.504666 69.849961 -20.504144
3.509647 69.952084 -20.504144
3.514628 70.054208 -20.504144
3.519608 70.156332 -20.504144
3.524589 70.258456 -20.504144
3.529570 70.360580 -20.504144
3.534550 70.462704 -20.504144
3.539531 70.564828 -20.504144
3.544512 70.666952 -20.504144
3.549492 70.769076 -20.504144
3.554473 70.871200 -20.504144
3.559454 70.973323 -20.504144
3.564434 71.075447 -20.504144
3.569415 71.177571 -20.504144
3.574395 71.279695 -20.504144
3.579376 71.381819 -20.504144
3.584357 71.483943 -20.504144
3.589337 71.586067 -20.504144
3.594318 71.688191 -20.504144
3.599299 71.790315 -20.504144
3.604279 71.892439 -20.504144
3.609260 71.994563 -20.504144
3.614241 72.096686 -20.504144
3.619221 72.198810 -20.504144
3.624202 72.300934 -20.504144
3.629183 72.403058 -20.504144
3.634163 72.505182 -20.504144
3.639144 72.607306 -20.504144
3.644125 72.709430 -20.504144
3.649105 72.811554 -20.504144
3.654086 72.913678 -20.504144
3.659066 73.015802 -20.504144
3.664047 73.117925 -20.504144
3.669028 73.220049 -20.504144
3.674008 73.322173 -20.504144
3.678989 73.424297 -20.504144
3.683970 73.526421 -20.504144
3.688950 73.628545 -20.504144
3.693931 73.730669 -20.504144
3.698912 73.832793 -20.504144
3.703892 73.934917 -20.504144
3.708873 74.037041 -20.504144
3.713854 74.139165 -20.504144
3.718834 74.241288 -20.504144
3.723815 74.343412 -20.504144
3.728796 74.445536 -20.504144
3.733776 74.547660 -20.504144
3.738757 74.649784 -20.504144
3.743737 74.751908 -20.504144
3.748718 74.854032 -20.504144
3.753699 74.956156 -20.504144
3.758679 75.058280 -20.504144
3.763660 75.160404 -20.504144
3.768641 75.262527 -20.504144
3.773621 75.364651 -20.504144
3.778602 75.466775 -20.504144
3.783583 75.568899 -20.504144
3.788563 75.671023 -20.504144
3.793544 75.773147 -20.504144
3.798525 75.875271 -20.504144
3.803505 75.977395 -20.504144
3.808486 76.079519 -20.504144
3.813467 76.181643 -20.504144
3.818447 76.283767 -20.504144
3.823428 76.385890 -20.504144
3.828408 76.488014 -20.504144
3.833389 76.590138 -20.504144
3.838370 76.692262 -20.504144
3.843350 76.794386 -20.504144
3.848331 76.896510 -20.504144
3.853312 76.998634 -20.504144
3.858292 77.100758 -20.504144
3.863273 77.202882 -20.504144
3.868254 77.305006 -20.504144
3.873234 77.407129 -20.504144
3.878215 77.509253 -20.504144
3.883196 77.611377 -20.504144
3.888176 77.713501 -20.504144
3.893157 77.815625 -20.504144
3.898138 77.917749 -20.504144
3.903118 78.019873 -20.504144
3.908099 78.121997 -20.504144
3.913079 78.224121 -20.504144
3.918060 78.326245 -20.504144
3.923041 78.428368 -20.504144
3.928021 78.530492 -20.504144
3.933002 78.632616 -20.504144
3.937983 78.734740 -20.504144
3.942963 78.836864 -20.504144
3.947944 78.938988 -20.504144
3.952925 79.041112 -20.504144
3.957905 79.143236 -20.504144
3.962886 79.245360 -20.504144
3.967867 79.347484 -20.504144
3.972847 79.449608 -20.504144
3.977828 79.551731 -20.504144
3.982809 79.653855 -20.504144
3.987789 79.755979 -20.504144
3.992770 79.858103 -20.504144
3.997750 79.960227 -20.504144
4.002731 80.062351 -20.504144
4.007712 80.164475 -20.504144
4.012692 80.266599 -20.504144
4.017673 80.368723 -20.504144
4.022654 80.470847 -20.504144
4.027634 80.572970 -20.504144
4.032615 80.675094 -20.504144
4.037596 80.777218 -20.504144
4.042576 80.879342 -20.504144
4.047557 80.981466 -20.504144
4.052538 81.083590 -20.504144
4.057518 81.185714 -20.504144
4.062499 81.287838 -20.504144
4.067480 81.389962 -20.504144
4.072460 81.492086 -20.504144
4.077441 81.594210 -20.504144
4.082421 81.696333 -20.504144
4.087402 81.798457 -20.504144
4.092383 81.900581 -20.504144
4.097363 82.002705 -20.504144
4.102344 82.104829 -20.504144
4.107325 82.206953 -20.504144
4.112305 82.309077 -20.504144
4.117286 82.411201 -20.504144
4.122267 82.513325 -20.504144
4.127247 82.615449 -20.504144
4.132228 82.717572 -20.504144
4.137209 82.819696 -20.504144
4.142189 82.921820 -20.504144
4.147170 83.023944 -20.504144
4.152151 83.126068 -20.504144
4.157131 83.228192 -20.504144
4.162112 83.330316 -20.504144
4.167092 83.432440 -20.504144
4.172073 83.534564 -20.504144
4.177054 83.636688 -20.504144
4.182034 83.738812 -20.504144
4.187015 83.840935 -20.504144
4.191996 83.943059 -20.504144
4.196976 84.045183 -20.504144
4.201957 84.147307 -20.504144
4.206938 84.249431 -20.504144
4.211918 84.351555 -20.504144
4.216899 84.453679 -20.504144
4.221880 84.555803 -20.504144
4.226860 84.657927 -20.504144
4.231841 84.760051 -20.504144
4.236822 84.862174 -20.504144
4.241802 84.964298 -20.504144
4.246783 85.066422 -20.504144
4.251763 85.168546 -20.504144
4.256744 85.270670 -20.504144
4.261725 85.372794 -20.504144
4.266705 85.474918 -20.504144
4.271686 85.577042 -20.504144
4.276667 85.679166 -20.504144
4.281647 85.781290 -20.504144
4.286628 85.883414 -20.504144
4.291609 85.985537 -20.504144
4.296589 86.087661 -20.504144
4.301570 86.189785 -20.504144
4.306551 86.291909 -20.504144
4.311531 86.394033 -20.504144
4.316512 86.496157 -20.504144
4.321493 86.598281 -20.504144
4.326473 86.700405 -20.504144
4.331454 86.802529 -20.504144
4.336434 86.904653 -20.504144
4.341415 87.006776 -20.504144
4.346396 87.108900 -20.504144
4.351376 87.211024 -20.504144
4.356357 87.313148 -20.504144
4.361338 87.415272 -20.504144
4.366318 87.517396 -20.504144
4.371299 87.619520 -20.504144
4.376280 87.721644 -20.504144
4.381260 87.823768 -20.504144
4.386241 87.925892 -20.504144
4.391222 88.028015 -20.504144
4.396202 88.130139 -20.504144
4.401183 88.232263 -20.504144
4.406164 88.334387 -20.504144
4.411144 88.436511 -20.504144
4.416125 88.538635 -20.504144
4.421105 88.640759 -20.504144
4.426086 88.742883 -20.504144
4.431067 88.845007 -20.504144
4.436047 88.947131 -20.504144
4.441028 89.049255 -20.504144
4.446009 89.151378 -20.504144
4.450989 89.253502 -20.504144
4.455970 89.355626 -20.504144
4.460951 89.457750 -20.504144
4.465931 89.559874 -20.504144
4.470912 89.661998 -20.504144
4.475893 89.764122 -20.504144
4.480873 89.866246 -20.504144
4.485854 89.968370 -20.504144
4.490835 90.070494 -20.504144
4.495815 90.172617 -20.504144
4.500796 90.274741 -20.504144
4.505776 90.376865 -20.504144
4.510757 90.478989 -20.504144
4.515738 90.581113 -20.504144
4.520718 90.683237 -20.504144
4.525699 90.785361 -20.504144
4.530680 90.887485 -20.504144
4.535660 90.989609 -20.504144
4.540641 91.091733 -20.504144
4.545622 91.193857 -20.504144
4.550602 91.295980 -20.504144
4.555583 91.398104 -20.504144
4.560564 91.500228 -20.504144
4.565544 91.602352 -20.504144
4.570525 91.704476 -20.504144
4.575506 91.806600 -20.504144
4.580486 91.908724 -20.504144
4.585467 92.010848 -20.504144
4.590447 92.112972 -20.504144
4.595428 92.215096 -20.504144
4.600409 92.317219 -20.504144
4.605389 92.419343 -20.504144
4.610370 92.521467 -20.504144
4.615351 92.623591 -20.504144
4.620331 92.725715 -20.504144
4.625312 92.827839 -20.504144
4.630293 92.929963 -20.504144
4.635273 93.032087 -20.504144
4.640254 93.134211 -20.504144
4.645235 93.236335 -20.504144
4.650215 93.338459 -20.504144
4.655196 93.440582 -20.504144
4.660177 93.542706 -20.504144
4.665157 93.644830 -20.504144
4.670138 93.746954 -20.504144
4.675118 93.849078 -20.504144
4.680099 93.951202 -20.504144
4.685080 94.053326 -20.504144
4.690060 94.155450 -20.504144
4.695041 94.257574 -20.504144
4.700022 94.359698 -20.504144
4.705002 94.461821 -20.504144
4.709983 94.563945 -20.504144
4.714964 94.666069 -20.504144
4.719944 94.768193 -20.504144
4.724925 94.870317 -20.504144
4.729906 94.972441 -20.504144
4.734886 95.074565 -20.504144
4.739867 95.176689 -20.504144
4.744848 95.278813 -20.504144
4.749828 95.380937 -20.504144
4.754809 95.483061 -20.504144
4.759789 95.585184 -20.504144
4.764770 95.687308 -20.504144
4.769751 95.789432 -20.504144
4.774731 95.891556 -20.504144
4.779712 95.993680 -20.504144
4.784693 96.095804 -20.504144
4.789673 96.197928 -20.504144
4.794654 96.300052 -20.504144
4.799635 96.402176 -20.504144
4.804615 96.504300 -20.504144
4.809596 96.606423 -20.504144
4.814577 96.708547 -20.504144
4.819557 96.810671 -20.504144
4.824538 96.912795 -20.504144
4.829519 97.014919 -20.504144
4.834499 97.117043 -20.504144
4.839480 97.219167 -20.504144
4.844460 97.321291 -20.504144
4.849441 97.423415 -20.504144
4.854422 97.525539 -20.504144
4.859402 97.627662 -20.504144
4.864383 97.729786 -20.504144
4.869364 97.831910 -20.504144
4.874344 97.934034 -20.504144
4.879325 98.036158 -20.504144
4.884306 98.138282 -20.504144
4.889286 98.240406 -20.504144
4.894267 98.342530 -20.504144
4.899248 98.444654 -20.504144
4.904228 98.546778 -20.504144
4.909209 98.648902 -20.504144
4.914190 98.751025 -20.504144
4.919170 98.853149 -20.504144
4.924151 98.955273 -20.504144
4.929131 99.057397 -20.504144
4.934112 99.159521 -20.504144
4.939093 99.261645 -20.504144
4.944073 99.363769 -20.504144
4.949054 99.465893 -20.504144
4.954035 99.568017 -20.504144
4.959015 99.670141 -20.504144
4.963996 99.772264 -20.504144
4.968977 99.874388 -20.504144
4.973957 99.976512 -20.504144
4.978938 100.078636 -20.504144
4.983919 100.180760 -20.504144
4.988899 100.282884 -20.504144
4.993880 100.385008 -20.504144
4.998861 100.487132 -20.504144
5.003841 100.589256 -20.504144
5.008822 100.691380 -20.504144
5.013802 100.793504 -20.504144
5.018783 100.895627 -20.504144
5.023764 100.997751 -20.504144
5.028744 101.099875 -20.504144
5.033725 101.201999 -20.504144
5.038706 101.304123 -20.504144
5.043686 101.406247 -20.504144
5.048667 101.508371 -20.504144
5.053648 101.610495 -20.504144
5.058628 101.712619 -20.504144
5.063609 101.814743 -20.504144
5.068590 101.916866 -20.504144
5.073570 102.018990 -20.504144
5.078551 102.121114 -20.504144
5.083532 102.223238 -20.504144
5.088512 102.325362 -20.504144
5.093493 102.427486 -20.504144
5.098473 102.529610 -20.504144
5.103454 102.631734 -20.504144
5.108435 102.733858 -20.504144
5.113415 102.835982 -20.504144
5.118396 102.938106 -20.504144
5.123377 103.040229 -20.504144
5.128357 103.142353 -20.504144
5.133338 103.244477 -20.504144
5.138319 103.346601 -20.504144
5.143299 103.448725 -20.504144
5.148280 103.550849 -20.504144
5.153261 103.652973 -20.504144
5.158241 103.755097 -20.504144
5.163222 103.857221 -20.504144
5.168203 103.959345 -20.504144
5.173183 104.061468 -20.504144
5.178164 104.163592 -20.504144
5.183144 104.265716 -20.504144
5.188125 104.367840 -20.504144
5.193106 104.469964 -20.504144
5.198086 104.572088 -20.504144
5.203067 104.674212 -20.504144
5.208048 104.776336 -20.504144
5.213028 104.878460 -20.504144
5.218009 104.980584 -20.504144
5.222990 105.082708 -20.504144
5.227970 105.184831 -20.504144
5.232951 105.286955 -20.504144
5.237932 105.389079 -20.504144
5.242912 105.491203 -20.504144
5.247893 105.593327 -20.504144
5.252874 105.695451 -20.504144
5.257854 105.797575 -20.504144
5.262835 105.899699 -20.504144
5.267815 106.001823 -20.504144
5.272796 106.103947 -20.504144
5.277777 106.206070 -20.504144
5.282757 106.308194 -20.504144
5.287738 106.410318 -20.504144
5.292719 106.512442 -20.504144
5.297699 106.614566 -20.504144
5.302680 106.716690 -20.504144
5.307661 106.818814 -20.504144
5.312641 106.920938 -20.504144
5.317622 107.023062 -20.504144
5.322603 107.125186 -20.504144
5.327583 107.227309 -20.504144
5.332564 107.329433 -20.504144
5.337545 107.431557 -20.504144
5.342525 107.533681 -20.504144
5.347506 107.635805 -20.504144
5.352486 107.737929 -20.504144
5.357467 107.840053 -20.504144
5.362448 107.942177 -20.504144
5.367428 108.044301 -20.504144
5.372409 108.146425 -20.504144
5.377390 108.248549 -20.504144
5.382370 108.350672 -20.504144
5.387351 108.452796 -20.504144
5.392332 108.554920 -20.504144
5.397312 108.657044 -20.504144
5.402293 108.759168 -20.504144
5.407274 108.861292 -20.504144
5.412254 108.963416 -20.504144
5.417235 109.065540 -20.504144
5.422216 109.167664 -20.504144
5.427196 109.269788 -20.504144
5.432177 109.371911 -20.504144
5.437157 109.474035 -20.504144
5.442138 109.576159 -20.504144
5.447119 109.678283 -20.504144
5.452099 109.780407 -20.504144
5.457080 109.882531 -20.504144
5.462061 109.984655 -20.504144
5.467041 110.086779 -20.504144
5.472022 110.188903 -20.504144
5.477003 110.291027 -20.504144
5.481983 110.393151 -20.504144
5.486964 110.495274 -20.504144
5.491945 110.597398 -20.504144
5.496925 110.699522 -20.504144
5.501906 110.801646 -20.504144
5.506887 110.903770 -20.504144
5.511867 111.005894 -20.504144
5.516848 111.108018 -20.504144
5.521828 111.210142 -20.504144
5.526809 111.312266 -20.504144
5.531790 111.414390 -20.504144
5.536770 111.516513 -20.504144
5.541751 111.618637 -20.504144
5.546732 111.720761 -20.504144
5.551712 111.822885 -20.504144
5.556693 111.925009 -20.504144
5.561674 112.027133 -20.504144
5.566654 112.129257 -20.504144
5.571635 112.231381 -20.504144
5.576616 112.333505 -20.504144
5.581596 112.435629 -20.504144
5.586577 112.537753 -20.504144
5.591558 112.639876 -20.504144
5.596538 112.742000 -20.504144
5.601519 112.844124 -20.504144
5.606499 112.946248 -20.504144
5.611480 113.048372 -20.504144
5.616461 113.150496 -20.504144
5.621441 113.252620 -20.504144
5.626422 113.354744 -20.504144
5.631403 113.456868 -20.504144
5.636383 113.558992 -20.504144
5.641364 113.661115 -20.504144
5.646345 113.763239 -20.504144
5.651325 113.865363 -20.504144
5.656306 113.967487 -20.504144
5.661287 114.069611 -20.504144
5.666267 114.171735 -20.504144
5.671248 114.273859 -20.504144
5.676229 114.375983 -20.504144
5.681209 114.478107 -20.504144
5.686190 114.580231 -20.504144
5.691170 114.682354 -20.504144
5.696151 114.784478 -20.504144
5.701132 114.886602 -20.504144
5.706112 114.988726 -20.504144
5.711093 115.090850 -20.504144
5.716074 115.192974 -20.504144
5.721054 115.295098 -20.504144
5.726035 115.397222 -20.504144
5.731016 115.499346 -20.504144
5.735996 115.601470 -20.504144
5.740977 115.703594 -20.504144
5.745958 115.805717 -20.504144
5.750938 115.907841 -20.504144
5.755919 116.009965 -20.504144
5.760900 116.112089 -20.504144
5.765880 116.214213 -20.504144
5.770861 116.316337 -20.504144
5.775841 116.418461 -20.504144
5.780822 116.520585 -20.504144
5.785803 116.622709 -20.504144
5.790783 116.724833 -20.504144
5.795764 116.826956 -20.504144
5.800745 116.929080 -20.504144
5.805725 117.031204 -20.504144
5.810706 117.133328 -20.504144
5.815687 117.235452 -20.504144
5.820667 117.337576 -20.504144
5.825648 117.439700 -20.504144
5.830629 117.541824 -20.504144
5.835609 117.643948 -20.504144
5.840590 117.746072 -20.504144
5.845571 117.848196 -20.504144
5.850551 117.950319 -20.504144
5.855532 118.052443 -20.504144
5.860512 118.154567 -20.504144
5.865493 118.256691 -20.504144
5.870474 118.358815 -20.504144
5.875454 118.460939 -20.504144
5.880435 118.563063 -20.504144
5.885416 118.665187 -20.504144
5.890396 118.767311 -20.504144
5.895377 118.869435 -20.504144
5.900358 118.971558 -20.504144
5.905338 119.073682 -20.504144
5.910319 119.175806 -20.504144
5.915300 119.277930 -20.504144
5.920280 119.380054 -20.504144
5.925261 119.482178 -20.504144
5.930242 119.584302 -20.504144
5.935222 119.686426 -20.504144
5.940203 119.788550 -20.504144
5.945184 119.890674 -20.504144
5.950164 119.992798 -20.504144
5.955145 120.094921 -20.504144
5.960125 120.197045 -20.504144
5.965106 120.299169 -20.504144
5.970087 120.401293 -20.504144
5.975067 120.503417 -20.504144
5.980048 120.605541 -20.504144
5.985029 120.707665 -20.504144
5.990009 120.809789 -20.504144
5.994990 120.911913 -20.504144
5.999971 121.014037 -20.504144
6.004951 121.116160 -20.504144
6.009932 121.218284 -20.504144
6.014913 121.320408 -20.504144
6.019893 121.422532 -20.504144
6.024874 121.524656 -20.504144
6.029855 121.626780 -20.504144
6.034835 121.728904 -20.504144
6.039816 121.831028 -20.504144
6.044796 121.933152 -20.504144
6.049777 122.035276 -20.504144
6.054758 122.137400 -20.504144
6.059738 122.239523 -20.504144
6.064719 122.341647 -20.504144
6.069700 122.443771 -20.504144
6.074680 122.545895 -20.504144
6.079661 122.648019 -20.504144
6.084642 122.750143 -20.504144
6.089622 122.852267 -20.504144
6.094603 122.954391 -20.504144
6.099584 123.056515 -20.504144
6.104564 123.158639 -20.504144
6.109545 123.260762 -20.504144
6.114526 123.362886 -20.504144
6.119506 123.465010 -20.504144
6.124487 123.567134 -20.504144
6.129467 123.669258 -20.504144
6.134448 123.771382 -20.504144
6.139429 123.873506 -20.504144
6.144409 123.975630 -20.504144
6.149390 124.077754 -20.504144
6.154371 124.179878 -20.504144
6.159351 124.282001 -20.504144
6.164332 124.384125 -20.504144
6.169313 124.486249 -20.504144
6.174293 124.588373 -20.504144
6.179274 124.690497 -20.504144
6.184255 124.792621 -20.504144
6.189235 124.894745 -20.504144
6.194216 124.996869 -20.504144
6.199197 125.098993 -20.504144
6.204177 125.201117 -20.504144
6.209158 125.303241 -20.504144
6.214138 125.405364 -20.504144
6.219119 125.507488 -20.504144
6.224100 125.609612 -20.504144
6.229080 125.711736 -20.504144
6.234061 125.813860 -20.504144
6.239042 125.915984 -20.504144
6.244022 126.018108 -20.504144
6.249003 126.120232 -20.504144
6.253984 126.222356 -20.504144
6.258964 126.324480 -20.504144
6.263945 126.426603 -20.504144
6.268926 126.528727 -20.504144
6.273906 126.630851 -20.504144
6.278887 126.732975 -20.504144
6.283868 126.835099 -20.504144
6.288848 126.937223 -20.504144
6.293829 127.039347 -20.504144
6.298809 127.141471 -20.504144
6.303790 127.243595 -20.504144
6.308771 127.345719 -20.504144
6.313751 127.447843 -20.504144
6.318732 127.549966 -20.504144
6.323713 127.652090 -20.504144
6.328693 127.754214 -20.504144
6.333674 127.856338 -20.504144
6.338655 127.958462 -20.504144
6.343635 128.060586 -20.504144
6.348616 128.162710 -20.504144
6.353597 128.264834 -20.504144
6.358577 128.366958 -20.504144
6.363558 128.469082 -20.504144
6.368539 128.571205 -20.504144
6.373519 128.673329 -20.504144
6.378500 128.775453 -20.504144
6.383480 128.877577 -20.504144
6.388461 128.979701 -20.504144
6.393442 129.081825 -20.504144
6.398422 129.183949 -20.504144
6.403403 129.286073 -20.504144
6.408384 129.388197 -20.504144
6.413364 129.490321 -20.504144
6.418345 129.592445 -20.504144
6.423326 129.694568 -20.504144
6.428306 129.796692 -20.504144
6.433287 129.898816 -20.504144
6.438268 130.000940 -20.504144
6.443248 130.103064 -20.504144
6.448229 130.205188 -20.504144
6.453210 130.307312 -20.504144
6.458190 130.409436 -20.504144
6.463171 130.511560 -20.504144
6.468151 130.613684 -20.504144
6.473132 130.715807 -20.504144
6.478113 130.817931 -20.504144
6.483093 130.920055 -20.504144
6.488074 131.022179 -20.504144
6.493055 131.124303 -20.504144
6.498035 131.226427 -20.504144
6.503016 131.328551 -20.504144
6.507997 131.430675 -20.504144
6.512977 131.532799 -20.504144
6.517958 131.634923 -20.504144
6.522939 131.737047 -20.504144
6.527919 131.839170 -20.504144
6.532900 131.941294 -20.504144
6.537881 132.043418 -20.504144
6.542861 132.145542 -20.504144
6.547842 132.247666 -20.504144
6.552822 132.349790 -20.504144
6.557803 132.451914 -20.504144
6.562784 132.554038 -20.504144
6.567764 132.656162 -20.504144
6.572745 132.758286 -20.504144
6.577726 132.860409 -20.504144
6.582706 132.962533 -20.504144
6.587687 133.064657 -20.504144
6.592668 133.166781 -20.504144
6.597648 133.268905 -20.504144
6.602629 133.371029 -20.504144
6.607610 133.473153 -20.504144
6.612590 133.575277 -20.504144
6.617571 133.677401 -20.504144
6.622552 133.779525 -20.504144
6.627532 133.881648 -20.504144
6.632513 133.983772 -20.504144
6.637493 134.085896 -20.504144
6.642474 134.188020 -20.504144
6.647455 134.290144 -20.504144
6.652435 134.392268 -20.504144
6.657416 134.494392 -20.504144
6.662397 134.596516 -20.504144
6.667377 134.698640 -20.504144
6.672358 134.800764 -20.504144
6.677339 134.902888 -20.504144
6.682319 135.005011 -20.504144
6.687300 135.107135 -20.504144
6.692281 135.209259 -20.504144
6.697261 135.311383 -20.504144
6.702242 135.413507 -20.504144
6.707223 135.515631 -20.504144
6.712203 135.617755 -20.504144
6.717184 135.719879 -20.504144
6.722164 135.822003 -20.504144
6.727145 135.924127 -20.504144
6.732126 136.026250 -20.504144
6.737106 136.128374 -20.504144
6.742087 136.230498 -20.504144
6.747068 136.332622 -20.504144
6.752048 136.434746 -20.504144
6.757029 136.536870 -20.504144
6.762010 136.638994 -20.504144
6.766990 136.741118 -20.504144
6.771971 136.843242 -20.504144
6.776952 136.945366 -20.504144
6.781932 137.047490 -20.504144
6.786913 137.149613 -20.504144
6.791894 137.251737 -20.504144
6.796874 137.353861 -20.504144
6.801855 137.455985 -20.504144
6.806835 137.558109 -20.504144
6.811816 137.660233 -20.504144
6.816797 137.762357 -20.504144
6.821777 137.864481 -20.504144
6.826758 137.966605 -20.504144
6.831739 138.068729 -20.504144
6.836719 138.170852 -20.504144
6.841700 138.272976 -20.504144
6.846681 138.375100 -20.504144
6.851661 138.477224 -20.504144
6.856642 138.579348 -20.504144
6.861623 138.681472 -20.504144
6.866603 138.783596 -20.504144
6.871584 138.885720 -20.504144
6.876565 138.987844 -20.504144
6.881545 139.089968 -20.504144
6.886526 139.192092 -20.504144
6.891506 139.294215 -20.504144
6.896487 139.396339 -20.504144
6.901468 139.498463 -20.504144
6.906448 139.600587 -20.504144
6.911429 139.702711 -20.504144
6.916410 139.804835 -20.504144
6.921390 139.906959 -20.504144
6.926371 140.009083 -20.504144
6.931352 140.111207 -20.504144
6.936332 140.213331 -20.504144
6.941313 140.315454 -20.504144
6.946294 140.417578 -20.504144
6.951274 140.519702 -20.504144
6.956255 140.621826 -20.504144
6.961236 140.723950 -20.504144
6.966216 140.826074 -20.504144
6.971197 140.928198 -20.504144
6.976177 141.030322 -20.504144
6.981158 141.132446 -20.504144
6.986139 141.234570 -20.504144
6.991119 141.336694 -20.504144
6.996100 141.438817 -20.504144
7.001081 141.540941 -20.504144
7.006061 141.643065 -20.504144
7.011042 141.745189 -20.504144
7.016023 141.847313 -20.504144
7.021003 141.949437 -20.504144
7.025984 142.051561 -20.504144
7.030965 142.153685 -20.504144
7.035945 142.255809 -20.504144
7.040926 142.357933 -20.504144
7.045907 142.460056 -20.504144
7.050887 142.562180 -20.504144
7.055868 142.664304 -20.504144
7.060848 142.766428 -20.504144
7.065829 142.868552 -20.504144
7.070810 142.970676 -20.504144
7.075790 143.072800 -20.504144
7.080771 143.174924 -20.504144
7.085752 143.277048 -20.504144
7.090732 143.379172 -20.504144
7.095713 143.481295 -20.504144
7.100694 143.583419 -20.504144
7.105674 143.685543 -20.504144
7.110655 143.787667 -20.504144
7.115636 143.889791 -20.504144
7.120616 143.991915 -20.504144
7.125597 144.094039 -20.504144
7.130578 144.196163 -20.504144
7.135558 144.298287 -20.504144
7.140539 144.400411 -20.504144
7.145519 144.502535 -20.504144
7.150500 144.604658 -20.504144
7.155481 144.706782 -20.504144
7.160461 144.808906 -20.504144
7.165442 144.911030 -20.504144
7.170423 145.013154 -20.504144
7.175403 145.115278 -20.504144
7.180384 145.217402 -20.504144
7.185365 145.319526 -20.504144
7.190345 145.421650 -20.504144
7.195326 145.523774 -20.504144
7.200307 145.625897 -20.504144
7.205287 145.728021 -20.504144
7.210268 145.830145 -20.504144
7.215249 145.932269 -20.504144
7.220229 146.034393 -20.504144
7.225210 146.136517 -20.504144
7.230190 146.238641 -20.504144
7.235171 146.340765 -20.504144
7.240152 146.442889 -20.504144
7.245132 146.545013 -20.504144
7.250113 146.647137 -20.504144
7.255094 146.749260 -20.504144
7.260074 146.851384 -20.504144
7.265055 146.953508 -20.504144
7.270036 147.055632 -20.504144
7.275016 147.157756 -20.504144
7.279997 147.259880 -20.504144
7.284978 147.362004 -20.504144
7.289958 147.464128 -20.504144
7.294939 147.566252 -20.504144
7.299920 147.668376 -20.504144
7.304900 147.770499 -20.504144
7.309881 147.872623 -20.504144
7.314861 147.974747 -20.504144
7.319842 148.076871 -20.504144
7.324823 148.178995 -20.504144
7.329803 148.281119 -20.504144
7.334784 148.383243 -20.504144
7.339765 148.485367 -20.504144
7.344745 148.587491 -20.504144
7.349726 148.689615 -20.504144
7.354707 148.791739 -20.504144
7.359687 148.893862 -20.504144
7.364668 148.995986 -20.504144
7.369649 149.098110 -20.504144
7.374629 149.200234 -20.504144
7.379610 149.302358 -20.504144
7.384591 149.404482 -20.504144
7.389571 149.506606 -20.504144
7.394552 149.608730 -20.504144
7.399532 149.710854 -20.504144
7.404513 149.812978 -20.504144
7.409494 149.915101 -20.504144
7.414474 150.017225 -20.504144
7.419455 150.119349 -20.504144
7.424436 150.221473 -20.504144
7.429416 150.323597 -20.504144
7.434397 150.425721 -20.504144
7.439378 150.527845 -20.504144
7.444358 150.629969 -20.504144
7.449339 150.732093 -20.504144
7.454320 150.834217 -20.504144
7.459300 150.936340 -20.504144
7.464281 151.038464 -20.504144
7.469262 151.140588 -20.504144
7.474242 151.242712 -20.504144
7.479223 151.344836 -20.504144
7.484203 151.446960 -20.504144
7.489184 151.549084 -20.504144
7.494165 151.651208 -20.504144
7.499145 151.753332 -20.504144
7.504126 151.855456 -20.504144
7.509107 151.957580 -20.504144
7.514087 152.059703 -20.504144
7.519068 152.161827 -20.504144
7.524049 152.263951 -20.504144
7.529029 152.366075 -20.504144
7.534010 152.468199 -20.504144
7.538991 152.570323 -20.504144
7.543971 152.672447 -20.504144
7.548952 152.774571 -20.504144
7.553933 152.876695 -20.504144
7.558913 152.978819 -20.504144
7.563894 153.080942 -20.504144
7.568874 153.183066 -20.504144
7.573855 153.285190 -20.504144
7.578836 153.387314 -20.504144
7.583816 153.489438 -20.504144
7.588797 153.591562 -20.504144
7.593778 153.693686 -20.504144
7.598758 153.795810 -20.504144
7.603739 153.897934 -20.504144
7.608720 154.000058 -20.504144
7.613700 154.102182 -20.504144
7.618681 154.204305 -20.504144
7.623662 154.306429 -20.504144
7.628642 154.408553 -20.504144
7.633623 154.510677 -20.504144
7.638604 154.612801 -20.504144
7.643584 154.714925 -20.504144
7.648565 154.817049 -20.504144
7.653545 154.919173 -20.504144
7.658526 155.021297 -20.504144
7.663507 155.123421 -20.504144
7.668487 155.225544 -20.504144
7.673468 155.327668 -20.504144
7.678449 155.429792 -20.504144
7.683429 155.531916 -20.504144
7.688410 155.634040 -20.504144
7.693391 155.736164 -20.504144
7.698371 155.838288 -20.504144
7.703352 155.940412 -20.504144
7.708333 156.042536 -20.504144
7.713313 156.144660 -20.504144
7.718294 156.246784 -20.504144
7.723275 156.348907 -20.504144
7.728255 156.451031 -20.504144
7.733236 156.553155 -20.504144
7.738216 156.655279 -20.504144
7.743197 156.757403 -20.504144
7.748178 156.859527 -20.504144
7.753158 156.961651 -20.504144
7.758139 157.063775 -20.504144
7.763120 157.165899 -20.504144
7.768100 157.268023 -20.504144
7.773081 157.370146 -20.504144
7.778062 157.472270 -20.504144
7.783042 157.574394 -20.504144
7.788023 157.676518 -20.504144
7.793004 157.778642 -20.504144
7.797984 157.880766 -20.504144
7.802965 157.982890 -20.504144
7.807946 158.085014 -20.504144
7.812926 158.187138 -20.504144
7.817907 158.289262 -20.504144
7.822887 158.391386 -20.504144
7.827868 158.493509 -20.504144
7.832849 158.595633 -20.504144
7.837829 158.697757 -20.504144
7.842810 158.799881 -20.504144
7.847791 158.902005 -20.504144
7.852771 159.004129 -20.504144
7.857752 159.106253 -20.504144
7.862733 159.208377 -20.504144
7.867713 159.310501 -20.504144
7.872694 159.412625 -20.504144
7.877675 159.514748 -20.504144
7.882655 159.616872 -20.504144
7.887636 159.718996 -20.504144
7.892617 159.821120 -20.504144
7.897597 159.923244 -20.504144
7.902578 160.025368 -20.504144
7.907558 160.127492 -20.504144
7.912539 160.229616 -20.504144
7.917520 160.331740 -20.504144
7.922500 160.433864 -20.504144
7.927481 160.535987 -20.504144
7.932462 160.638111 -20.504144
7.937442 160.740235 -20.504144
7.942423 160.842359 -20.504144
7.947404 160.944483 -20.504144
7.952384 161.046607 -20.504144
7.957365 161.148731 -20.504144
7.962346 161.250855 -20.504144
7.967326 161.352979 -20.504144
7.972307 161.455103 -20.504144
7.977288 161.557227 -20.504144
7.982268 161.659350 -20.504144
7.987249 161.761474 -20.504144
7.992229 161.863598 -20.504144
7.997210 161.965722 -20.504144
8.002191 162.067846 -20.504144
8.007171 162.169970 -20.504144
8.012152 162.272094 -20.504144
8.017133 162.374218 -20.504144
8.022113 162.476342 -20.504144
8.027094 162.578466 -20.504144
8.032075 162.680589 -20.504144
8.037055 162.782713 -20.504144
8.042036 162.884837 -20.504144
8.047017 162.986961 -20.504144
8.051997 163.089085 -20.504144
8.056978 163.191209 -20.504144
8.061959 163.293333 -20.504144
8.066939 163.395457 -20.504144
8.071920 163.497581 -20.504144
8.076900 163.599705 -20.504144
8.081881 163.701829 -20.504144
8.086862 163.803952 -20.504144
8.091842 163.906076 -20.504144
8.096823 164.008200 -20.504144
8.101804 164.110324 -20.504144
8.106784 164.212448 -20.504144
8.111765 164.314572 -20.504144
8.116746 164.416696 -20.504144
8.121726 164.518820 -20.504144
8.126707 164.620944 -20.504144
8.131688 164.723068 -20.504144
8.136668 164.825191 -20.504144
8.141649 164.927315 -20.504144
8.146630 165.029439 -20.504144
8.151610 165.131563 -20.504144
8.156591 165.233687 -20.504144
8.161571 165.335811 -20.504144
8.166552 165.437935 -20.504144
8.171533 165.540059 -20.504144
8.176513 165.642183 -20.504144
8.181494 165.744307 -20.504144
8.186475 165.846431 -20.504144
8.191455 165.948554 -20.504144
8.196436 166.050678 -20.504144
8.201417 166.152802 -20.504144
8.206397 166.254926 -20.504144
8.211378 166.357050 -20.504144
8.216359 166.459174 -20.504144
8.221339 166.561298 -20.504144
8.226320 166.663422 -20.504144
8.231301 166.765546 -20.504144
8.236281 166.867670 -20.504144
8.241262 166.969793 -20.504144
8.246242 167.071917 -20.504144
8.251223 167.174041 -20.504144
8.256204 167.276165 -20.504144
8.261184 167.378289 -20.504144
8.266165 167.480413 -20.504144
8.271146 167.582537 -20.504144
8.276126 167.684661 -20.504144
8.281107 167.786785 -20.504144
8.286088 167.888909 -20.504144
8.291068 167.991033 -20.504144
8.296049 168.093156 -20.504144
8.301030 168.195280 -20.504144
8.306010 168.297404 -20.504144
8.310991 168.399528 -20.504144
8.315972 168.501652 -20.504144
8.320952 168.603776 -20.504144
8.325933 168.705900 -20.504144
8.330913 168.808024 -20.504144
8.335894 168.910148 -20.504144
8.340875 169.012272 -20.504144
8.345855 169.114395 -20.504144
8.350836 169.216519 -20.504144
8.355817 169.318643 -20.504144
8.360797 169.420767 -20.504144
8.365778 169.522891 -20.504144
8.370759 169.625015 -20.504144
8.375739 169.727139 -20.504144
8.380720 169.829263 -20.504144
8.385701 169.931387 -20.504144
8.390681 170.033511 -20.504144
8.395662 170.135634 -20.504144
8.400643 170.237758 -20.504144
8.405623 170.339882 -20.504144
8.410604 170.442006 -20.504144
8.415584 170.544130 -20.504144
8.420565 170.646254 -20.504144
8.425546 170.748378 -20.504144
8.430526 170.850502 -20.504144
8.435507 170.952626 -20.504144
8.440488 171.054750 -20.504144
8.445468 171.156874 -20.504144
8.450449 171.258997 -20.504144
8.455430 171.361121 -20.504144
8.460410 171.463245 -20.504144
8.465391 171.565369 -20.504144
8.470372 171.667493 -20.504144
8.475352 171.769617 -20.504144
8.480333 171.871741 -20.504144
8.485314 171.973865 -20.504144
8.490294 172.075989 -20.504144
8.495275 172.178113 -20.504144
8.500255 172.280236 -20.504144
8.505236 172.382360 -20.504144
8.510217 172.484484 -20.504144
8.515197 172.586608 -20.504144
8.520178 172.688732 -20.504144
8.525159 172.790856 -20.504144
8.530139 172.892980 -20.504144
8.535120 172.995104 -20.504144
8.540101 173.097228 -20.504144
8.545081 173.199352 -20.504144
8.550062 173.301476 -20.504144
8.555043 173.403599 -20.504144
8.560023 173.505723 -20.504144
8.565004 173.607847 -20.504144
8.569985 173.709971 -20.504144
8.574965 173.812095 -20.504144
8.579946 173.914219 -20.504144
8.584926 174.016343 -20.504144
8.589907 174.118467 -20.504144
8.594888 174.220591 -20.504144
8.599868 174.322715 -20.504144
8.604849 174.424838 -20.504144
8.609830 174.526962 -20.504144
8.614810 174.629086 -20.504144
8.619791 174.731210 -20.504144
8.624772 174.833334 -20.504144
8.629752 174.935458 -20.504144
8.634733 175.037582 -20.504144
8.639714 175.139706 -20.504144
8.644694 175.241830 -20.504144
8.649675 175.343954 -20.504144
8.654656 175.446078 -20.504144
8.659636 175.548201 -20.504144
8.664617 175.650325 -20.504144
8.669597 175.752449 -20.504144
8.674578 175.854573 -20.504144
8.679559 175.956697 -20.504144
8.684539 176.058821 -20.504144
8.689520 176.160945 -20.504144
8.694501 176.263069 -20.504144
8.699481 176.365193 -20.504144
8.704462 176.467317 -20.504144
8.709443 176.569440 -20.504144
8.714423 176.671564 -20.504144
8.719404 176.773688 -20.504144
8.724385 176.875812 -20.504144
8.729365 176.977936 -20.504144
8.734346 177.080060 -20.504144
8.739327 177.182184 -20.504144
8.744307 177.284308 -20.504144
8.749288 177.386432 -20.504144
8.754268 177.488556 -20.504144
8.759249 177.590680 -20.504144
8.764230 177.692803 -20.504144
8.769210 177.794927 -20.504144
8.774191 177.897051 -20.504144
8.779172 177.999175 -20.504144
8.784152 178.101299 -20.504144
8.789133 178.203423 -20.504144
8.794114 178.305547 -20.504144
8.799094 178.407671 -20.504144
8.804075 178.509795 -20.504144
8.809056 178.611919 -20.504144
8.814036 178.714042 -20.504144
8.819017 178.816166 -20.504144
8.823998 178.918290 -20.504144
8.828978 179.020414 -20.504144
8.833959 179.122538 -20.504144
8.838939 179.224662 -20.504144
8.843920 179.326786 -20.504144
8.848901 179.428910 -20.504144
8.853881 179.531034 -20.504144
8.858862 179.633158 -20.504144
8.863843 179.735281 -20.504144
8.868823 179.837405 -20.504144
8.873804 179.939529 -20.504144
8.878785 180.041653 -20.504144
8.883765 180.143777 -20.504144
8.888746 180.245901 -20.504144
8.893727 180.348025 -20.504144
8.898707 180.450149 -20.504144
8.903688 180.552273 -20.504144
8.908669 180.654397 -20.504144
8.913649 180.756521 -20.504144
8.918630 180.858644 -20.504144
8.923610 180.960768 -20.504144
8.928591 181.062892 -20.504144
8.933572 181.165016 -20.504144
8.938552 181.267140 -20.504144
8.943533 181.369264 -20.504144
8.948514 181.471388 -20.504144
8.953494 181.573512 -20.504144
8.958475 181.675636 -20.504144
8.963456 181.777760 -20.504144
8.968436 181.879883 -20.504144
8.973417 181.982007 -20.504144
8.978398 182.084131 -20.504144
8.983378 182.186255 -20.504144
8.988359 182.288379 -20.504144
8.993340 182.390503 -20.504144
8.998320 182.492627 -20.504144
9.003301 182.594751 -20.504144
9.008281 182.696875 -20.504144
9.013262 182.798999 -20.504144
9.018243 182.901123 -20.504144
9.023223 183.003246 -20.504144
9.028204 183.105370 -20.504144
9.033185 183.207494 -20.504144
9.038165 183.309618 -20.504144
9.043146 183.411742 -20.504144
9.048127 183.513866 -20.504144
9.053107 183.615990 -20.504144
9.058088 183.718114 -20.504144
9.063069 183.820238 -20.504144
9.068049 183.922362 -20.504144
9.073030 184.024485 -20.504144
9.078011 184.126609 -20.504144
9.082991 184.228733 -20.504144
9.087972 184.330857 -20.504144
9.092952 184.432981 -20.504144
9.097933 184.535105 -20.504144
9.102914 184.637229 -20.504144
9.107894 184.739353 -20.504144
9.112875 184.841477 -20.504144
9.117856 184.943601 -20.504144
9.122836 185.045725 -20.504144
9.127817 185.147848 -20.504144
9.132798 185.249972 -20.504144
9.137778 185.352096 -20.504144
9.142759 185.454220 -20.504144
9.147740 185.556344 -20.504144
9.152720 185.658468 -20.504144
9.157701 185.760592 -20.504144
9.162682 185.862716 -20.504144
9.167662 185.964840 -20.504144
9.172643 186.066964 -20.504144
9.177623 186.169087 -20.504144
9.182604 186.271211 -20.504144
9.187585 186.373335 -20.504144
9.192565 186.475459 -20.504144
9.197546 186.577583 -20.504144
9.202527 186.679707 -20.504144
9.207507 186.781831 -20.504144
9.212488 186.883955 -20.504144
9.217469 186.986079 -20.504144
9.222449 187.088203 -20.504144
9.227430 187.190326 -20.504144
9.232411 187.292450 -20.504144
9.237391 187.394574 -20.504144
9.242372 187.496698 -20.504144
9.247353 187.598822 -20.504144
9.252333 187.700946 -20.504144
9.257314 187.803070 -20.504144
9.262294 187.905194 -20.504144
9.267275 188.007318 -20.504144
9.272256 188.109442 -20.504144
9.277236 188.211566 -20.504144
9.282217 188.313689 -20.504144
9.287198 188.415813 -20.504144
9.292178 188.517937 -20.504144
9.297159 188.620061 -20.504144
9.302140 188.722185 -20.504144
9.307120 188.824309 -20.504144
9.312101 188.926433 -20.504144
9.317082 189.028557 -20.504144
9.322062 189.130681 -20.504144
9.327043 189.232805 -20.504144
9.332024 189.334928 -20.504144
9.337004 189.437052 -20.504144
9.341985 189.539176 -20.504144
9.346965 189.641300 -20.504144
9.351946 189.743424 -20.504144
9.356927 189.845548 -20.504144
9.361907 189.947672 -20.504144
9.366888 190.049796 -20.504144
9.371869 190.151920 -20.504144
9.376849 190.254044 -20.504144
9.381830 190.356168 -20.504144
9.386811 190.458291 -20.504144
9.391791 190.560415 -20.504144
9.396772 190.662539 -20.504144
9.401753 190.764663 -20.504144
9.406733 190.866787 -20.504144
9.411714 190.968911 -20.504144
9.416695 191.071035 -20.504144
9.421675 191.173159 -20.504144
9.426656 191.275283 -20.504144
9.431636 191.377407 -20.504144
9.436617 191.479530 -20.504144
9.441598 191.581654 -20.504144
9.446578 191.683778 -20.504144
9.451559 191.785902 -20.504144
9.456540 191.888026 -20.504144
9.461520 191.990150 -20.504144
9.466501 192.092274 -20.504144
9.471482 192.194398 -20.504144
9.476462 192.296522 -20.504144
9.481443 192.398646 -20.504144
9.486424 192.500770 -20.504144
9.491404 192.602893 -20.504144
9.496385 192.705017 -20.504144
9.501366 192.807141 -20.504144
9.506346 192.909265 -20.504144
9.511327 193.011389 -20.504144
9.516307 193.113513 -20.504144
9.521288 193.215637 -20.504144
9.526269 193.317761 -20.504144
9.531249 193.419885 -20.504144
9.536230 193.522009 -20.504144
9.541211 193.624132 -20.504144
9.546191 193.726256 -20.504144
9.551172 193.828380 -20.504144
9.556153 193.930504 -20.504144
9.561133 194.032628 -20.504144
9.566114 194.134752 -20.504144
9.571095 194.236876 -20.504144
9.576075 194.339000 -20.504144
9.581056 194.441124 -20.504144
9.586037 194.543248 -20.504144
9.591017 194.645372 -20.504144
9.595998 194.747495 -20.504144
9.600979 194.849619 -20.504144
9.605959 194.951743 -20.504144
9.610940 195.053867 -20.504144
9.615920 195.155991 -20.504144
9.620901 195.258115 -20.504144
9.625882 195.360239 -20.504144
9.630862 195.462363 -20.504144
9.635843 195.564487 -20.504144
9.640824 195.666611 -20.504144
9.645804 195.768734 -20.504144
9.650785 195.870858 -20.504144
9.655766 195.972982 -20.504144
9.660746 196.075106 -20.504144
9.665727 196.177230 -20.504144
9.670708 196.279354 -20.504144
9.675688 196.381478 -20.504144
9.680669 196.483602 -20.504144
9.685650 196.585726 -20.504144
9.690630 196.687850 -20.504144
9.695611 196.789973 -20.504144
9.700591 196.892097 -20.504144
9.705572 196.994221 -20.504144
9.710553 197.096345 -20.504144
9.715533 197.198469 -20.504144
9.720514 197.300593 -20.504144
9.725495 197.402717 -20.504144
9.730475 197.504841 -20.504144
9.735456 197.606965 -20.504144
9.740437 197.709089 -20.504144
9.745417 197.811213 -20.504144
9.750398 197.913336 -20.504144
9.755379 198.015460 -20.504144
9.760359 198.117584 -20.504144
9.765340 198.219708 -20.504144
9.770321 198.321832 -20.504144
9.775301 198.423956 -20.504144
9.780282 198.526080 -20.504144
9.785262 198.628204 -20.504144
9.790243 198.730328 -20.504144
9.795224 198.832452 -20.504144
9.800204 198.934575 -20.504144
9.805185 199.036699 -20.504144
9.810166 199.138823 -20.504144
9.815146 199.240947 -20.504144
9.820127 199.343071 -20.504144
9.825108 199.445195 -20.504144
9.830088 199.547319 -20.504144
9.835069 199.649443 -20.504144
9.840050 199.751567 -20.504144
9.845030 199.853691 -20.504144
9.850011 199.955815 -20.504144
9.854992 200.057938 -20.504144
9.859972 200.160062 -20.504144
9.864953 200.262186 -20.504144
9.869933 200.364310 -20.504144
9.874914 200.466434 -20.504144
9.879895 200.568558 -20.504144
9.884875 200.670682 -20.504144
9.889856 200.772806 -20.504144
9.894837 200.874930 -20.504144
9.899817 200.977054 -20.504144
9.904798 201.079177 -20.504144
9.909779 201.181301 -20.504144
9.914759 201.283425 -20.504144
9.919740 201.385549 -20.504144
9.924721 201.487673 -20.504144
9.929701 201.589797 -20.504144
9.934682 201.691921 -20.504144
9.939663 201.794045 -20.504144
9.944643 201.896169 -20.504144
9.949624 201.998293 -20.504144
9.954604 202.100417 -20.504144
9.959585 202.202540 -20.504144
9.964566 202.304664 -20.504144
9.969546 202.406788 -20.504144
9.974527 202.508912 -20.504144
9.979508 202.611036 -20.504144
9.984488 202.713160 -20.504144
9.989469 202.815284 -20.504144
9.994450 202.917408 -20.504144
9.999430 203.019532 -20.504144
10.004411 203.121656 -20.504144
10.009392 203.223779 -20.504144
10.014372 203.325903 -20.504144
10.019353 203.428027 -20.504144
10.024334 203.530151 -20.504144
10.029314 203.632275 -20.504144
10.034295 203.734399 -20.504144
10.039275 203.836523 -20.504144
10.044256 203.938647 -20.504144
10.049237 204.040771 -20.504144
10.054217 204.142895 -20.504144
10.059198 204.245019 -20.504144
10.064179 204.347142 -20.504144
10.069159 204.449266 -20.504144
10.074140 204.551390 -20.504144
10.079121 204.653514 -20.504144
10.084101 204.755638 -20.504144
10.089082 204.857762 -20.504144
10.094063 204.959886 -20.504144
10.099043 205.062010 -20.504144
10.104024 205.164134 -20.504144
10.109005 205.266258 -20.504144
10.113985 205.368381 -20.504144
10.118966 205.470505 -20.504144
10.123946 205.572629 -20.504144
10.128927 205.674753 -20.504144
10.133908 205.776877 -20.504144
10.138888 205.879001 -20.504144
10.143869 205.981125 -20.504144
10.148850 206.083249 -20.504144
10.153830 206.185373 -20.504144
10.158811 206.287497 -20.504144
10.163792 206.389620 -20.504144
10.168772 206.491744 -20.504144
10.173753 206.593868 -20.504144
10.178734 206.695992 -20.504144
10.183714 206.798116 -20.504144
10.188695 206.900240 -20.504144
10.193676 207.002364 -20.504144
10.198656 207.104488 -20.504144
10.203637 207.206612 -20.504144
10.208617 207.308736 -20.504144
10.213598 207.410860 -20.504144
10.218579 207.512983 -20.504144
10.223559 207.615107 -20.504144
10.228540 207.717231 -20.504144
10.233521 207.819355 -20.504144
10.238501 207.921479 -20.504144
10.243482 208.023603 -20.504144
10.248463 208.125727 -20.504144
10.253443 208.227851 -20.504144
10.258424 208.329975 -20.504144
10.263405 208.432099 -20.504144
10.268385 208.534222 -20.504144
10.273366 208.636346 -20.504144
10.278347 208.738470 -20.504144
10.283327 208.840594 -20.504144
10.288308 208.942718 -20.504144
10.293288 209.044842 -20.504144
10.298269 209.146966 -20.504144
10.303250 209.249090 -20.504144
10.308230 209.351214 -20.504144
10.313211 209.453338 -20.504144
10.318192 209.555462 -20.504144
10.323172 209.657585 -20.504144
10.328153 209.759709 -20.504144
10.333134 209.861833 -20.504144
10.338114 209.963957 -20.504144
10.343095 210.066081 -20.504144
10.348076 210.168205 -20.504144
10.353056 210.270329 -20.504144
10.358037 210.372453 -20.504144
10.363018 210.474577 -20.504144
10.367998 210.576701 -20.504144
10.372979 210.678824 -20.504144
10.377959 210.780948 -20.504144
10.382940 210.883072 -20.504144
10.387921 210.985196 -20.504144
10.392901 211.087320 -20.504144
10.397882 211.189444 -20.504144
10.402863 211.291568 -20.504144
10.407843 211.393692 -20.504144
10.412824 211.495816 -20.504144
10.417805 211.597940 -20.504144
10.422785 211.700064 -20.504144
10.427766 211.802187 -20.504144
10.432747 211.904311 -20.504144
10.437727 212.006435 -20.504144
10.442708 212.108559 -20.504144
10.447689 212.210683 -20.504144
10.452669 212.312807 -20.504144
10.457650 212.414931 -20.504144
10.462630 212.517055 -20.504144
10.467611 212.619179 -20.504144
10.472592 212.721303 -20.504144
10.477572 212.823426 -20.504144
10.482553 212.925550 -20.504144
10.487534 213.027674 -20.504144
10.492514 213.129798 -20.504144
10.497495 213.231922 -20.504144
10.502476 213.334046 -20.504144
10.507456 213.436170 -20.504144
10.512437 213.538294 -20.504144
10.517418 213.640418 -20.504144
10.522398 213.742542 -20.504144
10.527379 213.844666 -20.504144
10.532360 213.946789 -20.504144
10.537340 214.048913 -20.504144
10.542321 214.151037 -20.504144
10.547301 214.253161 -20.504144
10.552282 214.355285 -20.504144
10.557263 214.457409 -20.504144
10.562243 214.559533 -20.504144
10.567224 214.661657 -20.504144
10.572205 214.763781 -20.504144
10.577185 214.865905 -20.504144
10.582166 214.968028 -20.504144
10.587147 215.070152 -20.504144
10.592127 215.172276 -20.504144
10.597108 215.274400 -20.504144
10.602089 215.376524 -20.504144
10.607069 215.478648 -20.504144
10.612050 215.580772 -20.504144
10.617031 215.682896 -20.504144
10.622011 215.785020 -20.504144
10.626992 215.887144 -20.504144
10.631972 215.989267 -20.504144
10.636953 216.091391 -20.504144
10.641934 216.193515 -20.504144
10.646914 216.295639 -20.504144
10.651895 216.397763 -20.504144
10.656876 216.499887 -20.504144
10.661856 216.602011 -20.504144
10.666837 216.704135 -20.504144
10.671818 216.806259 -20.504144
10.676798 216.908383 -20.504144
10.681779 217.010507 -20.504144
10.686760 217.112630 -20.504144
10.691740 217.214754 -20.504144
10.696721 217.316878 -20.504144
10.701702 217.419002 -20.504144
10.706682 217.521126 -20.504144
10.711663 217.623250 -20.504144
10.716643 217.725374 -20.504144
10.721624 217.827498 -20.504144
10.726605 217.929622 -20.504144
10.731585 218.031746 -20.504144
10.736566 218.133869 -20.504144
10.741547 218.235993 -20.504144
10.746527 218.338117 -20.504144
10.751508 218.440241 -20.504144
10.756489 218.542365 -20.504144
10.761469 218.644489 -20.504144
10.766450 218.746613 -20.504144
10.771431 218.848737 -20.504144
10.776411 218.950861 -20.504144
10.781392 219.052985 -20.504144
10.786373 219.155109 -20.504144
10.791353 219.257232 -20.504144
10.796334 219.359356 -20.504144
10.801314 219.461480 -20.504144
10.806295 219.563604 -20.504144
10.811276 219.665728 -20.504144
10.816256 219.767852 -20.504144
10.821237 219.869976 -20.504144
10.826218 219.972100 -20.504144
10.831198 220.074224 -20.504144
10.836179 220.176348 -20.504144
10.841160 220.278471 -20.504144
10.846140 220.380595 -20.504144
10.851121 220.482719 -20.504144
10.856102 220.584843 -20.504144
10.861082 220.686967 -20.504144
10.866063 220.789091 -20.504144
10.871044 220.891215 -20.504144
10.876024 220.993339 -20.504144
10.881005 221.095463 -20.504144
10.885985 221.197587 -20.504144
10.890966 221.299711 -20.504144
10.895947 221.401834 -20.504144
10.900927 221.503958 -20.504144
10.905908 221.606082 -20.504144
10.910889 221.708206 -20.504144
10.915869 221.810330 -20.504144
10.920850 221.912454 -20.504144
10.925831 222.014578 -20.504144
10.930811 222.116702 -20.504144
10.935792 222.218826 -20.504144
10.940773 222.320950 -20.504144
10.945753 222.423073 -20.504144
10.950734 222.525197 -20.504144
10.955715 222.627321 -20.504144
10.960695 222.729445 -20.504144
10.965676 222.831569 -20.504144
10.970656 222.933693 -20.504144
10.975637 223.035817 -20.504144
10.980618 223.137941 -20.504144
10.985598 223.240065 -20.504144
10.990579 223.342189 -20.504144
10.995560 223.444312 -20.504144
11.000540 223.546436 -20.504144
11.005521 223.648560 -20.504144
11.010502 223.750684 -20.504144
11.015482 223.852808 -20.504144
11.020463 223.954932 -20.504144
11.025444 224.057056 -20.504144
11.030424 224.159180 -20.504144
11.035405 224.261304 -20.504144
11.040386 224.363428 -20.504144
11.045366 224.465552 -20.504144
11.050347 224.567675 -20.504144
11.055327 224.669799 -20.504144
11.060308 224.771923 -20.504144
11.065289 224.874047 -20.504144
11.070269 224.976171 -20.504144
11.075250 225.078295 -20.504144
11.080231 225.180419 -20.504144
11.085211 225.282543 -20.504144
11.090192 225.384667 -20.504144
11.095173 225.486791 -20.504144
11.100153 225.588914 -20.504144
11.105134 225.691038 -20.504144
11.110115 225.793162 -20.504144
11.115095 225.895286 -20.504144
11.120076 225.997410 -20.504144
11.125057 226.099534 -20.504144
11.130037 226.201658 -20.504144
11.135018 226.303782 -20.504144
11.139998 226.405906 -20.504144
11.144979 226.508030 -20.504144
11.149960 226.610154 -20.504144
11.154940 226.712277 -20.504144
11.159921 226.814401 -20.504144
11.164902 226.916525 -20.504144
11.169882 227.018649 -20.504144
11.174863 227.120773 -20.504144
11.179844 227.222897 -20.504144
11.184824 227.325021 -20.504144
11.189805 227.427145 -20.504144
11.194786 227.529269 -20.504144
11.199766 227.631393 -20.504144
11.204747 227.733516 -20.504144
11.209728 227.835640 -20.504144
11.214708 227.937764 -20.504144
11.219689 228.039888 -20.504144
11.224669 228.142012 -20.504144
11.229650 228.244136 -20.504144
11.234631 228.346260 -20.504144
11.239611 228.448384 -20.504144
11.244592 228.550508 -20.504144
11.249573 228.652632 -20.504144
11.254553 228.754756 -20.504144
11.259534 228.856879 -20.504144
11.264515 228.959003 -20.504144
11.269495 229.061127 -20.504144
11.274476 229.163251 -20.504144
11.279457 229.265375 -20.504144
11.284437 229.367499 -20.504144
11.289418 229.469623 -20.504144
11.294399 229.571747 -20.504144
11.299379 229.673871 -20.504144
11.304360 229.775995 -20.504144
11.309340 229.878118 -20.504144
11.314321 229.980242 -20.504144
11.319302 230.082366 -20.504144
11.324282 230.184490 -20.504144
11.329263 230.286614 -20.504144
11.334244 230.388738 -20.504144
11.339224 230.490862 -20.504144
11.344205 230.592986 -20.504144
11.349186 230.695110 -20.504144
11.354166 230.797234 -20.504144
11.359147 230.899358 -20.504144
11.364128 231.001481 -20.504144
11.369108 231.103605 -20.504144
11.374089 231.205729 -20.504144
11.379070 231.307853 -20.504144
11.384050 231.409977 -20.504144
11.389031 231.512101 -20.504144
11.394011 231.614225 -20.504144
11.398992 231.716349 -20.504144
11.403973 231.818473 -20.504144
11.408953 231.920597 -20.504144
11.413934 232.022720 -20.504144
11.418915 232.124844 -20.504144
11.423895 232.226968 -20.504144
11.428876 232.329092 -20.504144
11.433857 232.431216 -20.504144
11.438837 232.533340 -20.504144
11.443818 232.635464 -20.504144
11.448799 232.737588 -20.504144
11.453779 232.839712 -20.504144
11.458760 232.941836 -20.504144
11.463741 233.043959 -20.504144
11.468721 233.146083 -20.504144
11.473702 233.248207 -20.504144
11.478682 233.350331 -20.504144
11.483663 233.452455 -20.504144
11.488644 233.554579 -20.504144
11.493624 233.656703 -20.504144
11.498605 233.758827 -20.504144
11.503586 233.860951 -20.504144
11.508566 233.963075 -20.504144
11.513547 234.065199 -20.504144
11.518528 234.167322 -20.504144
11.523508 234.269446 -20.504144
11.528489 234.371570 -20.504144
11.533470 234.473694 -20.504144
11.538450 234.575818 -20.504144
11.543431 234.677942 -20.504144
11.548412 234.780066 -20.504144
11.553392 234.882190 -20.504144
11.558373 234.984314 -20.504144
11.563353 235.086438 -20.504144
11.568334 235.188561 -20.504144
11.573315 235.290685 -20.504144
11.578295 235.392809 -20.504144
11.583276 235.494933 -20.504144
11.588257 235.597057 -20.504144
11.593237 235.699181 -20.504144
11.598218 235.801305 -20.504144
11.603199 235.903429 -20.504144
11.608179 236.005553 -20.504144
11.613160 236.107677 -20.504144
11.618141 236.209801 -20.504144
11.623121 236.311924 -20.504144
11.628102 236.414048 -20.504144
11.633083 236.516172 -20.504144
11.638063 236.618296 -20.504144
11.643044 236.720420 -20.504144
11.648024 236.822544 -20.504144
11.653005 236.924668 -20.504144
11.657986 237.026792 -20.504144
11.662966 237.128916 -20.504144
11.667947 237.231040 -20.504144
11.672928 237.333163 -20.504144
11.677908 237.435287 -20.504144
11.682889 237.537411 -20.504144
11.687870 237.639535 -20.504144
11.692850 237.741659 -20.504144
11.697831 237.843783 -20.504144
11.702812 237.945907 -20.504144
11.707792 238.048031 -20.504144
11.712773 238.150155 -20.504144
11.717754 238.252279 -20.504144
11.722734 238.354403 -20.504144
11.727715 238.456526 -20.504144
11.732695 238.558650 -20.504144
11.737676 238.660774 -20.504144
11.742657 238.762898 -20.504144
11.747637 238.865022 -20.504144
11.752618 238.967146 -20.504144
11.757599 239.069270 -20.504144
11.762579 239.171394 -20.504144
11.767560 239.273518 -20.504144
11.772541 239.375642 -20.504144
11.777521 239.477765 -20.504144
11.782502 239.579889 -20.504144
11.787483 239.682013 -20.504144
11.792463 239.784137 -20.504144
11.797444 239.886261 -20.504144
11.802425 239.988385 -20.504144
11.807405 240.090509 -20.504144
11.812386 240.192633 -20.504144
11.817366 240.294757 -20.504144
11.822347 240.396881 -20.504144
11.827328 240.499005 -20.504144
11.832308 240.601128 -20.504144
11.837289 240.703252 -20.504144
11.842270 240.805376 -20.504144
11.847250 240.907500 -20.504144
11.852231 241.009624 -20.504144
11.857212 241.111748 -20.504144
11.862192 241.213872 -20.504144
11.867173 241.315996 -20.504144
11.872154 241.418120 -20.504144
11.877134 241.520244 -20.504144
11.882115 241.622367 -20.504144
11.887096 241.724491 -20.504144
11.892076 241.826615 -20.504144
11.897057 241.928739 -20.504144
11.902037 242.030863 -20.504144
11.907018 242.132987 -20.504144
11.911999 242.235111 -20.504144
11.916979 242.337235 -20.504144
11.921960 242.439359 -20.504144
11.926941 242.541483 -20.504144
11.931921 242.643606 -20.504144
11.936902 242.745730 -20.504144
11.941883 242.847854 -20.504144
11.946863 242.949978 -20.504144
11.951844 243.052102 -20.504144
11.956825 243.154226 -20.504144
11.961805 243.256350 -20.504144
11.966786 243.358474 -20.504144
11.971767 243.460598 -20.504144
11.976747 243.562722 -20.504144
11.981728 243.664846 -20.504144
11.986708 243.766969 -20.504144
11.991689 243.869093 -20.504144
11.996670 243.971217 -20.504144
12.001650 244.073341 -20.504144
12.006631 244.175465 -20.504144
12.011612 244.277589 -20.504144
12.016592 244.379713 -20.504144
12.021573 244.481837 -20.504144
12.026554 244.583961 -20.504144
12.031534 244.686085 -20.504144
12.036515 244.788208 -20.504144
12.041496 244.890332 -20.504144
12.046476 244.992456 -20.504144
12.051457 245.094580 -20.504144
12.056438 245.196704 -20.504144
12.061418 245.298828 -20.504144
12.066399 245.400952 -20.504144
12.071379 245.503076 -20.504144
12.076360 245.605200 -20.504144
12.081341 245.707324 -20.504144
12.086321 245.809448 -20.504144
12.091302 245.911571 -20.504144
12.096283 246.013695 -20.504144
12.101263 246.115819 -20.504144
12.106244 246.217943 -20.504144
12.111225 246.320067 -20.504144
12.116205 246.422191 -20.504144
12.121186 246.524315 -20.504144
12.126167 246.626439 -20.504144
12.131147 246.728563 -20.504144
12.136128 246.830687 -20.504144
12.141109 246.932810 -20.504144
12.146089 247.034934 -20.504144
12.151070 247.137058 -20.504144
12.156050 247.239182 -20.504144
12.161031 247.341306 -20.504144
12.166012 247.443430 -20.504144
12.170992 247.545554 -20.504144
12.175973 247.647678 -20.504144
12.180954 247.749802 -20.504144
12.185934 247.851926 -20.504144
12.190915 247.954050 -20.504144
12.195896 248.056173 -20.504144
12.200876 248.158297 -20.504144
12.205857 248.260421 -20.504144
12.210838 248.362545 -20.504144
12.215818 248.464669 -20.504144
12.220799 248.566793 -20.504144
12.225780 248.668917 -20.504144
12.230760 248.771041 -20.504144
12.235741 248.873165 -20.504144
12.240721 248.975289 -20.504144
12.245702 249.077412 -20.504144
12.250683 249.179536 -20.504144
12.255663 249.281660 -20.504144
12.260644 249.383784 -20.504144
12.265625 249.485908 -20.504144
12.270605 249.588032 -20.504144
12.275586 249.690156 -20.504144
12.280567 249.792280 -20.504144
12.285547 249.894404 -20.504144
12.290528 249.996528 -20.504144
12.295509 250.098651 -20.504144
12.300489 250.200775 -20.504144
12.305470 250.302899 -20.504144
12.310451 250.405023 -20.504144
12.315431 250.507147 -20.504144
12.320412 250.609271 -20.504144
12.325392 250.711395 -20.504144
12.330373 250.813519 -20.504144
12.335354 250.915643 -20.504144
12.340334 251.017767 -20.504144
12.345315 251.119891 -20.504144
12.350296 251.222014 -20.504144
12.355276 251.324138 -20.504144
12.360257 251.426262 -20.504144
12.365238 251.528386 -20.504144
12.370218 251.630510 -20.504144
12.375199 251.732634 -20.504144
12.380180 251.834758 -20.504144
12.385160 251.936882 -20.504144
12.390141 252.039006 -20.504144
12.395122 252.141130 -20.504144
12.400102 252.243253 -20.504144
12.405083 252.345377 -20.504144
12.410063 252.447501 -20.504144
12.415044 252.549625 -20.504144
12.420025 252.651749 -20.504144
12.425005 252.753873 -20.504144
12.429986 252.855997 -20.504144
12.434967 252.958121 -20.504144
12.439947 253.060245 -20.504144
12.444928 253.162369 -20.504144
12.449909 253.264493 -20.504144
12.454889 253.366616 -20.504144
12.459870 253.468740 -20.504144
12.464851 253.570864 -20.504144
12.469831 253.672988 -20.504144
12.474812 253.775112 -20.504144
12.479793 253.877236 -20.504144
12.484773 253.979360 -20.504144
12.489754 254.081484 -20.504144
12.494734 254.183608 -20.504144
12.499715 254.285732 -20.504144
12.504696 254.387855 -20.504144
12.509676 254.489979 -20.504144
12.514657 254.592103 -20.504144
12.519638 254.694227 -20.504144
12.524618 254.796351 -20.504144
12.529599 254.898475 -20.504144
12.534580 255.000599 -20.504144
12.539560 255.102723 -20.504144
12.544541 255.204847 -20.504144
12.549522 255.306971 -20.504144
12.554502 255.409095 -20.504144
12.559483 255.511218 -20.504144
12.564464 255.613342 -20.504144
12.569444 255.715466 -20.504144
12.574425 255.817590 -20.504144
12.579405 255.919714 -20.504144
12.584386 256.021838 -20.504144
12.589367 256.123962 -20.504144
12.594347 256.226086 -20.504144
12.599328 256.328210 -20.504144
12.604309 256.430334 -20.504144
12.609289 256.532457 -20.504144
12.614270 256.634581 -20.504144
12.619251 256.736705 -20.504144
12.624231 256.838829 -20.504144
12.629212 256.940953 -20.504144
12.634193 257.043077 -20.504144
12.639173 257.145201 -20.504144
12.644154 257.247325 -20.504144
12.649135 257.349449 -20.504144
12.654115 257.451573 -20.504144
12.659096 257.553697 -20.504144
12.664076 257.655820 -20.504144
12.669057 257.757944 -20.504144
12.674038 257.860068 -20.504144
12.679018 257.962192 -20.504144
12.683999 258.064316 -20.504144
12.688980 258.166440 -20.504144
12.693960 258.268564 -20.504144
12.698941 258.370688 -20.504144
12.703922 258.472812 -20.504144
12.708902 258.574936 -20.504144
12.713883 258.677059 -20.504144
12.718864 258.779183 -20.504144
12.723844 258.881307 -20.504144
12.728825 258.983431 -20.504144
12.733806 259.085555 -20.504144
12.738786 259.187679 -20.504144
12.743767 259.289803 -20.504144
12.748747 259.391927 -20.504144
12.753728 259.494051 -20.504144
12.758709 259.596175 -20.504144
12.763689 259.698298 -20.504144
12.768670 259.800422 -20.504144
12.773651 259.902546 -20.504144
12.778631 260.004670 -20.504144
12.783612 260.106794 -20.504144
12.788593 260.208918 -20.504144
12.793573 260.311042 -20.504144
12.798554 260.413166 -20.504144
12.803535 260.515290 -20.504144
12.808515 260.617414 -20.504144
12.813496 260.719538 -20.504144
12.818477 260.821661 -20.504144
12.823457 260.923785 -20.504144
12.828438 261.025909 -20.504144
12.833418 261.128033 -20.504144
12.838399 261.230157 -20.504144
12.843380 261.332281 -20.504144
12.848360 261.434405 -20.504144
12.853341 261.536529 -20.504144
12.858322 261.638653 -20.504144
12.863302 261.740777 -20.504144
12.868283 261.842900 -20.504144
12.873264 261.945024 -20.504144
12.878244 262.047148 -20.504144
12.883225 262.149272 -20.504144
12.888206 262.251396 -20.504144
12.893186 262.353520 -20.504144
12.898167 262.455644 -20.504144
12.903148 262.557768 -20.504144
12.908128 262.659892 -20.504144
12.913109 262.762016 -20.504144
12.918089 262.864140 -20.504144
12.923070 262.966263 -20.504144
12.928051 263.068387 -20.504144
12.933031 263.170511 -20.504144
12.938012 263.272635 -20.504144
12.942993 263.374759 -20.504144
12.947973 263.476883 -20.504144
12.952954 263.579007 -20.504144
12.957935 263.681131 -20.504144
12.962915 263.783255 -20.504144
12.967896 263.885379 -20.504144
12.972877 263.987502 -20.504144
12.977857 264.089626 -20.504144
12.982838 264.191750 -20.504144
12.987819 264.293874 -20.504144
12.992799 264.395998 -20.504144
12.997780 264.498122 -20.504144
13.002760 264.600246 -20.504144
13.007741 264.702370 -20.504144
13.012722 264.804494 -20.504144
13.017702 264.906618 -20.504144
13.022683 265.008742 -20.504144
13.027664 265.110865 -20.504144
13.032644 265.212989 -20.504144
13.037625 265.315113 -20.504144
13.042606 265.417237 -20.504144
13.047586 265.519361 -20.504144
13.052567 265.621485 -20.504144
13.057548 265.723609 -20.504144
13.062528 265.825733 -20.504144
13.067509 265.927857 -20.504144
13.072490 266.029981 -20.504144
13.077470 266.132104 -20.504144
13.082451 266.234228 -20.504144
13.087431 266.336352 -20.504144
13.092412 266.438476 -20.504144
13.097393 266.540600 -20.504144
13.102373 266.642724 -20.504144
13.107354 266.744848 -20.504144
13.112335 266.846972 -20.504144
13.117315 266.949096 -20.504144
13.122296 267.051220 -20.504144
13.127277 267.153344 -20.504144
13.132257 267.255467 -20.504144
13.137238 267.357591 -20.504144
13.142219 267.459715 -20.504144
13.147199 267.561839 -20.504144
13.152180 267.663963 -20.504144
13.157161 267.766087 -20.504144
13.162141 267.868211 -20.504144
13.167122 267.970335 -20.504144
13.172102 268.072459 -20.504144
13.177083 268.174583 -20.504144
13.182064 268.276706 -20.504144
13.187044 268.378830 -20.504144
13.192025 268.480954 -20.504144
13.197006 268.583078 -20.504144
13.201986 268.685202 -20.504144
13.206967 268.787326 -20.504144
13.211948 268.889450 -20.504144
13.216928 268.991574 -20.504144
13.221909 269.093698 -20.504144
13.226890 269.195822 -20.504144
13.231870 269.297945 -20.504144
13.236851 269.400069 -20.504144
13.241832 269.502193 -20.504144
13.246812 269.604317 -20.504144
13.251793 269.706441 -20.504144
13.256774 269.808565 -20.504144
13.261754 269.910689 -20.504144
13.266735 270.012813 -20.504144
13.271715 270.114937 -20.504144
13.276696 270.217061 -20.504144
13.281677 270.319185 -20.504144
13.286657 270.421308 -20.504144
13.291638 270.523432 -20.504144
13.296619 270.625556 -20.504144
13.301599 270.727680 -20.504144
13.306580 270.829804 -20.504144
13.311561 270.931928 -20.504144
13.316541 271.034052 -20.504144
13.321522 271.136176 -20.504144
13.326503 271.238300 -20.504144
13.331483 271.340424 -20.504144
13.336464 271.442547 -20.504144
13.341445 271.544671 -20.504144
13.346425 271.646795 -20.504144
13.351406 271.748919 -20.504144
13.356386 271.851043 -20.504144
13.361367 271.953167 -20.504144
13.366348 272.055291 -20.504144
13.371328 272.157415 -20.504144
13.376309 272.259539 -20.504144
13.381290 272.361663 -20.504144
13.386270 272.463787 -20.504144
13.391251 272.565910 -20.504144
13.396232 272.668034 -20.504144
13.401212 272.770158 -20.504144
13.406193 272.872282 -20.504144
13.411174 272.974406 -20.504144
13.416154 273.076530 -20.504144
13.421135 273.178654 -20.504144
13.426116 273.280778 -20.504144
13.431096 273.382902 -20.504144
13.436077 273.485026 -20.504144
13.441057 273.587149 -20.504144
13.446038 273.689273 -20.504144
13.451019 273.791397 -20.504144
13.455999 273.893521 -20.504144
13.460980 273.995645 -20.504144
13.465961 274.097769 -20.504144
13.470941 274.199893 -20.504144
13.475922 274.302017 -20.504144
13.480903 274.404141 -20.504144
13.485883 274.506265 -20.504144
13.490864 274.608389 -20.504144
13.495845 274.710512 -20.504144
13.500825 274.812636 -20.504144
13.505806 274.914760 -20.504144
13.510787 275.016884 -20.504144
13.515767 275.119008 -20.504144
13.520748 275.221132 -20.504144
13.525728 275.323256 -20.504144
13.530709 275.425380 -20.504144
13.535690 275.527504 -20.504144
13.540670 275.629628 -20.504144
13.545651 275.731751 -20.504144
13.550632 275.833875 -20.504144
13.555612 275.935999 -20.504144
13.560593 276.038123 -20.504144
13.565574 276.140247 -20.504144
13.570554 276.242371 -20.504144
13.575535 276.344495 -20.504144
13.580516 276.446619 -20.504144
13.585496 276.548743 -20.504144
13.590477 276.650867 -20.504144
13.595458 276.752991 -20.504144
13.600438 276.855114 -20.504144
13.605419 276.957238 -20.504144
13.610399 277.059362 -20.504144
13.615380 277.161486 -20.504144
13.620361 277.263610 -20.504144
13.625341 277.365734 -20.504144
13.630322 277.467858 -20.504144
13.635303 277.569982 -20.504144
13.640283 277.672106 -20.504144
13.645264 277.774230 -20.504144
13.650245 277.876353 -20.504144
13.655225 277.978477 -20.504144
13.660206 278.080601 -20.504144
13.665187 278.182725 -20.504144
13.670167 278.284849 -20.504144
13.675148 278.386973 -20.504144
13.680129 278.489097 -20.504144
13.685109 278.591221 -20.504144
13.690090 278.693345 -20.504144
13.695070 278.795469 -20.504144
13.700051 278.897592 -20.504144
13.705032 278.999716 -20.504144
13.710012 279.101840 -20.504144
13.714993 279.203964 -20.504144
13.719974 279.306088 -20.504144
13.724954 279.408212 -20.504144
13.729935 279.510336 -20.504144
13.734916 279.612460 -20.504144
13.739896 279.714584 -20.504144
13.744877 279.816708 -20.504144
13.749858 279.918832 -20.504144
13.754838 280.020955 -20.504144
13.759819 280.123079 -20.504144
13.764800 280.225203 -20.504144
13.769780 280.327327 -20.504144
13.774761 280.429451 -20.504144
13.779741 280.531575 -20.504144
13.784722 280.633699 -20.504144
13.789703 280.735823 -20.504144
13.794683 280.837947 -20.504144
13.799664 280.940071 -20.504144
13.804645 281.042194 -20.504144
13.809625 281.144318 -20.504144
13.814606 281.246442 -20.504144
13.819587 281.348566 -20.504144
13.824567 281.450690 -20.504144
13.829548 281.552814 -20.504144
13.834529 281.654938 -20.504144
13.839509 281.757062 -20.504144
13.844490 281.859186 -20.504144
13.849471 281.961310 -20.504144
13.854451 282.063434 -20.504144
13.859432 282.165557 -20.504144
13.864412 282.267681 -20.504144
13.869393 282.369805 -20.504144
13.874374 282.471929 -20.504144
13.879354 282.574053 -20.504144
13.884335 282.676177 -20.504144
13.889316 282.778301 -20.504144
13.894296 282.880425 -20.504144
13.899277 282.982549 -20.504144
13.904258 283.084673 -20.504144
13.909238 283.186796 -20.504144
13.914219 283.288920 -20.504144
13.919200 283.391044 -20.504144
13.924180 283.493168 -20.504144
13.929161 283.595292 -20.504144
13.934142 283.697416 -20.504144
13.939122 283.799540 -20.504144
13.944103 283.901664 -20.504144
13.949083 284.003788 -20.504144
13.954064 284.105912 -20.504144
13.959045 284.208036 -20.504144
13.964025 284.310159 -20.504144
13.969006 284.412283 -20.504144
13.973987 284.514407 -20.504144
13.978967 284.616531 -20.504144
13.983948 284.718655 -20.504144
13.988929 284.820779 -20.504144
13.993909 284.922903 -20.504144
13.998890 285.025027 -20.504144
14.003871 285.127151 -20.504144
14.008851 285.229275 -20.504144
14.013832 285.331398 -20.504144
14.018813 285.433522 -20.504144
14.023793 285.535646 -20.504144
14.028774 285.637770 -20.504144
14.033754 285.739894 -20.504144
14.038735 285.842018 -20.504144
14.043716 285.944142 -20.504144
14.048696 286.046266 -20.504144
14.053677 286.148390 -20.504144
14.058658 286.250514 -20.504144
14.063638 286.352637 -20.504144
14.068619 286.454761 -20.504144
14.073600 286.556885 -20.504144
14.078580 286.659009 -20.504144
14.083561 286.761133 -20.504144
14.088542 286.863257 -20.504144
14.093522 286.965381 -20.504144
14.098503 287.067505 -20.504144
14.103484 287.169629 -20.504144
14.108464 287.271753 -20.504144
14.113445 287.373877 -20.504144
14.118425 287.476000 -20.504144
14.123406 287.578124 -20.504144
14.128387 287.680248 -20.504144
14.133367 287.782372 -20.504144
14.138348 287.884496 -20.504144
14.143329 287.986620 -20.504144
14.148309 288.088744 -20.504144
14.153290 288.190868 -20.504144
14.158271 288.292992 -20.504144
14.163251 288.395116 -20.504144
14.168232 288.497239 -20.504144
14.173213 288.599363 -20.504144
14.178193 288.701487 -20.504144
14.183174 288.803611 -20.504144
14.188155 288.905735 -20.504144
14.193135 289.007859 -20.504144
14.198116 289.109983 -20.504144
14.203096 289.212107 -20.504144
14.208077 289.314231 -20.504144
14.213058 289.416355 -20.504144
14.218038 289.518479 -20.504144
14.223019 289.620602 -20.504144
14.228000 289.722726 -20.504144
14.232980 289.824850 -20.504144
14.237961 289.926974 -20.504144
14.242942 290.029098 -20.504144
14.247922 290.131222 -20.504144
14.252903 290.233346 -20.504144
14.257884 290.335470 -20.504144
14.262864 290.437594 -20.504144
14.267845 290.539718 -20.504144
14.272826 290.641841 -20.504144
14.277806 290.743965 -20.504144
14.282787 290.846089 -20.504144
14.287767 290.948213 -20.504144
14.292748 291.050337 -20.504144
14.297729 291.152461 -20.504144
14.302709 291.254585 -20.504144
14.307690 291.356709 -20.504144
14.312671 291.458833 -20.504144
14.317651 291.560957 -20.504144
14.322632 291.663081 -20.504144
14.327613 291.765204 -20.504144
14.332593 291.867328 -20.504144
14.337574 291.969452 -20.504144
14.342555 292.071576 -20.504144
14.347535 292.173700 -20.504144
14.352516 292.275824 -20.504144
14.357497 292.377948 -20.504144
14.362477 292.480072 -20.504144
14.367458 292.582196 -20.504144
14.372438 292.684320 -20.504144
14.377419 292.786443 -20.504144
14.382400 292.888567 -20.504144
14.387380 292.990691 -20.504144
14.392361 293.092815 -20.504144
14.397342 293.194939 -20.504144
14.402322 293.297063 -20.504144
14.407303 293.399187 -20.504144
14.412284 293.501311 -20.504144
14.417264 293.603435 -20.504144
14.422245 293.705559 -20.504144
14.427226 293.807683 -20.504144
14.432206 293.909806 -20.504144
14.437187 294.011930 -20.504144
14.442168 294.114054 -20.504144
14.447148 294.216178 -20.504144
14.452129 294.318302 -20.504144
14.457109 294.420426 -20.504144
14.462090 294.522550 -20.504144
14.467071 294.624674 -20.504144
14.472051 294.726798 -20.504144
14.477032 294.828922 -20.504144
14.482013 294.931045 -20.504144
14.486993 295.033169 -20.504144
14.491974 295.135293 -20.504144
14.496955 295.237417 -20.504144
14.501935 295.339541 -20.504144
14.506916 295.441665 -20.504144
14.511897 295.543789 -20.504144
14.516877 295.645913 -20.504144
14.521858 295.748037 -20.504144
14.526839 295.850161 -20.504144
14.531819 295.952284 -20.504144
14.536800 296.054408 -20.504144
14.541780 296.156532 -20.504144
14.546761 296.258656 -20.504144
14.551742 296.360780 -20.504144
14.556722 296.462904 -20.504144
14.561703 296.565028 -20.504144
14.566684 296.667152 -20.504144
14.571664 296.769276 -20.504144
14.576645 296.871400 -20.504144
14.581626 296.973524 -20.504144
14.586606 297.075647 -20.504144
14.591587 297.177771 -20.504144
14.596568 297.279895 -20.504144
14.601548 297.382019 -20.504144
14.606529 297.484143 -20.504144
14.611510 297.586267 -20.504144
14.616490 297.688391 -20.504144
14.621471 297.790515 -20.504144
14.626451 297.892639 -20.504144
14.631432 297.994763 -20.504144
14.636413 298.096886 -20.504144
14.641393 298.199010 -20.504144
14.646374 298.301134 -20.504144
14.651355 298.403258 -20.504144
14.656335 298.505382 -20.504144
14.661316 298.607506 -20.504144
14.666297 298.709630 -20.504144
14.671277 298.811754 -20.504144
14.676258 298.913878 -20.504144
14.681239 299.016002 -20.504144
14.686219 299.118126 -20.504144
14.691200 299.220249 -20.504144
14.696181 299.322373 -20.504144
14.701161 299.424497 -20.504144
14.706142 299.526621 -20.504144
14.711122 299.628745 -20.504144
14.716103 299.730869 -20.504144
14.721084 299.832993 -20.504144
14.726064 299.935117 -20.504144
14.731045 300.037241 -20.504144
14.736026 300.139365 -20.504144
14.741006 300.241488 -20.504144
14.745987 300.343612 -20.504144
14.750968 300.445736 -20.504144
14.755948 300.547860 -20.504144
14.760929 300.649984 -20.504144
14.765910 300.752108 -20.504144
14.770890 300.854232 -20.504144
14.775871 300.956356 -20.504144
14.780852 301.058480 -20.504144
14.785832 301.160604 -20.504144
14.790813 301.262728 -20.504144
14.795793 301.364851 -20.504144
14.800774 301.466975 -20.504144
14.805755 301.569099 -20.504144
14.810735 301.671223 -20.504144
14.815716 301.773347 -20.504144
14.820697 301.875471 -20.504144
14.825677 301.977595 -20.504144
14.830658 302.079719 -20.504144
14.835639 302.181843 -20.504144
14.840619 302.283967 -20.504144
14.845600 302.386090 -20.504144
14.850581 302.488214 -20.504144
14.855561 302.590338 -20.504144
14.860542 302.692462 -20.504144
14.865523 302.794586 -20.504144
14.870503 302.896710 -20.504144
14.875484 302.998834 -20.504144
14.880464 303.100958 -20.504144
14.885445 303.203082 -20.504144
14.890426 303.305206 -20.504144
14.895406 303.407330 -20.504144
14.900387 303.509453 -20.504144
14.905368 303.611577 -20.504144
14.910348 303.713701 -20.504144
14.915329 303.815825 -20.504144
14.920310 303.917949 -20.504144
14.925290 304.020073 -20.504144
14.930271 304.122197 -20.504144
14.935252 304.224321 -20.504144
14.940232 304.326445 -20.504144
14.945213 304.428569 -20.504144
14.950194 304.530692 -20.504144
14.955174 304.632816 -20.504144
14.960155 304.734940 -20.504144
14.965135 304.837064 -20.504144
14.970116 304.939188 -20.504144
14.975097 305.041312 -20.504144
14.980077 305.143436 -20.504144
14.985058 305.245560 -20.504144
14.990039 305.347684 -20.504144
14.995019 305.449808 -20.504144
15.000000 305.551931 -20.504144
