# x V F
0.010000 34.576915 54.947886
0.015865 34.254623 54.947886
0.021731 33.932332 54.947886
0.027596 33.610040 54.947886
0.033462 33.287749 54.947886
0.039327 32.965458 54.947886
0.045192 32.643166 54.947886
0.051058 32.320875 54.947886
0.056923 31.998583 54.947886
0.062789 31.676292 54.947886
0.068654 31.354000 54.947886
0.074519 31.031709 54.947886
0.080385 30.709417 54.947886
0.086250 30.387126 54.947886
0.092116 30.064834 54.947886
0.097981 29.742543 54.947886
0.103846 29.420251 54.947886
0.109712 29.097960 54.947886
0.115577 28.775668 54.947886
0.121443 28.453377 54.947886
0.127308 28.131085 54.947886
0.133173 27.808794 54.947886
0.139039 27.486502 54.947886
0.144904 27.164211 54.947886
0.150770 26.841919 54.947886
0.156635 26.519628 54.947886
0.162500 26.197336 54.947886
0.168366 25.875045 54.947886
0.174231 25.552753 54.947886
0.180097 25.230462 54.947886
0.185962 24.908170 54.947886
0.191827 24.585879 54.947886
0.197693 24.263587 54.947886
0.203558 23.941296 54.947886
0.209424 23.619005 54.947886
0.215289 23.296713 54.947886
0.221155 22.974422 54.947886
0.227020 22.652130 54.947886
0.232885 22.329839 54.947886
0.238751 22.007547 54.947886
0.244616 21.685256 54.947886
0.250482 21.362964 54.947886
0.256347 21.040673 54.947886
0.262212 20.718381 54.947886
0.268078 20.396090 54.947886
0.273943 20.073798 54.947886
0.279809 19.751507 54.947886
0.285674 19.429215 54.947886
0.291539 19.106924 54.947886
0.297405 18.784632 54.947886
0.303270 18.462341 54.947886
0.309136 18.140049 54.947886
0.315001 17.817758 54.947886
0.320866 17.495466 54.947886
0.326732 17.173175 54.947886
0.332597 16.850883 54.947886
0.338463 16.528592 54.947886
0.344328 16.206300 54.947886
0.350193 15.884009 54.947886
0.356059 15.561717 54.947886
0.361924 15.239426 54.947886
0.367790 14.917134 54.947886
0.373655 14.594843 54.947886
0.379520 14.272552 54.947886
0.385386 13.950260 54.947886
0.391324 13.623961 54.947886
0.397262 13.297662 81.609490
0.403201 12.654712 131.730294
0.409139 11.733145 172.383969
0.415077 10.607365 198.713870
0.421016 9.373087 209.097978
0.426954 8.123978 205.407890
0.432892 6.933526 191.705635
0.438831 5.847154 172.360765
0.444769 4.886455 150.348864
0.450707 4.061511 126.942943
0.456646 3.378795 102.986584
0.462584 2.838374 79.983568
0.468522 2.428857 59.661241
0.474461 2.129797 42.843937
0.480399 1.920014 29.298462
0.486337 1.781829 18.572811
0.492276 1.699431 10.443807
0.498214 1.657791 4.552437
0.504152 1.645363 0.070397
0.510091 1.656955 -3.994659
0.516029 1.692806 -8.086604
0.521967 1.752997 -11.735325
0.527906 1.832183 -14.189149
0.533844 1.921517 -15.469802
0.539782 2.015913 -16.470284
0.545721 2.117129 -17.916928
0.551659 2.228706 -19.542064
0.557597 2.349224 -20.332016
0.563536 2.470183 -19.163040
0.569474 2.576817 -15.026626
0.575412 2.648649 -7.260247
0.581351 2.663044 3.655108
0.587289 2.605238 15.663668
0.593227 2.477012 26.285999
0.599166 2.293048 34.367195
0.605104 2.068844 40.280078
0.611042 1.814655 44.573271
0.616981 1.539462 47.069897
0.622919 1.255622 47.250941
0.628857 0.978279 44.747211
0.634796 0.724174 39.112471
0.640734 0.513753 29.714231
0.646672 0.371268 16.592337
0.652611 0.316691 1.444442
0.658549 0.354113 -12.804915
0.664487 0.468771 -23.755182
0.670426 0.636245 -30.794691
0.676364 0.834509 -34.779093
0.682302 1.049305 -36.936186
0.688241 1.273188 -38.152833
0.694179 1.502433 -38.813341
0.700117 1.734161 -39.062377
0.706056 1.966364 -39.415265
0.711994 2.202283 -40.952084
0.717932 2.452739 -44.315230
0.723871 2.728600 -48.486119
0.729809 3.028592 -51.153501
0.735747 3.336133 -50.469414
0.741686 3.628000 -46.116713
0.747624 3.883846 -38.922212
0.753562 4.090267 -30.325155
0.759501 4.244008 -22.409336
0.765439 4.356415 -17.521472
0.771377 4.452105 -16.976030
0.777316 4.558034 -20.106250
0.783254 4.690900 -24.789147
0.789192 4.852446 -28.922655
0.795131 5.034405 -31.633409
0.801069 5.228145 -33.595684
0.807007 5.433409 -36.616602
0.812946 5.663029 -42.574964
0.818884 5.939058 -51.721003
0.824822 6.277302 -61.433040
0.830761 6.668678 -67.190502
0.836699 7.075301 -65.832353
0.842637 7.450547 -58.380855
0.848576 7.768671 -49.284513
0.854514 8.035883 -42.421360
0.860452 8.272495 -38.226580
0.866391 8.489887 -35.211506
0.872329 8.690691 -33.193643
0.878267 8.884117 -33.191339
0.884206 9.084893 -34.527830
0.890144 9.294192 -34.195700
0.896082 9.491024 -29.679549
0.902021 9.646686 -21.305157
0.907959 9.744058 -11.744053
0.913897 9.786167 -4.739988
0.919836 9.800354 -4.510213
0.925774 9.839733 -14.155878
0.931712 9.968478 -32.804855
0.937651 10.229345 -54.821005
0.943589 10.619569 -73.763591
0.949527 11.105411 -87.814842
0.955466 11.662517 -99.132512
0.961404 12.282775 -106.272336
0.967342 12.924678 -100.533248
0.973281 13.476775 -73.596489
0.979219 13.798759 -54.221299
0.985157 14.120743 -54.221299
0.991093 14.442599 -54.221299
0.997029 14.764456 -54.221299
1.002965 15.086312 -54.221299
1.008901 15.408168 -54.221299
1.014837 15.730025 -54.221299
1.020773 16.051881 -54.221299
1.026709 16.373738 -54.221299
1.032645 16.695594 -54.221299
1.038581 17.017451 -54.221299
1.044517 17.339307 -54.221299
1.050453 17.661163 -54.221299
1.056389 17.983020 -54.221299
1.062325 18.304876 -54.221299
1.068261 18.626733 -54.221299
1.074197 18.948589 -54.221299
1.080133 19.270445 -54.221299
1.086069 19.592302 -54.221299
1.092005 19.914158 -54.221299
1.097941 20.236015 -54.221299
1.103877 20.557871 -54.221299
1.109813 20.879727 -54.221299
1.115749 21.201584 -54.221299
1.121685 21.523440 -54.221299
1.127621 21.845297 -54.221299
1.133557 22.167153 -54.221299
1.139493 22.489009 -54.221299
1.145429 22.810866 -54.221299
1.151365 23.132722 -54.221299
1.157301 23.454579 -54.221299
1.163237 23.776435 -54.221299
1.169173 24.098291 -54.221299
1.175109 24.420148 -54.221299
1.181045 24.742004 -54.221299
1.186981 25.063861 -54.221299
1.192917 25.385717 -54.221299
1.198853 25.707573 -54.221299
1.204789 26.029430 -54.221299
1.210725 26.351286 -54.221299
1.216661 26.673143 -54.221299
1.222597 26.994999 -54.221299
1.228533 27.316855 -54.221299
1.234469 27.638712 -54.221299
1.240404 27.960568 -54.221299
1.246340 28.282425 -54.221299
1.252276 28.604281 -54.221299
1.258212 28.926137 -54.221299
1.264148 29.247994 -54.221299
1.270084 29.569850 -54.221299
1.276020 29.891707 -54.221299
1.281956 30.213563 -54.221299
1.287892 30.535420 -54.221299
1.293828 30.857276 -54.221299
1.299764 31.179132 -54.221299
1.305700 31.500989 -54.221299
1.311636 31.822845 -54.221299
1.317572 32.144702 -54.221299
1.323508 32.466558 -54.221299
1.329444 32.788414 -54.221299
1.335380 33.110271 -54.221299
1.341316 33.432127 -54.221299
1.347252 33.753984 -54.221299
1.353188 34.075840 -54.221299
1.359124 34.397696 -54.221299
1.365060 34.719553 -54.221299
1.370996 35.041409 -54.221299
1.376932 35.363266 -54.221299
1.382868 35.685122 -54.221299
1.388804 36.006978 -54.221299
1.394740 36.328835 -54.221299
1.400676 36.650691 -54.221299
1.406612 36.972548 -54.221299
1.412548 37.294404 -54.221299
1.418484 37.616260 -54.221299
1.424420 37.938117 -54.221299
1.430356 38.259973 -54.221299
1.436292 38.581830 -54.221299
1.442228 38.903686 -54.221299
1.448164 39.225542 -54.221299
1.454100 39.547399 -54.221299
1.460036 39.869255 -54.221299
1.465972 40.191112 -54.221299
1.471908 40.512968 -54.221299
1.477844 40.834824 -54.221299
1.483780 41.156681 -54.221299
1.489716 41.478537 -54.221299
1.495652 41.800394 -54.221299
1.501587 42.122250 -54.221299
1.507523 42.444106 -54.221299
1.513459 42.765963 -54.221299
1.519395 43.087819 -54.221299
1.525331 43.409676 -54.221299
1.531267 43.731532 -54.221299
1.537203 44.053389 -54.221299
1.543139 44.375245 -54.221299
1.549075 44.697101 -54.221299
1.555011 45.018958 -54.221299
1.560947 45.340814 -54.221299
1.566883 45.662671 -54.221299
1.572819 45.984527 -54.221299
1.578755 46.306383 -54.221299
1.584691 46.628240 -54.221299
1.590627 46.950096 -54.221299
1.596563 47.271953 -54.221299
1.602499 47.593809 -54.221299
1.608435 47.915665 -54.221299
1.614371 48.237522 -54.221299
1.620307 48.559378 -54.221299
1.626243 48.881235 -54.221299
1.632179 49.203091 -54.221299
1.638115 49.524947 -54.221299
1.644051 49.846804 -54.221299
1.649987 50.168660 -54.221299
1.655923 50.490517 -54.221299
1.661859 50.812373 -54.221299
1.667795 51.134229 -54.221299
1.673731 51.456086 -54.221299
1.679667 51.777942 -54.221299
1.685603 52.099799 -54.221299
1.691539 52.421655 -54.221299
1.697475 52.743511 -54.221299
1.703411 53.065368 -54.221299
1.709347 53.387224 -54.221299
1.715283 53.709081 -54.221299
1.721219 54.030937 -54.221299
1.727155 54.352793 -54.221299
1.733091 54.674650 -54.221299
1.739027 54.996506 -54.221299
1.744963 55.318363 -54.221299
1.750899 55.640219 -54.221299
1.756835 55.962075 -54.221299
1.762770 56.283932 -54.221299
1.768706 56.605788 -54.221299
1.774642 56.927645 -54.221299
1.780578 57.249501 -54.221299
1.786514 57.571358 -54.221299
1.792450 57.893214 -54.221299
1.798386 58.215070 -54.221299
1.804322 58.536927 -54.221299
1.810258 58.858783 -54.221299
1.816194 59.180640 -54.221299
1.822130 59.502496 -54.221299
1.828066 59.824352 -54.221299
1.834002 60.146209 -54.221299
1.839938 60.468065 -54.221299
1.845874 60.789922 -54.221299
1.851810 61.111778 -54.221299
1.857746 61.433634 -54.221299
1.863682 61.755491 -54.221299
1.869618 62.077347 -54.221299
1.875554 62.399204 -54.221299
1.881490 62.721060 -54.221299
1.887426 63.042916 -54.221299
1.893362 63.364773 -54.221299
1.899298 63.686629 -54.221299
1.905234 64.008486 -54.221299
1.911170 64.330342 -54.221299
1.917106 64.652198 -54.221299
1.923042 64.974055 -54.221299
1.928978 65.295911 -54.221299
1.934914 65.617768 -54.221299
1.940850 65.939624 -54.221299
1.946786 66.261480 -54.221299
1.952722 66.583337 -54.221299
1.958658 66.905193 -54.221299
1.964594 67.227050 -54.221299
1.970530 67.548906 -54.221299
1.976466 67.870762 -54.221299
1.982402 68.192619 -54.221299
1.988338 68.514475 -54.221299
1.994274 68.836332 -54.221299
2.000210 69.158188 -54.221299
2.006146 69.480044 -54.221299
2.012082 69.801901 -54.221299
2.018018 70.123757 -54.221299
2.023953 70.445614 -54.221299
2.029889 70.767470 -54.221299
2.035825 71.089326 -54.221299
2.041761 71.411183 -54.221299
2.047697 71.733039 -54.221299
2.053633 72.054896 -54.221299
2.059569 72.376752 -54.221299
2.065505 72.698609 -54.221299
2.071441 73.020465 -54.221299
2.077377 73.342321 -54.221299
2.083313 73.664178 -54.221299
2.089249 73.986034 -54.221299
2.095185 74.307891 -54.221299
2.101121 74.629747 -54.221299
2.107057 74.951603 -54.221299
2.112993 75.273460 -54.221299
2.118929 75.595316 -54.221299
2.124865 75.917173 -54.221299
2.130801 76.239029 -54.221299
2.136737 76.560885 -54.221299
2.142673 76.882742 -54.221299
2.148609 77.204598 -54.221299
2.154545 77.526455 -54.221299
2.160481 77.848311 -54.221299
2.166417 78.170167 -54.221299
2.172353 78.492024 -54.221299
2.178289 78.813880 -54.221299
2.184225 79.135737 -54.221299
2.190161 79.457593 -54.221299
2.196097 79.779449 -54.221299
2.202033 80.101306 -54.221299
2.207969 80.423162 -54.221299
2.213905 80.745019 -54.221299
2.219841 81.066875 -54.221299
2.225777 81.388731 -54.221299
2.231713 81.710588 -54.221299
2.237649 82.032444 -54.221299
2.243585 82.354301 -54.221299
2.249521 82.676157 -54.221299
2.255457 82.998013 -54.221299
2.261393 83.319870 -54.221299
2.267329 83.641726 -54.221299
2.273265 83.963583 -54.221299
2.279201 84.285439 -54.221299
2.285137 84.607295 -54.221299
2.291072 84.929152 -54.221299
2.297008 85.251008 -54.221299
2.302944 85.572865 -54.221299
2.308880 85.894721 -54.221299
2.314816 86.216578 -54.221299
2.320752 86.538434 -54.221299
2.326688 86.860290 -54.221299
2.332624 87.182147 -54.221299
2.338560 87.504003 -54.221299
2.344496 87.825860 -54.221299
2.350432 88.147716 -54.221299
2.356368 88.469572 -54.221299
2.362304 88.791429 -54.221299
2.368240 89.113285 -54.221299
2.374176 89.435142 -54.221299
2.380112 89.756998 -54.221299
2.386048 90.078854 -54.221299
2.391984 90.400711 -54.221299
2.397920 90.722567 -54.221299
2.403856 91.044424 -54.221299
2.409792 91.366280 -54.221299
2.415728 91.688136 -54.221299
2.421664 92.009993 -54.221299
2.427600 92.331849 -54.221299
2.433536 92.653706 -54.221299
2.439472 92.975562 -54.221299
2.445408 93.297418 -54.221299
2.451344 93.619275 -54.221299
2.457280 93.941131 -54.221299
2.463216 94.262988 -54.221299
2.469152 94.584844 -54.221299
2.475088 94.906700 -54.221299
2.481024 95.228557 -54.221299
2.486960 95.550413 -54.221299
2.492896 95.872270 -54.221299
2.498832 96.194126 -54.221299
2.504768 96.515982 -54.221299
2.510704 96.837839 -54.221299
2.516640 97.159695 -54.221299
2.522576 97.481552 -54.221299
2.528512 97.803408 -54.221299
2.534448 98.125264 -54.221299
2.540384 98.447121 -54.221299
2.546320 98.768977 -54.221299
2.552255 99.090834 -54.221299
2.558191 99.412690 -54.221299
2.564127 99.734547 -54.221299
2.570063 100.056403 -54.221299
2.575999 100.378259 -54.221299
2.581935 100.700116 -54.221299
2.587871 101.021972 -54.221299
2.593807 101.343829 -54.221299
2.599743 101.665685 -54.221299
2.605679 101.987541 -54.221299
2.611615 102.309398 -54.221299
2.617551 102.631254 -54.221299
2.623487 102.953111 -54.221299
2.629423 103.274967 -54.221299
2.635359 103.596823 -54.221299
2.641295 103.918680 -54.221299
2.647231 104.240536 -54.221299
2.653167 104.562393 -54.221299
2.659103 104.884249 -54.221299
2.665039 105.206105 -54.221299
2.670975 105.527962 -54.221299
2.676911 105.849818 -54.221299
2.682847 106.171675 -54.221299
2.688783 106.493531 -54.221299
2.694719 106.815387 -54.221299
2.700655 107.137244 -54.221299
2.706591 107.459100 -54.221299
2.712527 107.780957 -54.221299
2.718463 108.102813 -54.221299
2.724399 108.424669 -54.221299
2.730335 108.746526 -54.221299
2.736271 109.068382 -54.221299
2.742207 109.390239 -54.221299
2.748143 109.712095 -54.221299
2.754079 110.033951 -54.221299
2.760015 110.355808 -54.221299
2.765951 110.677664 -54.221299
2.771887 110.999521 -54.221299
2.777823 111.321377 -54.221299
2.783759 111.643233 -54.221299
2.789695 111.965090 -54.221299
2.795631 112.286946 -54.221299
2.801567 112.608803 -54.221299
2.807503 112.930659 -54.221299
2.813438 113.252516 -54.221299
2.819374 113.574372 -54.221299
2.825310 113.896228 -54.221299
2.831246 114.218085 -54.221299
2.837182 114.539941 -54.221299
2.843118 114.861798 -54.221299
2.849054 115.183654 -54.221299
2.854990 115.505510 -54.221299
2.860926 115.827367 -54.221299
2.866862 116.149223 -54.221299
2.872798 116.471080 -54.221299
2.878734 116.792936 -54.221299
2.884670 117.114792 -54.221299
2.890606 117.436649 -54.221299
2.896542 117.758505 -54.221299
2.902478 118.080362 -54.221299
2.908414 118.402218 -54.221299
2.914350 118.724074 -54.221299
2.920286 119.045931 -54.221299
2.926222 119.367787 -54.221299
2.932158 119.689644 -54.221299
2.938094 120.011500 -54.221299
2.944030 120.333356 -54.221299
2.949966 120.655213 -54.221299
2.955902 120.977069 -54.221299
2.961838 121.298926 -54.221299
2.967774 121.620782 -54.221299
2.973710 121.942638 -54.221299
2.979646 122.264495 -54.221299
2.985582 122.586351 -54.221299
2.991518 122.908208 -54.221299
2.997454 123.230064 -54.221299
3.003390 123.551920 -54.221299
3.009326 123.873777 -54.221299
3.015262 124.195633 -54.221299
3.021198 124.517490 -54.221299
3.027134 124.839346 -54.221299
3.033070 125.161202 -54.221299
3.039006 125.483059 -54.221299
3.044942 125.804915 -54.221299
3.050878 126.126772 -54.221299
3.056814 126.448628 -54.221299
3.062750 126.770485 -54.221299
3.068686 127.092341 -54.221299
3.074621 127.414197 -54.221299
3.080557 127.736054 -54.221299
3.086493 128.057910 -54.221299
3.092429 128.379767 -54.221299
3.098365 128.701623 -54.221299
3.104301 129.023479 -54.221299
3.110237 129.345336 -54.221299
3.116173 129.667192 -54.221299
3.122109 129.989049 -54.221299
3.128045 130.310905 -54.221299
3.133981 130.632761 -54.221299
3.139917 130.954618 -54.221299
3.145853 131.276474 -54.221299
3.151789 131.598331 -54.221299
3.157725 131.920187 -54.221299
3.163661 132.242043 -54.221299
3.169597 132.563900 -54.221299
3.175533 132.885756 -54.221299
3.181469 133.207613 -54.221299
3.187405 133.529469 -54.221299
3.193341 133.851325 -54.221299
3.199277 134.173182 -54.221299
3.205213 134.495038 -54.221299
3.211149 134.816895 -54.221299
3.217085 135.138751 -54.221299
3.223021 135.460607 -54.221299
3.228957 135.782464 -54.221299
3.234893 136.104320 -54.221299
3.240829 136.426177 -54.221299
3.246765 136.748033 -54.221299
3.252701 137.069889 -54.221299
3.258637 137.391746 -54.221299
3.264573 137.713602 -54.221299
3.270509 138.035459 -54.221299
3.276445 138.357315 -54.221299
3.282381 138.679171 -54.221299
3.288317 139.001028 -54.221299
3.294253 139.322884 -54.221299
3.300189 139.644741 -54.221299
3.306125 139.966597 -54.221299
3.312061 140.288454 -54.221299
3.317997 140.610310 -54.221299
3.323933 140.932166 -54.221299
3.329869 141.254023 -54.221299
3.335804 141.575879 -54.221299
3.341740 141.897736 -54.221299
3.347676 142.219592 -54.221299
3.353612 142.541448 -54.221299
3.359548 142.863305 -54.221299
3.365484 143.185161 -54.221299
3.371420 143.507018 -54.221299
3.377356 143.828874 -54.221299
3.383292 144.150730 -54.221299
3.389228 144.472587 -54.221299
3.395164 144.794443 -54.221299
3.401100 145.116300 -54.221299
3.407036 145.438156 -54.221299
3.412972 145.760012 -54.221299
3.418908 146.081869 -54.221299
3.424844 146.403725 -54.221299
3.430780 146.725582 -54.221299
3.436716 147.047438 -54.221299
3.442652 147.369294 -54.221299
3.448588 147.691151 -54.221299
3.454524 148.013007 -54.221299
3.460460 148.334864 -54.221299
3.466396 148.656720 -54.221299
3.472332 148.978576 -54.221299
3.478268 149.300433 -54.221299
3.484204 149.622289 -54.221299
3.490140 149.944146 -54.221299
3.496076 150.266002 -54.221299
3.502012 150.587858 -54.221299
3.507948 150.909715 -54.221299
3.513884 151.231571 -54.221299
3.519820 151.553428 -54.221299
3.525756 151.875284 -54.221299
3.531692 152.197140 -54.221299
3.537628 152.518997 -54.221299
3.543564 152.840853 -54.221299
3.549500 153.162710 -54.221299
3.555436 153.484566 -54.221299
3.561372 153.806422 -54.221299
3.567308 154.128279 -54.221299
3.573244 154.450135 -54.221299
3.579180 154.771992 -54.221299
3.585116 155.093848 -54.221299
3.591052 155.415705 -54.221299
3.596987 155.737561 -54.221299
3.602923 156.059417 -54.221299
3.608859 156.381274 -54.221299
3.614795 156.703130 -54.221299
3.620731 157.024987 -54.221299
3.626667 157.346843 -54.221299
3.632603 157.668699 -54.221299
3.638539 157.990556 -54.221299
3.644475 158.312412 -54.221299
3.650411 158.634269 -54.221299
3.656347 158.956125 -54.221299
3.662283 159.277981 -54.221299
3.668219 159.599838 -54.221299
3.674155 159.921694 -54.221299
3.680091 160.243551 -54.221299
3.686027 160.565407 -54.221299
3.691963 160.887263 -54.221299
3.697899 161.209120 -54.221299
3.703835 161.530976 -54.221299
3.709771 161.852833 -54.221299
3.715707 162.174689 -54.221299
3.721643 162.496545 -54.221299
3.727579 162.818402 -54.221299
3.733515 163.140258 -54.221299
3.739451 163.462115 -54.221299
3.745387 163.783971 -54.221299
3.751323 164.105827 -54.221299
3.757259 164.427684 -54.221299
3.763195 164.749540 -54.221299
3.769131 165.071397 -54.221299
3.775067 165.393253 -54.221299
3.781003 165.715109 -54.221299
3.786939 166.036966 -54.221299
3.792875 166.358822 -54.221299
3.798811 166.680679 -54.221299
3.804747 167.002535 -54.221299
3.810683 167.324391 -54.221299
3.816619 167.646248 -54.221299
3.822555 167.968104 -54.221299
3.828491 168.289961 -54.221299
3.834427 168.611817 -54.221299
3.840363 168.933674 -54.221299
3.846299 169.255530 -54.221299
3.852235 169.577386 -54.221299
3.858170 169.899243 -54.221299
3.864106 170.221099 -54.221299
3.870042 170.542956 -54.221299
3.875978 170.864812 -54.221299
3.881914 171.186668 -54.221299
3.887850 171.508525 -54.221299
3.893786 171.830381 -54.221299
3.899722 172.152238 -54.221299
3.905658 172.474094 -54.221299
3.911594 172.795950 -54.221299
3.917530 173.117807 -54.221299
3.923466 173.439663 -54.221299
3.929402 173.761520 -54.221299
3.935338 174.083376 -54.221299
3.941274 174.405232 -54.221299
3.947210 174.727089 -54.221299
3.953146 175.048945 -54.221299
3.959082 175.370802 -54.221299
3.965018 175.692658 -54.221299
3.970954 176.014514 -54.221299
3.976890 176.336371 -54.221299
3.982826 176.658227 -54.221299
3.988762 176.980084 -54.221299
3.994698 177.301940 -54.221299
4.000634 177.623796 -54.221299
4.006570 177.945653 -54.221299
4.012506 178.267509 -54.221299
4.018442 178.589366 -54.221299
4.024378 178.911222 -54.221299
4.030314 179.233078 -54.221299
4.036250 179.554935 -54.221299
4.042186 179.876791 -54.221299
4.048122 180.198648 -54.221299
4.054058 180.520504 -54.221299
4.059994 180.842360 -54.221299
4.065930 181.164217 -54.221299
4.071866 181.486073 -54.221299
4.077802 181.807930 -54.221299
4.083738 182.129786 -54.221299
4.089674 182.451643 -54.221299
4.095610 182.773499 -54.221299
4.101546 183.095355 -54.221299
4.107482 183.417212 -54.221299
4.113418 183.739068 -54.221299
4.119354 184.060925 -54.221299
4.125289 184.382781 -54.221299
4.131225 184.704637 -54.221299
4.137161 185.026494 -54.221299
4.143097 185.348350 -54.221299
4.149033 185.670207 -54.221299
4.154969 185.992063 -54.221299
4.160905 186.313919 -54.221299
4.166841 186.635776 -54.221299
4.172777 186.957632 -54.221299
4.178713 187.279489 -54.221299
4.184649 187.601345 -54.221299
4.190585 187.923201 -54.221299
4.196521 188.245058 -54.221299
4.202457 188.566914 -54.221299
4.208393 188.888771 -54.221299
4.214329 189.210627 -54.221299
4.220265 189.532483 -54.221299
4.226201 189.854340 -54.221299
4.232137 190.176196 -54.221299
4.238073 190.498053 -54.221299
4.244009 190.819909 -54.221299
4.249945 191.141765 -54.221299
4.255881 191.463622 -54.221299
4.261817 191.785478 -54.221299
4.267753 192.107335 -54.221299
4.273689 192.429191 -54.221299
4.279625 192.751047 -54.221299
4.285561 193.072904 -54.221299
4.291497 193.394760 -54.221299
4.297433 193.716617 -54.221299
4.303369 194.038473 -54.221299
4.309305 194.360329 -54.221299
4.315241 194.682186 -54.221299
4.321177 195.004042 -54.221299
4.327113 195.325899 -54.221299
4.333049 195.647755 -54.221299
4.338985 195.969612 -54.221299
4.344921 196.291468 -54.221299
4.350857 196.613324 -54.221299
4.356793 196.935181 -54.221299
4.362729 197.257037 -54.221299
4.368665 197.578894 -54.221299
4.374601 197.900750 -54.221299
4.380537 198.222606 -54.221299
4.386472 198.544463 -54.221299
4.392408 198.866319 -54.221299
4.398344 199.188176 -54.221299
4.404280 199.510032 -54.221299
4.410216 199.831888 -54.221299
4.416152 200.153745 -54.221299
4.422088 200.475601 -54.221299
4.428024 200.797458 -54.221299
4.433960 201.119314 -54.221299
4.439896 201.441170 -54.221299
4.445832 201.763027 -54.221299
4.451768 202.084883 -54.221299
4.457704 202.406740 -54.221299
4.463640 202.728596 -54.221299
4.469576 203.050452 -54.221299
4.475512 203.372309 -54.221299
4.481448 203.694165 -54.221299
4.487384 204.016022 -54.221299
4.493320 204.337878 -54.221299
4.499256 204.659734 -54.221299
4.505192 204.981591 -54.221299
4.511128 205.303447 -54.221299
4.517064 205.625304 -54.221299
4.523000 205.947160 -54.221299
4.528936 206.269016 -54.221299
4.534872 206.590873 -54.221299
4.540808 206.912729 -54.221299
4.546744 207.234586 -54.221299
4.552680 207.556442 -54.221299
4.558616 207.878298 -54.221299
4.564552 208.200155 -54.221299
4.570488 208.522011 -54.221299
4.576424 208.843868 -54.221299
4.582360 209.165724 -54.221299
4.588296 209.487581 -54.221299
4.594232 209.809437 -54.221299
4.600168 210.131293 -54.221299
4.606104 210.453150 -54.221299
4.612040 210.775006 -54.221299
4.617976 211.096863 -54.221299
4.623912 211.418719 -54.221299
4.629848 211.740575 -54.221299
4.635784 212.062432 -54.221299
4.641720 212.384288 -54.221299
4.647655 212.706145 -54.221299
4.653591 213.028001 -54.221299
4.659527 213.349857 -54.221299
4.665463 213.671714 -54.221299
4.671399 213.993570 -54.221299
4.677335 214.315427 -54.221299
4.683271 214.637283 -54.221299
4.689207 214.959139 -54.221299
4.695143 215.280996 -54.221299
4.701079 215.602852 -54.221299
4.707015 215.924709 -54.221299
4.712951 216.246565 -54.221299
4.718887 216.568421 -54.221299
4.724823 216.890278 -54.221299
4.730759 217.212134 -54.221299
4.736695 217.533991 -54.221299
4.742631 217.855847 -54.221299
4.748567 218.177703 -54.221299
4.754503 218.499560 -54.221299
4.760439 218.821416 -54.221299
4.766375 219.143273 -54.221299
4.772311 219.465129 -54.221299
4.778247 219.786985 -54.221299
4.784183 220.108842 -54.221299
4.790119 220.430698 -54.221299
4.796055 220.752555 -54.221299
4.801991 221.074411 -54.221299
4.807927 221.396267 -54.221299
4.813863 221.718124 -54.221299
4.819799 222.039980 -54.221299
4.825735 222.361837 -54.221299
4.831671 222.683693 -54.221299
4.837607 223.005549 -54.221299
4.843543 223.327406 -54.221299
4.849479 223.649262 -54.221299
4.855415 223.971119 -54.221299
4.861351 224.292975 -54.221299
4.867287 224.614832 -54.221299
4.873223 224.936688 -54.221299
4.879159 225.258544 -54.221299
4.885095 225.580401 -54.221299
4.891031 225.902257 -54.221299
4.896967 226.224114 -54.221299
4.902903 226.545970 -54.221299
4.908838 226.867826 -54.221299
4.914774 227.189683 -54.221299
4.920710 227.511539 -54.221299
4.926646 227.833396 -54.221299
4.932582 228.155252 -54.221299
4.938518 228.477108 -54.221299
4.944454 228.798965 -54.221299
4.950390 229.120821 -54.221299
4.956326 229.442678 -54.221299
4.962262 229.764534 -54.221299
4.968198 230.086390 -54.221299
4.974134 230.408247 -54.221299
4.980070 230.730103 -54.221299
4.986006 231.051960 -54.221299
4.991942 231.373816 -54.221299
4.997878 231.695672 -54.221299
5.003814 232.017529 -54.221299
5.009750 232.339385 -54.221299
5.015686 232.661242 -54.221299
5.021622 232.983098 -54.221299
5.027558 233.304954 -54.221299
5.033494 233.626811 -54.221299
5.039430 233.948667 -54.221299
5.045366 234.270524 -54.221299
5.051302 234.592380 -54.221299
5.057238 234.914236 -54.221299
5.063174 235.236093 -54.221299
5.069110 235.557949 -54.221299
5.075046 235.879806 -54.221299
5.080982 236.201662 -54.221299
5.086918 236.523518 -54.221299
5.092854 236.845375 -54.221299
5.098790 237.167231 -54.221299
5.104726 237.489088 -54.221299
5.110662 237.810944 -54.221299
5.116598 238.132801 -54.221299
5.122534 238.454657 -54.221299
5.128470 238.776513 -54.221299
5.134406 239.098370 -54.221299
5.140342 239.420226 -54.221299
5.146278 239.742083 -54.221299
5.152214 240.063939 -54.221299
5.158150 240.385795 -54.221299
5.164086 240.707652 -54.221299
5.170021 241.029508 -54.221299
5.175957 241.351365 -54.221299
5.181893 241.673221 -54.221299
5.187829 241.995077 -54.221299
5.193765 242.316934 -54.221299
5.199701 242.638790 -54.221299
5.205637 242.960647 -54.221299
5.211573 243.282503 -54.221299
5.217509 243.604359 -54.221299
5.223445 243.926216 -54.221299
5.229381 244.248072 -54.221299
5.235317 244.569929 -54.221299
5.241253 244.891785 -54.221299
5.247189 245.213641 -54.221299
5.253125 245.535498 -54.221299
5.259061 245.857354 -54.221299
5.264997 246.179211 -54.221299
5.270933 246.501067 -54.221299
5.276869 246.822923 -54.221299
5.282805 247.144780 -54.221299
5.288741 247.466636 -54.221299
5.294677 247.788493 -54.221299
5.300613 248.110349 -54.221299
5.306549 248.432205 -54.221299
5.312485 248.754062 -54.221299
5.318421 249.075918 -54.221299
5.324357 249.397775 -54.221299
5.330293 249.719631 -54.221299
5.336229 250.041487 -54.221299
5.342165 250.363344 -54.221299
5.348101 250.685200 -54.221299
5.354037 251.007057 -54.221299
5.359973 251.328913 -54.221299
5.365909 251.650770 -54.221299
5.371845 251.972626 -54.221299
5.377781 252.294482 -54.221299
5.383717 252.616339 -54.221299
5.389653 252.938195 -54.221299
5.395589 253.260052 -54.221299
5.401525 253.581908 -54.221299
5.407461 253.903764 -54.221299
5.413397 254.225621 -54.221299
5.419333 254.547477 -54.221299
5.425269 254.869334 -54.221299
5.431204 255.191190 -54.221299
5.437140 255.513046 -54.221299
5.443076 255.834903 -54.221299
5.449012 256.156759 -54.221299
5.454948 256.478616 -54.221299
5.460884 256.800472 -54.221299
5.466820 257.122328 -54.221299
5.472756 257.444185 -54.221299
5.478692 257.766041 -54.221299
5.484628 258.087898 -54.221299
5.490564 258.409754 -54.221299
5.496500 258.731610 -54.221299
5.502436 259.053467 -54.221299
5.508372 259.375323 -54.221299
5.514308 259.697180 -54.221299
5.520244 260.019036 -54.221299
5.526180 260.340892 -54.221299
5.532116 260.662749 -54.221299
5.538052 260.984605 -54.221299
5.543988 261.306462 -54.221299
5.549924 261.628318 -54.221299
5.555860 261.950174 -54.221299
5.561796 262.272031 -54.221299
5.567732 262.593887 -54.221299
5.573668 262.915744 -54.221299
5.579604 263.237600 -54.221299
5.585540 263.559456 -54.221299
5.591476 263.881313 -54.221299
5.597412 264.203169 -54.221299
5.603348 264.525026 -54.221299
5.609284 264.846882 -54.221299
5.615220 265.168739 -54.221299
5.621156 265.490595 -54.221299
5.627092 265.812451 -54.221299
5.633028 266.134308 -54.221299
5.638964 266.456164 -54.221299
5.644900 266.778021 -54.221299
5.650836 267.099877 -54.221299
5.656772 267.421733 -54.221299
5.662708 267.743590 -54.221299
5.668644 268.065446 -54.221299
5.674580 268.387303 -54.221299
5.680516 268.709159 -54.221299
5.686452 269.031015 -54.221299
5.692388 269.352872 -54.221299
5.698323 269.674728 -54.221299
5.704259 269.996585 -54.221299
5.710195 270.318441 -54.221299
5.716131 270.640297 -54.221299
5.722067 270.962154 -54.221299
5.728003 271.284010 -54.221299
5.733939 271.605867 -54.221299
5.739875 271.927723 -54.221299
5.745811 272.249579 -54.221299
5.751747 272.571436 -54.221299
5.757683 272.893292 -54.221299
5.763619 273.215149 -54.221299
5.769555 273.537005 -54.221299
5.775491 273.858861 -54.221299
5.781427 274.180718 -54.221299
5.787363 274.502574 -54.221299
5.793299 274.824431 -54.221299
5.799235 275.146287 -54.221299
5.805171 275.468143 -54.221299
5.811107 275.790000 -54.221299
5.817043 276.111856 -54.221299
5.822979 276.433713 -54.221299
5.828915 276.755569 -54.221299
5.834851 277.077425 -54.221299
5.840787 277.399282 -54.221299
5.846723 277.721138 -54.221299
5.852659 278.042995 -54.221299
5.858595 278.364851 -54.221299
5.864531 278.686708 -54.221299
5.870467 279.008564 -54.221299
5.876403 279.330420 -54.221299
5.882339 279.652277 -54.221299
5.888275 279.974133 -54.221299
5.894211 280.295990 -54.221299
5.900147 280.617846 -54.221299
5.906083 280.939702 -54.221299
5.912019 281.261559 -54.221299
5.917955 281.583415 -54.221299
5.923891 281.905272 -54.221299
5.929827 282.227128 -54.221299
5.935763 282.548984 -54.221299
5.941699 282.870841 -54.221299
5.947635 283.192697 -54.221299
5.953571 283.514554 -54.221299
5.959506 283.836410 -54.221299
5.965442 284.158266 -54.221299
5.971378 284.480123 -54.221299
5.977314 284.801979 -54.221299
5.983250 285.123836 -54.221299
5.989186 285.445692 -54.221299
5.995122 285.767548 -54.221299
6.001058 286.089405 -54.221299
6.006994 286.411261 -54.221299
6.012930 286.733118 -54.221299
6.018866 287.054974 -54.221299
6.024802 287.376830 -54.221299
6.030738 287.698687 -54.221299
6.036674 288.020543 -54.221299
6.042610 288.342400 -54.221299
6.048546 288.664256 -54.221299
6.054482 288.986112 -54.221299
6.060418 289.307969 -54.221299
6.066354 289.629825 -54.221299
6.072290 289.951682 -54.221299
6.078226 290.273538 -54.221299
6.084162 290.595394 -54.221299
6.090098 290.917251 -54.221299
6.096034 291.239107 -54.221299
6.101970 291.560964 -54.221299
6.107906 291.882820 -54.221299
6.113842 292.204677 -54.221299
6.119778 292.526533 -54.221299
6.125714 292.848389 -54.221299
6.131650 293.170246 -54.221299
6.137586 293.492102 -54.221299
6.143522 293.813959 -54.221299
6.149458 294.135815 -54.221299
6.155394 294.457671 -54.221299
6.161330 294.779528 -54.221299
6.167266 295.101384 -54.221299
6.173202 295.423241 -54.221299
6.179138 295.745097 -54.221299
6.185074 296.066953 -54.221299
6.191010 296.388810 -54.221299
6.196946 296.710666 -54.221299
6.202882 297.032523 -54.221299
6.208818 297.354379 -54.221299
6.214754 297.676235 -54.221299
6.220689 297.998092 -54.221299
6.226625 298.319948 -54.221299
6.232561 298.641805 -54.221299
6.238497 298.963661 -54.221299
6.244433 299.285517 -54.221299
6.250369 299.607374 -54.221299
6.256305 299.929230 -54.221299
6.262241 300.251087 -54.221299
6.268177 300.572943 -54.221299
6.274113 300.894799 -54.221299
6.280049 301.216656 -54.221299
6.285985 301.538512 -54.221299
6.291921 301.860369 -54.221299
6.297857 302.182225 -54.221299
6.303793 302.504081 -54.221299
6.309729 302.825938 -54.221299
6.315665 303.147794 -54.221299
6.321601 303.469651 -54.221299
6.327537 303.791507 -54.221299
6.333473 304.113363 -54.221299
6.339409 304.435220 -54.221299
6.345345 304.757076 -54.221299
6.351281 305.078933 -54.221299
6.357217 305.400789 -54.221299
6.363153 305.722645 -54.221299
6.369089 306.044502 -54.221299
6.375025 306.366358 -54.221299
6.380961 306.688215 -54.221299
6.386897 307.010071 -54.221299
6.392833 307.331928 -54.221299
6.398769 307.653784 -54.221299
6.404705 307.975640 -54.221299
6.410641 308.297497 -54.221299
6.416577 308.619353 -54.221299
6.422513 308.941210 -54.221299
6.428449 309.263066 -54.221299
6.434385 309.584922 -54.221299
6.440321 309.906779 -54.221299
6.446257 310.228635 -54.221299
6.452193 310.550492 -54.221299
6.458129 310.872348 -54.221299
6.464065 311.194204 -54.221299
6.470001 311.516061 -54.221299
6.475937 311.837917 -54.221299
6.481872 312.159774 -54.221299
6.487808 312.481630 -54.221299
6.493744 312.803486 -54.221299
6.499680 313.125343 -54.221299
6.505616 313.447199 -54.221299
6.511552 313.769056 -54.221299
6.517488 314.090912 -54.221299
6.523424 314.412768 -54.221299
6.529360 314.734625 -54.221299
6.535296 315.056481 -54.221299
6.541232 315.378338 -54.221299
6.547168 315.700194 -54.221299
6.553104 316.022050 -54.221299
6.559040 316.343907 -54.221299
6.564976 316.665763 -54.221299
6.570912 316.987620 -54.221299
6.576848 317.309476 -54.221299
6.582784 317.631332 -54.221299
6.588720 317.953189 -54.221299
6.594656 318.275045 -54.221299
6.600592 318.596902 -54.221299
6.606528 318.918758 -54.221299
6.612464 319.240614 -54.221299
6.618400 319.562471 -54.221299
6.624336 319.884327 -54.221299
6.630272 320.206184 -54.221299
6.636208 320.528040 -54.221299
6.642144 320.849897 -54.221299
6.648080 321.171753 -54.221299
6.654016 321.493609 -54.221299
6.659952 321.815466 -54.221299
6.665888 322.137322 -54.221299
6.671824 322.459179 -54.221299
6.677760 322.781035 -54.221299
6.683696 323.102891 -54.221299
6.689632 323.424748 -54.221299
6.695568 323.746604 -54.221299
6.701504 324.068461 -54.221299
6.707440 324.390317 -54.221299
6.713376 324.712173 -54.221299
6.719312 325.034030 -54.221299
6.725248 325.355886 -54.221299
6.731184 325.677743 -54.221299
6.737120 325.999599 -54.221299
6.743055 326.321455 -54.221299
6.748991 326.643312 -54.221299
6.754927 326.965168 -54.221299
6.760863 327.287025 -54.221299
6.766799 327.608881 -54.221299
6.772735 327.930737 -54.221299
6.778671 328.252594 -54.221299
6.784607 328.574450 -54.221299
6.790543 328.896307 -54.221299
6.796479 329.218163 -54.221299
6.802415 329.540019 -54.221299
6.808351 329.861876 -54.221299
6.814287 330.183732 -54.221299
6.820223 330.505589 -54.221299
6.826159 330.827445 -54.221299
6.832095 331.149301 -54.221299
6.838031 331.471158 -54.221299
6.843967 331.793014 -54.221299
6.849903 332.114871 -54.221299
6.855839 332.436727 -54.221299
6.861775 332.758583 -54.221299
6.867711 333.080440 -54.221299
6.873647 333.402296 -54.221299
6.879583 333.724153 -54.221299
6.885519 334.046009 -54.221299
6.891455 334.367866 -54.221299
6.897391 334.689722 -54.221299
6.903327 335.011578 -54.221299
6.909263 335.333435 -54.221299
6.915199 335.655291 -54.221299
6.921135 335.977148 -54.221299
6.927071 336.299004 -54.221299
6.933007 336.620860 -54.221299
6.938943 336.942717 -54.221299
6.944879 337.264573 -54.221299
6.950815 337.586430 -54.221299
6.956751 337.908286 -54.221299
6.962687 338.230142 -54.221299
6.968623 338.551999 -54.221299
6.974559 338.873855 -54.221299
6.980495 339.195712 -54.221299
6.986431 339.517568 -54.221299
6.992367 339.839424 -54.221299
6.998303 340.161281 -54.221299
7.004238 340.483137 -54.221299
7.010174 340.804994 -54.221299
7.016110 341.126850 -54.221299
7.022046 341.448706 -54.221299
7.027982 341.770563 -54.221299
7.033918 342.092419 -54.221299
7.039854 342.414276 -54.221299
7.045790 342.736132 -54.221299
7.051726 343.057988 -54.221299
7.057662 343.379845 -54.221299
7.063598 343.701701 -54.221299
7.069534 344.023558 -54.221299
7.075470 344.345414 -54.221299
7.081406 344.667270 -54.221299
7.087342 344.989127 -54.221299
7.093278 345.310983 -54.221299
7.099214 345.632840 -54.221299
7.105150 345.954696 -54.221299
7.111086 346.276552 -54.221299
7.117022 346.598409 -54.221299
7.122958 346.920265 -54.221299
7.128894 347.242122 -54.221299
7.134830 347.563978 -54.221299
7.140766 347.885835 -54.221299
7.146702 348.207691 -54.221299
7.152638 348.529547 -54.221299
7.158574 348.851404 -54.221299
7.164510 349.173260 -54.221299
7.170446 349.495117 -54.221299
7.176382 349.816973 -54.221299
7.182318 350.138829 -54.221299
7.188254 350.460686 -54.221299
7.194190 350.782542 -54.221299
7.200126 351.104399 -54.221299
7.206062 351.426255 -54.221299
7.211998 351.748111 -54.221299
7.217934 352.069968 -54.221299
7.223870 352.391824 -54.221299
7.229806 352.713681 -54.221299
7.235742 353.035537 -54.221299
7.241678 353.357393 -54.221299
7.247614 353.679250 -54.221299
7.253550 354.001106 -54.221299
7.259486 354.322963 -54.221299
7.265422 354.644819 -54.221299
7.271357 354.966675 -54.221299
7.277293 355.288532 -54.221299
7.283229 355.610388 -54.221299
7.289165 355.932245 -54.221299
7.295101 356.254101 -54.221299
7.301037 356.575957 -54.221299
7.306973 356.897814 -54.221299
7.312909 357.219670 -54.221299
7.318845 357.541527 -54.221299
7.324781 357.863383 -54.221299
7.330717 358.185239 -54.221299
7.336653 358.507096 -54.221299
7.342589 358.828952 -54.221299
7.348525 359.150809 -54.221299
7.354461 359.472665 -54.221299
7.360397 359.794521 -54.221299
7.366333 360.116378 -54.221299
7.372269 360.438234 -54.221299
7.378205 360.760091 -54.221299
7.384141 361.081947 -54.221299
7.390077 361.403804 -54.221299
7.396013 361.725660 -54.221299
7.401949 362.047516 -54.221299
7.407885 362.369373 -54.221299
7.413821 362.691229 -54.221299
7.419757 363.013086 -54.221299
7.425693 363.334942 -54.221299
7.431629 363.656798 -54.221299
7.437565 363.978655 -54.221299
7.443501 364.300511 -54.221299
7.449437 364.622368 -54.221299
7.455373 364.944224 -54.221299
7.461309 365.266080 -54.221299
7.467245 365.587937 -54.221299
7.473181 365.909793 -54.221299
7.479117 366.231650 -54.221299
7.485053 366.553506 -54.221299
7.490989 366.875362 -54.221299
7.496925 367.197219 -54.221299
7.502861 367.519075 -54.221299
7.508797 367.840932 -54.221299
7.514733 368.162788 -54.221299
7.520669 368.484644 -54.221299
7.526605 368.806501 -54.221299
7.532540 369.128357 -54.221299
7.538476 369.450214 -54.221299
7.544412 369.772070 -54.221299
7.550348 370.093926 -54.221299
7.556284 370.415783 -54.221299
7.562220 370.737639 -54.221299
7.568156 371.059496 -54.221299
7.574092 371.381352 -54.221299
7.580028 371.703208 -54.221299
7.585964 372.025065 -54.221299
7.591900 372.346921 -54.221299
7.597836 372.668778 -54.221299
7.603772 372.990634 -54.221299
7.609708 373.312490 -54.221299
7.615644 373.634347 -54.221299
7.621580 373.956203 -54.221299
7.627516 374.278060 -54.221299
7.633452 374.599916 -54.221299
7.639388 374.921773 -54.221299
7.645324 375.243629 -54.221299
7.651260 375.565485 -54.221299
7.657196 375.887342 -54.221299
7.663132 376.209198 -54.221299
7.669068 376.531055 -54.221299
7.675004 376.852911 -54.221299
7.680940 377.174767 -54.221299
7.686876 377.496624 -54.221299
7.692812 377.818480 -54.221299
7.698748 378.140337 -54.221299
7.704684 378.462193 -54.221299
7.710620 378.784049 -54.221299
7.716556 379.105906 -54.221299
7.722492 379.427762 -54.221299
7.728428 379.749619 -54.221299
7.734364 380.071475 -54.221299
7.740300 380.393331 -54.221299
7.746236 380.715188 -54.221299
7.752172 381.037044 -54.221299
7.758108 381.358901 -54.221299
7.764044 381.680757 -54.221299
7.769980 382.002613 -54.221299
7.775916 382.324470 -54.221299
7.781852 382.646326 -54.221299
7.787788 382.968183 -54.221299
7.793723 383.290039 -54.221299
7.799659 383.611895 -54.221299
7.805595 383.933752 -54.221299
7.811531 384.255608 -54.221299
7.817467 384.577465 -54.221299
7.823403 384.899321 -54.221299
7.829339 385.221177 -54.221299
7.835275 385.543034 -54.221299
7.841211 385.864890 -54.221299
7.847147 386.186747 -54.221299
7.853083 386.508603 -54.221299
7.859019 386.830459 -54.221299
7.864955 387.152316 -54.221299
7.870891 387.474172 -54.221299
7.876827 387.796029 -54.221299
7.882763 388.117885 -54.221299
7.888699 388.439741 -54.221299
7.894635 388.761598 -54.221299
7.900571 389.083454 -54.221299
7.906507 389.405311 -54.221299
7.912443 389.727167 -54.221299
7.918379 390.049024 -54.221299
7.924315 390.370880 -54.221299
7.930251 390.692736 -54.221299
7.936187 391.014593 -54.221299
7.942123 391.336449 -54.221299
7.948059 391.658306 -54.221299
7.953995 391.980162 -54.221299
7.959931 392.302018 -54.221299
7.965867 392.623875 -54.221299
7.971803 392.945731 -54.221299
7.977739 393.267588 -54.221299
7.983675 393.589444 -54.221299
7.989611 393.911300 -54.221299
7.995547 394.233157 -54.221299
8.001483 394.555013 -54.221299
8.007419 394.876870 -54.221299
8.013355 395.198726 -54.221299
8.019291 395.520582 -54.221299
8.025227 395.842439 -54.221299
8.031163 396.164295 -54.221299
8.037099 396.486152 -54.221299
8.043035 396.808008 -54.221299
8.048971 397.129864 -54.221299
8.054906 397.451721 -54.221299
8.060842 397.773577 -54.221299
8.066778 398.095434 -54.221299
8.072714 398.417290 -54.221299
8.078650 398.739146 -54.221299
8.084586 399.061003 -54.221299
8.090522 399.382859 -54.221299
8.096458 399.704716 -54.221299
8.102394 400.026572 -54.221299
8.108330 400.348428 -54.221299
8.114266 400.670285 -54.221299
8.120202 400.992141 -54.221299
8.126138 401.313998 -54.221299
8.132074 401.635854 -54.221299
8.138010 401.957710 -54.221299
8.143946 402.279567 -54.221299
8.149882 402.601423 -54.221299
8.155818 402.923280 -54.221299
8.161754 403.245136 -54.221299
8.167690 403.566993 -54.221299
8.173626 403.888849 -54.221299
8.179562 404.210705 -54.221299
8.185498 404.532562 -54.221299
8.191434 404.854418 -54.221299
8.197370 405.176275 -54.221299
8.203306 405.498131 -54.221299
8.209242 405.819987 -54.221299
8.215178 406.141844 -54.221299
8.221114 406.463700 -54.221299
8.227050 406.785557 -54.221299
8.232986 407.107413 -54.221299
8.238922 407.429269 -54.221299
8.244858 407.751126 -54.221299
8.250794 408.072982 -54.221299
8.256730 408.394839 -54.221299
8.262666 408.716695 -54.221299
8.268602 409.038551 -54.221299
8.274538 409.360408 -54.221299
8.280474 409.682264 -54.221299
8.286410 410.004121 -54.221299
8.292346 410.325977 -54.221299
8.298282 410.647833 -54.221299
8.304218 410.969690 -54.221299
8.310154 411.291546 -54.221299
8.316089 411.613403 -54.221299
8.322025 411.935259 -54.221299
8.327961 412.257115 -54.221299
8.333897 412.578972 -54.221299
8.339833 412.900828 -54.221299
8.345769 413.222685 -54.221299
8.351705 413.544541 -54.221299
8.357641 413.866397 -54.221299
8.363577 414.188254 -54.221299
8.369513 414.510110 -54.221299
8.375449 414.831967 -54.221299
8.381385 415.153823 -54.221299
8.387321 415.475679 -54.221299
8.393257 415.797536 -54.221299
8.399193 416.119392 -54.221299
8.405129 416.441249 -54.221299
8.411065 416.763105 -54.221299
8.417001 417.084962 -54.221299
8.422937 417.406818 -54.221299
8.428873 417.728674 -54.221299
8.434809 418.050531 -54.221299
8.440745 418.372387 -54.221299
8.446681 418.694244 -54.221299
8.452617 419.016100 -54.221299
8.458553 419.337956 -54.221299
8.464489 419.659813 -54.221299
8.470425 419.981669 -54.221299
8.476361 420.303526 -54.221299
8.482297 420.625382 -54.221299
8.488233 420.947238 -54.221299
8.494169 421.269095 -54.221299
8.500105 421.590951 -54.221299
8.506041 421.912808 -54.221299
8.511977 422.234664 -54.221299
8.517913 422.556520 -54.221299
8.523849 422.878377 -54.221299
8.529785 423.200233 -54.221299
8.535721 423.522090 -54.221299
8.541657 423.843946 -54.221299
8.547593 424.165802 -54.221299
8.553529 424.487659 -54.221299
8.559465 424.809515 -54.221299
8.565401 425.131372 -54.221299
8.571337 425.453228 -54.221299
8.577272 425.775084 -54.221299
8.583208 426.096941 -54.221299
8.589144 426.418797 -54.221299
8.595080 426.740654 -54.221299
8.601016 427.062510 -54.221299
8.606952 427.384366 -54.221299
8.612888 427.706223 -54.221299
8.618824 428.028079 -54.221299
8.624760 428.349936 -54.221299
8.630696 428.671792 -54.221299
8.636632 428.993648 -54.221299
8.642568 429.315505 -54.221299
8.648504 429.637361 -54.221299
8.654440 429.959218 -54.221299
8.660376 430.281074 -54.221299
8.666312 430.602931 -54.221299
8.672248 430.924787 -54.221299
8.678184 431.246643 -54.221299
8.684120 431.568500 -54.221299
8.690056 431.890356 -54.221299
8.695992 432.212213 -54.221299
8.701928 432.534069 -54.221299
8.707864 432.855925 -54.221299
8.713800 433.177782 -54.221299
8.719736 433.499638 -54.221299
8.725672 433.821495 -54.221299
8.731608 434.143351 -54.221299
8.737544 434.465207 -54.221299
8.743480 434.787064 -54.221299
8.749416 435.108920 -54.221299
8.755352 435.430777 -54.221299
8.761288 435.752633 -54.221299
8.767224 436.074489 -54.221299
8.773160 436.396346 -54.221299
8.779096 436.718202 -54.221299
8.785032 437.040059 -54.221299
8.790968 437.361915 -54.221299
8.796904 437.683771 -54.221299
8.802840 438.005628 -54.221299
8.808776 438.327484 -54.221299
8.814712 438.649341 -54.221299
8.820648 438.971197 -54.221299
8.826584 439.293053 -54.221299
8.832520 439.614910 -54.221299
8.838456 439.936766 -54.221299
8.844391 440.258623 -54.221299
8.850327 440.580479 -54.221299
8.856263 440.902335 -54.221299
8.862199 441.224192 -54.221299
8.868135 441.546048 -54.221299
8.874071 441.867905 -54.221299
8.880007 442.189761 -54.221299
8.885943 442.511617 -54.221299
8.891879 442.833474 -54.221299
8.897815 443.155330 -54.221299
8.903751 443.477187 -54.221299
8.909687 443.799043 -54.221299
8.915623 444.120900 -54.221299
8.921559 444.442756 -54.221299
8.927495 444.764612 -54.221299
8.933431 445.086469 -54.221299
8.939367 445.408325 -54.221299
8.945303 445.730182 -54.221299
8.951239 446.052038 -54.221299
8.957175 446.373894 -54.221299
8.963111 446.695751 -54.221299
8.969047 447.017607 -54.221299
8.974983 447.339464 -54.221299
8.980919 447.661320 -54.221299
8.986855 447.983176 -54.221299
8.992791 448.305033 -54.221299
8.998727 448.626889 -54.221299
9.004663 448.948746 -54.221299
9.010599 449.270602 -54.221299
9.016535 449.592458 -54.221299
9.022471 449.914315 -54.221299
9.028407 450.236171 -54.221299
9.034343 450.558028 -54.221299
9.040279 450.879884 -54.221299
9.046215 451.201740 -54.221299
9.052151 451.523597 -54.221299
9.058087 451.845453 -54.221299
9.064023 452.167310 -54.221299
9.069959 452.489166 -54.221299
9.075895 452.811022 -54.221299
9.081831 453.132879 -54.221299
9.087767 453.454735 -54.221299
9.093703 453.776592 -54.221299
9.099639 454.098448 -54.221299
9.105574 454.420304 -54.221299
9.111510 454.742161 -54.221299
9.117446 455.064017 -54.221299
9.123382 455.385874 -54.221299
9.129318 455.707730 -54.221299
9.135254 456.029586 -54.221299
9.141190 456.351443 -54.221299
9.147126 456.673299 -54.221299
9.153062 456.995156 -54.221299
9.158998 457.317012 -54.221299
9.164934 457.638868 -54.221299
9.170870 457.960725 -54.221299
9.176806 458.282581 -54.221299
9.182742 458.604438 -54.221299
9.188678 458.926294 -54.221299
9.194614 459.248151 -54.221299
9.200550 459.570007 -54.221299
9.206486 459.891863 -54.221299
9.212422 460.213720 -54.221299
9.218358 460.535576 -54.221299
9.224294 460.857433 -54.221299
9.230230 461.179289 -54.221299
9.236166 461.501145 -54.221299
9.242102 461.823002 -54.221299
9.248038 462.144858 -54.221299
9.253974 462.466715 -54.221299
9.259910 462.788571 -54.221299
9.265846 463.110427 -54.221299
9.271782 463.432284 -54.221299
9.277718 463.754140 -54.221299
9.283654 464.075997 -54.221299
9.289590 464.397853 -54.221299
9.295526 464.719709 -54.221299
9.301462 465.041566 -54.221299
9.307398 465.363422 -54.221299
9.313334 465.685279 -54.221299
9.319270 466.007135 -54.221299
9.325206 466.328991 -54.221299
9.331142 466.650848 -54.221299
9.337078 466.972704 -54.221299
9.343014 467.294561 -54.221299
9.348950 467.616417 -54.221299
9.354886 467.938273 -54.221299
9.360822 468.260130 -54.221299
9.366757 468.581986 -54.221299
9.372693 468.903843 -54.221299
9.378629 469.225699 -54.221299
9.384565 469.547555 -54.221299
9.390501 469.869412 -54.221299
9.396437 470.191268 -54.221299
9.402373 470.513125 -54.221299
9.408309 470.834981 -54.221299
9.414245 471.156837 -54.221299
9.420181 471.478694 -54.221299
9.426117 471.800550 -54.221299
9.432053 472.122407 -54.221299
9.437989 472.444263 -54.221299
9.443925 472.766120 -54.221299
9.449861 473.087976 -54.221299
9.455797 473.409832 -54.221299
9.461733 473.731689 -54.221299
9.467669 474.053545 -54.221299
9.473605 474.375402 -54.221299
9.479541 474.697258 -54.221299
9.485477 475.019114 -54.221299
9.491413 475.340971 -54.221299
9.497349 475.662827 -54.221299
9.503285 475.984684 -54.221299
9.509221 476.306540 -54.221299
9.515157 476.628396 -54.221299
9.521093 476.950253 -54.221299
9.527029 477.272109 -54.221299
9.532965 477.593966 -54.221299
9.538901 477.915822 -54.221299
9.544837 478.237678 -54.221299
9.550773 478.559535 -54.221299
9.556709 478.881391 -54.221299
9.562645 479.203248 -54.221299
9.568581 479.525104 -54.221299
9.574517 479.846960 -54.221299
9.580453 480.168817 -54.221299
9.586389 480.490673 -54.221299
9.592325 480.812530 -54.221299
9.598261 481.134386 -54.221299
9.604197 481.456242 -54.221299
9.610133 481.778099 -54.221299
9.616069 482.099955 -54.221299
9.622005 482.421812 -54.221299
9.627940 482.743668 -54.221299
9.633876 483.065524 -54.221299
9.639812 483.387381 -54.221299
9.645748 483.709237 -54.221299
9.651684 484.031094 -54.221299
9.657620 484.352950 -54.221299
9.663556 484.674806 -54.221299
9.669492 484.996663 -54.221299
9.675428 485.318519 -54.221299
9.681364 485.640376 -54.221299
9.687300 485.962232 -54.221299
9.693236 486.284089 -54.221299
9.699172 486.605945 -54.221299
9.705108 486.927801 -54.221299
9.711044 487.249658 -54.221299
9.716980 487.571514 -54.221299
9.722916 487.893371 -54.221299
9.728852 488.215227 -54.221299
9.734788 488.537083 -54.221299
9.740724 488.858940 -54.221299
9.746660 489.180796 -54.221299
9.752596 489.502653 -54.221299
9.758532 489.824509 -54.221299
9.764468 490.146365 -54.221299
9.770404 490.468222 -54.221299
9.776340 490.790078 -54.221299
9.782276 491.111935 -54.221299
9.788212 491.433791 -54.221299
9.794148 491.755647 -54.221299
9.800084 492.077504 -54.221299
9.806020 492.399360 -54.221299
9.811956 492.721217 -54.221299
9.817892 493.043073 -54.221299
9.823828 493.364929 -54.221299
9.829764 493.686786 -54.221299
9.835700 494.008642 -54.221299
9.841636 494.330499 -54.221299
9.847572 494.652355 -54.221299
9.853508 494.974211 -54.221299
9.859444 495.296068 -54.221299
9.865380 495.617924 -54.221299
9.871316 495.939781 -54.221299
9.877252 496.261637 -54.221299
9.883188 496.583493 -54.221299
9.889123 496.905350 -54.221299
9.895059 497.227206 -54.221299
9.900995 497.549063 -54.221299
9.906931 497.870919 -54.221299
9.912867 498.192775 -54.221299
9.918803 498.514632 -54.221299
9.924739 498.836488 -54.221299
9.930675 499.158345 -54.221299
9.936611 499.480201 -54.221299
9.942547 499.802058 -54.221299
9.948483 500.123914 -54.221299
9.954419 500.445770 -54.221299
9.960355 500.767627 -54.221299
9.966291 501.089483 -54.221299
9.972227 501.411340 -54.221299
9.978163 501.733196 -54.221299
9.984099 502.055052 -54.221299
9.990035 502.376909 -54.221299
9.995971 502.698765 -54.221299
10.001907 503.020622 -54.221299
10.007843 503.342478 -54.221299
10.013779 503.664334 -54.221299
10.019715 503.986191 -54.221299
10.025651 504.308047 -54.221299
10.031587 504.629904 -54.221299
10.037523 504.951760 -54.221299
10.043459 505.273616 -54.221299
10.049395 505.595473 -54.221299
10.055331 505.917329 -54.221299
10.061267 506.239186 -54.221299
10.067203 506.561042 -54.221299
10.073139 506.882898 -54.221299
10.079075 507.204755 -54.221299
10.085011 507.526611 -54.221299
10.090947 507.848468 -54.221299
10.096883 508.170324 -54.221299
10.102819 508.492180 -54.221299
10.108755 508.814037 -54.221299
10.114691 509.135893 -54.221299
10.120627 509.457750 -54.221299
10.126563 509.779606 -54.221299
10.132499 510.101462 -54.221299
10.138435 510.423319 -54.221299
10.144371 510.745175 -54.221299
10.150306 511.067032 -54.221299
10.156242 511.388888 -54.221299
10.162178 511.710744 -54.221299
10.168114 512.032601 -54.221299
10.174050 512.354457 -54.221299
10.179986 512.676314 -54.221299
10.185922 512.998170 -54.221299
10.191858 513.320027 -54.221299
10.197794 513.641883 -54.221299
10.203730 513.963739 -54.221299
10.209666 514.285596 -54.221299
10.215602 514.607452 -54.221299
10.221538 514.929309 -54.221299
10.227474 515.251165 -54.221299
10.233410 515.573021 -54.221299
10.239346 515.894878 -54.221299
10.245282 516.216734 -54.221299
10.251218 516.538591 -54.221299
10.257154 516.860447 -54.221299
10.263090 517.182303 -54.221299
10.269026 517.504160 -54.221299
10.274962 517.826016 -54.221299
10.280898 518.147873 -54.221299
10.286834 518.469729 -54.221299
10.292770 518.791585 -54.221299
10.298706 519.113442 -54.221299
10.304642 519.435298 -54.221299
10.310578 519.757155 -54.221299
10.316514 520.079011 -54.221299
10.322450 520.400867 -54.221299
10.328386 520.722724 -54.221299
10.334322 521.044580 -54.221299
10.340258 521.366437 -54.221299
10.346194 521.688293 -54.221299
10.352130 522.010149 -54.221299
10.358066 522.332006 -54.221299
10.364002 522.653862 -54.221299
10.369938 522.975719 -54.221299
10.375874 523.297575 -54.221299
10.381810 523.619431 -54.221299
10.387746 523.941288 -54.221299
10.393682 524.263144 -54.221299
10.399618 524.585001 -54.221299
10.405554 524.906857 -54.221299
10.411490 525.228713 -54.221299
10.417425 525.550570 -54.221299
10.423361 525.872426 -54.221299
10.429297 526.194283 -54.221299
10.435233 526.516139 -54.221299
10.441169 526.837996 -54.221299
10.447105 527.159852 -54.221299
10.453041 527.481708 -54.221299
10.458977 527.803565 -54.221299
10.464913 528.125421 -54.221299
10.470849 528.447278 -54.221299
10.476785 528.769134 -54.221299
10.482721 529.090990 -54.221299
10.488657 529.412847 -54.221299
10.494593 529.734703 -54.221299
10.500529 530.056560 -54.221299
10.506465 530.378416 -54.221299
10.512401 530.700272 -54.221299
10.518337 531.022129 -54.221299
10.524273 531.343985 -54.221299
10.530209 531.665842 -54.221299
10.536145 531.987698 -54.221299
10.542081 532.309554 -54.221299
10.548017 532.631411 -54.221299
10.553953 532.953267 -54.221299
10.559889 533.275124 -54.221299
10.565825 533.596980 -54.221299
10.571761 533.918836 -54.221299
10.577697 534.240693 -54.221299
10.583633 534.562549 -54.221299
10.589569 534.884406 -54.221299
10.595505 535.206262 -54.221299
10.601441 535.528118 -54.221299
10.607377 535.849975 -54.221299
10.613313 536.171831 -54.221299
10.619249 536.493688 -54.221299
10.625185 536.815544 -54.221299
10.631121 537.137400 -54.221299
10.637057 537.459257 -54.221299
10.642993 537.781113 -54.221299
10.648929 538.102970 -54.221299
10.654865 538.424826 -54.221299
10.660801 538.746682 -54.221299
10.666737 539.068539 -54.221299
10.672673 539.390395 -54.221299
10.678608 539.712252 -54.221299
10.684544 540.034108 -54.221299
10.690480 540.355964 -54.221299
10.696416 540.677821 -54.221299
10.702352 540.999677 -54.221299
10.708288 541.321534 -54.221299
10.714224 541.643390 -54.221299
10.720160 541.965247 -54.221299
10.726096 542.287103 -54.221299
10.732032 542.608959 -54.221299
10.737968 542.930816 -54.221299
10.743904 543.252672 -54.221299
10.749840 543.574529 -54.221299
10.755776 543.896385 -54.221299
10.761712 544.218241 -54.221299
10.767648 544.540098 -54.221299
10.773584 544.861954 -54.221299
10.779520 545.183811 -54.221299
10.785456 545.505667 -54.221299
10.791392 545.827523 -54.221299
10.797328 546.149380 -54.221299
10.803264 546.471236 -54.221299
10.809200 546.793093 -54.221299
10.815136 547.114949 -54.221299
10.821072 547.436805 -54.221299
10.827008 547.758662 -54.221299
10.832944 548.080518 -54.221299
10.838880 548.402375 -54.221299
10.844816 548.724231 -54.221299
10.850752 549.046087 -54.221299
10.856688 549.367944 -54.221299
10.862624 549.689800 -54.221299
10.868560 550.011657 -54.221299
10.874496 550.333513 -54.221299
10.880432 550.655369 -54.221299
10.886368 550.977226 -54.221299
10.892304 551.299082 -54.221299
10.898240 551.620939 -54.221299
10.904176 551.942795 -54.221299
10.910112 552.264651 -54.221299
10.916048 552.586508 -54.221299
10.921984 552.908364 -54.221299
10.927920 553.230221 -54.221299
10.933856 553.552077 -54.221299
10.939791 553.873933 -54.221299
10.945727 554.195790 -54.221299
10.951663 554.517646 -54.221299
10.957599 554.839503 -54.221299
10.963535 555.161359 -54.221299
10.969471 555.483216 -54.221299
10.975407 555.805072 -54.221299
10.981343 556.126928 -54.221299
10.987279 556.448785 -54.221299
10.993215 556.770641 -54.221299
10.999151 557.092498 -54.221299
11.005087 557.414354 -54.221299
11.011023 557.736210 -54.221299
11.016959 558.058067 -54.221299
11.022895 558.379923 -54.221299
11.028831 558.701780 -54.221299
11.034767 559.023636 -54.221299
11.040703 559.345492 -54.221299
11.046639 559.667349 -54.221299
11.052575 559.989205 -54.221299
11.058511 560.311062 -54.221299
11.064447 560.632918 -54.221299
11.070383 560.954774 -54.221299
11.076319 561.276631 -54.221299
11.082255 561.598487 -54.221299
11.088191 561.920344 -54.221299
11.094127 562.242200 -54.221299
11.100063 562.564056 -54.221299
11.105999 562.885913 -54.221299
11.111935 563.207769 -54.221299
11.117871 563.529626 -54.221299
11.123807 563.851482 -54.221299
11.129743 564.173338 -54.221299
11.135679 564.495195 -54.221299
11.141615 564.817051 -54.221299
11.147551 565.138908 -54.221299
11.153487 565.460764 -54.221299
11.159423 565.782620 -54.221299
11.165359 566.104477 -54.221299
11.171295 566.426333 -54.221299
11.177231 566.748190 -54.221299
11.183167 567.070046 -54.221299
11.189103 567.391902 -54.221299
11.195039 567.713759 -54.221299
11.200974 568.035615 -54.221299
11.206910 568.357472 -54.221299
11.212846 568.679328 -54.221299
11.218782 569.001185 -54.221299
11.224718 569.323041 -54.221299
11.230654 569.644897 -54.221299
11.236590 569.966754 -54.221299
11.242526 570.288610 -54.221299
11.248462 570.610467 -54.221299
11.254398 570.932323 -54.221299
11.260334 571.254179 -54.221299
11.266270 571.576036 -54.221299
11.272206 571.897892 -54.221299
11.278142 572.219749 -54.221299
11.284078 572.541605 -54.221299
11.290014 572.863461 -54.221299
11.295950 573.185318 -54.221299
11.301886 573.507174 -54.221299
11.307822 573.829031 -54.221299
11.313758 574.150887 -54.221299
11.319694 574.472743 -54.221299
11.325630 574.794600 -54.221299
11.331566 575.116456 -54.221299
11.337502 575.438313 -54.221299
11.343438 575.760169 -54.221299
11.349374 576.082025 -54.221299
11.355310 576.403882 -54.221299
11.361246 576.725738 -54.221299
11.367182 577.047595 -54.221299
11.373118 577.369451 -54.221299
11.379054 577.691307 -54.221299
11.384990 578.013164 -54.221299
11.390926 578.335020 -54.221299
11.396862 578.656877 -54.221299
11.402798 578.978733 -54.221299
11.408734 579.300589 -54.221299
11.414670 579.622446 -54.221299
11.420606 579.944302 -54.221299
11.426542 580.266159 -54.221299
11.432478 580.588015 -54.221299
11.438414 580.909871 -54.221299
11.444350 581.231728 -54.221299
11.450286 581.553584 -54.221299
11.456222 581.875441 -54.221299
11.462157 582.197297 -54.221299
11.468093 582.519154 -54.221299
11.474029 582.841010 -54.221299
11.479965 583.162866 -54.221299
11.485901 583.484723 -54.221299
11.491837 583.806579 -54.221299
11.497773 584.128436 -54.221299
11.503709 584.450292 -54.221299
11.509645 584.772148 -54.221299
11.515581 585.094005 -54.221299
11.521517 585.415861 -54.221299
11.527453 585.737718 -54.221299
11.533389 586.059574 -54.221299
11.539325 586.381430 -54.221299
11.545261 586.703287 -54.221299
11.551197 587.025143 -54.221299
11.557133 587.347000 -54.221299
11.563069 587.668856 -54.221299
11.569005 587.990712 -54.221299
11.574941 588.312569 -54.221299
11.580877 588.634425 -54.221299
11.586813 588.956282 -54.221299
11.592749 589.278138 -54.221299
11.598685 589.599994 -54.221299
11.604621 589.921851 -54.221299
11.610557 590.243707 -54.221299
11.616493 590.565564 -54.221299
11.622429 590.887420 -54.221299
11.628365 591.209276 -54.221299
11.634301 591.531133 -54.221299
11.640237 591.852989 -54.221299
11.646173 592.174846 -54.221299
11.652109 592.496702 -54.221299
11.658045 592.818558 -54.221299
11.663981 593.140415 -54.221299
11.669917 593.462271 -54.221299
11.675853 593.784128 -54.221299
11.681789 594.105984 -54.221299
11.687725 594.427840 -54.221299
11.693661 594.749697 -54.221299
11.699597 595.071553 -54.221299
11.705533 595.393410 -54.221299
11.711469 595.715266 -54.221299
11.717405 596.037123 -54.221299
11.723340 596.358979 -54.221299
11.729276 596.680835 -54.221299
11.735212 597.002692 -54.221299
11.741148 597.324548 -54.221299
11.747084 597.646405 -54.221299
11.753020 597.968261 -54.221299
11.758956 598.290117 -54.221299
11.764892 598.611974 -54.221299
11.770828 598.933830 -54.221299
11.776764 599.255687 -54.221299
11.782700 599.577543 -54.221299
11.788636 599.899399 -54.221299
11.794572 600.221256 -54.221299
11.800508 600.543112 -54.221299
11.806444 600.864969 -54.221299
11.812380 601.186825 -54.221299
11.818316 601.508681 -54.221299
11.824252 601.830538 -54.221299
11.830188 602.152394 -54.221299
11.836124 602.474251 -54.221299
11.842060 602.796107 -54.221299
11.847996 603.117963 -54.221299
11.853932 603.439820 -54.221299
11.859868 603.761676 -54.221299
11.865804 604.083533 -54.221299
11.871740 604.405389 -54.221299
11.877676 604.727245 -54.221299
11.883612 605.049102 -54.221299
11.889548 605.370958 -54.221299
11.895484 605.692815 -54.221299
11.901420 606.014671 -54.221299
11.907356 606.336527 -54.221299
11.913292 606.658384 -54.221299
11.919228 606.980240 -54.221299
11.925164 607.302097 -54.221299
11.931100 607.623953 -54.221299
11.937036 607.945809 -54.221299
11.942972 608.267666 -54.221299
11.948908 608.589522 -54.221299
11.954844 608.911379 -54.221299
11.960780 609.233235 -54.221299
11.966716 609.555091 -54.221299
11.972652 609.876948 -54.221299
11.978588 610.198804 -54.221299
11.984524 610.520661 -54.221299
11.990459 610.842517 -54.221299
11.996395 611.164374 -54.221299
12.002331 611.486230 -54.221299
12.008267 611.808086 -54.221299
12.014203 612.129943 -54.221299
12.020139 612.451799 -54.221299
12.026075 612.773656 -54.221299
12.032011 613.095512 -54.221299
12.037947 613.417368 -54.221299
12.043883 613.739225 -54.221299
12.049819 614.061081 -54.221299
12.055755 614.382938 -54.221299
12.061691 614.704794 -54.221299
12.067627 615.026650 -54.221299
12.073563 615.348507 -54.221299
12.079499 615.670363 -54.221299
12.085435 615.992220 -54.221299
12.091371 616.314076 -54.221299
12.097307 616.635932 -54.221299
12.103243 616.957789 -54.221299
12.109179 617.279645 -54.221299
12.115115 617.601502 -54.221299
12.121051 617.923358 -54.221299
12.126987 618.245214 -54.221299
12.132923 618.567071 -54.221299
12.138859 618.888927 -54.221299
12.144795 619.210784 -54.221299
12.150731 619.532640 -54.221299
12.156667 619.854496 -54.221299
12.162603 620.176353 -54.221299
12.168539 620.498209 -54.221299
12.174475 620.820066 -54.221299
12.180411 621.141922 -54.221299
12.186347 621.463778 -54.221299
12.192283 621.785635 -54.221299
12.198219 622.107491 -54.221299
12.204155 622.429348 -54.221299
12.210091 622.751204 -54.221299
12.216027 623.073060 -54.221299
12.221963 623.394917 -54.221299
12.227899 623.716773 -54.221299
12.233835 624.038630 -54.221299
12.239771 624.360486 -54.221299
12.245707 624.682343 -54.221299
12.251642 625.004199 -54.221299
12.257578 625.326055 -54.221299
12.263514 625.647912 -54.221299
12.269450 625.969768 -54.221299
12.275386 626.291625 -54.221299
12.281322 626.613481 -54.221299
12.287258 626.935337 -54.221299
12.293194 627.257194 -54.221299
12.299130 627.579050 -54.221299
12.305066 627.900907 -54.221299
12.311002 628.222763 -54.221299
12.316938 628.544619 -54.221299
12.322874 628.866476 -54.221299
12.328810 629.188332 -54.221299
12.334746 629.510189 -54.221299
12.340682 629.832045 -54.221299
12.346618 630.153901 -54.221299
12.352554 630.475758 -54.221299
12.358490 630.797614 -54.221299
12.364426 631.119471 -54.221299
12.370362 631.441327 -54.221299
12.376298 631.763183 -54.221299
12.382234 632.085040 -54.221299
12.388170 632.406896 -54.221299
12.394106 632.728753 -54.221299
12.400042 633.050609 -54.221299
12.405978 633.372465 -54.221299
12.411914 633.694322 -54.221299
12.417850 634.016178 -54.221299
12.423786 634.338035 -54.221299
12.429722 634.659891 -54.221299
12.435658 634.981747 -54.221299
12.441594 635.303604 -54.221299
12.447530 635.625460 -54.221299
12.453466 635.947317 -54.221299
12.459402 636.269173 -54.221299
12.465338 636.591029 -54.221299
12.471274 636.912886 -54.221299
12.477210 637.234742 -54.221299
12.483146 637.556599 -54.221299
12.489082 637.878455 -54.221299
12.495018 638.200312 -54.221299
12.500954 638.522168 -54.221299
12.506890 638.844024 -54.221299
12.512825 639.165881 -54.221299
12.518761 639.487737 -54.221299
12.524697 639.809594 -54.221299
12.530633 640.131450 -54.221299
12.536569 640.453306 -54.221299
12.542505 640.775163 -54.221299
12.548441 641.097019 -54.221299
12.554377 641.418876 -54.221299
12.560313 641.740732 -54.221299
12.566249 642.062588 -54.221299
12.572185 642.384445 -54.221299
12.578121 642.706301 -54.221299
12.584057 643.028158 -54.221299
12.589993 643.350014 -54.221299
12.595929 643.671870 -54.221299
12.601865 643.993727 -54.221299
12.607801 644.315583 -54.221299
12.613737 644.637440 -54.221299
12.619673 644.959296 -54.221299
12.625609 645.281152 -54.221299
12.631545 645.603009 -54.221299
12.637481 645.924865 -54.221299
12.643417 646.246722 -54.221299
12.649353 646.568578 -54.221299
12.655289 646.890434 -54.221299
12.661225 647.212291 -54.221299
12.667161 647.534147 -54.221299
12.673097 647.856004 -54.221299
12.679033 648.177860 -54.221299
12.684969 648.499716 -54.221299
12.690905 648.821573 -54.221299
12.696841 649.143429 -54.221299
12.702777 649.465286 -54.221299
12.708713 649.787142 -54.221299
12.714649 650.108998 -54.221299
12.720585 650.430855 -54.221299
12.726521 650.752711 -54.221299
12.732457 651.074568 -54.221299
12.738393 651.396424 -54.221299
12.744329 651.718281 -54.221299
12.750265 652.040137 -54.221299
12.756201 652.361993 -54.221299
12.762137 652.683850 -54.221299
12.768073 653.005706 -54.221299
12.774008 653.327563 -54.221299
12.779944 653.649419 -54.221299
12.785880 653.971275 -54.221299
12.791816 654.293132 -54.221299
12.797752 654.614988 -54.221299
12.803688 654.936845 -54.221299
12.809624 655.258701 -54.221299
12.815560 655.580557 -54.221299
12.821496 655.902414 -54.221299
12.827432 656.224270 -54.221299
12.833368 656.546127 -54.221299
12.839304 656.867983 -54.221299
12.845240 657.189839 -54.221299
12.851176 657.511696 -54.221299
12.857112 657.833552 -54.221299
12.863048 658.155409 -54.221299
12.868984 658.477265 -54.221299
12.874920 658.799121 -54.221299
12.880856 659.120978 -54.221299
12.886792 659.442834 -54.221299
12.892728 659.764691 -54.221299
12.898664 660.086547 -54.221299
12.904600 660.408403 -54.221299
12.910536 660.730260 -54.221299
12.916472 661.052116 -54.221299
12.922408 661.373973 -54.221299
12.928344 661.695829 -54.221299
12.934280 662.017685 -54.221299
12.940216 662.339542 -54.221299
12.946152 662.661398 -54.221299
12.952088 662.983255 -54.221299
12.958024 663.305111 -54.221299
12.963960 663.626967 -54.221299
12.969896 663.948824 -54.221299
12.975832 664.270680 -54.221299
12.981768 664.592537 -54.221299
12.987704 664.914393 -54.221299
12.993640 665.236250 -54.221299
12.999576 665.558106 -54.221299
13.005512 665.879962 -54.221299
13.011448 666.201819 -54.221299
13.017384 666.523675 -54.221299
13.023320 666.845532 -54.221299
13.029256 667.167388 -54.221299
13.035191 667.489244 -54.221299
13.041127 667.811101 -54.221299
13.047063 668.132957 -54.221299
13.052999 668.454814 -54.221299
13.058935 668.776670 -54.221299
13.064871 669.098526 -54.221299
13.070807 669.420383 -54.221299
13.076743 669.742239 -54.221299
13.082679 670.064096 -54.221299
13.088615 670.385952 -54.221299
13.094551 670.707808 -54.221299
13.100487 671.029665 -54.221299
13.106423 671.351521 -54.221299
13.112359 671.673378 -54.221299
13.118295 671.995234 -54.221299
13.124231 672.317090 -54.221299
13.130167 672.638947 -54.221299
13.136103 672.960803 -54.221299
13.142039 673.282660 -54.221299
13.147975 673.604516 -54.221299
13.153911 673.926372 -54.221299
13.159847 674.248229 -54.221299
13.165783 674.570085 -54.221299
13.171719 674.891942 -54.221299
13.177655 675.213798 -54.221299
13.183591 675.535654 -54.221299
13.189527 675.857511 -54.221299
13.195463 676.179367 -54.221299
13.201399 676.501224 -54.221299
13.207335 676.823080 -54.221299
13.213271 677.144936 -54.221299
13.219207 677.466793 -54.221299
13.225143 677.788649 -54.221299
13.231079 678.110506 -54.221299
13.237015 678.432362 -54.221299
13.242951 678.754219 -54.221299
13.248887 679.076075 -54.221299
13.254823 679.397931 -54.221299
13.260759 679.719788 -54.221299
13.266695 680.041644 -54.221299
13.272631 680.363501 -54.221299
13.278567 680.685357 -54.221299
13.284503 681.007213 -54.221299
13.290439 681.329070 -54.221299
13.296374 681.650926 -54.221299
13.302310 681.972783 -54.221299
13.308246 682.294639 -54.221299
13.314182 682.616495 -54.221299
13.320118 682.938352 -54.221299
13.326054 683.260208 -54.221299
13.331990 683.582065 -54.221299
13.337926 683.903921 -54.221299
13.343862 684.225777 -54.221299
13.349798 684.547634 -54.221299
13.355734 684.869490 -54.221299
13.361670 685.191347 -54.221299
13.367606 685.513203 -54.221299
13.373542 685.835059 -54.221299
13.379478 686.156916 -54.221299
13.385414 686.478772 -54.221299
13.391350 686.800629 -54.221299
13.397286 687.122485 -54.221299
13.403222 687.444341 -54.221299
13.409158 687.766198 -54.221299
13.415094 688.088054 -54.221299
13.421030 688.409911 -54.221299
13.426966 688.731767 -54.221299
13.432902 689.053623 -54.221299
13.438838 689.375480 -54.221299
13.444774 689.697336 -54.221299
13.450710 690.019193 -54.221299
13.456646 690.341049 -54.221299
13.462582 690.662905 -54.221299
13.468518 690.984762 -54.221299
13.474454 691.306618 -54.221299
13.480390 691.628475 -54.221299
13.486326 691.950331 -54.221299
13.492262 692.272187 -54.221299
13.498198 692.594044 -54.221299
13.504134 692.915900 -54.221299
13.510070 693.237757 -54.221299
13.516006 693.559613 -54.221299
13.521942 693.881470 -54.221299
13.527878 694.203326 -54.221299
13.533814 694.525182 -54.221299
13.539750 694.847039 -54.221299
13.545686 695.168895 -54.221299
13.551622 695.490752 -54.221299
13.557558 695.812608 -54.221299
13.563493 696.134464 -54.221299
13.569429 696.456321 -54.221299
13.575365 696.778177 -54.221299
13.581301 697.100034 -54.221299
13.587237 697.421890 -54.221299
13.593173 697.743746 -54.221299
13.599109 698.065603 -54.221299
13.605045 698.387459 -54.221299
13.610981 698.709316 -54.221299
13.616917 699.031172 -54.221299
13.622853 699.353028 -54.221299
13.628789 699.674885 -54.221299
13.634725 699.996741 -54.221299
13.640661 700.318598 -54.221299
13.646597 700.640454 -54.221299
13.652533 700.962310 -54.221299
13.658469 701.284167 -54.221299
13.664405 701.606023 -54.221299
13.670341 701.927880 -54.221299
13.676277 702.249736 -54.221299
13.682213 702.571592 -54.221299
13.688149 702.893449 -54.221299
13.694085 703.215305 -54.221299
13.700021 703.537162 -54.221299
13.705957 703.859018 -54.221299
13.711893 704.180874 -54.221299
13.717829 704.502731 -54.221299
13.723765 704.824587 -54.221299
13.729701 705.146444 -54.221299
13.735637 705.468300 -54.221299
13.741573 705.790156 -54.221299
13.747509 706.112013 -54.221299
13.753445 706.433869 -54.221299
13.759381 706.755726 -54.221299
13.765317 707.077582 -54.221299
13.771253 707.399439 -54.221299
13.777189 707.721295 -54.221299
13.783125 708.043151 -54.221299
13.789061 708.365008 -54.221299
13.794997 708.686864 -54.221299
13.800933 709.008721 -54.221299
13.806869 709.330577 -54.221299
13.812805 709.652433 -54.221299
13.818741 709.974290 -54.221299
13.824676 710.296146 -54.221299
13.830612 710.618003 -54.221299
13.836548 710.939859 -54.221299
13.842484 711.261715 -54.221299
13.848420 711.583572 -54.221299
13.854356 711.905428 -54.221299
13.860292 712.227285 -54.221299
13.866228 712.549141 -54.221299
13.872164 712.870997 -54.221299
13.878100 713.192854 -54.221299
13.884036 713.514710 -54.221299
13.889972 713.836567 -54.221299
13.895908 714.158423 -54.221299
13.901844 714.480279 -54.221299
13.907780 714.802136 -54.221299
13.913716 715.123992 -54.221299
13.919652 715.445849 -54.221299
13.925588 715.767705 -54.221299
13.931524 716.089561 -54.221299
13.937460 716.411418 -54.221299
13.943396 716.733274 -54.221299
13.949332 717.055131 -54.221299
13.955268 717.376987 -54.221299
13.961204 717.698843 -54.221299
13.967140 718.020700 -54.221299
13.973076 718.342556 -54.221299
13.979012 718.664413 -54.221299
13.984948 718.986269 -54.221299
13.990884 719.308125 -54.221299
13.996820 719.629982 -54.221299
14.002756 719.951838 -54.221299
14.008692 720.273695 -54.221299
14.014628 720.595551 -54.221299
14.020564 720.917408 -54.221299
14.026500 721.239264 -54.221299
14.032436 721.561120 -54.221299
14.038372 721.882977 -54.221299
14.044308 722.204833 -54.221299
14.050244 722.526690 -54.221299
14.056180 722.848546 -54.221299
14.062116 723.170402 -54.221299
14.068052 723.492259 -54.221299
14.073988 723.814115 -54.221299
14.079924 724.135972 -54.221299
14.085859 724.457828 -54.221299
14.091795 724.779684 -54.221299
14.097731 725.101541 -54.221299
14.103667 725.423397 -54.221299
14.109603 725.745254 -54.221299
14.115539 726.067110 -54.221299
14.121475 726.388966 -54.221299
14.127411 726.710823 -54.221299
14.133347 727.032679 -54.221299
14.139283 727.354536 -54.221299
14.145219 727.676392 -54.221299
14.151155 727.998248 -54.221299
14.157091 728.320105 -54.221299
14.163027 728.641961 -54.221299
14.168963 728.963818 -54.221299
14.174899 729.285674 -54.221299
14.180835 729.607530 -54.221299
14.186771 729.929387 -54.221299
14.192707 730.251243 -54.221299
14.198643 730.573100 -54.221299
14.204579 730.894956 -54.221299
14.210515 731.216812 -54.221299
14.216451 731.538669 -54.221299
14.222387 731.860525 -54.221299
14.228323 732.182382 -54.221299
14.234259 732.504238 -54.221299
14.240195 732.826094 -54.221299
14.246131 733.147951 -54.221299
14.252067 733.469807 -54.221299
14.258003 733.791664 -54.221299
14.263939 734.113520 -54.221299
14.269875 734.435377 -54.221299
14.275811 734.757233 -54.221299
14.281747 735.079089 -54.221299
14.287683 735.400946 -54.221299
14.293619 735.722802 -54.221299
14.299555 736.044659 -54.221299
14.305491 736.366515 -54.221299
14.311427 736.688371 -54.221299
14.317363 737.010228 -54.221299
14.323299 737.332084 -54.221299
14.329235 737.653941 -54.221299
14.335171 737.975797 -54.221299
14.341107 738.297653 -54.221299
14.347042 738.619510 -54.221299
14.352978 738.941366 -54.221299
14.358914 739.263223 -54.221299
14.364850 739.585079 -54.221299
14.370786 739.906935 -54.221299
14.376722 740.228792 -54.221299
14.382658 740.550648 -54.221299
14.388594 740.872505 -54.221299
14.394530 741.194361 -54.221299
14.400466 741.516217 -54.221299
14.406402 741.838074 -54.221299
14.412338 742.159930 -54.221299
14.418274 742.481787 -54.221299
14.424210 742.803643 -54.221299
14.430146 743.125499 -54.221299
14.436082 743.447356 -54.221299
14.442018 743.769212 -54.221299
14.447954 744.091069 -54.221299
14.453890 744.412925 -54.221299
14.459826 744.734781 -54.221299
14.465762 745.056638 -54.221299
14.471698 745.378494 -54.221299
14.477634 745.700351 -54.221299
14.483570 746.022207 -54.221299
14.489506 746.344063 -54.221299
14.495442 746.665920 -54.221299
14.501378 746.987776 -54.221299
14.507314 747.309633 -54.221299
14.513250 747.631489 -54.221299
14.519186 747.953346 -54.221299
14.525122 748.275202 -54.221299
14.531058 748.597058 -54.221299
14.536994 748.918915 -54.221299
14.542930 749.240771 -54.221299
14.548866 749.562628 -54.221299
14.554802 749.884484 -54.221299
14.560738 750.206340 -54.221299
14.566674 750.528197 -54.221299
14.572610 750.850053 -54.221299
14.578546 751.171910 -54.221299
14.584482 751.493766 -54.221299
14.590418 751.815622 -54.221299
14.596354 752.137479 -54.221299
14.602290 752.459335 -54.221299
14.608225 752.781192 -54.221299
14.614161 753.103048 -54.221299
14.620097 753.424904 -54.221299
14.626033 753.746761 -54.221299
14.631969 754.068617 -54.221299
14.637905 754.390474 -54.221299
14.643841 754.712330 -54.221299
14.649777 755.034186 -54.221299
14.655713 755.356043 -54.221299
14.661649 755.677899 -54.221299
14.667585 755.999756 -54.221299
14.673521 756.321612 -54.221299
14.679457 756.643468 -54.221299
14.685393 756.965325 -54.221299
14.691329 757.287181 -54.221299
14.697265 757.609038 -54.221299
14.703201 757.930894 -54.221299
14.709137 758.252750 -54.221299
14.715073 758.574607 -54.221299
14.721009 758.896463 -54.221299
14.726945 759.218320 -54.221299
14.732881 759.540176 -54.221299
14.738817 759.862032 -54.221299
14.744753 760.183889 -54.221299
14.750689 760.505745 -54.221299
14.756625 760.827602 -54.221299
14.762561 761.149458 -54.221299
14.768497 761.471315 -54.221299
14.774433 761.793171 -54.221299
14.780369 762.115027 -54.221299
14.786305 762.436884 -54.221299
14.792241 762.758740 -54.221299
14.798177 763.080597 -54.221299
14.804113 763.402453 -54.221299
14.810049 763.724309 -54.221299
14.815985 764.046166 -54.221299
14.821921 764.368022 -54.221299
14.827857 764.689879 -54.221299
14.833793 765.011735 -54.221299
14.839729 765.333591 -54.221299
14.845665 765.655448 -54.221299
14.851601 765.977304 -54.221299
14.857537 766.299161 -54.221299
14.863473 766.621017 -54.221299
14.869408 766.942873 -54.221299
14.875344 767.264730 -54.221299
14.881280 767.586586 -54.221299
14.887216 767.908443 -54.221299
14.893152 768.230299 -54.221299
14.899088 768.552155 -54.221299
14.905024 768.874012 -54.221299
14.910960 769.195868 -54.221299
14.916896 769.517725 -54.221299
14.922832 769.839581 -54.221299
14.928768 770.161437 -54.221299
14.934704 770.483294 -54.221299
14.940640 770.805150 -54.221299
14.946576 771.127007 -54.221299
14.952512 771.448863 -54.221299
14.958448 771.770719 -54.221299
14.964384 772.092576 -54.221299
14.970320 772.414432 -54.221299
14.976256 772.736289 -54.221299
14.982192 773.058145 -54.221299
14.988128 773.380001 -54.221299
14.994064 773.701858 -54.221299
15.000000 774.023714 -54.221299
