# q  U_kJmol  dU_dq   # conservative spline pchip_hermite_v1
0 4.9045922895490612 71.139927651846577
0.0043633231299858239 4.908658281967889 -17.896569850827717
0.0087266462599716477 4.9124855659222426 5.8733688240277466
0.013089969389957472 4.9158839968720445 -0.628869829608657
0.017453292519943295 4.918765044533906 0.95956195829862789
0.021816615649929118 4.9210987297258804 0.37600820217023939
0.026179938779914945 4.9229073499260476 0.38444463010842495
0.030543261909900768 4.9242516744534433 0.25401838852460507
0.034906585039886591 4.9252140010522591 0.18541830788538419
0.039269908169872414 4.9258822336153196 0.12539827859672079
0.043633231299858237 4.9263378173228123 0.085667728737655657
0.04799655442984406 4.9266486437156809 0.058875575975440173
0.05235987755982989 4.9268665504716935 0.04236010239527347
0.056723200689815713 4.9270281624903802 0.032621902878439982
0.061086523819801536 4.9271575607202358 0.027236194529274602
0.065449846949787352 4.9272695769517449 0.02441767599993178
0.069813170079773182 4.927372697676268 0.023010376646201255
0.074176493209759012 4.9274715404953318 0.022400721371633577
0.078539816339744828 4.9275684689667152 0.021989162176739657
0.082903139469730658 4.9276637878567522 0.021822179104408021
0.087266462599716474 4.9277592616060195 0.021901477337225375
0.091629785729702304 4.9278547875244101 0.021893609689077897
0.09599310885968812 4.927950350849839 0.021907370080905948
0.10035643198967395 4.9280459469416069 0.021908443822004298
0.10471975511965978 4.928141534253661 0.021906880454399574
0.1090830782496456 4.9282371239182332 0.021907641169492093
0.11344640137963143 4.9283327129524492 0.021907345748076016
0.11780972450961724 4.9284283021555684 0.021907449446868319
0.12217304763960307 4.9285238913134295 0.02190741508521982
0.1265363707695889 4.9286194804834187 0.02190742605455024
0.1308996938995747 4.928715069650158 0.021907422643099788
0.13526301702956053 4.9288106588177678 0.02190742368359562
0.13962634015954636 4.928906247985144 0.021907423370910208
0.14398966328953219 4.9290018371525832 0.021907423463908053
0.14835298641951802 4.9290974263200056 0.021907423436356748
0.15271630954950383 4.9291930154874315 0.021907423444404543
0.15707963267948966 4.9292886046548574 0.021907423442207329
0.16144295580947549 4.9293841938222833 0.021907423442947979
0.16580627893946132 4.9294797829897101 0.021907423442793259
0.17016960206944712 4.929575372157136 0.021907423442671901
0.17453292519943295 4.929670961324562 0.021907423442701381
0.17889624832941878 4.9297665504919879 0.021907423442704396
0.18325957145940461 4.9298621396594138 0.021907423442662863
0.18762289458939044 4.9299577288268397 0.02190742344282598
0.19198621771937624 4.9300533179942665 0.021907423442826146
0.19634954084936207 4.9301489071616924 0.021907423442662357
0.2007128639793479 4.9302444963291183 0.021907423442706256
0.20507618710933373 4.9303400854965442 0.021907423442694467
0.20943951023931956 4.9304356746639701 0.021907423442697718
0.21380283336930536 4.9305312638313961 0.021907423442696927
0.21816615649929119 4.930626852998822 0.021907423442696826
0.22252947962927702 4.9307224421662479 0.02190742344269761
0.22689280275926285 4.9308180313336738 0.021907423442694581
0.23125612588924865 4.9309136205010997 0.021907423442706329
0.23561944901923448 4.9310092096685256 0.021907423442662367
0.23998277214922031 4.9311047988359515 0.021907423442826032
0.24434609527920614 4.9312003880033783 0.021907423442826014
0.24870941840919197 4.9312959771708043 0.021907423442662409
0.2530727415391778 4.9313915663382302 0.021907423442706197
0.25743606466916363 4.9314871555056561 0.021907423442694633
0.26179938779914941 4.931582744673082 0.021907423442697943
0.26616271092913524 4.9316783338405079 0.02190742344269626
0.27052603405912107 4.9317739230079338 0.021907423442698852
0.2748893571891069 4.9318695121753597 0.021907423442690172
0.27925268031909273 4.9319651013427857 0.021907423442722292
0.28361600344907856 4.9320606905102116 0.021907423442602506
0.28797932657906439 4.9321562796776366 0.021907423442438869
0.29234264970905022 4.9322518688450616 0.021907423442602506
0.29670597283903605 4.9323474580124875 0.021907423442722285
0.30106929596902182 4.9324430471799134 0.021907423442691032
0.30543261909900765 4.9325386363473394 0.021907423442696257
0.30979594222899348 4.9326342255147653 0.021907423442705767
0.31415926535897931 4.9327298146821912 0.02190742344266252
0.31852258848896514 4.9328254038496171 0.02190742344282599
0.32288591161895097 4.9329209930170439 0.021907423442826025
0.3272492347489368 4.9330165821844698 0.021907423442662406
0.33161255787892263 4.9331121713518957 0.02190742344270619
0.33597588100890846 4.9332077605193216 0.021907423442694668
0.34033920413889424 4.9333033496867476 0.021907423442697815
0.34470252726888007 4.9333989388541735 0.021907423442696746
0.3490658503988659 4.9334945280215994 0.021907423442697034
0.35342917352885173 4.9335901171890253 0.021907423442696958
0.35779249665883756 4.9336857063564512 0.021907423442696975
0.36215581978882339 4.9337812955238771 0.021907423442696972
0.36651914291880922 4.933876884691303 0.021907423442696972
0.37088246604879505 4.9339724738587289 0.021907423442696972
0.37524578917878088 4.9340680630261549 0.021907423442696972
0.37960911230876665 4.9341636521935808 0.021907423442697815
0.38397243543875248 4.9342592413610067 0.021907423442694439
0.38833575856873831 4.9343548305284326 0.021907423442706252
0.39269908169872414 4.9344504196958585 0.021907423442662392
0.39706240482870997 4.9345460088632844 0.021907423442826021
0.4014257279586958 4.9346415980307112 0.021907423442826025
0.40578905108868163 4.9347371871981371 0.021907423442662388
0.41015237421866746 4.9348327763655631 0.021907423442706252
0.41451569734865329 4.934928365532989 0.021907423442694439
0.41887902047863912 4.9350239547004149 0.021907423442697829
0.42324234360862489 4.9351195438678408 0.021907423442696909
0.42760566673861072 4.9352151330352667 0.021907423442697201
0.43196898986859655 4.9353107222026926 0.021907423442696132
0.43633231299858238 4.9354063113701185 0.021907423442700118
0.44069563612856821 4.9355019005375445 0.021907423442685228
0.44505895925855404 4.9355974897049704 0.021907423442740805
0.44942228238853987 4.9356930788723963 0.021907423442533401
0.4537856055185257 4.9357886680398213 0.021907423442696757
0.45814892864851153 4.9358842572072481 0.021907423442861399
0.46251225177849731 4.935979846374674 0.021907423442650988
0.46687557490848314 4.9360754355420999 0.02190742344271732
0.47123889803846897 4.9361710247095258 0.021907423442661566
0.4756022211684548 4.9362666138769518 0.021907423442818257
0.47996554429844063 4.9363622030443786 0.021907423442857909
0.48432886742842646 4.9364577922118045 0.021907423442542616
0.48869219055841229 4.9365533813792295 0.021907423442542789
0.49305551368839812 4.9366489705466554 0.021907423442857392
0.49741883681838395 4.9367445597140822 0.021907423442820147
0.50178215994836972 4.9368401488815081 0.021907423442655369
0.50614548307835561 4.936935738048934 0.021907423442740208
0.51050880620834138 4.93703132721636 0.021907423442565639
0.51487212933832727 4.937126916383785 0.021907423442568415
0.51923545246831304 4.9372225055512109 0.021907423442731867
0.52359877559829882 4.9373180947186368 0.021907423442687625
0.5279620987282847 4.9374136838860627 0.02190742344269948
0.53232542185827048 4.9375092730534886 0.021907423442696302
0.53668874498825636 4.9376048622209145 0.021907423442697152
0.54105206811824214 4.9377004513883405 0.021907423442696927
0.54541539124822802 4.9377960405557664 0.021907423442696975
0.5497787143782138 4.9378916297231923 0.021907423442697006
0.55414203750819968 4.9379872188906182 0.021907423442696833
0.55850536063818546 4.9380828080580441 0.021907423442697499
0.56286868376817123 4.93817839722547 0.021907423442696666
0.56723200689815712 4.9382739863928959 0.021907423442697672
0.57159533002814289 4.9383695755603219 0.021907423442694481
0.57595865315812877 4.9384651647277478 0.021907423442706249
0.58032197628811455 4.9385607538951737 0.02190742344266235
0.58468529941810043 4.9386563430625996 0.021907423442826188
0.58904862254808621 4.9387519322300264 0.02190742344282539
0.59341194567807209 4.9388475213974523 0.021907423442664747
0.59777526880805787 4.9389431105648782 0.021907423442697457
0.60213859193804364 4.9390386997323041 0.021907423442728929
0.60650191506802953 4.9391342888997301 0.021907423442568671
0.6108652381980153 4.9392298780671551 0.021907423442567558
0.61522856132800119 4.939325467234581 0.021907423442732266
0.61959188445798696 4.9394210564020069 0.021907423442685214
0.62395520758797285 4.9395166455694328 0.021907423442708716
0.62831853071795862 4.9396122347368587 0.02190742344266176
0.63268185384794451 4.9397078239042846 0.021907423442826073
0.63704517697793028 4.9398034130717114 0.021907423442826455
0.64140850010791606 4.9398990022391374 0.021907423442662277
0.64577182323790194 4.9399945914065633 0.021907423442706266
0.65013514636788772 4.9400901805739892 0.021907423442694494
0.6544984694978736 4.9401857697414151 0.021907423442697603
0.65886179262785938 4.940281358908841 0.021907423442696933
0.66322511575784526 4.9403769480762669 0.02190742344269651
0.66758843888783104 4.9404725372436928 0.021907423442698862
0.67195176201781692 4.9405681264111188 0.021907423442689884
0.6763150851478027 4.9406637155785447 0.021907423442723433
0.68067840827778847 4.9407593047459706 0.021907423442599886
0.68504173140777436 4.9408548939133956 0.021907423442448205
0.68940505453776013 4.9409504830808206 0.021907423442567797
0.69376837766774602 4.9410460722482465 0.021907423442851775
0.69813170079773179 4.9411416614156733 0.021907423442817601
0.70249502392771768 4.9412372505830993 0.021907423442670323
0.70685834705770345 4.9413328397505252 0.021907423442682941
0.71122167018768934 4.9414284289179511 0.021907423442779742
0.71558499331767511 4.9415240180853779 0.021907423442990598
0.71994831644766089 4.9416196072528047 0.021907423442662718
0.72431163957764677 4.9417151964202297 0.021907423442540385
0.72867496270763255 4.9418107855876556 0.021907423442746911
0.73303828583761843 4.9419063747550815 0.021907423442653812
0.73740160896760421 4.9420019639225075 0.021907423442819682
0.74176493209759009 4.9420975530899343 0.02190742344285997
0.74612825522757587 4.9421931422573602 0.021907423442532929
0.75049157835756175 4.9422887314247852 0.021907423442579486
0.75485490148754752 4.9423843205922111 0.0219074234427203
0.7592182246175333 4.942479909759637 0.021907423442722822
0.76358154774751918 4.9425754989270629 0.02190742344257025
0.76794487087750496 4.942671088094488 0.021907423442567346
0.77230819400749084 4.9427666772619139 0.021907423442731538
0.77667151713747662 4.9428622664293398 0.021907423442688333
0.7810348402674625 4.9429578555967657 0.021907423442696975
0.78539816339744828 4.9430534447641916 0.021907423442705607
0.78976148652743416 4.9431490339316175 0.021907423442662444
0.79412480965741994 4.9432446230990434 0.021907423442826451
0.79848813278740571 4.9433402122664702 0.02190742344282591
0.8028514559173916 4.9434358014338962 0.021907423442662426
0.80721477904737737 4.9435313906013221 0.021907423442706228
0.81157810217736326 4.943626979768748 0.021907423442694487
0.81594142530734903 4.9437225689361739 0.021907423442697655
0.82030474843733492 4.9438181581035998 0.021907423442696732
0.82466807156732069 4.9439137472710257 0.021907423442697249
0.82903139469730658 4.9440093364384516 0.021907423442696108
0.83339471782729235 4.9441049256058776 0.021907423442700157
0.83775804095727824 4.9442005147733035 0.021907423442685096
0.84212136408726401 4.9442961039407294 0.021907423442741297
0.84648468721724979 4.9443916931081553 0.021907423442533217
0.85084801034723567 4.9444872822755803 0.02190742344269701
0.85521133347722145 4.9445828714430071 0.02190742344286058
0.85957465660720733 4.944678460610433 0.021907423442653177
0.86393797973719311 4.9447740497778589 0.021907423442708546
0.86830130286717899 4.9448696389452849 0.021907423442694484
0.87266462599716477 4.9449652281127108 0.021907423442695362
0.87702794912715065 4.9450608172801367 0.021907423442705895
0.88139127225713643 4.9451564064475626 0.021907423442662884
0.8857545953871222 4.9452519956149885 0.021907423442826059
0.89011791851710809 4.9453475847824153 0.021907423442825397
0.89448124164709386 4.9454431739498412 0.021907423442664865
0.89884456477707975 4.9455387631172671 0.021907423442696975
0.90320788790706552 4.9456343522846931 0.021907423442729071
0.90757121103705141 4.945729941452119 0.021907423442568578
0.91193453416703718 4.945825530619544 0.021907423442567783
0.91629785729702307 4.9459211197869699 0.021907423442731472
0.92066118042700884 4.9460167089543958 0.021907423442688177
0.92502450355699462 4.9461122981218217 0.021907423442699331
0.9293878266869805 4.9462078872892477 0.02190742344269634
0.93375114981696627 4.9463034764566736 0.021907423442697145
0.93811447294695216 4.9463990656240995 0.021907423442696927
0.94247779607693793 4.9464946547915254 0.021907423442696989
0.94684111920692382 4.9465902439589513 0.021907423442696961
0.95120444233690959 4.9466858331263772 0.021907423442696996
0.95556776546689548 4.9467814222938031 0.021907423442696888
0.95993108859688125 4.946877011461229 0.021907423442697273
0.96429441172686703 4.946972600628655 0.021907423442697513
0.96865773485685291 4.9470681897960809 0.021907423442694522
0.97302105798683869 4.9471637789635068 0.021907423442706242
0.97738438111682457 4.9472593681309327 0.021907423442662347
0.98174770424681035 4.9473549572983586 0.021907423442826202
0.98611102737679623 4.9474505464657854 0.021907423442825348
0.99047435050678201 4.9475461356332113 0.0219074234426649
0.99483767363676789 4.9476417248006372 0.021907423442696888
0.99920099676675367 4.9477373139680632 0.021907423442729387
1.0035643198967394 4.9478329031354891 0.021907423442569077
1.0079276430267252 4.9479284923029141 0.021907423442567145
1.0122909661567112 4.94802408147034 0.02190742344273185
1.016654289286697 4.9481196706377659 0.021907423442685627
1.0210176124166828 4.9482152598051918 0.021907423442709139
1.0253809355466685 4.9483108489726177 0.021907423442661316
1.0297442586766545 4.9484064381400437 0.021907423442825768
1.0341075818066403 4.9485020273074705 0.021907423442826455
1.0384709049366261 4.9485976164748964 0.021907423442662582
1.0428342280666119 4.9486932056423223 0.021907423442706717
1.0471975511965976 4.9487887948097482 0.021907423442694064
1.0515608743265836 4.9488843839771741 0.02190742344269719
1.0559241974565694 4.9489799731446 0.021907423442697339
1.0602875205865552 4.9490755623120259 0.021907423442696951
1.064650843716541 4.9491711514794519 0.021907423442698363
1.0690141668465269 4.9492667406468778 0.021907423442689759
1.0733774899765127 4.9493623298143037 0.02190742344272277
1.0777408131064985 4.9494579189817296 0.021907423442602669
1.0821041362364843 4.9495535081491546 0.021907423442439393
1.08646745936647 4.9496490973165796 0.021907423442601947
1.090830782496456 4.9497446864840056 0.021907423442722312
1.0951941056264418 4.9498402756514315 0.021907423442688971
1.0995574287564276 4.9499358648188574 0.021907423442705312
1.1039207518864134 4.9500314539862833 0.021907423442673289
1.1082840750163994 4.9501270431537092 0.021907423442781696
1.1126473981463851 4.950222632321136 0.021907423442990771
1.1170107212763709 4.9503182214885628 0.02190742344266005
1.1213740444063567 4.9504138106559878 0.021907423442552535
1.1257373675363425 4.9505093998234138 0.021907423442702658
1.1301006906663285 4.9506049889908397 0.021907423442817008
1.1344640137963142 4.9507005781582665 0.021907423442820144
1.1388273369263 4.9507961673256924 0.02190742344269659
1.1431906600562858 4.9508917564931183 0.021907423442577005
1.1475539831862718 4.9509873456605433 0.0219074234425649
1.1519173063162575 4.9510829348279692 0.021907423442732894
1.1562806294462433 4.9511785239953952 0.021907423442687025
1.1606439525762291 4.9512741131628211 0.021907423442702519
1.1650072757062149 4.951369702330247 0.021907423442686414
1.1693705988362009 4.9514652914976729 0.021907423442731985
1.1737339219661866 4.9515608806650988 0.021907423442565806
1.1780972450961724 4.9516564698325238 0.021907423442577619
1.1824605682261582 4.9517520589999497 0.021907423442696555
1.1868238913561442 4.9518476481673757 0.021907423442816324
1.19118721448613 4.9519432373348025 0.021907423442828984
1.1955505376161157 4.9520388265022284 0.021907423442661902
1.1999138607461015 4.9521344156696543 0.021907423442706905
1.2042771838760873 4.9522300048370802 0.021907423442694002
1.2086405070060733 4.9523255940045061 0.021907423442697246
1.2130038301360591 4.952421183171932 0.021907423442697194
1.2173671532660448 4.9525167723393579 0.021907423442697485
1.2217304763960306 4.9526123615067839 0.021907423442696368
1.2260937995260166 4.9527079506742098 0.021907423442697204
1.2304571226560024 4.9528035398416357 0.021907423442694977
1.2348204457859882 4.9528991290090616 0.021907423442706402
1.2391837689159739 4.9529947181764875 0.021907423442662929
1.2435470920459597 4.9530903073439134 0.021907423442825407
1.2479104151759457 4.9531858965113402 0.021907423442826274
1.2522737383059315 4.9532814856787661 0.021907423442660331
1.2566370614359172 4.9533770748461921 0.021907423442715915
1.261000384565903 4.953472664013618 0.021907423442659502
1.265363707695889 4.9535682531810439 0.02190742344282625
1.2697270308258748 4.9536638423484707 0.021907423442826326
1.2740903539558606 4.9537594315158966 0.021907423442662614
1.2784536770858463 4.9538550206833225 0.021907423442706721
1.2828170002158321 4.9539506098507484 0.021907423442694023
1.2871803233458181 4.9540461990181743 0.021907423442697357
1.2915436464758039 4.9541417881856002 0.021907423442696722
1.2959069696057897 4.9542373773530262 0.021907423442699255
1.3002702927357754 4.9543329665204521 0.021907423442689766
1.3046336158657614 4.954428555687878 0.021907423442721854
1.3089969389957472 4.9545241448553039 0.021907423442602981
1.313360262125733 4.9546197340227289 0.021907423442439049
1.3177235852557188 4.954715323190154 0.021907423442602984
1.3220869083857045 4.9548109123575799 0.021907423442721851
1.3264502315156905 4.9549065015250058 0.021907423442689776
1.3308135546456763 4.9550020906924317 0.021907423442699206
1.3351768777756621 4.9550976798598576 0.021907423442696899
1.3395402009056478 4.9551932690272835 0.021907423442696691
1.3439035240356338 4.9552888581947094 0.021907423442696489
1.3482668471656196 4.9553844473621353 0.021907423442697513
1.3526301702956054 4.9554800365295613 0.021907423442696968
1.3569934934255912 4.9555756256969872 0.021907423442698123
1.3613568165555769 4.9556712148644131 0.021907423442694054
1.3657201396855629 4.955766804031839 0.021907423442705822
1.3700834628155487 4.9558623931992649 0.021907423442662811
1.3744467859455345 4.9559579823666908 0.021907423442826437
1.3788101090755203 4.9560535715341176 0.021907423442825608
1.3831734322055063 4.9561491607015435 0.021907423442661961
1.387536755335492 4.9562447498689695 0.021907423442706724
1.3919000784654778 4.9563403390363954 0.021907423442694651
1.3962634015954636 4.9564359282038213 0.021907423442698172
1.4006267247254494 4.9565315173712472 0.021907423442696181
1.4049900478554354 4.9566271065386731 0.021907423442697273
1.4093533709854211 4.956722695706099 0.021907423442694893
1.4137166941154069 4.9568182848735249 0.021907423442706658
1.4180800172453927 4.9569138740409509 0.021907423442661979
1.4224433403753787 4.9570094632083768 0.021907423442825587
1.4268066635053644 4.9571050523758036 0.021907423442826503
1.4311699866353502 4.9572006415432295 0.021907423442662569
1.435533309765336 4.9572962307106554 0.021907423442706721
1.4398966328953218 4.9573918198780813 0.021907423442694054
1.4442599560253078 4.9574874090455072 0.021907423442697239
1.4486232791552935 4.9575829982129331 0.021907423442697162
1.4529866022852793 4.957678587380359 0.021907423442697613
1.4573499254152651 4.957774176547785 0.021907423442695879
1.4617132485452511 4.9578697657152109 0.021907423442699026
1.4660765716752369 4.9579653548826368 0.02190742344268819
1.4704398948052226 4.9580609440500627 0.021907423442731718
1.4748032179352084 4.9581565332174886 0.021907423442568439
1.4791665410651942 4.9582521223849136 0.02190742344256737
1.4835298641951802 4.9583477115523396 0.021907423442731583
1.487893187325166 4.9584433007197655 0.02190742344268647
1.4922565104551517 4.9585388898871914 0.021907423442706034
1.4966198335851375 4.9586344790546173 0.021907423442672887
1.5009831567151235 4.9587300682220432 0.021907423442782584
1.5053464798451093 4.95882565738947 0.021907423442987614
1.509709802975095 4.9589212465568968 0.021907423442671801
1.5140731261050808 4.9590168357243218 0.021907423442508692
1.5184364492350666 4.9591124248917478 0.021907423442866284
1.5227997723650526 4.9592080140591746 0.021907423442817008
1.5271630954950384 4.9593036032266005 0.021907423442656514
1.5315264186250241 4.9593991923940264 0.021907423442740433
1.5358897417550099 4.9594947815614523 0.02190742344256524
1.5402530648849959 4.9595903707288773 0.021907423442568102
1.5446163880149817 4.9596859598963032 0.021907423442731857
1.5489797111449675 4.9597815490637291 0.021907423442687972
1.5533430342749532 4.9598771382311551 0.021907423442699765
1.557706357404939 4.959972727398581 0.021907423442696493
1.562069680534925 4.9600683165660069 0.021907423442694435
1.5664330036649108 4.9601639057334328 0.02190742344270594
1.5707963267948966 4.9602594949008587 0.021907423442665306
1.5751596499248823 4.9603550840682846 0.021907423442816341
1.5795229730548683 4.9604506732357114 0.021907423442860171
1.5838862961848541 4.9605462624031373 0.021907423442533817
1.5882496193148399 4.9606418515705624 0.021907423442577401
1.5926129424448257 4.9607374407379883 0.021907423442729407
1.5969762655748114 4.9608330299054142 0.021907423442688475
1.6013395887047974 4.9609286190728401 0.02190742344269685
1.6057029118347832 4.961024208240266 0.021907423442704289
1.610066234964769 4.9611197974076919 0.021907423442669507
1.6144295580947547 4.9612153865751178 0.021907423442801197
1.6187928812247407 4.9613109757425446 0.021907423442916549
1.6231562043547265 4.9614065649099715 0.021907423442934112
1.6275195274847123 4.9615021540773983 0.021907423442751844
1.6318828506146981 4.9615977432448242 0.02190742344285268
1.6362461737446838 4.961693332412251 0.021907423442631611
1.6406094968746698 4.9617889215796751 0.02190742344219038
1.6449728200046556 4.9618845107470992 0.021907423442344372
1.6493361431346414 4.9619800999145234 0.021907423442172971
1.6536994662646272 4.9620756890819466 0.021907423442093919
1.6580627893946132 4.9621712782493708 0.021907423442578192
1.6624261125245989 4.9622668674167976 0.021907423443162821
1.6667894356545847 4.962362456584227 0.021907423444007351
1.6711527587845705 4.9624580457516609 0.021907423444929949
1.6755160819145565 4.9625536349190975 0.021907423445277022
1.6798794050445423 4.9626492240865341 0.021907423444798121
1.684242728174528 4.9627448132539662 0.02190742344331665
1.6886060513045138 4.9628404024213904 0.021907423441172108
1.6929693744344996 4.9629359915888029 0.02190742343779711
1.6973326975644856 4.9630315807561995 0.021907423434507637
1.7016960206944713 4.9631271699235864 0.021907423433331203
1.7060593438244571 4.9632227590909741 0.021907423435223075
1.7104226669544429 4.9633183482583778 0.02190742344043467
1.7147859900844289 4.9634139374258108 0.02190742344883707
1.7191493132144147 4.9635095265932883 0.021907423460701205
1.7235126363444004 4.9636051157608199 0.021907423472629577
1.7278759594743862 4.9637007049283914 0.021907423477782604
1.732239282604372 4.9637962940959603 0.021907423470890131
1.736602605734358 4.9638918832634715 0.021907423451778329
1.7409659288643438 4.9639874724308743 0.021907423420923375
1.7453292519943295 4.9640830615981146 0.021907423377205044
1.7496925751243153 4.9641786507651524 0.021907423331949397
1.7540558982543013 4.9642742399320374 0.021907423312420383
1.7584192213842871 4.9643698290989313 0.021907423336864112
1.7627825445142729 4.9644654182660313 0.02190742340640283
1.7671458676442586 4.9645610074335309 0.021907423520278777
1.7715091907742444 4.9646565966016301 0.021907423682236096
1.7758725139042304 4.9647521857704859 0.021907423853015268
1.7802358370342162 4.9648477749399262 0.02190742393004768
1.7845991601642019 4.9649433641093506 0.021907423841968754
1.7889624832941877 4.965038953278019 0.021907423586582864
1.7933258064241737 4.9651345424452185 0.021907423166482445
1.7976891295541595 4.9652301316101974 0.021907422565561357
1.8020524526841453 4.9653257207723573 0.021907421924427749
1.806415775814131 4.965421309932295 0.021907421623740216
1.8107790989441168 4.9655168990922283 0.021907421936683068
1.8151424220741028 4.965612488254914 0.021907422874998
1.8195057452040886 4.9657080774230167 0.021907424425705875
1.8238690683340744 4.9658036665993279 0.021907426652797532
1.8282323914640601 4.965899255786141 0.021907429058023495
1.8325957145940461 4.9659948449813891 0.021907430230045054
1.8369590377240319 4.9660904341769081 0.021907429122485902
1.8413223608540177 4.966186023362404 0.021907425675586123
1.8456856839840035 4.9662816125279319 0.021907419950368719
1.8500490071139892 4.9663772016631036 0.021907411697774305
1.8544123302439752 4.966472790759175 0.021907402678635127
1.858775653373961 4.9665683798232489 0.021907398124543707
1.8631389765039468 4.9666639688853893 0.021907402030759644
1.8675022996339325 4.9667595579839725 0.021907414686823456
1.8718656227639185 4.9668551471561679 0.021907435824645473
1.8762289458939043 4.9669507364406016 0.021907466398647817
1.8805922690238901 4.9670463258705855 0.021907500207107047
1.8849555921538759 4.9671419154218599 0.021907517865468035
1.8893189152838616 4.9672375049837747 0.021907504132577266
1.8936822384138476 4.9673330944132701 0.021907457676681681
1.8980455615438334 4.9674286835714465 0.021907379643095068
1.9024088846738192 4.9675242723146731 0.021907266389656781
1.906772207803805 4.9676198605162218 0.021907139708262642
1.911135530933791 4.9677154482583363 0.021907071373308638
1.9154988540637767 4.967811035948035 0.021907119472300861
1.9198621771937625 4.9679066241185286 0.021907289943069688
1.9242255003237483 4.9680022132889023 0.021907577998237032
1.9285888234537341 4.9680978039932437 0.021907997452216058
1.9329521465837201 4.9681933967129677 0.021908471934530598
1.9373154697137058 4.9682889911717218 0.021908735895376015
1.9416787928436916 4.9683845858732383 0.021908568149841989
1.9460421159736774 4.9684801788304878 0.021907942812547064
1.9504054391036634 4.9685757681035252 0.021906879560027195
1.9547687622336491 4.9686713517063046 0.021905326247534513
1.9591320853636349 4.9687669278123607 0.021903549800551071
1.9634954084936207 4.9688624973405631 0.021902531934610295
1.9678587316236065 4.9689580657878967 0.021903114095617356
1.9722220547535925 4.9690536405577488 0.021905407210448098
1.9765853778835782 4.9691492289003065 0.021909331538622772
1.980948701013564 4.9692448382013481 0.02191508300811049
1.9853120241435498 4.9693404753818511 0.021921731299695449
1.9896753472735358 4.9694361374258182 0.021925650028285195
1.9940386704035216 4.969531804152119 0.021923641016542428
1.9984019935335073 4.9696274479820053 0.021915235255360724
2.0027653166634933 4.96972304181869 0.021900752103338476
2.0071286397934789 4.9698185581931442 0.021879458572666516
2.0114919629234649 4.969913970910655 0.021854587476349285
2.0158552860534504 4.9700092897107293 0.021839523254945498
2.0202186091834364 4.9701045886320196 0.021846410719004221
2.0245819323134224 4.9701999703894133 0.021877211348430355
2.028945255443408 4.970295536255632 0.021930659179779911
2.033308578573394 4.9703913884052957 0.02200948512641129
2.0376719017033795 4.970487625869942 0.022102490573642442
2.0420352248333655 4.9705842178572537 0.022160317735173081
2.0463985479633515 4.9706808929427861 0.02213688959948203
2.0507618710933371 4.9707772686529736 0.022024073783652943
2.0551251942233231 4.9708729664751541 0.021826848396137785
2.0594885173533091 4.9709676063283457 0.021535078405566163
2.0638518404832946 4.9710608141246979 0.021187368105364982
2.0682151636132806 4.9711526840052951 0.020965486428424031
2.0725784867432662 4.9712442094116174 0.021043997257852765
2.0769418098732522 4.9713368127038962 0.021456092345099671
2.0813051330032382 4.9714319054209213 0.022181903336487976
2.0856684561332237 4.9715308958915863 0.023258064658005919
2.0900317792632097 4.97163518453352 0.024550260612375696
2.0943951023931953 4.9717444750953881 0.025387136527803743
2.0987584255231813 4.9718551003778035 0.025104189982414232
2.1031217486531673 4.9719617177637447 0.023561159866491696
2.1074850717831528 4.9720589797991579 0.020828335029709533
2.1118483949131388 4.9721415434763365 0.016764552567974645
2.1162117180431244 4.9722039951296662 0.011818651532206981
2.1205750411731104 4.9722469970310854 0.0084653647643578092
2.1249383643030963 4.9722837621911076 0.0091636809874058658
2.1293016874330819 4.9723339129427142 0.014638890192362617
2.1336650105630679 4.9724172748692164 0.024077313848614001
2.1380283336930539 4.97255315435683 0.039791147092943527
2.1423916568230394 4.9727629782996239 0.054446268086162375
2.1467549799530254 4.9729645764453991 0.025296771844045877
2.151118303083011 4.9728546999178826 -0.092570216066310745
2.155481626212997 4.9720125005302664 -0.30961508813667926
2.159844949342983 4.9700144216420341 -0.62180092557268174
2.1642082724729685 4.9664394369759739 -1.0349374570023984
2.1685715956029545 4.9608590632749188 -1.5332099788036297
2.1729349187329401 4.9530793874157508 -2.0179160744200164
2.1772982418629261 4.9434247533915521 -2.3820742239979142
2.1816615649929121 4.9325043638684489 -2.6001311813000036
2.1860248881228976 4.9209349762702734 -2.6802327856720085
2.1903882112528836 4.9093254617796642 -2.6155768372241166
2.1947515343828692 4.8982937344049633 -2.4244310872378128
2.1991148575128552 4.8881795129049532 -2.2255823056690702
2.2034781806428412 4.8786902884357861 -2.1515763054445491
2.2078415037728267 4.8691726057002054 -2.2362992456990649
2.2122048269028127 4.8589574191991209 -2.4705482110927481
2.2165681500327987 4.8473856064344538 -2.8611451841156064
2.2209314731627843 4.8337871189512445 -3.390694731810064
2.2252947962927703 4.817769431946366 -3.9386575305297118
2.2296581194227558 4.7995909057967703 -4.3662594150448779
2.2340214425527418 4.7798980464827698 -4.6347514258168667
2.2383847656827278 4.7593654558196032 -4.7517170341619792
2.2427480888127134 4.7386639612328736 -4.7088491203558869
2.2471114119426994 4.7184856660680774 -4.5197595261498611
2.2514747350726849 4.6992668115733585 -4.299597579070749
2.2558380582026709 4.680810409757779 -4.1854483014121531
2.2602013813326569 4.6625293441482514 -4.2174312167753945
2.2645647044626425 4.6438057025894217 -4.3873893458590594
2.2689280275926285 4.6240279124297983 -4.7046459119304158
2.2732913507226145 4.6025555759327954 -5.155524948075521
2.2776546738526 4.5790375411298525 -5.6063550263287407
2.282017996982586 4.5538690034501776 -5.8934764131510393
2.2863813201125716 4.5279185788487188 -5.9665488226364136
2.2907446432425576 4.5020940553086817 -5.8381604525008148
2.2951079663725436 4.4772851096716941 -5.4938183987500437
2.2994712895025291 4.4544306740076962 -4.957492982930102
2.3038346126325151 4.4339421530206451 -4.4766315222130855
2.3081979357625007 4.414830063064886 -4.3633554061690996
2.3125612588924866 4.3951844649020337 -4.7177702876799934
2.3169245820224726 4.3730094572729987 -5.5192939457758827
2.3212879051524582 4.3463411617220551 -6.7872354855053416
2.3256512282824442 4.3131406402104071 -8.4945306177306374
2.3300145514124297 4.2720466263470547 -10.315801858048086
2.3343778745424157 4.223569011710417 -11.827177276035234
2.3387411976724017 4.1694875079857487 -12.889944630034154
2.3431045208023873 4.1117002040948227 -13.528370630243341
2.3474678439323733 4.0520579726930901 -13.735173998415982
2.3518311670623593 3.9924489300229467 -13.522069846605833
2.3561944901923448 3.9344381380395377 -13.045987967263196
2.3605578133223308 3.8786792034805497 -12.516280291184493
2.3649211364523164 3.8251883927615808 -12.003482675674226
2.3692844595823024 3.7739230814237819 -11.494793070240865
2.3736477827122884 3.7248741611764631 -10.988330182461821
2.3780111058422739 3.6780354270359878 -10.479381045868733
2.3823744289722599 3.6334787800393453 -9.9329809078211273
2.3867377521022455 3.591475304804618 -9.3030514587756077
2.3911010752322315 3.5524420848993787 -8.571540663577963
2.3954643983622175 3.5168195688216142 -7.7402889461393647
2.399827721492203 3.4850441836564032 -6.8066870230091858
2.404191044622189 3.4575643978806263 -5.773817472762671
2.4085543677521746 3.4347306209508011 -4.6911006295141826
2.4129176908821606 3.4165961953224828 -3.6294412190053542
2.4172810140121466 3.4029865859432471 -2.6167252622440773
2.4216443371421321 3.3936898869337977 -1.6528752707795686
2.4260076602721181 3.3884903486347779 -0.73865225378235533
2.4303709834021041 3.3871663593999335 0.12223714317550653
2.4347343065320897 3.3894429737064291 0.90468043384802121
2.4390976296620757 3.3948943084458216 1.5723874968908216
2.4434609527920612 3.4029756311734558 2.1101394800708664
2.4478242759220472 3.4131196872824177 2.5179020311937954
2.4521875990520332 3.4247582685265754 2.7948906391266086
2.4565509221820188 3.4373186581841813 2.9405222270713032
2.4609142453120048 3.4502312841739502 2.9569759093717543
2.4652775684419903 3.4629405871040011 2.847914816520257
2.4696408915719763 3.4749040925129928 2.6151382632953415
2.4740042147019623 3.4855837246714754 2.259806740902524
2.4783675378319479 3.4944463739196867 1.7819177330211273
2.4827308609619338 3.5009581413610298 1.1831925924567506
2.4870941840919194 3.5046275935759912 0.48540289637438877
2.4914575072219054 3.505099304699034 -0.27754999945075187
2.4958208303518914 3.5021323127389543 -1.0908316265163234
2.5001841534818769 3.495507056505982 -1.9542675445305906
2.5045474766118629 3.4850039646730133 -2.8686828458750866
2.5089107997418489 3.4704003024079344 -3.8331336370593392
2.5132741228718345 3.4515121379962621 -4.8260664070260928
2.5176374460018205 3.4282950171726281 -5.8120624049670342
2.522000769131806 3.4008250797121873 -6.7755381604396074
2.526364092261792 3.3691989501455684 -7.7172476709477769
2.530727415391778 3.3335091035873363 -8.6385270648559498
2.5350907385217636 3.2938438936152741 -9.5389645194963446
2.5394540616517496 3.2503215674153201 -10.401151626139969
2.5438173847817351 3.2031759516569531 -11.195113912131486
2.5481807079117211 3.152745803274084 -11.906546342016105
2.5525440310417071 3.0993922543907608 -12.535114747196129
2.5569073541716927 3.0434771306008517 -13.080599995272578
2.5612706773016787 2.9853654813120158 -13.541519458610875
2.5656340004316642 2.9254440433639224 -13.906895069191048
2.5699973235616502 2.8641708393826799 -14.158198050428137
2.5743606466916362 2.802070493498376 -14.2857172592044
2.5787239698216218 2.7396855544196685 -14.288710191122313
2.5830872929516078 2.6775604380971125 -14.166250153496824
2.5874506160815938 2.6162454350558351 -13.917463540552234
2.5918139392115793 2.5562832909335613 -13.547919890596713
2.5961772623415653 2.4981775401692148 -13.068361773032821
2.6005405854715509 2.4423921902315864 -12.484385749144103
2.6049039086015369 2.3893810821915666 -11.797029647491591
2.6092672317315229 2.3395940711611982 -11.006276036285248
2.6136305548615084 2.2934821750728362 -10.113097861212031
2.6179938779914944 2.251454184326279 -9.1418547876862242
2.62235720112148 2.213752413968082 -8.137628742708225
2.626720524251466 2.1804528045643821 -7.1245830410288988
2.631083847381452 2.1515892619100025 -6.1042741430696328
2.6354471705114375 2.1271941068752493 -5.076303586098236
2.6398104936414235 2.1072999404638679 -4.0416058688790706
2.6441738167714091 2.0918951939622095 -3.0270177141898773
2.6485371399013951 2.0807793324213137 -2.0845502058705754
2.6529004630313811 2.0735579123288339 -1.2425676063494828
2.6572637861613666 2.0697893444665536 -0.50133848921982727
2.6616271092913526 2.0690381192417391 0.14034074527335039
2.6659904324213386 2.0708688792344385 0.68220894057568371
2.6703537555513241 2.0748335872830794 1.1154938012850784
2.6747170786813101 2.0804186887837255 1.4217812422184939
2.6790804018112957 2.087041307951468 1.5907916911205844
2.6834437249412817 2.0941022455449625 1.6231726070582404
2.6878070480712677 2.1010081500686728 1.5194111579428369
2.6921703712012532 2.1071630823292811 1.2791526569785454
2.6965336943312392 2.111993008052889 0.91661022669722436
2.7008970174612248 2.1150269770940193 0.46122220288683885
2.7052603405912108 2.1159080827462935 -0.069691961317842152
2.7096236637211968 2.1143105331635681 -0.67504491928688581
2.7139869868511823 2.1099078673868892 -1.3555725566960692
2.7183503099811683 2.1023711559088882 -2.1115759744205538
2.7227136331111539 2.0914021503348934 -2.9217173529336744
2.7270769562411399 2.0768638571602214 -3.7390813947800305
2.7314402793711259 2.0588033989977723 -4.5352074961071658
2.7358036025011114 2.0373191786809142 -5.3090067695851797
2.7401669256310974 2.0125043583822362 -6.0616408988523363
2.7445302487610834 1.9844524905051237 -6.7928869466876129
2.748893571891069 1.9532717662307979 -7.4921417931634728
2.753256895021055 1.9191536190352489 -8.1347427869514348
2.7576202181510405 1.8823878077370915 -8.7051069414700475
2.7619835412810265 1.843293505827736 -9.202401289270373
2.7663468644110125 1.8021877200651977 -9.6268063835906599
2.7707101875409981 1.7593912791350261 -9.9772949512735689
2.7750735106709841 1.7152245106972457 -10.255512247669982
2.7794368338009696 1.6699937612560878 -10.465861738949089
2.7838001569309556 1.6239874637066312 -10.611013530122113
2.7881634800609416 1.5774904168520578 -10.690698842912159
2.7925268031909272 1.5307896415577265 -10.704293525547246
2.7968901263209132 1.4841749739822987 -10.65109953287577
2.8012534494508987 1.4379287472075837 -10.537756279831333
2.8056167725808847 1.3922785057434299 -10.381232734742007
2.8099800957108707 1.3473811363117607 -10.1932641730795
2.8143434188408563 1.3033690203180708 -9.9753698555764672
2.8187067419708423 1.2603722344818029 -9.7281706637116105
2.8230700651008283 1.2185154992091289 -9.4529311259740858
2.8274333882308138 1.1779108072240068 -9.1564058863538076
2.8317967113607998 1.1386194466789186 -8.8539246454502809
2.8361600344907854 1.1006379601024778 -8.5567916641244803
2.8405233576207713 1.0639356495228507 -8.2677051986984011
2.8448866807507573 1.0284745617050264 -7.9882855030211095
2.8492500038807429 0.99420780949238841 -7.7204841689237522
2.8536133270107289 0.96107797166438058 -7.4682597761137552
2.8579766501407144 0.92900108743034415 -7.2393163670744229
2.8623399732707004 0.89786088114903728 -7.0393445110972124
2.8667032964006864 0.86752711080180733 -6.8696985169473086
2.871066619530672 0.83786655327822612 -6.7309228017727749
2.875429942660658 0.80874289350265816 -6.6236609146161243
2.8797932657906435 0.78001918274400595 -6.5473557902462147
2.8841565889206295 0.75156447452430419 -6.4999009646844002
2.8885199120506155 0.72325750856499726 -6.4794927736614349
2.8928832351806011 0.69498186958962005 -6.4854614200323795
2.8972465583105871 0.66662374628647691 -6.5171682242865243
2.9016098814405731 0.63807202853360723 -6.5741901460584238
2.9059732045705586 0.60922313470097145 -6.651824615310642
2.9103365277005446 0.58001186794206983 -6.7377373096619921
2.9146998508305302 0.55042751913970478 -6.8221136524533099
2.9190631739605162 0.52048323082005921 -6.9026840876093143
2.9234264970905022 0.49019754388043923 -6.9782305875071753
2.9277898202204877 0.45959597933358154 -7.0473839982842916
2.9321531433504737 0.42871521916252575 -7.1043660712277523
2.9365164664804593 0.39763762622780341 -7.1345773793135496
2.9408797896104453 0.36651058057517899 -7.1260834978176426
2.9452431127404313 0.335511501235568 -7.0758657441019484
2.9496064358704168 0.3048247952480912 -6.9824753880808466
2.9539697590004028 0.27464385396084262 -6.8437442763679419
2.9583330821303884 0.24516932572633129 -6.6586270480657115
2.9626964052603744 0.21660313947332066 -6.4276032920755606
2.9670597283903604 0.18914408765393856 -6.1510760367956321
2.9714230515203459 0.16299205584946594 -5.8283584819798531
2.9757863746503319 0.13834994831870323 -5.4589677301865285
2.9801496977803179 0.11542286851908012 -5.041934624052276
2.9845130209103035 0.094412111133728119 -4.5827253531891508
2.9888763440402895 0.075464661453082504 -4.1004034246893823
2.993239667170275 0.05863915031841866 -3.6113370529027513
2.997602990300261 0.043955051212523716 -3.1186605343345586
3.001966313430247 0.03142786101689516 -2.6231251947997096
3.0063296365602326 0.021066285423560187 -2.1259948221191127
3.0106929596902186 0.012869860349229479 -1.6324368902225737
3.0150562828202041 0.0067934454838774611 -1.1575394995055257
3.0194196059501901 0.0027222120814154246 -0.71441412450332664
3.0237829290801761 0.00050843270512327819 -0.30606047938185094
3.0281462522101616 0 0.067000883575264014
3.0325095753401476 0.0010393771683677988 0.40310746787772561
3.0368728984701332 0.0034668228612813974 0.70418106416463067
3.0412362216001192 0.0071474337007304042 0.97975859944402111
3.0455995447301052 0.011992476244191764 1.2385920152454157
3.0499628678600907 0.017933920266575712 1.4821152115444189
3.0543261909900767 0.024904263910082099 1.7104384092720226
3.0586895141200627 0.032837709416393565 1.9232217558162725
3.0630528372500483 0.041672351855549954 2.1255626048170591
3.0674161603800343 0.051400556353706377 2.3374012479800386
3.0717794835100198 0.062110183509988183 2.5768503576412365
3.0761428066400058 0.073932202898952068 2.8468163517323433
3.0805061297699918 0.086996186905851494 3.1462397978031404
3.0848694528999774 0.10143119511242271 3.4751387933951499
3.0892327760299634 0.11736476718146309 3.8331027837778189
3.0935960991599489 0.13492211615853617 4.2191112068718883
3.0979594222899349 0.15422573348033558 4.6341859611271099
3.1023227454199209 0.17539703587704131 5.0726498606327128
3.1066860685499065 0.19799339105497368 5.1676392947490806
3.1110493916798925 0.21960903920889929 4.6547272971769029
3.115412714809878 0.23834014743604626 3.9538378086792592
3.119776037939864 0.2541851025284646 3.3026714727647075
3.12413936106985 0.26714473356812446 2.6400508921308239
3.1285026841998356 0.27722180963001963 1.9759980482898996
3.1328660073298216 0.28442035113510428 1.3337966155499337
3.1372293304598076 0.28874491752074827 0.61152087766181584
3.1415926535897931 0.2902000060490319 0.19391787712390374
3.1459559767197791 0.29164542117190473 0.60704702592520221
3.1503192998497647 0.29594023045858803 1.3245816046819658
3.1546826229797507 0.30308687741751322 1.9611924076304479
3.1590459461097367 0.31308699185639771 2.6198934897437951
3.1634092692397222 0.32594142844211066 3.2728654299045763
3.1677725923697082 0.34165025087222139 3.9272950795863215
3.1721359154996938 0.36021262876012472 4.5810958965858655
3.1764992386296798 0.38162665128349482 5.2340696183625832
3.1808625617596658 0.40588910074774143 5.8874544452181725
3.1852258848896513 0.43299526236552366 6.5345679741556806
3.1895892080196373 0.46293887311211124 7.1988078020850512
3.1939525311496229 0.49571226638580468 7.791236426310169
3.1983158542796088 0.53023167491637857 7.9033689126129012
3.2026791774095948 0.56384046217265515 7.4367849363662399
3.2070425005395804 0.59489340720108963 6.8076236129476655
3.2114058236695664 0.62325463996007258 6.18290017735099
3.2157691467995524 0.64879075455874491 5.517862044177634
3.2201324699295379 0.67137036057161947 4.8275842772058448
3.2244957930595239 0.69090090303680696 4.1246062365458851
3.2288591161895095 0.70737196774717714 3.4268725387790138
3.2332224393194955 0.72081973533142718 2.7385774296358001
3.2375857624494815 0.73128386458966321 2.0594269733969499
3.241949085579467 0.73880503892007976 1.3894985434718428
3.246312408709453 0.74342404483099123 0.72955193699041099
3.2506757318394386 0.7451934464114347 0.084639153339183551
3.2550390549694246 0.74419268240554515 -0.53963228238166805
3.2594023780994106 0.74051602874216049 -1.1420655214443498
3.2637657012293961 0.73425727186695866 -1.7231907309308014
3.2681290243593821 0.72550886747228382 -2.2833355936659085
3.2724923474893677 0.71436193983415719 -2.8224895842973146
3.2768556706193537 0.70091108744460695 -3.3388938408698059
3.2812189937493397 0.68526077744855352 -3.8304204556621042
3.2855823168793252 0.66752114710343979 -4.2966562533919648
3.2899456400093112 0.64780197346966872 -4.7377310139456812
3.2943089631392972 0.62621256302985562 -5.15410999175662
3.2986722862692828 0.60286072096597121 -5.5451581529516174
3.3030356093992688 0.57786783983688628 -5.9046406046616333
3.3073989325292543 0.55138978318339793 -6.2250894586650789
3.3117622556592403 0.52360306444451754 -6.5047128351755479
3.3161255787892263 0.49468396981248813 -6.7441045607469059
3.3204889019192119 0.46480678254143803 -6.9442145711318366
3.3248522250491979 0.43414199210513071 -7.1046348268065396
3.3292155481791834 0.40287714895950538 -7.2169256940792303
3.3335788713091694 0.37124769792688733 -7.2705937392878601
3.3379421944391554 0.33951807446743543 -7.2631900957747879
3.342305517569141 0.30795116334775902 -7.1961373478685893
3.346668840699127 0.27680507032545182 -7.0705460078166933
3.351032163829113 0.24633319355882824 -6.8870739537071035
3.3553954869590985 0.21679144081941143 -6.6434903848501374
3.3597588100890845 0.1884498331507615 -6.3366315718953112
3.3641221332190701 0.16158684460325323 -5.9658678024858451
3.3684854563490561 0.136479433577468 -5.5321118800603362
3.372848779479042 0.11340200429786611 -5.0351405093980164
3.3772121026090276 0.09263020089839244 -4.475837691125724
3.3815754257390136 0.074419899871660714 -3.8636294480172917
3.3859387488689991 0.058972931962057967 -3.210678036670064
3.3903020719989851 0.046456285612413932 -2.5200233291430685
3.3946653951289711 0.037038727310035817 -1.7900768892020953
3.3990287182589567 0.030896066523099473 -1.0180876994479093
3.4033920413889427 0.028216360177976969 -0.20338513678939443
3.4077553645189282 0.029160046410257708 0.63802873921774628
3.4121186876489142 0.033790549270504969 1.4838002904348331
3.4164820107789002 0.042106781630371216 2.3282895380731392
3.4208453339088858 0.054112354479904486 3.1752856042996904
3.4252086570388718 0.069825476267396241 4.0285386404894661
3.4295719801688578 0.089279768867050316 4.8898928829947659
3.4339353032988433 0.11249332991498154 5.7481450461941259
3.4382986264288293 0.13941230907154659 6.5861225720795886
3.4426619495588149 0.16993080202990482 7.3984615225136316
3.4470252726888009 0.20394134711004228 8.186929765605635
3.4513885958187869 0.24134112446420333 8.9519404849060908
3.4557519189487724 0.28202674971411967 9.6928764242925549
3.4601152420787584 0.32588901237467183 10.407399546104216
3.464478565208744 0.37280473568794448 11.091871019266769
3.46884188833873 0.42263521982656349 11.742908827515402
3.473205211468716 0.47522765372936693 12.357304820922943
3.4775685345987015 0.53041386547669878 12.931010097459152
3.4819318577286875 0.58800699751231822 13.460019769458274
3.4862951808586731 0.64780942832656152 13.94415424302797
3.4906585039886591 0.70963016385460198 14.385292727595809
3.4950218271186451 0.77327982710481169 14.781766492390997
3.4993851502486306 0.83855463383103457 15.129577370169478
3.5037484733786166 0.90523475576742363 15.425450006742297
3.5081117965086026 0.97308785208457249 15.666849925738767
3.5124751196385882 1.0418718213929781 15.85187651505967
3.5168384427685742 1.1113380006464459 15.979444369847325
3.5212017658985597 1.1812349807076672 16.049396185644053
3.5255650890285457 1.2513127419655996 16.062513879853093
3.5299284121585317 1.3213264422142728 16.020342176714941
3.5342917352885173 1.391039559372051 15.92520047950527
3.5386550584185033 1.4602281016257506 15.780602124960543
3.5430183815484888 1.5286857377797023 15.59093208701174
3.5473817046784748 1.596224957579448 15.360220005339222
3.5517450278084608 1.6626751009036596 15.092487971410657
3.5561083509384463 1.7278828303109266 14.791113475230112
3.5604716740684323 1.791708570583618 14.459936870760661
3.5648349971984179 1.8540452001714756 14.111994958263626
3.5691983203284039 1.9148621228272742 13.766228603450552
3.5735616434583899 1.9741952164487269 13.43215672130661
3.5779249665883754 2.0320990658556322 13.111328973810954
3.5822882897183614 2.0886331274932082 12.804239213158496
3.5866516128483474 2.1438581307557563 12.511587066821233
3.591014935978333 2.1978524804436561 12.243108102081951
3.595378259108319 2.2507582539157784 12.015091162827543
3.5997415822383045 2.3027727568584511 11.834395533573581
3.6041049053682905 2.3540990688163514 11.699237245824779
3.6084682284982765 2.4049312217229648 11.607642022390284
3.6128315516282621 2.4554557870514651 11.557940826639017
3.6171948747582481 2.5058535567083724 11.549680910286614
3.6215581978882336 2.5563071099932078 11.583597486688321
3.6259215210182196 2.6070005094415571 11.659451169609426
3.6302848441482056 2.6581133905846932 11.775440304672117
3.6346481672781912 2.7098182208661195 11.931038697560304
3.6390114904081772 2.7622880044755069 12.125593405269996
3.6433748135381627 2.8156652429543287 12.341639357549292
3.6477381366681487 2.869975056581211 12.548012290880369
3.6521014597981347 2.9251297974589963 12.728595231692807
3.6564647829281203 2.9810165681258129 12.884126329456086
3.6608281060581063 3.0375277974014332 13.014071719443365
3.6651914291880923 3.0945465400861072 13.117045691528615
3.6695547523180778 3.1519872894748109 13.214295366630786
3.6739180754480638 3.2099127446190874 13.345732260142606
3.6782813985780494 3.2685305463369421 13.532016579709973
3.6826447217080354 3.3280733212198959 13.76742954972155
3.6870080448380214 3.3887442800353988 14.051140186574646
3.6913713679680069 3.4507627333908308 14.383035804007736
3.6957346910979929 3.514169869035813 14.652999309389847
3.7000980142279785 3.5782359212870136 14.649074968786724
3.7044613373579645 3.6414376794017485 14.253601637537228
3.7088246604879505 3.7020601764311305 13.471805134368639
3.713187983617936 3.758442322170203 12.305644393808958
3.717551306747922 3.8088814332994985 10.75050346048074
3.7219146298779076 3.851948965790772 8.9827741949782638
3.7262779530078936 3.8874764546924867 7.3563559583108882
3.7306412761378795 3.916647546655148 6.0752694599518469
3.7350045992678651 3.9410001850614491 5.1427724491347844
3.7393679223978511 3.962026780946768 4.5541039728514523
3.7437312455278371 3.9812519637572432 4.3158961054215492
3.7480945686578226 4.0001327361239296 4.3820364770552453
3.7524578917878086 4.0197976512112943 4.6580205009276545
3.7568212149177942 4.0410054992654914 5.0879234198268373
3.7611845380477802 4.0644142101857366 5.6663721273501899
3.7655478611777662 4.0906777118130133 6.3986857273684095
3.7699111843077517 4.1204889939189506 7.2930663034408738
3.7742745074377377 4.1543277713116602 8.1916063592169159
3.7786378305677233 4.1914687190502935 8.7425724319874814
3.7830011536977093 4.2298021617108894 8.7304722872161058
3.7873644768276953 4.2668394281349782 8.1566207726752147
3.7917277999576808 4.3001740067057224 7.0271611991164766
3.7960911230876668 4.3273269535745413 5.3228934813856572
3.8004544462176524 4.3461154051696571 3.2682437182880286
3.8048177693476384 4.3560852933664123 1.3769095959909305
3.8091810924776244 4.3588419074219882 -0.025783697984417171
3.8135444156076099 4.3565802229226112 -0.93348630733573545
3.8179077387375959 4.3513951186522295 -1.3603058818636562
3.8222710618675819 4.3454314266443932 -1.2906378459259285
3.8266343849975675 4.340668133243387 -0.85247462433377608
3.8309977081275535 4.33809221598964 -0.34553320243676339
3.835361031257539 4.3374665474741967 0.033359206195920102
3.839724354387525 4.338186398269043 0.27685134302954789
3.844087677517511 4.3396985189910815 0.39382599661677259
3.8484510006474966 4.3414290502493325 0.37732794530732194
3.8528143237774826 4.3428460026283862 0.26091256420248576
3.8571776469074681 4.3436763626108075 0.12415996060388808
3.8615409700374541 4.3439789257370522 0.02138814505488864
3.8659042931674401 4.343916090679679 -0.044887661897537651
3.8702676162974257 4.3436365448433136 -0.077241259830427303
3.8746309394274117 4.3432941600029817 -0.073755333874365336
3.8789942625573972 4.34303252730676 -0.04302927182902886
3.8833575856873832 4.3429274023125295 -0.0062915920120799789
3.8877209088173692 4.3429646016332502 0.021493386924952007
3.8920842319473548 4.343100705216421 0.039472343956411658
3.8964475550773408 4.3432958651725251 0.048377269733636312
3.9008108782073267 4.3435089027166915 0.047674504788542925
3.9051742013373123 4.3437011221307067 0.039558870977585633
3.9095375244672983 4.3438515631486556 0.029685969993170136
3.9139008475972838 4.3439636110464548 0.022171333545703834
3.9182641707272698 4.3440488788129317 0.017292953362075474
3.9226274938572558 4.344118052581738 0.014843030844976002
3.9269908169872414 4.3441821546686539 0.014968651784542297
3.9313541401172274 4.3442516113431324 0.017110602155600139
3.9357174632472129 4.3443322153148243 0.019763039951899281
3.9400807863771989 4.3444231743459438 0.021795269817017519
3.9444441095071849 4.3445213841720838 0.023118806415412176
3.9488074326371705 4.3446239785842886 0.023792328907279857
3.9531707557671565 4.344728007405446 0.023775548607465259
3.957534078897142 4.3448306621506729 0.023210629245258407
3.961897402027128 4.344930343877075 0.022498244802452157
3.966260725157114 4.3450272332155526 0.021948700248910834
3.9706240482870996 4.3451221594915355 0.02158965604142549
3.9749873714170856 4.3452158915980199 0.021404624607074783
3.9793506945470716 4.3453092191274836 0.021404577415239337
3.9837140176770571 4.3454028983812076 0.021553458735666525
3.9880773408070431 4.3454973701909232 0.02174472979395177
3.9924406639370287 4.3455925948733398 0.021893322739858039
3.9968039870670147 4.3456883510020798 0.021990712613749287
4.0011673101970002 4.3457844322782293 0.022041510640063194
4.0055306333269867 4.3458806273821473 0.022042745761024343
4.0098939564569722 4.3459767327033578 0.02200353941706374
4.0142572795869578 4.3460726268410532 0.0219522005399795
4.0186206027169442 4.3461683180289192 0.021912025278713523
4.0229839258469298 4.3462638653493055 0.021885611183983793
4.0273472489769153 4.346359324163104 0.021871674184119658
4.0317105721069009 4.3464547510240052 0.021871014437155348
4.0360738952368873 4.3465502007332955 0.021881330626090347
4.0404372183668729 4.3466457066872062 0.021895105964897663
4.0448005414968584 4.3467412673396755 0.021905967331876833
4.0491638646268449 4.3468368669365365 0.021913130675127818
4.0535271877568304 4.3469324906189009 0.021916952098800253
4.057890510886816 4.347028123252251 0.021917217277617179
4.0622538340168024 4.3471237500907511 0.021914505137792611
4.066617157146788 4.3472193619570501 0.021910810145640672
4.0709804802767735 4.3473149590838789 0.021907874013641866
4.0753438034067591 4.3474105456690886 0.02190593153722202
4.0797071265367455 4.347506125701539 0.021904884346087568
4.0840704496667311 4.3476017032313203 0.021904789533092297
4.0884337727967166 4.3476972822252193 0.021905501920830767
4.092797095926703 4.3477928652026323 0.021906492698501426
4.0971604190566886 4.3478884521510928 0.021907286353670594
4.1015237421866741 4.347984041952877 0.021907813047409807
4.1058870653166606 4.3480796335369787 0.021908099849386482
4.1102503884466461 4.3481752258195874 0.021908131636978481
4.1146137115766317 4.3482708177338596 0.021907944693200797
4.1189770347066181 4.348366408588844 0.021907679118581248
4.1233403578366037 4.3484619983741704 0.021907464605452745
4.1277036809665892 4.3485575873872131 0.021907321806766387
4.1320670040965748 4.3486531759155911 0.021907243300632501
4.1364303272265612 4.3487487642493301 0.02190723306900404
4.1407936503565468 4.3488443526752807 0.021907282077759136
4.1451569734865323 4.348939941382759 0.021907353238568621
4.1495202966165188 4.3490355303783081 0.021907411213705257
4.1538836197465043 4.3491311195828768 0.021907449926511315
4.1582469428764899 4.3492267089192085 0.021907471404960747
4.1626102660064763 4.349322298309696 0.021907474606719116
4.1669735891364619 4.3494178876772267 0.021907461772118324
4.1713369122664474 4.3495134769699799 0.021907442711645641
4.1757002353964339 4.3496090661851667 0.021907427044163215
4.1800635585264194 4.3497046553437846 0.021907416549878957
4.184426881656405 4.3498002444665884 0.021907410676646581
4.1887902047863905 4.3498958335743465 0.02190740969526463
4.193153527916377 4.3499914226877818 0.021907413052701202
4.1975168510463625 4.3500870118210679 0.021907418156113377
4.2018801741763481 4.3501826009752342 0.021907422389596431
4.2062434973063345 4.3502781901447101 0.021907425234455831
4.2106068204363201 4.3503737793239194 0.021907426839887785
4.2149701435663056 4.3504693685073033 0.021907427135740662
4.2193334666962921 4.3505649576892926 0.021907426258269951
4.2236967898262776 4.3506605468660151 0.021907424892301172
4.2280601129562632 4.3507561360371181 0.021907423748721105
4.2324234360862487 4.3508517252040795 0.021907422977785345
4.2367867592162352 4.3509473143683959 0.021907422538992343
4.2411500823462207 4.351042903531555 0.021907422450836836
4.2455134054762063 4.3511384926950534 0.021907422679841394
4.2498767286061927 4.351234081859948 0.021907423045207621
4.2542400517361783 4.3513296710263543 0.021907423354060269
4.2586033748661638 4.3514252601938814 0.021907423563312337
4.2629666979961502 4.3515208493621289 0.021907423683349678
4.2673300211261358 4.3516164385306961 0.021907423709038736
4.2716933442561213 4.3517120276991808 0.021907423649306486
4.2760566673861078 4.3518076168672959 0.021907423551703803
4.2804199905160933 4.3519032060350042 0.021907423468124271
4.2847833136460789 4.3519987952024088 0.021907423411525264
4.2891466367760644 4.3520943843696189 0.021907423378916924
4.2935099599060509 4.3521899735367402 0.021907423371133283
4.2978732830360364 4.3522855627038801 0.021907423386633543
4.302236606166022 4.3523811518711186 0.021907423413037492
4.3065999292960084 4.3524767410384673 0.021907423435414682
4.310963252425994 4.3525723302058967 0.021907423450795292
4.3153265755559795 4.3526679193733804 0.021907423459730322
4.319689898685966 4.3527635085408871 0.02190742346172421
4.3240532218159515 4.3528590977083894 0.021907423457637628
4.3284165449459371 4.3529546868758651 0.021907423450630105
4.3327798680759235 4.3530502760433123 0.021907423444872086
4.3371431912059091 4.3531458652107382 0.021907423440714367
4.3415065143358946 4.353241454378149 0.021907423438079322
4.3458698374658802 4.3533370435455527 0.021907423437510565
4.3502331605958666 4.3534326327129582 0.021907423438743249
4.3545964837258522 4.3535282218803708 0.021907423440487944
4.3589598068558377 4.3536238110477905 0.021907423442060512
4.3633231299858242 4.3537194002152164 0.021907423443172161
4.3676864531158097 4.3538149893826459 0.021907423443870332
4.3720497762457953 4.353910578550078 0.021907423444254028
4.3764130993757817 4.3540061677175101 0.021907423443839696
4.3807764225057673 4.3541017568849396 0.021907423443281338
4.3851397456357528 4.3541973460523673 0.021907423442889151
4.3895030687657384 4.3542929352197932 0.021907423442573598
4.3938663918957248 4.3543885243872182 0.021907423442382598
4.3982297150257104 4.3544841135546424 0.02190742344224083
4.4025930381556959 4.3545797027220665 0.021907423442401621
4.4069563612856824 4.3546752918894915 0.021907423442497499
4.4113196844156679 4.3547708810569166 0.021907423442563859
4.4156830075456535 4.3548664702243425 0.021907423442826601
4.4200463306756399 4.3549620593917693 0.021907423442917226
4.4244096538056255 4.3550576485591961 0.021907423442902651
4.428772976935611 4.3551532377266229 0.021907423442883708
4.4331363000655974 4.3552488268940497 0.021907423442960681
4.437499623195583 4.3553444160614765 0.021907423442671735
4.4418629463255686 4.3554400052289015 0.021907423442542578
4.4462262694555541 4.3555355943963274 0.021907423442737491
4.4505895925855405 4.3556311835637533 0.021907423442684277
4.4549529157155261 4.3557267727311793 0.021907423442702214
4.4593162388455116 4.3558223618986052 0.021907423442697065
4.4636795619754981 4.3559179510660311 0.021907423442686345
4.4680428851054836 4.356013540233457 0.021907423442734376
4.4724062082354692 4.3561091294008829 0.02190742344256635
4.4767695313654556 4.3562047185683079 0.021907423442566371
4.4811328544954412 4.3563003077357338 0.021907423442734317
4.4854961776254267 4.3563958969031598 0.021907423442686546
4.4898595007554132 4.3564914860705857 0.021907423442696312
4.4942228238853987 4.3565870752380116 0.021907423442705024
4.4985861470153843 4.3566826644054375 0.021907423442673778
4.5029494701453698 4.3567782535728634 0.021907423442790067
4.5073127932753563 4.3568738427402902 0.021907423442953437
4.5116761164053418 4.356969431907717 0.021907423442794338
4.5160394395353274 4.3570650210751429 0.02190742344267007
4.5204027626653138 4.3571606102425688 0.021907423442702193
4.5247660857952994 4.3572561994099948 0.021907423442697988
4.5291294089252849 4.3573517885774207 0.021907423442696059
4.5334927320552714 4.3574473777448466 0.021907423442694592
4.5378560551852569 4.3575429669122725 0.021907423442702387
4.5422193783152425 4.3576385560796984 0.021907423442686053
4.5465827014452289 4.3577341452471243 0.021907423442730216
4.5509460245752145 4.3578297344145502 0.0219074234425699
4.5553093477052 4.3579253235819753 0.021907423442569698
4.5596726708351856 4.3580209127494012 0.02190742344273084
4.564035993965172 4.3581165019168271 0.021907423442683746
4.5683993170951576 4.358212091084253 0.021907423442711002
4.5727626402251431 4.3583076802516789 0.021907423442662451
4.5771259633551296 4.3584032694191048 0.021907423442816015
4.5814892864851151 4.3584988585865316 0.021907423442860979
4.5858526096151007 4.3585944477539575 0.021907423442540926
4.5902159327450871 4.3586900369213826 0.021907423442541457
4.5945792558750727 4.3587856260888085 0.021907423442859394
4.5989425790050582 4.3588812152562353 0.02190742344282184
4.6033059021350438 4.3589768044236612 0.021907423442654107
4.6076692252650302 4.3590723935910871 0.021907423442738543
4.6120325483950158 4.359167982758513 0.02190742344256855
4.6163958715250013 4.3592635719259381 0.021907423442566791
4.6207591946549877 4.359359161093364 0.021907423442730427
4.6251225177849733 4.3594547502607899 0.021907423442688315
4.6294858409149588 4.3595503394282158 0.021907423442706513
4.6338491640449453 4.3596459285956417 0.021907423442662454
4.6382124871749308 4.3597415177630676 0.021907423442820494
4.6425758103049164 4.3598371069304944 0.02190742344285642
4.6469391334349028 4.3599326960979203 0.021907423442541298
4.6513024565648884 4.3600282852653454 0.021907423442544541
4.6556657796948739 4.3601238744327713 0.02190742344286006
4.6600291028248595 4.3602194636001981 0.021907423442816095
4.6643924259548459 4.360315052767624 0.021907423442663051
4.6687557490848315 4.3604106419350499 0.021907423442708518
4.673119072214817 4.3605062311024758 0.021907423442693068
4.6774823953448035 4.3606018202699017 0.021907423442696018
4.681845718474789 4.3606974094373276 0.021907423442699681
4.6862090416047746 4.3607929986047536 0.021907423442695442
4.690572364734761 4.3608885877721795 0.021907423442695376
4.6949356878647466 4.3609841769396054 0.021907423442699876
4.6992990109947321 4.3610797661070313 0.021907423442695327
4.7036623341247186 4.3611753552744572 0.021907423442695636
4.7080256572547041 4.3612709444418831 0.021907423442698953
4.7123889803846897 4.361366533609309 0.021907423442698738
4.7167523035146752 4.361462122776735 0.021907423442696309
4.7211156266446617 4.3615577119441609 0.021907423442692843
4.7254789497746472 4.3616533011115868 0.021907423442709135
4.7298422729046328 4.3617488902790127 0.021907423442660813
4.7342055960346192 4.3618444794464386 0.021907423442824439
4.7385689191646048 4.3619400686138654 0.021907423442828918
4.7429322422945903 4.3620356577812913 0.021907423442660744
4.7472955654245768 4.3621312469487172 0.02190742344270491
4.7516588885545623 4.3622268361161431 0.021907423442696434
4.7560222116845479 4.3623224252835691 0.021907423442699542
4.7603855348145334 4.362418014450995 0.021907423442695601
4.7647488579445199 4.3625136036184209 0.021907423442694876
4.7691121810745054 4.3626091927858468 0.021907423442701725
4.773475504204491 4.3627047819532727 0.02190742344268843
4.7778388273344774 4.3628003711206986 0.021907423442721376
4.782202150464463 4.3628959602881245 0.021907423442602884
4.7865654735944485 4.3629915494555496 0.021907423442446606
4.7909287967244349 4.3630871386229746 0.021907423442566173
4.7952921198544205 4.3631827277904005 0.021907423442854852
4.7996554429844061 4.3632783169578273 0.021907423442815287
4.8040187661143925 4.3633739061252532 0.021907423442671475
4.808382089244378 4.3634694952926791 0.021907423442675628
4.8127454123743636 4.363565084460105 0.021907423442816213
4.8171087355043491 4.3636606736275318 0.021907423442860403
4.8214720586343356 4.3637562627949578 0.021907423442529664
4.8258353817643211 4.3638518519623828 0.021907423442587094
4.8301987048943067 4.3639474411298087 0.021907423442701489
4.8345620280242931 4.3640430302972346 0.021907423442783763
4.8389253511542787 4.3641386194646614 0.021907423442950942
4.8432886742842642 4.3642342086320882 0.021907423442824002
4.8476519974142507 4.3643297977995141 0.021907423442540527
4.8520153205442362 4.3644253869669392 0.021907423442580041
4.8563786436742218 4.3645209761343651 0.021907423442718836
4.8607419668042082 4.364616565301791 0.021907423442721431
4.8651052899341938 4.3647121544692169 0.021907423442572262
4.8694686130641793 4.3648077436366419 0.021907423442569057
4.8738319361941649 4.3649033328040678 0.021907423442731059
4.8781952593241513 4.3649989219714938 0.021907423442683531
4.8825585824541369 4.3650945111389197 0.02190742344271163
4.8869219055841224 4.3651901003063456 0.021907423442660143
4.8912852287141089 4.3652856894737715 0.02190742344282462
4.8956485518440944 4.3653812786411983 0.021907423442828873
4.90001187497408 4.3654768678086242 0.021907423442660758
4.9043751981040664 4.3655724569760501 0.02190742344270491
4.908738521234052 4.365668046143476 0.02190742344269643
4.9131018443640375 4.3657636353109019 0.021907423442699574
4.9174651674940231 4.3658592244783279 0.02190742344269548
4.9218284906240095 4.3659548136457538 0.021907423442695327
4.9261918137539951 4.3660504028131797 0.021907423442700035
4.9305551368839806 4.3661459919806056 0.021907423442694727
4.9349184600139671 4.3662415811480315 0.021907423442697867
4.9392817831439526 4.3663371703154574 0.021907423442690633
4.9436451062739382 4.3664327594828833 0.021907423442729793
4.9480084294039246 4.3665283486503093 0.021907423442567006
4.9523717525339102 4.3666239378177343 0.021907423442568342
4.9567350756638957 4.3667195269851602 0.021907423442739153
4.9610983987938821 4.3668151161525861 0.021907423442651855
4.9654617219238677 4.366910705320012 0.021907423442830264
4.9698250450538533 4.3670062944874388 0.021907423442827964
4.9741883681838388 4.3671018836548647 0.021907423442658759
4.9785516913138252 4.3671974728222906 0.021907423442713823
4.9829150144438108 4.3672930619897166 0.021907423442662773
4.9872783375737963 4.3673886511571425 0.021907423442825275
4.9916416607037828 4.3674842403245693 0.021907423442823603
4.9960049838337683 4.3675798294919952 0.021907423442667801
5.0003683069637539 4.3676754186594211 0.021907423442695379
5.0047316300937403 4.367771007826847 0.021907423442727492
5.0090949532237259 4.3678665969942729 0.021907423442571485
5.0134582763537114 4.367962186161698 0.021907423442566097
5.0178215994836979 4.3680577753291239 0.021907423442730271
5.0221849226136834 4.3681533644965498 0.021907423442689634
5.026548245743669 4.3682489536639757 0.021907423442701402
5.0309115688736545 4.3683445428314016 0.021907423442694973
5.035274892003641 4.3684401319988275 0.021907423442695508
5.0396382151336265 4.3685357211662534 0.02190742344269982
5.0440015382636121 4.3686313103336794 0.021907423442695403
5.0483648613935985 4.3687268995011053 0.021907423442695386
5.0527281845235841 4.3688224886685312 0.021907423442699872
5.0570915076535696 4.3689180778359571 0.021907423442695324
5.0614548307835561 4.369013667003383 0.02190742344269565
5.0658181539135416 4.3691092561708089 0.021907423442698908
5.0701814770435272 4.3692048453382348 0.021907423442698915
5.0745448001735127 4.3693004345056607 0.021907423442695643
5.0789081233034992 4.3693960236730867 0.021907423442695327
5.0832714464334847 4.3694916128405126 0.021907423442699872
5.0876347695634703 4.3695872020079385 0.021907423442695386
5.0919980926934567 4.3696827911753644 0.021907423442695396
5.0963614158234423 4.3697783803427903 0.021907423442699848
5.1007247389534278 4.3698739695102162 0.021907423442695396
5.1050880620834143 4.3699695586776421 0.021907423442695376
5.1094513852133998 4.3700651478450681 0.021907423442699917
5.1138147083433854 4.370160737012494 0.021907423442695143
5.1181780314733718 4.3702563261799199 0.021907423442696312
5.1225413546033574 4.3703519153473458 0.021907423442696423
5.1269046777333429 4.3704475045147717 0.021907423442708178
5.1312680008633285 4.3705430936821976 0.021907423442661066
5.1356313239933149 4.3706386828496235 0.021907423442824377
5.1399946471233005 4.3707342720170503 0.021907423442828918
5.144357970253286 4.3708298611844763 0.02190742344266081
5.1487212933832724 4.3709254503519022 0.021907423442704667
5.153084616513258 4.3710210395193281 0.021907423442697332
5.1574479396432436 4.371116628686754 0.021907423442696191
5.16181126277323 4.3712122178541799 0.021907423442694723
5.1661745859032155 4.3713078070216058 0.021907423442701735
5.1705379090332011 4.3714033961890317 0.02190742344268853
5.1749012321631875 4.3714989853564576 0.021907423442720963
5.1792645552931731 4.3715945745238836 0.021907423442604438
5.1836278784231586 4.3716901636913086 0.021907423442440815
5.1879912015531442 4.3717857528587336 0.021907423442601173
5.1923545246831306 4.3718813420261595 0.02190742344272064
5.1967178478131162 4.3719769311935854 0.021907423442693089
5.2010811709431017 4.3720725203610113 0.021907423442697194
5.2054444940730882 4.3721681095284373 0.021907423442694952
5.2098078172030737 4.3722636986958632 0.02190742344269982
5.2141711403330593 4.3723592878632891 0.021907423442695965
5.2185344634630457 4.372454877030715 0.021907423442693124
5.2228977865930313 4.3725504661981409 0.021907423442708351
5.2272611097230168 4.3726460553655668 0.021907423442663668
5.2316244328530024 4.3727416445329927 0.021907423442827173
5.2359877559829888 4.3728372337004195 0.021907423442815113
5.2403510791129744 4.3729328228678455 0.021907423442699865
5.2447144022429599 4.3730284120352714 0.021907423442575617
5.2490777253729464 4.3731240012026964 0.021907423442563814
5.2534410485029319 4.3732195903701223 0.021907423442735278
5.2578043716329175 4.3733151795375482 0.021907423442685273
5.2621676947629039 4.3734107687049741 0.021907423442700438
5.2665310178928895 4.3735063578724001 0.0219074234426898
5.270894341022875 4.373601947039826 0.02190742344273057
5.2752576641528615 4.3736975362072519 0.021907423442564734
5.279620987282847 4.3737931253746769 0.021907423442576655
5.2839843104128326 4.3738887145421028 0.021907423442708174
5.2883476335428181 4.3739843037095287 0.021907423442780849
5.2927109566728046 4.3740798928769555 0.021907423442955907
5.2970742798027901 4.3741754820443823 0.021907423442793679
5.3014376029327757 4.3742710712118082 0.021907423442670253
5.3058009260627621 4.3743666603792342 0.021907423442702131
5.3101642491927477 4.3744622495466601 0.021907423442698047
5.3145275723227332 4.374557838714086 0.021907423442695875
5.3188908954527196 4.3746534278815119 0.021907423442695261
5.3232542185827052 4.3747490170489378 0.021907423442699907
5.3276175417126908 4.3748446062163637 0.021907423442695313
5.3319808648426772 4.3749401953837896 0.021907423442695653
5.3363441879726627 4.3750357845512156 0.021907423442698894
5.3407075111026483 4.3751313737186415 0.02190742344269896
5.3450708342326338 4.3752269628860674 0.021907423442695466
5.3494341573626203 4.3753225520534933 0.021907423442695993
5.3537974804926058 4.3754181412209192 0.021907423442697388
5.3581608036225914 4.3755137303883451 0.021907423442704656
5.3625241267525778 4.375609319555771 0.021907423442660813
5.3668874498825634 4.375704908723197 0.021907423442828918
5.3712507730125489 4.3758004978906238 0.021907423442824373
5.3756140961425354 4.3758960870580497 0.021907423442661066
5.3799774192725209 4.3759916762254756 0.021907423442708185
5.3843407424025065 4.3760872653929015 0.021907423442696396
5.388704065532492 4.3761828545603274 0.021907423442696444
5.3930673886624785 4.3762784437277533 0.021907423442694647
5.397430711792464 4.3763740328951792 0.021907423442701784
5.4017940349224496 4.3764696220626051 0.021907423442688412
5.406157358052436 4.3765652112300311 0.021907423442721379
5.4105206811824216 4.376660800397457 0.021907423442602894
5.4148840043124071 4.376756389564882 0.021907423442446564
5.4192473274423936 4.376851978732307 0.021907423442566337
5.4236106505723791 4.3769475678997329 0.021907423442854235
5.4279739737023647 4.3770431570671597 0.02190742344281759
5.4323372968323511 4.3771387462345857 0.021907423442662884
5.4367006199623367 4.3772343354020116 0.021907423442707685
5.4410639430923222 4.3773299245694375 0.021907423442696562
5.4454272662223078 4.3774255137368634 0.021907423442696274
5.4497905893522942 4.3775211029042893 0.021907423442695157
5.4541539124822798 4.3776166920717152 0.021907423442699917
5.4585172356122653 4.3777122812391411 0.021907423442695376
5.4628805587422518 4.377807870406567 0.0219074234426954
5.4672438818722373 4.377903459573993 0.021907423442699848
5.4716072050022229 4.3779990487414189 0.021907423442695393
5.4759705281322093 4.3780946379088448 0.02190742344269539
5.4803338512621949 4.3781902270762707 0.021907423442699869
5.4846971743921804 4.3782858162436966 0.02190742344269532
5.4890604975221668 4.3783814054111225 0.021907423442695653
5.4934238206521524 4.3784769945785484 0.021907423442698894
5.497787143782138 4.3785725837459744 0.02190742344269896
5.5021504669121235 4.3786681729134003 0.021907423442695466
5.5065137900421099 4.3787637620808262 0.021907423442695993
5.5108771131720955 4.3788593512482521 0.021907423442697388
5.5152404363020811 4.378954940415678 0.021907423442704656
5.5196037594320675 4.3790505295831039 0.021907423442660813
5.523967082562053 4.3791461187505298 0.021907423442828918
5.5283304056920386 4.3792417079179566 0.021907423442824373
5.532693728822025 4.3793372970853826 0.02190742344266107
5.5370570519520106 4.3794328862528085 0.021907423442708174
5.5414203750819961 4.3795284754202344 0.021907423442696423
5.5457836982119817 4.3796240645876603 0.021907423442696323
5.5501470213419681 4.3797196537550862 0.021907423442695102
5.5545103444719537 4.3798152429225121 0.021907423442700094
5.5588736676019392 4.379910832089938 0.02190742344269471
5.5632369907319257 4.3800064212573639 0.021907423442697881
5.5676003138619112 4.3801020104247899 0.021907423442690588
5.5719636369918968 4.3801975995922158 0.021907423442729959
5.5763269601218832 4.3802931887596417 0.021907423442566385
5.5806902832518688 4.3803887779270667 0.021907423442570656
5.5850536063818543 4.3804843670944926 0.021907423442730525
5.5894169295118408 4.3805799562619185 0.021907423442684055
5.5937802526418263 4.3806755454293445 0.021907423442710086
5.5981435757718119 4.3807711345967704 0.021907423442665799
5.6025068989017974 4.3808667237641963 0.021907423442816935
5.6068702220317839 4.3809623129316231 0.021907423442853957
5.6112335451617694 4.381057902099049 0.021907423442554738
5.615596868291755 4.381153491266474 0.02190742344250662
5.6199601914217414 4.3812490804338999 0.021907423442984925
5.624323514551727 4.3813446696013276 0.021907423442951834
5.6286868376817125 4.3814402587687535 0.021907423442619277
5.633050160811699 4.3815358479361795 0.021907423442747879
5.6374134839416845 4.3816314371036054 0.021907423442566021
5.6417768070716701 4.3817270262710304 0.021907423442567572
5.6461401302016565 4.3818226154384563 0.021907423442729834
5.6505034533316421 4.3819182046058822 0.021907423442689901
5.6548667764616276 4.3820137937733081 0.021907423442700757
5.6592300995916132 4.382109382940734 0.021907423442697291
5.6635934227215996 4.38220497210816 0.021907423442686903
5.6679567458515852 4.3823005612755859 0.021907423442731916
5.6723200689815707 4.3823961504430118 0.021907423442575621
5.6766833921115571 4.3824917396104368 0.021907423442531763
5.6810467152415427 4.3825873287778627 0.021907423442863481
5.6854100383715283 4.3826829179452895 0.021907423442815179
5.6897733615015147 4.3827785071127154 0.021907423442663294
5.6941366846315002 4.3828740962801414 0.021907423442708469
5.6985000077614858 4.3829696854475673 0.02190742344269302
5.7028633308914722 4.3830652746149932 0.021907423442696267
5.7072266540214578 4.3831608637824191 0.021907423442698745
5.7115899771514433 4.383256452949845 0.021907423442698956
5.7159533002814289 4.3833520421172709 0.021907423442695632
5.7203166234114153 4.3834476312846968 0.021907423442695317
5.7246799465414009 4.3835432204521227 0.021907423442699921
5.7290432696713864 4.3836388096195487 0.021907423442695199
5.7334065928013729 4.3837343987869746 0.021907423442696104
5.7377699159313584 4.3838299879544005 0.021907423442697211
5.742133239061344 4.3839255771218264 0.021907423442705253
5.7464965621913304 4.3840211662892523 0.021907423442658589
5.750859885321316 4.3841167554566782 0.021907423442837221
5.7552232084513015 4.384212344624105 0.021907423442793381
5.7595865315812871 4.3843079337915309 0.021907423442790116
5.7639498547112735 4.3844035229589577 0.02190742344283364
5.7683131778412591 4.3844991121263837 0.021907423442662808
5.7726765009712446 4.3845947012938096 0.021907423442705319
5.7770398241012311 4.3846902904612355 0.021907423442692742
5.7814031472312166 4.3847858796286614 0.021907423442700528
5.7857664703612022 4.3848814687960873 0.021907423442695334
5.7901297934911886 4.3849770579635132 0.021907423442694956
5.7944931166211742 4.3850726471309391 0.021907423442701676
5.7988564397511597 4.3851682362983651 0.021907423442688544
5.8032197628811462 4.385263825465791 0.021907423442720959
5.8075830860111317 4.3853594146332169 0.021907423442604438
5.8119464091411173 4.3854550038006419 0.021907423442440815
5.8163097322711028 4.3855505929680669 0.021907423442601173
5.8206730554010893 4.3856461821354928 0.02190742344272064
5.8250363785310748 4.3857417713029188 0.021907423442693086
5.8293997016610604 4.3858373604703447 0.021907423442697211
5.8337630247910468 4.3859329496377706 0.021907423442694893
5.8381263479210324 4.3860285388051965 0.021907423442700028
5.8424896710510179 4.3861241279726224 0.021907423442695192
5.8468529941810043 4.3862197171400483 0.021907423442696018
5.8512163173109899 4.3863153063074742 0.021907423442697565
5.8555796404409755 4.3864108954749002 0.021907423442703921
5.8599429635709619 4.3865064846423261 0.021907423442663564
5.8643062867009474 4.386602073809752 0.021907423442818645
5.868669609830933 4.3866976629771788 0.021907423442862714
5.8730329329609186 4.3867932521446047 0.021907423442531358
5.877396256090905 4.3868888413120297 0.021907423442578008
5.8817595792208905 4.3869844304794556 0.02190742344272277
5.8861229023508761 4.3870800196468815 0.021907423442721112
5.8904862254808625 4.3871756088143075 0.021907423442569587
5.8948495486108481 4.3872711979817325 0.021907423442566694
5.8992128717408336 4.3873667871491584 0.02190742344274315
5.9035761948708201 4.3874623763165843 0.02190742344263753
5.9079395180008056 4.3875579654840102 0.021907423442883562
5.9123028411307912 4.387653554651437 0.021907423442629088
5.9166661642607767 4.3877491438188621 0.021907423442790293
5.9210294873907632 4.3878447329862897 0.021907423442997221
5.9253928105207487 4.3879403221537157 0.021907423442618978
5.9297561336507343 4.3880359113211416 0.02190742344271706
5.9341194567807207 4.3881315004885675 0.021907423442689592
5.9384827799107063 4.3882270896559934 0.021907423442701402
5.9428461030406918 4.3883226788234193 0.021907423442694991
5.9472094261706783 4.3884182679908452 0.021907423442695452
5.9515727493006638 4.3885138571582711 0.021907423442700018
5.9559360724306494 4.388609446325697 0.021907423442694668
5.9602993955606358 4.388705035493123 0.021907423442698127
5.9646627186906214 4.3888006246605489 0.021907423442689644
5.9690260418206069 4.3888962138279748 0.021907423442733491
5.9733893649505925 4.3889918029954007 0.021907423442566593
5.9777526880805789 4.3890873921628257 0.021907423442566281
5.9821160112105645 4.3891829813302516 0.021907423442734438
5.98647933434055 4.3892785704976776 0.021907423442686168
5.9908426574705365 4.3893741596651035 0.0219074234426977
5.995205980600522 4.3894697488325294 0.021907423442699851
5.9995693037305076 4.3895653379999553 0.021907423442693086
6.003932626860494 4.3896609271673812 0.021907423442704618
6.0082959499904796 4.3897565163348071 0.021907423442665257
6.0126592731204651 4.389852105502233 0.021907423442824547
6.0170225962504515 4.3899476946696598 0.021907423442824033
6.0213859193804371 4.3900432838370858 0.021907423442666812
6.0257492425104227 4.3901388730045117 0.021907423442698915
6.0301125656404082 4.3902344621719376 0.021907423442727739
6.0344758887703946 4.3903300513393635 0.021907423442566947
6.0388392119003802 4.3904256405067885 0.021907423442570639
6.0432025350303658 4.3905212296742144 0.021907423442730018
6.0475658581603522 4.3906168188416403 0.021907423442686098
6.0519291812903377 4.3907124080090663 0.021907423442702405
6.0562925044203233 4.3908079971764922 0.021907423442694477
6.0606558275503097 4.3909035863439181 0.021907423442696493
6.0650191506802953 4.390999175511344 0.021907423442696378
6.0693824738102808 4.3910947646787699 0.021907423442708192
6.0737457969402664 4.3911903538461958 0.021907423442661063
6.0781091200702528 4.3912859430136217 0.021907423442824377
6.0824724432002384 4.3913815321810485 0.021907423442828922
6.0868357663302239 4.3914771213484745 0.021907423442660796
6.0911990894602104 4.3915727105159004 0.021907423442704712
6.0955624125901959 4.3916682996833263 0.02190742344269718
6.0999257357201815 4.3917638888507522 0.02190742344269676
6.1042890588501679 4.3918594780181781 0.021907423442692607
6.1086523819801535 4.391955067185604 0.021907423442709639
6.113015705110139 4.3920506563530299 0.02190742344265903
6.1173790282401255 4.3921462455204558 0.021907423442831052
6.121742351370111 4.3922418346878818 0.02190742344219359
6.1261056745000966 4.3923374238553077 0.021907423444584784
6.1304689976300821 4.3924330130227345 0.021907423436268163
6.1348323207600686 4.392528602190156 0.021907423464076713
6.1391956438900541 4.3926241913575952 0.021907423369708461
6.1435589670200397 4.3927197805249714 0.021907423688242313
6.1479222901500261 4.3928153696925811 0.02190742262570974
6.1522856132800117 4.3929109588593205 0.021907426119458302
6.1566489364099972 4.3930065480293088 0.021907414842374899
6.1610122595399837 4.3931021371871743 0.021907450355777566
6.1653755826699692 4.3931977263902819 0.021907342350393391
6.1697389057999548 4.3932933154245433 0.021907653874526815
6.1741022289299412 4.3933889050889459 0.02190683294644475
6.1784655520599268 4.3934844924016305 0.02190862146571956
6.1828288751899123 4.393580088491043 0.021906705828093724
6.1871921983198979 4.3936756518252631 0.021896093481509123
6.1915555214498843 4.3937712056242644 0.021911381760570937
6.1959188445798699 4.3938667434983545 0.02184333589496712
6.2002821677098554 4.3939622020964402 0.022034775750301286
6.2046454908398418 4.3940594225278371 0.022493903384187382
6.2090088139698274 4.394158848007085 0.023193379574411425
6.213372137099813 4.3942630760196373 0.024754405077206162
6.2177354602297994 4.394377070850326 0.027827975049423838
6.2220987833597849 4.3945098717777364 0.03361795881485577
6.2264621064897705 4.3946770548168397 0.043953972125077852
6.2308254296197561 4.3949036403022239 0.061301447383559762
6.2351887527497425 4.3952273215384698 0.089175767411562787
6.239552075879728 4.3957009903851967 0.13021301755513001
6.2439153990097136 4.3963933551440979 0.19167781484288254
6.2482787221397 4.3973861606133431 0.26171342507990947
6.2526420452696856 4.3987668113048626 0.39333673529112551
6.2570053683996711 4.4006161015943439 0.38568346920803009
6.2613686915296576 4.4029922497298957 0.96912684803824489
6.2657320146596431 4.4059141333877951 -0.619532523470394
6.2700953377896287 4.4093478967085211 5.8788242212473421
6.2744586609196151 4.4132012635557807 -17.885502720864626
6.2788219840496007 4.4173285641499707 71.150289407314673
6.2831853071795862 4.9045922895490612 71.139927651846577
