# q  U_kJmol  dU_dq   # conservative spline pchip_hermite_v1
0 4.0213157306307972 0.39771478991514153
0.0043633231299858239 4.0204950259245607 -0.14066835012223539
0.0087266462599716477 4.0217399446356223 0.45662667561569781
0.013089969389957472 4.0235185339453876 0.3929726346674926
0.017453292519943295 4.025257457323705 0.38994636264456589
0.021816615649929118 4.0268594156377837 0.34426296467608919
0.026179938779914945 4.0282421183792021 0.28510355973562646
0.030543261909900768 4.0293130772637999 0.20233626266865121
0.034906585039886591 4.0299739128450689 0.096245556129131854
0.039269908169872414 4.0301236581059214 -0.030004152692521539
0.043633231299858237 4.0297148814380908 -0.15432582193324076
0.04799655442984406 4.0288136417441427 -0.25339346305057731
0.05235987755982989 4.0275498438233512 -0.32067053960418973
0.056723200689815713 4.0260616768409312 -0.35603607039842822
0.061086523819801536 4.0244935028793449 -0.35657042093719343
0.065449846949787352 4.0229968385929693 -0.32490980383462986
0.069813170079773182 4.0216732456832203 -0.28285637747639858
0.074176493209759012 4.0205088474235993 -0.2542814079084339
0.078539816339744828 4.019426610012264 -0.24469089548191231
0.082903139469730658 4.0183479794796009 -0.25265836947854858
0.087266462599716474 4.0171947220244419 -0.27920877118167253
0.091629785729702304 4.0158870095809043 -0.32254481024339421
0.09599310885968812 4.0143731980397934 -0.37054898122829394
0.10035643198967395 4.0126662247174307 -0.40970781760326946
0.10471975511965978 4.0108155593849979 -0.43667190778722353
0.1090830782496456 4.0088721465965218 -0.45222051289992887
0.11344640137963143 4.0068864987860815 -0.45586911784170081
0.11780972450961724 4.0049100408560703 -0.44844625868241017
0.12217304763960307 4.0029804215140707 -0.43596675308694266
0.1265363707695889 4.0011028532862021 -0.42531608378720737
0.1308996938995747 3.9992635574959863 -0.41829636688755312
0.13526301702956053 3.9974478007938163 -0.41452742921228575
0.13962634015954636 3.9956411507332903 -0.41417734644882948
0.14398966328953219 3.9938288166642026 -0.41699338601268127
0.14835298641951802 3.9920004955685373 -0.42097921673465671
0.15271630954950383 3.9901567883106166 -0.42379047000292774
0.15707963267948966 3.9883048861988328 -0.42477273861046361
0.16144295580947549 3.9864523717109703 -0.42408781617042896
0.16580627893946132 3.9846066247166902 -0.42161329025861538
0.17016960206944712 3.9827753731604187 -0.41757700146304111
0.17453292519943295 3.9809619031621128 -0.41400465482096965
0.17889624832941878 3.9791583032584028 -0.41331845432481218
0.18325957145940461 3.9773498087529351 -0.4162147060640119
0.18762289458939044 3.9755214165932018 -0.42236179922025335
0.19198621771937624 3.973658947706789 -0.43198722561593711
0.19634954084936207 3.971747640316754 -0.44434673992066048
0.2007128639793479 3.9697863096281156 -0.45325562457702329
0.20507618710933373 3.967808382876477 -0.45106467069181072
0.20943951023931956 3.9658696741132649 -0.43536591135970226
0.21380283336930536 3.9640278739176122 -0.4067581769215331
0.21816615649929119 3.9623393821441968 -0.36485134427252031
0.22252947962927702 3.9608617895423501 -0.31067571340637851
0.22689280275926285 3.9596323148377599 -0.25368818030213913
0.23125612588924865 3.9586344022033177 -0.20601029179423369
0.23561944901923448 3.9578150663380649 -0.17171868482898209
0.23998277214922031 3.9571171529775127 -0.15029869418731942
0.24434609527920614 3.9564841695731148 -0.14214374961282464
0.24870941840919197 3.9558580529905036 -0.14681969024850147
0.2530727415391778 3.9551926526547336 -0.15855911250894525
0.25743606466916363 3.9544752557936191 -0.1696851793637473
0.26179938779914941 3.9537166810621205 -0.17750348529129997
0.26616271092913524 3.9529306905609016 -0.18226570767931927
0.27052603405912107 3.9521308078045414 -0.18379981801475945
0.2748893571891069 3.9513314173571392 -0.18211427862906185
0.27925268031909273 3.9505441329661233 -0.178660327880515
0.28361600344907856 3.9497719545018555 -0.17545208883102717
0.28797932657906439 3.949011618391892 -0.17321072254428593
0.29234264970905022 3.9482591360422759 -0.17184237583256695
0.29670597283903605 3.9475107097699889 -0.17136852776358114
0.30106929596902182 3.9467623756674892 -0.17178014212543369
0.30543261909900765 3.9460109206990142 -0.17268991085505281
0.30979594222899348 3.9452554436313636 -0.17355036265099763
0.31415926535897931 3.9444967802046618 -0.17415495753588289
0.31852258848896514 3.9437359941416612 -0.17452632252451639
0.32288591161895097 3.9429740975935679 -0.17465919820973372
0.3272492347489368 3.9422121513844153 -0.1745539882177902
0.33161255787892263 3.9414510261064297 -0.17431166623586211
0.33597588100890846 3.94069098027513 -0.17407956059013041
0.34033920413889424 3.9399317958600353 -0.17391586612788218
0.34470252726888007 3.9391731868755508 -0.17381484652272072
0.3490658503988659 3.9384148824684306 -0.17377757049109394
0.35342917352885173 3.937656598315749 -0.17380435632654509
0.35779249665883756 3.9368980984634883 -0.17386886719650235
0.36215581978882339 3.936139308996998 -0.17393146606395393
0.36651914291880922 3.9353802866752754 -0.17397578326529778
0.37088246604879505 3.9346211083776437 -0.17400325619269
0.37524578917878088 3.9338618465897857 -0.17401369206849029
0.37960911230876665 3.9331025775053239 -0.17400689606427291
0.38397243543875248 3.9323433650439044 -0.17398972984441599
0.38833575856873831 3.9315842302633532 -0.17397285016101977
0.39269908169872414 3.9308251584203986 -0.17396085297975614
0.39706240482870997 3.9300661288514682 -0.17395338320631121
0.4014257279586958 3.9293071221566302 -0.17395046693580735
0.40578905108868163 3.9285481179202306 -0.1739521844261184
0.41015237421866746 3.9277890988344826 -0.17395675009759792
0.41451569734865329 3.9270300589194327 -0.17396130075430988
0.41887902047863912 3.9262710019950502 -0.17396454838465938
0.42324234360862489 3.9255119336137625 -0.17396657914997857
0.42760566673861072 3.9247528589676568 -0.17396739301769296
0.43196898986859655 3.9239937835257335 -0.17396696131697811
0.43633231299858238 3.9232347119721682 -0.17396574797793682
0.44069563612856821 3.9224756460008958 -0.17396452149488636
0.44505895925855404 3.9217165846265121 -0.17396364207646486
0.44942228238853987 3.9209575263592895 -0.17396308931870771
0.4537856055185257 3.9201984698113885 -0.1739628613230472
0.45814892864851153 3.9194394135199784 -0.17396296759490504
0.46251225177849731 3.9186803562189163 -0.17396328833856117
0.46687557490848314 3.9179212974268216 -0.1739636184361249
0.47123889803846897 3.9171622373906447 -0.17396385782862239
0.4756022211684548 3.9164031765027452 -0.17396401113034871
0.47996554429844063 3.9156441151271708 -0.17396407943281958
0.48432886742842646 3.9148850536475583 -0.1739640597530327
0.48869219055841229 3.9141259924018961 -0.17396398084874187
0.49305551368839812 3.9133669315368054 -0.17396389363164813
0.49741883681838395 3.9126078710147754 -0.17396382387141729
0.50178215994836972 3.9118488107595852 -0.17396377079269509
0.50614548307835561 3.9110897507017288 -0.17396373372555693
0.51050880620834138 3.910330690768939 -0.173963713406694
0.51487212933832727 3.9095716308871782 -0.17396371067487987
0.51923545246831304 3.9088125709758383 -0.17396372717309813
0.52359877559829882 3.9080535109485388 -0.17396376397708627
0.5279620987282847 3.9072944507169187 -0.1739638204713792
0.53232542185827048 3.9065353901951951 -0.17396389763116044
0.53668874498825636 3.9057763292891803 -0.17396399617742575
0.54105206811824214 3.9050172679511204 -0.17396408610410111
0.54541539124822802 3.9042582063439832 -0.17396410990729924
0.5497787143782138 3.9034991448449849 -0.17396403542090613
0.55414203750819968 3.9027400838841113 -0.17396386522523721
0.55850536063818546 3.9019810238741131 -0.17396359673329403
0.56286868376817123 3.9012219652630744 -0.17396322526921698
0.56723200689815712 3.9004629083278854 -0.17396286553430954
0.57159533002814289 3.8997038525241243 -0.17396274579616935
0.57595865315812877 3.898944796442084 -0.17396299790182537
0.58032197628811455 3.8981857384498522 -0.17396361389898399
0.58468529941810043 3.8974266769814281 -0.17396460120938501
0.58904862254808621 3.8966676103423423 -0.17396598110943648
0.59341194567807209 3.8959085374326805 -0.17396734061444499
0.59777526880805787 3.8951494601727683 -0.17396782503671926
0.60213859193804364 3.8943903837775986 -0.17396692430132041
0.60650191506802953 3.8936313143452894 -0.17396466095723406
0.6108652381980153 3.8928722577305566 -0.17396101504240122
0.61522856132800119 3.892113220248099 -0.17395589494594937
0.61959188445798696 3.8913542061641246 -0.17395077925107125
0.62395520758797285 3.8905952086916207 -0.17394885330929713
0.62831853071795862 3.8898362085593532 -0.17395208028420259
0.63268185384794451 3.8890771830076538 -0.17396040415902653
0.63704517697793028 3.8883181101688922 -0.17397387098792699
0.64140850010791606 3.887558966539733 -0.17399286387874716
0.64577182323790194 3.8867997356409751 -0.17401209953486005
0.65013514636788772 3.8860404413994893 -0.17401971742747732
0.6544984694978736 3.8852811549954835 -0.17400817279827788
0.65886179262785938 3.8845219613564219 -0.17397756429069441
0.66322511575784526 3.883762942159505 -0.17392782488882846
0.66758843888783104 3.8830041848604089 -0.17385738574240833
0.67195176201781692 3.8822457529519174 -0.17378509195233524
0.6763150851478027 3.8814875623467806 -0.17375507619331662
0.68067840827778847 3.8807293502515381 -0.17379630056213616
0.68504173140777436 3.879970799802984 -0.17390882895501597
0.68940505453776013 3.8792116059088899 -0.17409252618097348
0.69376837766774602 3.8784514432060515 -0.17435371327617086
0.69813170079773179 3.8776900676127939 -0.17462529352028772
0.70249502392771768 3.8769277736111962 -0.17474315853406491
0.70685834705770345 3.8761655309729877 -0.17459625443088814
0.71122167018768934 3.8754045217506672 -0.17418265666755273
0.71558499331767511 3.8746458856488899 -0.17350428003000254
0.71994831644766089 3.8738908329414201 -0.17253598640493273
0.72431163957764677 3.8731402999992599 -0.17151621538139544
0.72867496270763255 3.8723932595044341 -0.17105480147185326
0.73303828583761843 3.871646134476578 -0.1715771188547614
0.73740160896760421 3.8708945159086601 -0.17309691443048028
0.74176493209759009 3.8701341460324308 -0.17560190168957884
0.74612825522757587 3.8693605234801915 -0.17919098228644523
0.75049157835756175 3.8685700629165991 -0.18301850530255345
0.75485490148754752 3.8677663327109708 -0.18481983028408988
0.7592182246175333 3.8669625199127298 -0.18296732765104737
0.76358154774751918 3.8661750675302295 -0.17738420642287792
0.76794487087750496 3.8654198829035362 -0.16813492602713054
0.77230819400749084 3.8647137064343222 -0.15483396714983322
0.77667151713747662 3.8640702408092467 -0.14047475564540637
0.7810348402674625 3.8634771481486458 -0.13346186096280108
0.78539816339744828 3.8628858314721599 -0.14001767527488571
0.78976148652743416 3.8622349650571723 -0.1605296202249922
0.79412480965741994 3.8614650902768095 -0.19469353511254375
0.79848813278740571 3.8605139093349252 -0.24400698962404335
0.8028514559173916 3.8593290554720046 -0.29790785689177179
0.80721477904737737 3.8579528103179532 -0.32524355786005815
0.81157810217736326 3.8565639371936293 -0.30227319813255943
0.81594142530734903 3.8553907665234273 -0.22719520585794095
0.82030474843733492 3.8546550348625703 -0.1014105433040666
0.82466807156732069 3.8545878512293212 0.080793487168845282
0.82903139469730658 3.8553880605987096 0.28222796609171064
0.83339471782729235 3.8569106653473599 0.38734399514855755
0.83775804095727824 3.8584968701281532 0.30585603748008516
0.84212136408726401 3.8592960262069105 0.029285173346424817
0.84648468721724979 3.8584763982766361 -0.43707213915476506
0.85084801034723567 3.8551912350692761 -1.1032431123571917
0.85521133347722145 3.8486368431629074 -1.9151351750527468
0.85957465660720733 3.8385220366814301 -2.6971127733099651
0.86393797973719311 3.8253492071722421 -3.3078128169323571
0.86830130286717899 3.809927013976119 -3.7321253521016144
0.87266462599716477 3.793039908938697 -3.9779229084006267
0.87702794912715065 3.7754826293582098 -4.0383974126742102
0.88139127225713643 3.7580314003024737 -3.9385649437371542
0.8857545953871222 3.74122458495926 -3.7614391135567544
0.89011791851710809 3.7252185979102763 -3.576099694872005
0.89448124164709386 3.7100173572602495 -3.3906713564399342
0.89884456477707975 3.6956347330776733 -3.2015820384920586
0.90320788790706552 3.6820828558137122 -3.0093489178559665
0.90757121103705141 3.6693719669376517 -2.8179701880319552
0.91193453416703718 3.6574660244664656 -2.6440568242070532
0.91629785729702307 3.6462524389213828 -2.5016190711398325
0.92066118042700884 3.6355867863176248 -2.3925229499160476
0.92502450355699462 3.6253263125027209 -2.3160338333546679
0.9293878266869805 3.6153276738057798 -2.2724814399780318
0.93375114981696627 3.6054477341192692 -2.2615441358344173
0.93811447294695216 3.5955458566047662 -2.2823176572927557
0.94247779607693793 3.5854858816818052 -2.3339439861500559
0.94684111920692382 3.575133494316284 -2.4164129063713888
0.95120444233690959 3.5643549922540378 -2.5289337671885099
0.95556776546689548 3.5530143815610162 -2.6758337142845039
0.95993108859688125 3.540983568031224 -2.8367390057980684
0.96429441172686703 3.5283614753290271 -2.9273000204203186
0.96865773485685291 3.5156509631315407 -2.8714770504120786
0.97302105798683869 3.5035332790645355 -2.6574020844654913
0.97738438111682457 3.4926783147562181 -2.2937441654545339
0.98174770424681035 3.4837597731370509 -1.7628824835777483
0.98611102737679623 3.4774241653013735 -1.1427065061270614
0.99047435050678201 3.473428884130314 -0.76928755636341017
0.99483767363676789 3.4698965201738772 -0.95577081415242438
0.99920099676675367 3.4641962228697674 -1.7555394738660142
1.0035643198967394 3.4537184157190453 -3.14531655978762
1.0079276430267252 3.4358474811582727 -5.154353341885173
1.0122909661567112 3.4079938638727851 -7.6751561636848562
1.016654289286697 3.3688345467194565 -10.219721796947653
1.0210176124166828 3.3194588911026828 -12.318119996915611
1.0253809355466685 3.2621145446324569 -13.883066725939711
1.0297442586766545 3.1990454806490098 -14.939775688587371
1.0341075818066403 3.1325134020759533 -15.465012382441371
1.0384709049366261 3.0647884319129997 -15.508521931115235
1.0428342280666119 2.9975166578848218 -15.317824175007303
1.0471975511965976 2.931097569934646 -15.139247178764672
1.0515608743265836 2.8653160825557848 -15.019607296594344
1.0559241974565694 2.799961653902475 -14.944738009560851
1.0602875205865552 2.734822659616595 -14.922109328737919
1.064650843716541 2.6696825399347146 -14.940145344166737
1.0690141668465269 2.6044750649868762 -14.937713798173887
1.0733774899765127 2.5394464572493858 -14.852734001370367
1.0777408131064985 2.4749957517316563 -14.674768401662398
1.0821041362364843 2.4115094290854926 -14.411213478830151
1.08646745936647 2.3493578854349977 -14.062611512947612
1.090830782496456 2.2888972356011101 -13.640274911337038
1.0951941056264418 2.2303647981754016 -13.189909136184475
1.0995574287564276 2.1737647903791659 -12.759326898788483
1.1039207518864134 2.1189707372653528 -12.361697904290654
1.1082840750163994 2.0658393094968033 -11.997976161798659
1.1126473981463851 2.0142145560485396 -11.671442188085946
1.1170107212763709 1.9639293367589579 -11.384391023920198
1.1213740444063567 1.9148058161823087 -11.139408608821087
1.1257373675363425 1.8666557140973801 -10.938390978274567
1.1301006906663285 1.8192856096740175 -10.781883771797444
1.1344640137963142 1.7725026095238854 -10.668980175916342
1.1388273369263 1.7261183322729883 -10.599296930180509
1.1431906600562858 1.6799501615919843 -10.568207904589183
1.1475539831862718 1.6338661885782682 -10.555773268364323
1.1519173063162575 1.5878392287646292 -10.539511398198291
1.1562806294462433 1.5419092330880877 -10.51112649635968
1.1606439525762291 1.4961344393135327 -10.467551376567656
1.1650072757062149 1.4505897573801549 -10.405314542314319
1.1693705988362009 1.4053657625144804 -10.319135565046997
1.1737339219661866 1.3605944636750962 -10.194349261578404
1.1780972450961724 1.3164824322960273 -10.015143675659765
1.1824605682261582 1.2732834836816191 -9.7756839411120389
1.1868238913561442 1.2312621482037982 -9.4752718485784495
1.19118721448613 1.1906872886309521 -9.1121892274840679
1.1955505376161157 1.15183163971709 -8.68836605188325
1.1999138607461015 1.1149322311446099 -8.2196874138435518
1.2042771838760873 1.0801383164927278 -7.7255823730214939
1.2086405070060733 1.0475406456104062 -7.2130242037270795
1.2130038301360591 1.0172165832778173 -6.6841178464195821
1.2173671532660448 0.98923149821929279 -6.140921040799654
1.2217304763960306 0.96364024627299505 -5.5885738961448661
1.2260937995260166 0.94044442082987556 -5.0483069249212731
1.2304571226560024 0.91953148854696509 -4.5451462913684955
1.2348204457859882 0.90071362030553748 -4.0879941502538184
1.2391837689159739 0.88378901287709977 -3.6775931704042648
1.2435470920459597 0.86855050762506625 -3.3153605192657931
1.2479104151759457 0.85478646986278461 -3.0016444709349588
1.2522737383059315 0.84228873073970578 -2.7343293335385894
1.2566370614359172 0.83086225233930067 -2.5101185018935506
1.261000384565903 0.8203241387484641 -2.3269376967873407
1.265363707695889 0.81049922342925029 -2.1827180867421117
1.2697270308258748 0.80122206362650872 -2.0758093694027071
1.2740903539558606 0.79233559002788478 -2.0024388499003485
1.2784536770858463 0.78372127131799085 -1.947093679953072
1.2828170002158321 0.77534587733663962 -1.8904524184658882
1.2871803233458181 0.76723731606034362 -1.8246294375312602
1.2915436464758039 0.75943860122941154 -1.7480672453304662
1.2959069696057897 0.7520005651561843 -1.6591198247526364
1.3002702927357754 0.74498053254730767 -1.5560892403969839
1.3046336158657614 0.73844827842328287 -1.4343892042160002
1.3089969389957472 0.73249804232672877 -1.2886820321688195
1.313360262125733 0.72723954893092679 -1.1174373904986092
1.3177235852557188 0.7227821311494661 -0.92173686081042761
1.3220869083857045 0.71923016295219766 -0.70246332312899273
1.3264502315156905 0.7166834205632826 -0.46157437139441487
1.3308135546456763 0.71522231468384201 -0.20683267976041386
1.3351768777756621 0.71488378540328101 0.051567098458756268
1.3395402009056478 0.71567047224582214 0.3086947282254035
1.3439035240356338 0.71757331352288301 0.56283731025898498
1.3482668471656196 0.72057550235859447 0.81240631689582321
1.3526301702956054 0.72465354899042311 1.0555487451443772
1.3569934934255912 0.72976989124114533 1.2869948405927754
1.3613568165555769 0.7358580096544024 1.5000915856809434
1.3657201396855629 0.74282997299933307 1.6920895947627392
1.3700834628155487 0.75059367975764046 1.863050497819742
1.3744467859455345 0.75905757816764552 2.012987866946244
1.3788101090755203 0.76813055701053912 2.1424666635562586
1.3831734322055063 0.77772954531612604 2.2550444326068009
1.387536755335492 0.78779239009128332 2.3558362422245334
1.3919000784654778 0.79827479336886942 2.4474826281540509
1.3962634015954636 0.80913902009941419 2.5310949206779783
1.4006267247254494 0.82035224023616282 2.6074720241770031
1.4049900478554354 0.83188499305703456 2.6779959992979832
1.4093533709854211 0.84372445503495153 2.7500951687564115
1.4137166941154069 0.85590197588929828 2.8344843607989443
1.4180800172453927 0.8684847227750403 2.9358734815001388
1.4224433403753787 0.88154757795882743 3.0546388530721202
1.4268066635053644 0.8951668480121685 3.1908490805345009
1.4311699866353502 0.90941909508055241 3.3450084212075297
1.435533309765336 0.92439220165143698 3.5229902543242271
1.4398966328953218 0.94021088486052096 3.7339057380509173
1.4442599560253078 0.95703011310907793 3.9815617372057464
1.4486232791552935 0.97500931497308041 4.265485462693114
1.4529866022852793 0.99430585298157526 4.5854072870815061
1.4573499254152651 1.0150765669776123 4.9410986275423365
1.4617132485452511 1.0374751287821744 5.3312058988755187
1.4660765716752369 1.0616472159676595 5.75369741273395
1.4704398948052226 1.0877313113062559 6.2076102870169922
1.4748032179352084 1.1158638032554968 6.6924410135469889
1.4791665410651942 1.1461791802135417 7.2084201778521644
1.4835298641951802 1.1788137742375233 7.7550901679371176
1.487893187325166 1.2138823858519072 8.3205144614147102
1.4922565104551517 1.2514221351563544 8.8846836425443723
1.4966198335851375 1.2914004861196928 9.43827074300102
1.5009831567151235 1.3337709869727035 9.9811332673510247
1.5053464798451093 1.3784874728902241 10.513797697151029
1.509709802975095 1.4255055804761152 11.035736461170121
1.5140731261050808 1.4747563176242107 11.532838480461034
1.5184364492350666 1.5260767181774126 11.980530390347075
1.5227997723650526 1.57921682369126 12.366793439461533
1.5271630954950384 1.6339081932290496 12.691756881354095
1.5315264186250241 1.689884345931711 12.955562477699091
1.5358897417550099 1.7468771599652291 13.157733327092879
1.5402530648849959 1.8046149969457073 13.296489220612157
1.5446163880149817 1.8628141123611275 13.368686533186784
1.5489797111449675 1.9211794693438975 13.372592361667344
1.5533430342749532 1.9794129641298976 13.308409249209024
1.557706357404939 2.0372175554795176 13.175681821655964
1.562069680534925 2.0942924963621721 12.974211656323183
1.5664330036649108 2.1503572461153415 12.716592779232363
1.5707963267948966 2.2052184795866117 12.426505351940532
1.5751596499248823 2.2587697648447174 12.116343047921065
1.5795229730548683 2.3109248122176855 11.786443187172791
1.5838862961848541 2.3615963665547124 11.436247799251646
1.5882496193148399 2.4106958446754274 11.066074545717704
1.5926129424448257 2.4581577566648201 10.690175424583774
1.5969762655748114 2.5040170533999149 10.336160543618739
1.6013395887047974 2.5484116701708173 10.019202342129454
1.6057029118347832 2.5915054161815214 9.7395974146084114
1.610066234964769 2.6334599010960424 9.4972642442704949
1.6144295580947547 2.6744400047867298 9.2929684410967823
1.6187928812247407 2.7146109234303033 9.1261949864419574
1.6231562043547265 2.7541338179570141 8.9956813886711835
1.6275195274847123 2.7931649869319579 8.9008750858435555
1.6318828506146981 2.8318603823404023 8.8416674105952957
1.6362461737446838 2.870375359377348 8.8183969808243088
1.6406094968746698 2.9088679132293032 8.831222793994824
1.6449728200046556 2.9474748409883942 8.8664106307090087
1.6493361431346414 2.9862327855400763 8.8953026748796553
1.6536994662646272 3.0250662999242088 8.9003361491907764
1.6580627893946132 3.0638640363238419 8.8786690671336359
1.6624261125245989 3.102506449972287 8.8289127336502737
1.6667894356545847 3.1408672900429297 8.7492173608114161
1.6711527587845705 3.1787788376906758 8.6152487388942713
1.6755160819145565 3.2158979102267171 8.3770421329720506
1.6798794050445423 3.2516868488557011 8.0044387186004045
1.684242728174528 3.285555094596643 7.4979551185636168
1.6886060513045138 3.3169272780723378 6.8597557799688413
1.6929693744344996 3.3452261412629025 6.0898113588197269
1.6973326975644856 3.3699370945719211 5.2278638830208024
1.7016960206944713 3.3908387432986324 4.3596481801823517
1.7060593438244571 3.4080529507983748 3.5400757278888917
1.7104226669544429 3.4218097745550371 2.7741614461792294
1.7147859900844289 3.4323397753286771 2.0616690077274566
1.7191493132144147 3.4398806274858922 1.4037657845860243
1.7235126363444004 3.4446908530587281 0.81524337036790517
1.7278759594743862 3.4471472515318733 0.33142340365835921
1.732239282604372 3.4477672323183715 -0.025774411891598074
1.736602605734358 3.4471043605803069 -0.25781540214059284
1.7409659288643438 3.4456957818208114 -0.36718843131163142
1.7453292519943295 3.4440805490747479 -0.35245052035244462
1.7496925751243153 3.442755286419835 -0.24474520112153414
1.7540558982543013 3.4419713623655825 -0.11873863484457002
1.7584192213842871 3.4416732260237688 -0.024270185974317543
1.7627825445142729 3.4417103642570792 0.036370297804178379
1.7671458676442586 3.4419448631553267 0.065552929125274301
1.7715091907742444 3.4422342643548314 0.061625159547009818
1.7758725139042304 3.4424463534014933 0.032745727554582847
1.7802358370342162 3.4425123623995484 -0.0014019387278444817
1.7845991601642019 3.4424463903447018 -0.027112572364065519
1.7889624832941877 3.4422890779149182 -0.043666875016637317
1.7933258064241737 3.4420776275035765 -0.05176258082217839
1.7976891295541595 3.441850312209378 -0.050955879165075761
1.8020524526841453 3.4416428539652304 -0.04334216801192408
1.806415775814131 3.4414743420858116 -0.034173464427620114
1.8107790989441168 3.4413414061081187 -0.027224253746772412
1.8151424220741028 3.4412331888540448 -0.022734269339399111
1.8195057452040886 3.441139721335543 -0.020506904023315887
1.8238690683340744 3.4410507617220314 -0.020665771363891489
1.8282323914640601 3.4409566852016646 -0.022676386156590428
1.8325957145940461 3.4408522139681827 -0.025140063937700081
1.8369590377240319 3.4407381464422291 -0.027019541000796198
1.8413223608540177 3.4406173855478448 -0.028237900800181088
1.8456856839840035 3.4404926051831497 -0.028850589897406041
1.8500490071139892 3.4403665470253197 -0.028823603769990817
1.8544123302439752 3.4402418041638576 -0.028293073858819493
1.858775653373961 3.440119834293585 -0.027631280161235273
1.8631389765039468 3.4400004524848051 -0.027122996553479686
1.8675022996339325 3.4398828830150823 -0.026792432126094164
1.8718656227639185 3.4397664085646857 -0.026624021064595382
1.8762289458939043 3.4396502952423194 -0.026627056563476852
1.8805922690238901 3.4395338446186794 -0.026766943558364033
1.8849555921538759 3.4394166545731824 -0.026944660373021706
1.8893189152838616 3.4392987666669086 -0.027082108866112918
1.8936822384138476 3.4391803880675771 -0.027171787500352543
1.8980455615438334 3.4390617112400381 -0.02721804677667496
1.9024088846738192 3.4389429326236578 -0.027218362500716593
1.906772207803805 3.4388242402839322 -0.027181505722137865
1.911135530933791 3.4387057450220242 -0.027133796927958899
1.9154988540637767 3.4385874379016848 -0.027096631543085271
1.9198621771937625 3.4384692636300458 -0.027072305224599556
1.9242255003237483 3.4383511705579908 -0.027059607123697527
1.9285888234537341 3.4382331061069289 -0.027059218778949182
1.9329521465837201 3.4381150196500698 -0.027068921985139754
1.9373154697137058 3.437996880690918 -0.027081725494229807
1.9416787928436916 3.437878691018541 -0.027091774014361403
1.9460421159736774 3.4377604653809386 -0.027098372137501294
1.9504054391036634 3.4376422176408568 -0.027101855537784509
1.9547687622336491 3.4375239618709239 -0.027102041277823452
1.9591320853636349 3.4374057116962189 -0.027099488840976526
1.9634954084936207 3.4372874755015039 -0.027096053919906802
1.9678587316236065 3.4371692529739062 -0.027093337290284708
1.9722220547535925 3.4370510401824625 -0.027091547825756821
1.9765853778835782 3.4369328334057205 -0.027090592822805314
1.980948701013564 3.4368146288772521 -0.027090521095886017
1.9853120241435498 3.4366964229310981 -0.027091191936242338
1.9896753472735358 3.4365782132643172 -0.027092113145133326
1.9940386704035216 3.4364599999149701 -0.027092847529895513
1.9984019935335073 3.4363417839300667 -0.027093332802983389
2.0027653166634933 3.4362235663088123 -0.027093594472951694
2.0071286397934789 3.4361053480592383 -0.027093619592853502
2.0114919629234649 3.435987130167462 -0.027093443440385515
2.0158552860534504 3.4358689132653737 -0.027093196467447591
2.0202186091834364 3.4357506973553518 -0.027092997957767088
2.0245819323134224 3.4356324821587387 -0.02709286637096631
2.028945255443408 3.4355142674071999 -0.027092794713559784
2.033308578573394 3.4353960528309528 -0.027092786397757206
2.0376719017033795 3.4352778381648044 -0.027092832608286189
2.0420352248333655 3.4351596232355419 -0.027092898797479455
2.0463985479633515 3.4350414080390728 -0.027092952451807605
2.0507618710933371 3.4349231926495021 -0.027092988129940359
2.0551251942233231 3.4348049771389033 -0.027093007742692507
2.0594885173533091 3.4346867615794787 -0.027093010396488128
2.0638518404832946 3.434568546042529 -0.027092998286120808
2.0682151636132806 3.4344503305754905 -0.027092980553791907
2.0725784867432662 3.4343321151804078 -0.027092966052936308
2.0769418098732522 3.4342138998375913 -0.027092956379955083
2.0813051330032382 3.4340956845276778 -0.027092951014695395
2.0856684561332237 3.4339774692313441 -0.027092950189492444
2.0900317792632097 3.4338592539294237 -0.027092953359870768
2.0943951023931953 3.4337410386089391 -0.02709295810849853
2.0987584255231813 3.4336228232690815 -0.027092962027312636
2.1031217486531673 3.4335046079150775 -0.027092964649668514
2.1074850717831528 3.4333863925521304 -0.027092966116630823
2.1118483949131388 3.4332681771854117 -0.027092966368421959
2.1162117180431244 3.4331499618200718 -0.027092965539430656
2.1205750411731104 3.4330317464596587 -0.027092964268177915
2.1249383643030963 3.4329135311044605 -0.027092963209276493
2.1293016874330819 3.4327953157530908 -0.027092962498336929
2.1336650105630679 3.4326771004041521 -0.027092962097324442
2.1380283336930539 3.4325588850562592 -0.027092962021851678
2.1423916568230394 3.4324406697080279 -0.027092962238367626
2.1467549799530254 3.4323224543584905 -0.027092962578425611
2.151118303083011 3.4322042390075498 -0.027092962864515877
2.155481626212997 3.432086023655573 -0.027092963057292384
2.159844949342983 3.4319678083029355 -0.027092963166766151
2.1642082724729685 3.4318495929500088 -0.02709296318921069
2.1685715956029545 3.4317313775971634 -0.027092963132854711
2.1729349187329401 3.4316131622446644 -0.02709296304179817
2.1772982418629261 3.4314949468925433 -0.027092962964381788
2.1816615649929121 3.4313767315407029 -0.027092962912286345
2.1860248881228976 3.431258516189041 -0.027092962882378228
2.1903882112528836 3.4311403008374599 -0.027092962875791514
2.1947515343828692 3.4310220854858584 -0.027092962890521158
2.1991148575128552 3.4309038701341659 -0.027092962914827937
2.2034781806428412 3.4307856547823712 -0.027092962935682866
2.2078415037728267 3.4306674394305015 -0.027092962949792618
2.2122048269028127 3.4305492240785824 -0.02709296295799199
2.2165681500327987 3.4304310087266416 -0.027092962959929794
2.2209314731627843 3.4303127933747048 -0.027092962956200822
2.2252947962927703 3.4301945780227925 -0.027092962949637568
2.2296581194227558 3.4300763626709077 -0.027092962943895557
2.2340214425527418 3.4299581473190437 -0.027092962940145536
2.2383847656827278 3.4298399319671922 -0.027092962937979369
2.2427480888127134 3.4297217166153473 -0.027092962937273004
2.2471114119426994 3.4296035012635016 -0.027092962938295287
2.2514747350726849 3.4294852859116491 -0.027092962940103188
2.2558380582026709 3.4293670705597892 -0.027092962941619975
2.2602013813326569 3.4292488552079239 -0.027092962942591298
2.2645647044626425 3.429130639856055 -0.027092962943304169
2.2689280275926285 3.429012424504184 -0.027092962943450694
2.2732913507226145 3.4288942091523138 -0.027092962943059462
2.2776546738526 3.4287759938004454 -0.02709296294265412
2.282017996982586 3.4286577784485788 -0.027092962942224061
2.2863813201125716 3.4285395630967139 -0.027092962941906981
2.2907446432425576 3.42842134774485 -0.027092962941773362
2.2951079663725436 3.4283031323929865 -0.027092962941700639
2.2994712895025291 3.4281849170411229 -0.027092962941828107
2.3038346126325151 3.4280667016892585 -0.027092962942001617
2.3081979357625007 3.4279484863373937 -0.027092962942096094
2.3125612588924866 3.4278302709855284 -0.027092962942155348
2.3169245820224726 3.4277120556336631 -0.027092962942120918
2.3212879051524582 3.4275938402817978 -0.027092962942207671
2.3256512282824442 3.4274756249299321 -0.027092962942200417
2.3300145514124297 3.4273574095780668 -0.027092962942142682
2.3343778745424157 3.4272391942262015 -0.027092962942075534
2.3387411976724017 3.4271209788743366 -0.027092962942088232
2.3431045208023873 3.4270027635224714 -0.027092962942112872
2.3474678439323733 3.4268845481706065 -0.027092962942001614
2.3518311670623593 3.4267663328187417 -0.027092962942108396
2.3561944901923448 3.4266481174668764 -0.027092962942106155
2.3605578133223308 3.4265299021150115 -0.027092962942008306
2.3649211364523164 3.4264116867631467 -0.027092962942096638
2.3692844595823024 3.4262934714112814 -0.027092962942146484
2.3736477827122884 3.4261752560594161 -0.027092962942155817
2.3780111058422739 3.4260570407075508 -0.027092962942076915
2.3823744289722599 3.4259388253556859 -0.027092962942077865
2.3867377521022455 3.4258206100038207 -0.027092962942152979
2.3911010752322315 3.4257023946519554 -0.027092962942156896
2.3954643983622175 3.4255841793000901 -0.027092962942057843
2.399827721492203 3.4254659639482252 -0.02709296294215309
2.404191044622189 3.4253477485963595 -0.027092962942176477
2.4085543677521746 3.4252295332444946 -0.02709296294198766
2.4129176908821606 3.4251113178926298 -0.027092962942108896
2.4172810140121466 3.4249931025407645 -0.027092962942109819
2.4216443371421321 3.4248748871888997 -0.027092962941993176
2.4260076602721181 3.4247566718370348 -0.027092962942153475
2.4303709834021041 3.4246384564851691 -0.027092962942231333
2.4347343065320897 3.4245202411333038 -0.02709296294207322
2.4390976296620757 3.4244020257814389 -0.027092962942017136
2.4434609527920612 3.4242838104295741 -0.027092962942094241
2.4478242759220472 3.4241655950777088 -0.027092962942147233
2.4521875990520332 3.4240473797258435 -0.027092962942155227
2.4565509221820188 3.4239291643739782 -0.027092962942078521
2.4609142453120048 3.4238109490221134 -0.027092962942072005
2.4652775684419903 3.4236927336702481 -0.027092962942174788
2.4696408915719763 3.4235745183183828 -0.02709296294207552
2.4740042147019623 3.4234563029665179 -0.027092962942056185
2.4783675378319479 3.4233380876146526 -0.027092962942241106
2.4827308609619338 3.4232198722627869 -0.027092962942131395
2.4870941840919194 3.4231016569109221 -0.027092962942079975
2.4914575072219054 3.4229834415590568 -0.027092962942090053
2.4958208303518914 3.4228652262071919 -0.027092962942092867
2.5001841534818769 3.4227470108553266 -0.027092962942079826
2.5045474766118629 3.4226287955034618 -0.027092962942129175
2.5089107997418489 3.422510580151596 -0.027092962942241883
2.5132741228718345 3.4223923647997307 -0.027092962942055307
2.5176374460018205 3.4222741494478659 -0.027092962942078223
2.522000769131806 3.4221559340960006 -0.027092962942173126
2.526364092261792 3.4220377187441353 -0.02709296294207594
2.530727415391778 3.4219195033922705 -0.027092962942056185
2.5350907385217636 3.4218012880404052 -0.027092962942240673
2.5394540616517496 3.4216830726885394 -0.02709296294213313
2.5438173847817351 3.4215648573366746 -0.02709296294207347
2.5481807079117211 3.4214466419848093 -0.027092962942114326
2.5525440310417071 3.4213284266329445 -0.02709296294200227
2.5569073541716927 3.4212102112810796 -0.027092962942112598
2.5612706773016787 3.4210919959292143 -0.027092962942088676
2.5656340004316642 3.4209737805773495 -0.027092962942074032
2.5699973235616502 3.4208555652254842 -0.027092962942156525
2.5743606466916362 3.4207373498736189 -0.027092962942138261
2.5787239698216218 3.4206191345217536 -0.027092962942137099
2.5830872929516078 3.4205009191698883 -0.027092962942160022
2.5874506160815938 3.420382703818023 -0.027092962942061219
2.5918139392115793 3.4202644884661582 -0.02709296294213645
2.5961772623415653 3.4201462731142924 -0.027092962942239653
2.6005405854715509 3.4200280577624271 -0.027092962942056948
2.6049039086015369 3.4199098424105623 -0.027092962942073879
2.6092672317315229 3.419791627058697 -0.027092962942180585
2.6136305548615084 3.4196734117068317 -0.027092962942050453
2.6179938779914944 3.4195551963549669 -0.027092962942158957
2.62235720112148 3.4194369810031011 -0.027092962942160397
2.626720524251466 3.4193187656512363 -0.027092962942046137
2.631083847381452 3.419200550299371 -0.027092962942188107
2.6354471705114375 3.4190823349475057 -0.027092962942048101
2.6398104936414235 3.4189641195956408 -0.02709296294216082
2.6441738167714091 3.4188459042437751 -0.027092962942155296
2.6485371399013951 3.4187276888919103 -0.027092962942064654
2.6529004630313811 3.418609473540045 -0.027092962942119141
2.6572637861613666 3.4184912581881801 -0.027092962942000125
2.6616271092913526 3.4183730428363153 -0.027092962942116362
2.6659904324213386 3.41825482748445 -0.027092962942067492
2.6703537555513241 3.4181366121325851 -0.027092962942155008
2.6747170786813101 3.4180183967807194 -0.027092962942159127
2.6790804018112957 3.4179001814288545 -0.027092962942055147
2.6834437249412817 3.4177819660769893 -0.027092962942161632
2.6878070480712677 3.417663750725124 -0.027092962942136731
2.6921703712012532 3.4175455353732587 -0.027092962942138109
2.6965336943312392 3.4174273200213934 -0.027092962942157496
2.7008970174612248 3.4173091046695281 -0.027092962942078577
2.7052603405912108 3.4171908893176632 -0.027092962942069546
2.7096236637211968 3.4170726739657979 -0.027092962942176304
2.7139869868511823 3.4169544586139327 -0.027092962942071919
2.7183503099811683 3.4168362432620678 -0.027092962942077345
2.7227136331111539 3.4167180279102025 -0.027092962942160039
2.7270769562411399 3.4165998125583372 -0.027092962942129178
2.7314402793711259 3.4164815972064719 -0.027092962942161639
2.7358036025011114 3.4163633818546066 -0.027092962942070944
2.7401669256310974 3.4162451665027418 -0.027092962942095924
2.7445302487610834 3.4161269511508765 -0.027092962942078403
2.748893571891069 3.4160087357990117 -0.027092962942131819
2.753256895021055 3.4158905204471459 -0.027092962942241002
2.7576202181510405 3.4157723050952806 -0.027092962942056181
2.7619835412810265 3.4156540897434158 -0.027092962942075603
2.7663468644110125 3.4155358743915505 -0.027092962942174476
2.7707101875409981 3.4154176590396852 -0.027092962942073171
2.7750735106709841 3.4152994436878203 -0.027092962942074174
2.7794368338009696 3.4151812283359551 -0.027092962942171474
2.7838001569309556 3.4150630129840898 -0.027092962942086608
2.7881634800609416 3.4149447976322249 -0.027092962942015159
2.7925268031909272 3.4148265822803601 -0.027092962942088773
2.7968901263209132 3.4147083669284948 -0.027092962942171089
2.8012534494508987 3.4145901515766295 -0.027092962942073535
2.8056167725808847 3.4144719362247646 -0.027092962942076103
2.8099800957108707 3.4143537208728993 -0.027092962942155119
2.8143434188408563 3.4142355055210341 -0.027092962942150089
2.8187067419708423 3.4141172901691688 -0.027092962942091191
2.8230700651008283 3.4139990748173039 -0.027092962942018198
2.8274333882308138 3.4138808594654391 -0.027092962942072019
2.8317967113607998 3.4137626441135738 -0.027092962942235062
2.8361600344907854 3.413644428761708 -0.027092962942139722
2.8405233576207713 3.4135262134098432 -0.02709296294205274
2.8448866807507573 3.4134079980579779 -0.027092962942182372
2.8492500038807429 3.4132897827061126 -0.027092962942064456
2.8536133270107289 3.4131715673542478 -0.027092962942101152
2.8579766501407144 3.4130533520023825 -0.027092962942072286
2.8623399732707004 3.4129351366505176 -0.027092962942151053
2.8667032964006864 3.4128169212986519 -0.027092962942161902
2.871066619530672 3.412698705946787 -0.027092962942048014
2.875429942660658 3.4125804905949217 -0.027092962942187375
2.8797932657906435 3.4124622752430565 -0.027092962942049163
2.8841565889206295 3.4123440598911916 -0.027092962942157312
2.8885199120506155 3.4122258445393259 -0.027092962942159984
2.8928832351806011 3.412107629187461 -0.027092962942049447
2.8972465583105871 3.4119894138355957 -0.027092962942183576
2.9016098814405731 3.4118711984837304 -0.02709296294205463
2.9059732045705586 3.4117529831318656 -0.027092962942139264
2.9103365277005446 3.4116347677799999 -0.027092962942234986
2.9146998508305302 3.4115165524281346 -0.027092962942072786
2.9190631739605162 3.4113983370762697 -0.027092962942015197
2.9234264970905022 3.4112801217244049 -0.027092962942094165
2.9277898202204877 3.4111619063725396 -0.027092962942149492
2.9321531433504737 3.4110436910206743 -0.027092962942154551
2.9365164664804593 3.410925475668809 -0.027092962942078982
2.9408797896104453 3.4108072603169441 -0.027092962942070871
2.9452431127404313 3.4106890449650789 -0.0270929629421706
2.9496064358704168 3.4105708296132136 -0.027092962942093405
2.9539697590004028 3.4104526142613487 -0.02709296294199711
2.9583330821303884 3.4103343989094839 -0.027092962942154169
2.9626964052603744 3.4102161835576181 -0.027092962942232887
2.9670597283903604 3.4100979682057528 -0.027092962942058013
2.9714230515203459 3.409979752853888 -0.027092962942076408
2.9757863746503319 3.4098615375020227 -0.027092962942177695
2.9801496977803179 3.4097433221501574 -0.027092962942051213
2.9845130209103035 3.4096251067982926 -0.027092962942158797
2.9888763440402895 3.4095068914464268 -0.027092962942160265
2.993239667170275 3.409388676094562 -0.027092962942046821
2.997602990300261 3.4092704607426967 -0.027092962942193804
3.001966313430247 3.4091522453908314 -0.027092962942016362
3.0063296365602326 3.4090340300389665 -0.027092962942282098
3.0106929596902186 3.4089158146871008 -0.027092962941701926
3.0150562828202041 3.4087975993352364 -0.027092962943451534
3.0194196059501901 3.4086793839833698 -0.027092962937643926
3.0237829290801761 3.4085611686315085 -0.02709296295697915
3.0281462522101616 3.4084429532796294 -0.027092962894003463
3.0325095753401476 3.4083247379278161 -0.027092963093594997
3.0368728984701332 3.4082065225757567 -0.027092962482169861
3.0412362216001192 3.4080883072246166 -0.027092964265393683
3.0455995447301052 3.4079700918700464 -0.027092959470269434
3.0499628678600907 3.4078518765282775 -0.027092970424408641
3.0543261909900767 3.4077336611387317 -0.027092955450412133
3.0586895141200627 3.4076154459274934 -0.027092914645953998
3.0630528372500483 3.4074972308278815 -0.027092893493956795
3.0674161603800343 3.4073790159567632 -0.027092785057164007
3.0717794835100198 3.4072608018316215 -0.027092569959919145
3.0761428066400058 3.4071425889138589 -0.027092195757241814
3.0805061297699918 3.4070243782844924 -0.027091504147189614
3.0848694528999774 3.4069061716498594 -0.027090324828404583
3.0892327760299634 3.4067879716692611 -0.027088412159974363
3.0935960991599489 3.4066697822042222 -0.027085437209083223
3.0979594222899349 3.4065516085081118 -0.027081177798384582
3.1023227454199209 3.4064334572270303 -0.027074937036861074
3.1066860685499065 3.4063153361099934 -0.027068008785607743
3.1110493916798925 3.4061972533486422 -0.027054851855806375
3.115412714809878 3.406079216542345 -0.027056440031620114
3.119776037939864 3.4059612313901977 -0.02699613311311292
3.12413936106985 3.4058433003238031 -0.027163071209570448
3.1285026841998356 3.4057254213741324 -0.02648260629806596
3.1328660073298216 3.405607587576005 -0.028970651113320426
3.1372293304598076 3.4054897871359469 -0.019644957530368146
3.1415926535897931 3.4054411087803147 -0.0069119072229150659
3.1459559767197791 3.405392430424683 -0.019644957530297276
3.1503192998497647 3.4052746299846248 -0.02897065111330599
3.1546826229797507 3.4051567961864975 -0.026482606298203187
3.1590459461097367 3.4050389172368258 -0.027163071209638318
3.1634092692397222 3.4049209861704317 -0.026996133113009513
3.1677725923697082 3.4048030010182844 -0.027056440031668794
3.1721359154996938 3.4046849642119872 -0.02705485185571508
3.1764992386296798 3.4045668814506365 -0.027068008785618904
3.1808625617596658 3.4044487603335991 -0.027074937036899463
3.1852258848896513 3.4043306090525181 -0.027081177798219891
3.1895892080196373 3.4042124353564081 -0.027085437209101212
3.1939525311496229 3.4040942458913688 -0.027088412160067108
3.1983158542796088 3.4039760459107704 -0.027090324828320942
3.2026791774095948 3.4038578392761378 -0.027091504147117824
3.2070425005395804 3.4037396286467714 -0.027092195757307282
3.2114058236695664 3.4036214157290083 -0.027092569960042664
3.2157691467995524 3.4035032016038662 -0.027092785057206855
3.2201324699295379 3.4033849867327479 -0.027092893493967214
3.2244957930595239 3.403266771633136 -0.027092914645869461
3.2288591161895095 3.4031485564218982 -0.027092955450434515
3.2332224393194955 3.4030303410323519 -0.027092970424411941
3.2375857624494815 3.4029121256905834 -0.02709295947022557
3.241949085579467 3.4027939103360128 -0.027092964265565865
3.246312408709453 3.4026756949848722 -0.027092962482143924
3.2506757318394386 3.4025574796328133 -0.027092963093526531
3.2550390549694246 3.402439264281 -0.027092962893997943
3.2594023780994106 3.4023210489291209 -0.027092962957061442
3.2637657012293961 3.4022028335772592 -0.027092962937625632
3.2681290243593821 3.402084618225393 -0.027092962943450694
3.2724923474893677 3.4019664028735281 -0.027092962941723572
3.2768556706193537 3.4018481875216628 -0.02709296294219635
3.2812189937493397 3.401729972169798 -0.027092962942024072
3.2855823168793252 3.4016117568179327 -0.027092962942248708
3.2899456400093112 3.401493541466067 -0.027092962942133116
3.2943089631392972 3.4013753261142021 -0.027092962942057208
3.2986722862692828 3.4012571107623368 -0.027092962942179381
3.3030356093992688 3.4011388954104715 -0.027092962942071946
3.3073989325292543 3.4010206800586067 -0.027092962942074188
3.3117622556592403 3.4009024647067414 -0.027092962942172647
3.3161255787892263 3.4007842493548761 -0.027092962942073629
3.3204889019192119 3.4006660340030113 -0.027092962942074195
3.3248522250491979 3.400547818651146 -0.027092962942170923
3.3292155481791834 3.4004296032992807 -0.02709296294208877
3.3335788713091694 3.4003113879474158 -0.027092962942015325
3.3379421944391554 3.400193172595551 -0.027092962942077654
3.342305517569141 3.4000749572436857 -0.027092962942215422
3.346668840699127 3.39995674189182 -0.027092962942212657
3.351032163829113 3.3998385265399547 -0.027092962942077674
3.3553954869590985 3.3997203111880898 -0.02709296294201799
3.3597588100890845 3.399602095836225 -0.027092962942086372
3.3641221332190701 3.3994838804843597 -0.027092962942177851
3.3684854563490561 3.3993656651324944 -0.027092962942048885
3.372848779479042 3.3992474497806295 -0.027092962942159661
3.3772121026090276 3.3991292344287638 -0.027092962942159158
3.3815754257390136 3.399011019076899 -0.02709296294205037
3.3859387488689991 3.3988928037250337 -0.027092962942180696
3.3903020719989851 3.3987745883731684 -0.027092962942073529
3.3946653951289711 3.3986563730213035 -0.027092962942058259
3.3990287182589567 3.3985381576694382 -0.027092962942234768
3.4033920413889427 3.3984199423175725 -0.027092962942154682
3.4077553645189282 3.3983017269657076 -0.027092962941993187
3.4121186876489142 3.3981835116138428 -0.027092962942108587
3.4164820107789002 3.3980652962619775 -0.02709296294210552
3.4208453339088858 3.3979470809101127 -0.02709296294201069
3.4252086570388718 3.3978288655582478 -0.027092962942087715
3.4295719801688578 3.3977106502063825 -0.02709296294217152
3.4339353032988433 3.3975924348545172 -0.027092962942072883
3.4382986264288293 3.3974742195026524 -0.027092962942078292
3.4426619495588149 3.3973560041507871 -0.027092962942155286
3.4470252726888009 3.3972377887989218 -0.027092962942147237
3.4513885958187869 3.3971195734470565 -0.027092962942094165
3.4557519189487724 3.3970013580951917 -0.027092962942017452
3.4601152420787584 3.3968831427433268 -0.027092962942072019
3.464478565208744 3.3967649273914615 -0.027092962942235822
3.46884188833873 3.3966467120395958 -0.0270929629421367
3.473205211468716 3.3965284966877309 -0.027092962942055758
3.4775685345987015 3.3964102813358656 -0.027092962942181616
3.4819318577286875 3.3962920659840004 -0.027092962942064452
3.4862951808586731 3.3961738506321355 -0.027092962942101905
3.4906585039886591 3.3960556352802702 -0.027092962942069278
3.4950218271186451 3.3959374199284054 -0.027092962942154047
3.4993851502486306 3.3958192045765396 -0.027092962942161205
3.5037484733786166 3.3957009892246748 -0.027092962942047789
3.5081117965086026 3.3955827738728095 -0.027092962942180703
3.5124751196385882 3.3954645585209442 -0.027092962942076085
3.5168384427685742 3.3953463431690794 -0.027092962942056299
3.5212017658985597 3.3952281278172141 -0.027092962942240041
3.5255650890285457 3.3951099124653483 -0.027092962942135545
3.5299284121585317 3.3949916971134835 -0.027092962942056178
3.5342917352885173 3.3948734817616182 -0.027092962942181099
3.5386550584185033 3.3947552664097529 -0.027092962942066104
3.5430183815484888 3.394637051057888 -0.027092962942095813
3.5473817046784748 3.3945188357060228 -0.027092962942091986
3.5517450278084608 3.3944006203541579 -0.027092962942069299
3.5561083509384463 3.3942824050022926 -0.027092962942172144
3.5604716740684323 3.3941641896504273 -0.027092962942088794
3.5648349971984179 3.3940459742985625 -0.027092962942014017
3.5691983203284039 3.3939277589466976 -0.02709296294209116
3.5735616434583899 3.3938095435948323 -0.027092962942154401
3.5779249665883754 3.393691328242967 -0.027092962942137908
3.5822882897183614 3.3935731128911018 -0.027092962942140624
3.5866516128483474 3.3934548975392365 -0.027092962942137977
3.591014935978333 3.3933366821873712 -0.027092962942154131
3.595378259108319 3.3932184668355059 -0.027092962942092159
3.5997415822383045 3.393100251483641 -0.027092962942018576
3.6041049053682905 3.3929820361317762 -0.027092962942069553
3.6084682284982765 3.3928638207799109 -0.02709296294223627
3.6128315516282621 3.3927456054280452 -0.02709296294213738
3.6171948747582481 3.3926273900761803 -0.027092962942060879
3.6215581978882336 3.392509174724315 -0.027092962942160431
3.6259215210182196 3.3923909593724497 -0.027092962942144069
3.6302848441482056 3.3922727440205844 -0.027092962942101693
3.6346481672781912 3.3921545286687196 -0.027092962941990501
3.6390114904081772 3.3920363133168547 -0.027092962942172304
3.6433748135381627 3.391918097964989 -0.027092962942166961
3.6477381366681487 3.3917998826131242 -0.02709296294200653
3.6521014597981347 3.3916816672612593 -0.027092962942034633
3.6564647829281203 3.3915634519093945 -0.027092962942090945
3.6608281060581063 3.3914452365575292 -0.027092962942142921
3.6651914291880923 3.3913270212056639 -0.027092962942175773
3.6695547523180778 3.3912088058537981 -0.027092962942305992
3.6739180754480638 3.391090590501932 -0.027092962942362943
3.6782813985780494 3.3909723751500658 -0.027092962942310245
3.6826447217080354 3.3908541597982 -0.027092962942158742
3.6870080448380214 3.3907359444463352 -0.027092962941893166
3.6913713679680069 3.3906177290944717 -0.027092962941588604
3.6957346910979929 3.3904995137426095 -0.027092962941240414
3.7000980142279785 3.3903812983907486 -0.027092962941105744
3.7044613373579645 3.3902630830388873 -0.027092962941381964
3.7088246604879505 3.3901448676870243 -0.02709296294193014
3.713187983617936 3.3900266523351581 -0.027092962942828158
3.717551306747922 3.389908436983287 -0.027092962944183903
3.7219146298779076 3.3897902216314098 -0.027092962945496232
3.7262779530078936 3.3896720062795285 -0.027092962945913832
3.7306412761378795 3.3895537909276481 -0.02709296294506016
3.7350045992678651 3.3894355755757744 -0.02709296294287486
3.7393679223978511 3.3893173602239131 -0.027092962939340399
3.7437312455278371 3.38919914487207 -0.027092962934587274
3.7480945686578226 3.3890809295202486 -0.027092962929662529
3.7524578917878086 3.3889627141684437 -0.027092962927855964
3.7568212149177942 3.3888444988166353 -0.02709296293115232
3.7611845380477802 3.3887262834648024 -0.027092962939009455
3.7655478611777662 3.3886080681129247 -0.027092962951908269
3.7699111843077517 3.388489852760979 -0.027092962970018793
3.7742745074377377 3.3883716374089508 -0.027092962988185858
3.7786378305677233 3.388253422056863 -0.027092962995113705
3.7830011536977093 3.3881352067047845 -0.027092962983737926
3.7873644768276953 3.3880169913527953 -0.027092962954520926
3.7917277999576808 3.3878987760009727 -0.027092962906901032
3.7960911230876668 3.3877805606494005 -0.027092962839889677
3.8004544462176524 3.387662345298136 -0.027092962771751099
3.8048177693476384 3.3875441299470976 -0.027092962744306209
3.8091810924776244 3.387425914596033 -0.027092962784816106
3.8135444156076099 3.387307699244642 -0.027092962892664291
3.8179077387375959 3.387189483892636 -0.027092963068068132
3.8222710618675819 3.3870712685397062 -0.027092963316575996
3.8266343849975675 3.3869530531856267 -0.027092963572749929
3.8309977081275535 3.3868348378306883 -0.027092963680568623
3.835361031257539 3.3867166224758187 -0.027092963536307777
3.839724354387525 3.3865984071221398 -0.027092963139607355
3.844087677517511 3.3864801917707297 -0.027092962492115596
3.8484510006474966 3.3863619764227346 -0.027092961570831065
3.8528143237774826 3.3862437610790259 -0.027092960608371745
3.8571776469074681 3.3861255457385857 -0.027092960185164321
3.8615409700374541 3.3860073303979918 -0.027092960698845932
3.8659042931674401 3.3858891150530575 -0.027092962157291126
3.8702676162974257 3.3857708996997538 -0.02709296454847461
3.8746309394274117 3.3856526843338202 -0.027092967963283511
3.8789942625573972 3.3855344689519162 -0.02709297157693635
3.8833575856873832 3.3854162535575849 -0.027092973232356054
3.8877209088173692 3.3852980381634494 -0.027092971406809826
3.8920842319473548 3.3851798227851244 -0.027092966048456991
3.8964475550773408 3.3850616074376605 -0.02709295721841672
3.9008108782073267 3.3849433921369085 -0.027092944561615678
3.9051742013373123 3.3848251768956454 -0.02709293100055914
3.9095375244672983 3.3847069617015899 -0.027092924542525144
3.9139008475972838 3.3845887465082112 -0.027092931012854714
3.9182641707272698 3.3844705312572767 -0.027092950696653031
3.9226274938572558 3.3843523158925515 -0.027092983300292185
3.9269908169872414 3.3842341003550906 -0.027093030202958075
3.9313541401172274 3.3841158845960901 -0.027093081072368866
3.9357174632472129 3.3839976686579147 -0.027093106203105413
3.9400807863771989 3.3838794527119815 -0.027093083336199784
3.9444441095071849 3.3837612369754271 -0.027093011048728893
3.9488074326371705 3.3836430216583842 -0.027092890672425225
3.9531707557671565 3.3835248069800414 -0.02709271689231205
3.957534078897142 3.3834065931265069 -0.02709252615479563
3.961897402027128 3.3832883799524964 -0.027092428582332084
3.966260725157114 3.3831701668268588 -0.027092509144682617
3.9706240482870996 3.3830519529400718 -0.027092774536777629
3.9749873714170856 3.3829337375069075 -0.027093218944480357
3.9793506945470716 3.3828155197123273 -0.027093862722257084
3.9837140176770571 3.3826972988476962 -0.027094577604968084
3.9880773408070431 3.3825790754079139 -0.027094955651393991
3.9924406639370287 3.3824608517155079 -0.02709467281778772
3.9968039870670147 3.3823426307880307 -0.02709369877208561
4.0011673101970002 3.3822244155598415 -0.027092058221649
4.0055306333269867 3.3821062090615861 -0.027089673666947752
4.0098939564569722 3.3819880139876486 -0.027086995393517596
4.0142572795869578 3.3818698286654389 -0.027085533465338676
4.0186206027169442 3.3817516445535594 -0.027086522495619283
4.0229839258469298 3.3816334504058192 -0.027090096290490834
4.0273472489769153 3.3815152352562747 -0.027096152007185174
4.0317105721069009 3.381396987835529 -0.027104983166104744
4.0360738952368873 3.3812786979127489 -0.027115013103562791
4.0404372183668729 3.3811603710880176 -0.027120656353833927
4.0448005414968584 3.3810420387537703 -0.027117213392208721
4.0491638646268449 3.3809237428162251 -0.027104105523538109
4.0535271877568304 3.3808055242572155 -0.027081753868662829
4.057890510886816 3.3806874249836869 -0.02704905213923307
4.0622538340168024 3.3805694837935851 -0.027011505898361092
4.066617157146788 3.3804516821482808 -0.026989758497890381
4.0709804802767735 3.3803339047458936 -0.027001682203336874
4.0753438034067591 3.380215995461902 -0.02704974169195478
4.0797071265367455 3.3800978011357774 -0.027132235678341644
4.0840704496667311 3.379979165918757 -0.027253315029289047
4.0884337727967166 3.3798599428570899 -0.027393810096993865
4.092797095926703 3.3797401924667101 -0.027477487198262315
4.0971604190566886 3.379620337951204 -0.027436439404664809
4.1015237421866741 3.3795009608519124 -0.027260297431155604
4.1058870653166606 3.3793826335825301 -0.026955856032723338
4.1102503884466461 3.379265935791794 -0.026507606733064591
4.1146137115766317 3.3791514234506042 -0.025982093915268348
4.1189770347066181 3.3790389025110588 -0.025660603147523386
4.1233403578366037 3.3789268207685268 -0.025800922498846187
4.1277036809665892 3.3788130124943443 -0.026446241959646233
4.1320670040965748 3.3786953383553597 -0.027569693334292749
4.1364303272265612 3.3785716421817731 -0.029228987224181123
4.1407936503565468 3.3784398228788279 -0.031193858635529245
4.1451569734865323 3.3783004881854874 -0.032427333256987115
4.1495202966165188 3.3781593268800441 -0.0319516511439909
4.1538836197465043 3.3780244027485598 -0.029588426018829567
4.1582469428764899 3.3779037113375598 -0.025442945928209146
4.1626102660064763 3.3778052745036704 -0.019301273519552631
4.1669735891364619 3.3777370239472173 -0.011957767569696466
4.1713369122664474 3.3776971154439748 -0.0072323478416262904
4.1757002353964339 3.3776647111492464 -0.0088314586059950479
4.1800635585264194 3.377609779885538 -0.017489324532529521
4.184426881656405 3.377502408877568 -0.032802065334555021
4.1887902047863905 3.3773126843084134 -0.055570286304214393
4.193153527916377 3.3770105662486944 -0.083082871277471493
4.1975168510463625 3.3766011448158468 -0.10131674715719682
4.2018801741763481 3.3761602359141563 -0.096294212425602252
4.2062434973063345 3.3757988676757145 -0.065111532693304705
4.2106068204363201 3.3756276141935917 -0.0094633767852958604
4.2149701435663056 3.375755878123349 0.073407600870102549
4.2193334666962921 3.3762939125815747 0.17394599963841303
4.2236967898262776 3.3772241400733685 0.24031095604541514
4.2280601129562632 3.3782635695417738 0.21904654707566107
4.2324234360862487 3.3789911905814569 0.098437291251008946
4.2367867592162352 3.3789842134877164 -0.11731743246965433
4.2411500823462207 3.3778222055290112 -0.43290247920066033
4.2455134054762063 3.3750812851949625 -0.83452847773181538
4.2498767286061927 3.370530311535175 -1.2425206159150268
4.2542400517361783 3.3643524454339104 -1.5719959071731215
4.2586033748661638 3.3569548569288012 -1.80329080239286
4.2629666979961502 3.3487514332097619 -1.9413067621635534
4.2673300211261358 3.3401545046253944 -1.982553524769731
4.2716933442561213 3.3315806831097334 -1.9342172804238464
4.2760566673861078 3.3233401145050534 -1.8413004213185697
4.2804199905160933 3.3155050519213307 -1.7533708755536173
4.2847833136460789 3.3080143069894836 -1.6824651357319287
4.2891466367760644 3.3008011736081779 -1.6264106193304351
4.2935099599060509 3.2937991044789872 -1.5855456922485966
4.2978732830360364 3.286941186878042 -1.5608315366041376
4.302236606166022 3.2801452017327137 -1.558860176258055
4.3065999292960084 3.2732940617994641 -1.5867997922391368
4.310963252425994 3.2662510563068801 -1.6468513688802444
4.3153265755559795 3.2588784446066823 -1.7372430229120248
4.319689898685966 3.2510412678849003 -1.8616567458677955
4.3240532218159515 3.2425958355309086 -2.0112273476553422
4.3284165449459371 3.233553038036816 -2.1174550009108972
4.3327798680759235 3.2242951558335728 -2.1015731552376349
4.3371431912059091 3.2154231303861152 -1.9414586743032618
4.3415065143358946 3.2075468563564224 -1.6478746362926056
4.3458698374658802 3.2012551148273771 -1.2082527276234136
4.3502331605958666 3.19716637961004 -0.65620453603053364
4.3545964837258522 3.1953063440263372 -0.25700265053703925
4.3589598068558377 3.1942409939881085 -0.32713185684061996
4.3633231299858242 3.1916337015358556 -0.95959289448037466
4.3676864531158097 3.1850844911317315 -2.130044190476569
4.3720497762457953 3.1722341311403008 -3.858392440000856
4.3764130993757817 3.1506694515090716 -6.0984243153652171
4.3807764225057673 3.1188486340937542 -8.453074314240693
4.3851397456357528 3.0774483291867023 -10.432413791069981
4.3895030687657384 3.0285755304613913 -11.884484621661235
4.3938663918957248 2.974467660067516 -12.833940265832824
4.3982297150257104 2.9173322776098525 -13.26498096740273
4.4025930381556959 2.8594306539817929 -13.199755102953572
4.4069563612856824 2.8025204910865331 -12.874768294498136
4.4113196844156679 2.7470158214032305 -12.591917256107154
4.4156830075456535 2.6924311354856991 -12.44942802399035
4.4200463306756399 2.6381876213060411 -12.435129338818546
4.4244096538056255 2.5837181976367982 -12.555564827253097
4.428772976935611 2.5284271118822677 -12.808378718431191
4.4331363000655974 2.4718390516940971 -13.133354835558507
4.437499623195583 2.4138281357517841 -13.450653964897825
4.4418629463255686 2.3545089712579039 -13.734250331947276
4.4462262694555541 2.2940170062050851 -13.988409447970325
4.4505895925855405 2.2324790374466641 -14.21371405590593
4.4549529157155261 2.1700216063552893 -14.409691413567236
4.4593162388455116 2.1067795445265247 -14.572125464933199
4.4636795619754981 2.0429135332813453 -14.694880276825874
4.4680428851054836 1.9786039723138376 -14.775385321295268
4.4724062082354692 1.9140363968425784 -14.812970362074728
4.4767695313654556 1.8493999299219113 -14.80688913144331
4.4811328544954412 1.7848873215841263 -14.755836396069492
4.4854961776254267 1.72070349402067 -14.654916670488824
4.4898595007554132 1.6570808358456308 -14.497763648548657
4.4942228238853987 1.5942730654999018 -14.281188210558458
4.4985861470153843 1.5325407759869789 -14.004921231711556
4.5029494701453698 1.4721466285189071 -13.667079734377509
4.5073127932753563 1.413361710105242 -13.268249606796623
4.5116761164053418 1.3564167722469214 -12.829909774917509
4.5160394395353274 1.3014111155669552 -12.383670265828039
4.5204027626653138 1.2483427165823593 -11.941656335063577
4.5247660857952994 1.1971951737288475 -11.503307897567788
4.5291294089252849 1.1479526000332116 -11.068271871780762
4.5334927320552714 1.1005991643930331 -10.638128448288322
4.5378560551852569 1.055087479368608 -10.228568071722222
4.5422193783152425 1.0112742647141362 -9.8628763491899019
4.5465827014452289 0.96893921186578125 -9.5511122148279384
4.5509460245752145 0.9278464997158069 -9.2933807348582018
4.5553093477052 0.88775884520280102 -9.0908735151022473
4.5596726708351856 0.84843234084470798 -8.9442788474807013
4.564035993965172 0.80963443411002112 -8.8463994857087105
4.5683993170951576 0.77117909820352237 -8.7855402941625602
4.5727626402251431 0.73291909687630641 -8.7570199066204015
4.5771259633551296 0.6947127015727651 -8.7608016975430036
4.5814892864851151 0.65641860930772633 -8.7976341236774331
4.5858526096151007 0.61789236335603448 -8.8664357347850533
4.5902159327450871 0.57902700574222044 -8.947169985817423
4.5945792558750727 0.53984270561980285 -9.0078760906631565
4.5989425790050582 0.50046861913272844 -9.0340936285044968
4.6033059021350438 0.46105599206099723 -9.0255034188306329
4.6076692252650302 0.42175727928207796 -8.9818235753167635
4.6120325483950158 0.38272781886263307 -8.9016871747321229
4.6163958715250013 0.34414299574552781 -8.7750782446704552
4.6207591946549877 0.30624177924350177 -8.585926988743557
4.6251225177849733 0.26931873896710734 -8.326583223632813
4.6294858409149588 0.23368062874634646 -7.9971122779354271
4.6338491640449453 0.19963334934163304 -7.5971122957966433
4.6382124871749308 0.1674861440469812 -7.1264137426792233
4.6425758103049164 0.13753593451377644 -6.5922701932004921
4.6469391334349028 0.11003182108054158 -6.0071881336200317
4.6513024565648884 0.085178537679243591 -5.3772716512418892
4.6556657796948739 0.063170724597387901 -4.7030418834950218
4.6600291028248595 0.044201272888286798 -3.9844527569220012
4.6643924259548459 0.028463174597104623 -3.2223006758824604
4.6687557490848315 0.016125779709931912 -2.4296317419638984
4.673119072214817 0.0072719182086771472 -1.6292069999013081
4.6774823953448035 0.0019027344624188277 -0.83258583250404516
4.681845718474789 0 -0.040252337940402692
4.6862090416047746 0.0015450318700950616 0.74765699793315499
4.690572364734761 0.006516975622281285 1.5303667263636171
4.6949356878647466 0.014883882090808995 2.3019939510609904
4.6992990109947321 0.026574305564750891 3.0520617174518718
4.7036623341247186 0.041478851499913004 3.775113220184807
4.7080256572547041 0.059479098045179361 4.4711542203965982
4.7123889803846897 0.080457819621704271 5.1402342560738701
4.7167523035146752 0.10429679270196798 5.7822857713899447
4.7211156266446617 0.13088246344608753 6.4000539534155809
4.7254789497746472 0.16011986044949739 6.9986125918220852
4.7298422729046328 0.19193322354262127 7.5809063544636617
4.7342055960346192 0.22625275237091341 8.1473891194246963
4.7385689191646048 0.26301017412620564 8.698448637027429
4.7429322422945903 0.30213939472790446 9.2346282741603449
4.7472955654245768 0.34357803994789965 9.7574223778413529
4.7516588885545623 0.38727304617722946 10.269269285481656
4.7560222116845479 0.43318059129213071 10.771676787780267
4.7603855348145334 0.48126007895886019 11.264747251543152
4.7647488579445199 0.53147082706879123 11.748722334225247
4.7691121810745054 0.5837740982964591 12.223811199156358
4.773475504204491 0.63812134183993585 12.683525420564656
4.7778388273344774 0.69441699126954237 13.114536724285948
4.782202150464463 0.75251407817916072 13.508979672573265
4.7865654735944485 0.8122507639458697 13.866078886916201
4.7909287967244349 0.87346381203738555 14.185616179440556
4.7952921198544205 0.93598812396775177 14.466998363454033
4.7996554429844061 0.99964578770031387 14.702726240047841
4.8040187661143925 1.0642049147309114 14.877468357643085
4.808382089244378 1.1293738787179557 14.981865524574905
4.8127454123743636 1.1948430684935381 15.015247791818116
4.8171087355043491 1.2603030486358804 14.977409525537885
4.8214720586343356 1.3254409828480198 14.867625774700361
4.8258353817643211 1.3899477762309607 14.68923610351314
4.8301987048943067 1.4535402061266045 14.449968044455243
4.8345620280242931 1.5159660438871156 14.154670257634359
4.8389253511542787 1.5769825762358136 13.804072769198417
4.8432886742842642 1.6363489968854437 13.398260251088576
4.8476519974142507 1.6938240559766908 12.937170161031192
4.8520153205442362 1.7491872821280672 12.434949247531172
4.8563786436742218 1.80232629450333 11.923676872426991
4.8607419668042082 1.8532579921562555 11.424092729298291
4.8651052899341938 1.9020401969612899 10.938181445820117
4.8694686130641793 1.9487316635609642 10.46604260072923
4.8738319361941649 1.9933947944419408 10.00844264835999
4.8781952593241513 2.0361096226635698 9.5768461543807941
4.8825585824541369 2.0770451625189894 9.1979292804834856
4.8869219055841224 2.1164789823917047 8.8893380987785253
4.8912852287141089 2.1547233976724645 8.6523387362268167
4.8956485518440944 2.192088383277679 8.4865017036604495
4.90001187497408 2.2288865441000123 8.3924778776451987
4.9043751981040664 2.2654265472788038 8.3671940797894031
4.908738521234052 2.3019933690787879 8.4032961018203327
4.9131018443640375 2.3388404925243651 8.4953321526345693
4.9174651674940231 2.3762081861071196 8.6417248043530304
4.9218284906240095 2.4143312309643852 8.8413770892210817
4.9261918137539951 2.4534404268020094 9.093744048629123
4.9305551368839806 2.4937460933354001 9.3852840499232126
4.9349184600139671 2.5353510182560215 9.6826940044986003
4.9392817831439526 2.5782175122801285 9.9622094722525851
4.9436451062739382 2.6222572347944193 10.220781159697522
4.9480084294039246 2.6673798594672187 10.458180112559761
4.9523717525339102 2.713490203138623 10.673666852943201
4.9567350756638957 2.7604821054189714 10.859541550364064
4.9610983987938821 2.8081848766449955 10.99542855701114
4.9654617219238677 2.8563417004133966 11.066946849756285
4.9698250450538533 2.9046678203944616 11.073569706078242
4.9741883681838388 2.9528847661694764 11.016896834863113
4.9785516913138252 3.0007170312696152 10.897415858966927
4.9829150144438108 3.0478982104201564 10.71987196005256
4.9872783375737963 3.0941969633762354 10.495163247372624
4.9916416607037828 3.1394297445107213 10.231922199420781
4.9960049838337683 3.1834345605349172 9.9324002479148703
5.0003683069637539 3.2260552408158407 9.5977808470368267
5.0047316300937403 3.2671411815008509 9.2289095477271186
5.0090949532237259 3.3065509425549844 8.8313487052141113
5.0134582763537114 3.3441890631662954 8.4199169096601345
5.0178215994836979 3.3800247423571514 8.0058472575832962
5.0221849226136834 3.4140511369357003 7.5903177602267897
5.026548245743669 3.4462597602345464 7.1727254656918129
5.0309115688736545 3.476640900912745 6.7523321762640567
5.035274892003641 3.5051876619584292 6.3337866013326298
5.0396382151336265 3.5319394789323639 5.9330230215925397
5.0440015382636121 3.5570076511758368 5.5629214311501007
5.0483648613935985 3.5805320553269833 5.2250857707504972
5.0527281845235841 3.6026515086988331 4.9191402470161947
5.0570915076535696 3.6235119387857093 4.649144354976265
5.0614548307835561 3.6432490445168582 4.397091865126054
5.0658181539135416 3.6618181128102729 4.0998733953322546
5.0701814770435272 3.6788857861609845 3.7054332552249467
5.0745448001735127 3.6940038352165585 3.2076662372870888
5.0789081233034992 3.7067320489313746 2.6095817790936873
5.0832714464334847 3.7166176120625161 1.902094311825651
5.0876347695634703 3.7232277173773891 1.1236271600494634
5.0919980926934567 3.7265244868461398 0.414862407171184
5.0963614158234423 3.7271223557318227 -0.10532070346870266
5.1007247389534278 3.7259001370320481 -0.4228509047431504
5.1050880620834143 3.7237149861753371 -0.54601041549435103
5.1094513852133998 3.7214319952378796 -0.46517543814176238
5.1138147083433854 3.7198939054376376 -0.22046942532575339
5.1181780314733718 3.7195279350030188 0.037917754690181334
5.1225413546033574 3.7200543691590511 0.17912513458853752
5.1269046777333429 3.720895033798155 0.18552960062041093
5.1312680008633285 3.7214894171943809 0.065422812805130945
5.1356313239933149 3.7212706258404582 -0.18898278572880234
5.1399946471233005 3.7196830047609133 -0.55148937186178504
5.144357970253286 3.7164512696018965 -0.9186049960997883
5.1487212933832724 3.7117950560371855 -1.1974446943611829
5.153084616513258 3.7061492268399254 -1.3747790739461987
5.1574479396432436 3.699936151450042 -1.457021199754424
5.16181126277323 3.6935792369489611 -1.4396245583281633
5.1661745859032155 3.6874951333408146 -1.3382945329872307
5.1705379090332011 3.681928881242869 -1.2173918511461967
5.1749012321631875 3.6768134586317069 -1.1363166099897204
5.1792645552931731 3.6719412599254881 -1.104324295224393
5.1836278784231586 3.667111451794804 -1.116994743852407
5.1879912015531442 3.6621238824805378 -1.177628251157405
5.1923545246831306 3.6567833928794244 -1.2735424884822082
5.1967178478131162 3.6510385674451387 -1.3499029881289075
5.2010811709431017 3.645107523467003 -1.3545820327343867
5.2054444940730882 3.6393362197192349 -1.2777105019988455
5.2098078172030737 3.6340695416938833 -1.1237331985749039
5.2141711403330593 3.6296552008632732 -0.88353496570006285
5.2185344634630457 3.6264394118754253 -0.58821776743952969
5.2228977865930313 3.6243812774445598 -0.38967660495134387
5.2272611097230168 3.6226816800101029 -0.43670192985277434
5.2316244328530024 3.6201707918283064 -0.75843234178010521
5.2359877559829888 3.6156803274618587 -1.3433441257971026
5.2403510791129744 3.6080401761486716 -2.2085881310909889
5.2447144022429599 3.5960756891995227 -3.301459725590302
5.2490777253729464 3.579297238297007 -4.3477613230329961
5.2534410485029319 3.5586045269883693 -5.0707683600673343
5.2578043716329175 3.5356004934367196 -5.4128339441528182
5.2621676947629039 3.5118934915986926 -5.3940380774964689
5.2665310178928895 3.489091189907259 -4.9884553498319004
5.270894341022875 3.4688204802477571 -4.2669616591100423
5.2752576641528615 3.4517368295392119 -3.6266643597253676
5.279620987282847 3.4364532862251878 -3.4804242480789265
5.2839843104128326 3.420513944245462 -3.9189132665957538
5.2883476335428181 3.4014454688161466 -4.9135249355715436
5.2927109566728046 3.3767825011685 -6.4945124350346415
5.2970742798027901 3.344025012030817 -8.5878233024416755
5.3014376029327757 3.3017452881663454 -10.745981692573592
5.3058009260627621 3.2508514159641151 -12.489695727405612
5.3101642491927477 3.1935130706717074 -13.710226635218586
5.3145275723227332 3.1319235392899323 -14.438182530321427
5.3188908954527196 3.0682547157280093 -14.658344287798483
5.3232542185827052 3.0046934820360898 -14.405384012717189
5.3276175417126908 2.9429222615042092 -13.892367617822147
5.3319808648426772 2.8834965158045174 -13.35404137429501
5.3363441879726627 2.8263416369894712 -12.846399977320869
5.3407075111026483 2.7713656534723694 -12.355860693960762
5.3450708342326338 2.7184901249777695 -11.883394675340776
5.3494341573626203 2.6676417409387558 -11.425869677795404
5.3537974804926058 2.6187718723104241 -10.974346832571428
5.3581608036225914 2.5718778059890011 -10.519174618158669
5.3625241267525778 2.5269852006633036 -10.056821505988799
5.3668874498825634 2.4841253703063617 -9.5876698371848672
5.3712507730125489 2.4433308184709124 -9.1090155940557
5.3756140961425354 2.4046406402993834 -8.6259425682308439
5.3799774192725209 2.3680027384663433 -8.1789868900460334
5.3843407424025065 2.333143716735361 -7.8157734922431947
5.388704065532492 2.2996558298614693 -7.5497920108919212
5.3930673886624785 2.2671212419727405 -7.3787683470732182
5.397430711792464 2.2351229243951392 -7.3046920760626586
5.4017940349224496 2.2032381164175256 -7.3252650656965814
5.406157358052436 2.1710926906583907 -7.4181935133716044
5.4105206811824216 2.1384365560204621 -7.5562318801813655
5.4148840043124071 2.105097727439837 -7.7316733044365211
5.4192473274423936 2.0709102441866212 -7.9447469920313507
5.4236106505723791 2.0357101694210962 -8.1967094297520813
5.4279739737023647 1.9993306805294837 -8.4828980522672541
5.4323372968323511 1.9616875646430438 -8.7658924693446121
5.4367006199623367 1.9229061449100278 -8.9991721772569697
5.4410639430923222 1.8832484903318687 -9.1681537049513082
5.4454272662223078 1.8429907761477722 -9.2739731826475644
5.4497905893522942 1.8024097642037629 -9.3165675047089813
5.4541539124822798 1.7617826675655464 -9.2943394065342098
5.4585172356122653 1.7214138069955549 -9.1947929369880494
5.4628805587422518 1.6816783492038401 -9.0021612002883717
5.4672438818722373 1.6429975751013923 -8.7115918561123049
5.4716072050022229 1.6057951997116315 -8.3248818000317968
5.4759705281322093 1.5704895336709035 -7.8417380004794346
5.4803338512621949 1.5374993673838155 -7.2649216066522166
5.4846971743921804 1.507195095199104 -6.6166258659293584
5.4890604975221668 1.479819984202694 -5.92599758398259
5.4934238206521524 1.4555277499562904 -5.2032336508411827
5.497787143782138 1.4344595060312264 -4.4486352836993133
5.5021504669121235 1.416753371788342 -3.6615238815749382
5.5065137900421099 1.4025498271579884 -2.8447482906520833
5.5108771131720955 1.3919294928692392 -2.0271248743161627
5.5152404363020811 1.3848040002048096 -1.247884072723723
5.5196037594320675 1.3809637000432635 -0.5208626101078444
5.523967082562053 1.3801842866428649 0.1550534372500906
5.5283304056920386 1.3822432588172724 0.78040866978324308
5.532693728822025 1.3869193460779943 1.3539976484486702
5.5370570519520106 1.3939643773351036 1.8624482033543281
5.5414203750819961 1.4030499873472286 2.2868215249348451
5.5457836982119817 1.4137876525420381 2.6197457627111831
5.5501470213419681 1.4257791961178132 2.8616482349344672
5.5545103444719537 1.4386264864573528 3.0115855140376739
5.5588736676019392 1.4519263264811739 3.069452303303168
5.5632369907319257 1.4652915684316909 3.0441651627482536
5.5676003138619112 1.4783901872894702 2.9490974529476333
5.5719636369918968 1.4909329837660112 2.789183578245312
5.5763269601218832 1.502636246091932 2.5645303045554866
5.5806902832518688 1.5132174190080421 2.2743442619435466
5.5850536063818543 1.5223910612430829 1.9205030463356179
5.5894169295118408 1.5299199757281656 1.5274756384050849
5.5937802526418263 1.5357172772212706 1.1320255892030224
5.5981435757718119 1.5398182772880169 0.7499928495100987
5.6025068989017974 1.5422832522429026 0.38243489829088151
5.6068702220317839 1.5431783027471799 0.030450891725008148
5.6112335451617694 1.5425758053487528 -0.30309376620714229
5.615596868291755 1.5405852218877749 -0.6009468970573163
5.6199601914217414 1.5374208739721447 -0.83738838427387652
5.624323514551727 1.5333840357686996 -1.0006704311815344
5.6286868376817125 1.528795416570266 -1.0903575569706654
5.633050160811699 1.5239773282586473 -1.1054750142157059
5.6374134839416845 1.5192574454448398 -1.0455682734210263
5.6417768070716701 1.5149529087358258 -0.91698570665821821
5.6461401302016565 1.5113397350087414 -0.73030559668741091
5.6505034533316421 1.5086567405682627 -0.49071826386365147
5.6548667764616276 1.5071326648330996 -0.19938973001381749
5.6592300995916132 1.5069908958016025 0.14292669047582676
5.6635934227215996 1.5084513447036714 0.53434046146176617
5.6679567458515852 1.5117039868831679 0.96019419289047669
5.6723200689815707 1.5168467111830697 1.3971115677982215
5.6766833921115571 1.5238954292817635 1.833577883312649
5.6810467152415427 1.5328456739054634 2.2686533859144804
5.6854100383715283 1.5436899263407895 2.7015022418260179
5.6897733615015147 1.5564158172695064 3.1309744941159776
5.6941366846315002 1.5710037766209728 3.5542199013901876
5.6985000077614858 1.5874168897379537 3.9669132541795173
5.7028633308914722 1.6056032049295559 4.3669416696579413
5.7072266540214578 1.6255072598337772 4.7543294261719309
5.7115899771514433 1.6470740724035875 5.1290087737565804
5.7159533002814289 1.6702477852693633 5.4909548466852121
5.7203166234114153 1.6949771869379591 5.8429272997165151
5.7246799465414009 1.7212294434117001 6.1897420840634902
5.7290432696713864 1.7489886428080648 6.5336459646016554
5.7334065928013729 1.7782412994922618 6.8741388850095291
5.7377699159313584 1.8089710875667422 7.2106896499445936
5.742133239061344 1.8411598205568924 7.5426910377143805
5.7464965621913304 1.8747825425648492 7.8671695792761174
5.750859885321316 1.9097957836304338 8.1792427283356428
5.7552232084513015 1.9461375594437267 8.4759552783175334
5.7595865315812871 1.9837387171898699 8.7563523716607818
5.7639498547112735 2.0225263603718866 9.0197059780202036
5.7683131778412591 2.0624244221020964 9.2651293100450118
5.7726765009712446 2.1033472499743433 9.4881272303655315
5.7770398241012311 2.1451799522950288 9.6808731055602735
5.7814031472312166 2.1877783114363387 9.8389021263750411
5.7857664703612022 2.2309893243422434 9.9616967206223261
5.7901297934911886 2.2746595414133295 10.049444550177997
5.7944931166211742 2.3186373889284138 10.102895277994721
5.7988564397511597 2.3627731792964961 10.121449156840798
5.8032197628811462 2.40691039218162 10.103354470879287
5.8075830860111317 2.4508913632885596 10.050733452869524
5.8119464091411173 2.4945785355236603 9.9698870526084189
5.8163097322711028 2.5378653467803529 9.8686245149435301
5.8206730554010893 2.580680762750386 9.7551456088286788
5.8250363785310748 2.6229814172885804 9.6322923560518152
5.8293997016610604 2.6647191318511774 9.4962113666232906
5.8337630247910468 2.7058293186781071 9.3448832710837255
5.8381263479210324 2.7462472966194085 9.1788925810413122
5.8424896710510179 2.7859051557649686 8.9956364774062525
5.8468529941810043 2.8247149343541933 8.7889351561074101
5.8512163173109899 2.8625570446214645 8.5505795763589632
5.8555796404409755 2.8992732681803939 8.2712808076852351
5.8599429635709619 2.9346641476945377 7.9414893409210334
5.8643062867009474 2.9684900540534414 7.5527182524649179
5.868669609830933 3.0004787236179449 7.0984068194767937
5.8730329329609186 3.0303341398937578 6.5745157475694311
5.877396256090905 3.0577580082138165 5.9858653207099879
5.8817595792208905 3.0824976173569461 5.3469882099866481
5.8861229023508761 3.1043620771924987 4.6687793667260635
5.8904862254808625 3.1231896502550458 3.9556752615316597
5.8948495486108481 3.1388354309122959 3.210651672818027
5.8992128717408336 3.1511639539504648 2.4354324859741876
5.9035761948708201 3.1600855821484677 1.6581461414532017
5.9079395180008056 3.1657210093047801 0.94067695549929675
5.9123028411307912 3.1684386931657573 0.32232212168907942
5.9166661642607767 3.1686799156029766 -0.19557132791943607
5.9210294873907632 3.1668753677850665 -0.61490016584229978
5.9253928105207487 3.1634587040328643 -0.93466865165903568
5.9297561336507343 3.158853289472388 -1.1619999904008087
5.9341194567807207 3.1534294033840196 -1.3129705704968635
5.9384827799107063 3.1474914501415667 -1.397943021553085
5.9428461030406918 3.1413247262273765 -1.4178203046201183
5.9472094261706783 3.1352149454359628 -1.371478641609315
5.9515727493006638 3.1294574038535812 -1.2556349626179857
5.9559360724306494 3.1243060296172609 -1.1063995336206509
5.9602993955606358 3.1197157600074106 -1.0166278377611915
5.9646627186906214 3.1152550916099186 -1.0500556967974215
5.9690260418206069 3.1103690368945998 -1.2094828147467918
5.9733893649505925 3.1045208315908512 -1.4923465876788442
5.9777526880805789 3.0971566978104041 -1.9052660387791502
5.9821160112105645 3.0877786076138531 -2.3976945397409648
5.98647933434055 3.0763120824924211 -2.8356576017880171
5.9908426574705365 3.0632499088905769 -3.1243660186060569
5.995205980600522 3.0492722543966195 -3.2580946675714171
5.9995693037305076 3.0350364280752111 -3.241415824234795
6.003932626860494 3.0212115195171156 -3.0693821790620404
6.0082959499904796 3.0084391722783739 -2.7679815049798737
6.0126592731204651 2.9971418010599411 -2.4078111809903771
6.0170225962504515 2.9874373942017791 -2.0405327237693061
6.0213859193804371 2.9793396873551772 -1.6698897042714631
6.0257492425104227 2.9728735570484237 -1.2932652879825188
6.0301125656404082 2.9680603468404003 -0.91215243005052038
6.0344758887703946 2.9649252145524101 -0.52300274156804305
6.0388392119003802 2.9635211728674618 -0.11674273717714573
6.0432025350303658 2.9639414913993343 0.31361547171002691
6.0475658581603522 2.9662937965020935 0.76859643964821478
6.0519291812903377 2.9706840121512972 1.2478145580993079
6.0562925044203233 2.9772195288222023 1.7521255283379891
6.0606558275503097 2.9860030053627873 2.2762472174434123
6.0650191506802953 2.9970888015494479 2.8039912330747936
6.0693824738102808 3.0104594748215954 3.3228176316220539
6.0737457969402664 3.0260711245409433 3.8315156952101077
6.0781091200702528 3.0438819122597653 4.3306948625024901
6.0824724432002384 3.0638502463698467 4.8207156688598127
6.0868357663302239 3.0859313968174495 5.2975384123300655
6.0911990894602104 3.1100411163811796 5.7476335260598077
6.0955624125901959 3.1360344255055894 6.1602324992691244
6.0999257357201815 3.1637430753100704 6.5341836553899046
6.1042890588501679 3.1930005004293625 6.8700209018682967
6.1086523819801535 3.2236400058173746 7.1678286234184441
6.113015705110139 3.2554936965578487 7.4258212418072986
6.1173790282401255 3.2883752562185187 7.6375660138479562
6.121742351370111 3.322069099007424 7.7977896597461678
6.1261056745000966 3.3563479821335309 7.9058791503268937
6.1304689976300821 3.3909856001409815 7.962189584085996
6.1348323207600686 3.4257549946397563 7.9661091359484582
6.1391956438900541 3.4604310736394552 7.9205643251201083
6.1435589670200397 3.4948182804473018 7.8360511165114435
6.1479222901500261 3.5287697997322054 7.7214781978139593
6.1522856132800117 3.5621587747561656 7.5779494629024535
6.1566489364099972 3.5948571391332877 7.4050314737468863
6.1610122595399837 3.6267366686684892 7.2024138943448888
6.1653755826699692 3.6576702934913969 6.9724566603529263
6.1697389057999548 3.6875566548960408 6.7245017148359931
6.1741022289299412 3.7163383832943073 6.466743733916803
6.1784655520599268 3.7439771581084571 6.2004038944042472
6.1828288751899123 3.7704342841110221 5.9252423575412436
6.1871921983198979 3.7956711980894626 5.6408304781388505
6.1915555214498843 3.81965021631766 5.3498181328101158
6.1959188445798699 3.8423639493084689 5.0634679350599781
6.2002821677098554 3.8638583062629843 4.7915538173736287
6.2046454908398418 3.8842001769782826 4.5347881101895613
6.2090088139698274 3.9034506949260406 4.2910149966837272
6.213372137099813 3.9216660336709324 4.0607774750467573
6.2177354602297994 3.9388937048169161 3.8346936629795927
6.2220987833597849 3.9550842676168116 3.5771330395902985
6.2264621064897705 3.9700167890078593 3.2554306135170439
6.2308254296197561 3.9833919825010602 2.8640955926679812
6.2351887527497425 3.9949145245211595 2.4066089879515866
6.239552075879728 4.0042930088242379 1.8799556052439323
6.2439153990097136 4.0112485798473099 1.3040377813325965
6.2482787221397 4.0157213428729852 0.76143696373214009
6.2526420452696856 4.0180583244542962 0.33224987024595859
6.2570053683996711 4.0188081922800691 0.031924871504590925
6.2613686915296576 4.0185315282688769 -0.13459837916464623
6.2657320146596431 4.0178030838794188 -0.18459298657095066
6.2700953377896287 4.0172063660071382 -0.038144131763286737
6.2744586609196151 4.0171535665888749 -0.10940568000317744
6.2788219840496007 4.0174501000306853 0.64334602225182669
6.2831853071795862 4.0213157306307972 0.39771478991514153
