# q  U_kJmol  dU_dq   # conservative spline pchip_hermite_v1
0 0.59370344838841327 4.5654213539217618
0.0043633231299858239 0.5942883280446426 -0.7967966316311883
0.0087266462599716477 0.59785319312514118 1.4749194862566255
0.013089969389957472 0.60370363810621541 1.3706090386268632
0.017453292519943295 0.61003709597320377 1.4196788935328404
0.021816615649929118 0.61572822888283285 1.2181750097071689
0.026179938779914945 0.62075698505242727 1.0780738806931465
0.030543261909900768 0.62510440788380206 0.91611528409693532
0.034906585039886591 0.62875267911280075 0.75489927016576475
0.039269908169872414 0.63168519591690842 0.58890419724631549
0.043633231299858237 0.63388913554338511 0.42105124235275604
0.04799655442984406 0.6353582833083069 0.25231969706086732
0.05235987755982989 0.63609091545306584 0.083502324300593914
0.056723200689815713 0.63608739064009723 -0.085031719179681872
0.061086523819801536 0.63535008205873478 -0.2527349693921187
0.065449846949787352 0.63388335748011349 -0.41940997893925247
0.069813170079773182 0.63169020163551615 -0.58597353612664405
0.074176493209759012 0.62876828733366041 -0.75355905221566488
0.078539816339744828 0.62511230802357998 -0.92241675961078806
0.082903139469730658 0.62071677894985355 -1.0925832986171631
0.087266462599716474 0.61557562108270991 -1.2641929929131568
0.091629785729702304 0.60968136214690205 -1.438038425452687
0.09599310885968812 0.60301892819804326 -1.6169993884763014
0.10035643198967395 0.59555818324943322 -1.804346550240405
0.10471975511965978 0.58725868726652952 -2.0015578843828572
0.1090830782496456 0.57807592986702261 -2.2093339345134
0.11344640137963143 0.5679615488793146 -2.4288414127711828
0.11780972450961724 0.55686266504794046 -2.6604669403229559
0.12217304763960307 0.54473124683501095 -2.901269993369727
0.1265363707695889 0.53153625413541195 -3.1476105522215856
0.1308996938995747 0.51725581603540116 -3.399002499200694
0.13526301702956053 0.50186654973595501 -3.6557655488510252
0.13962634015954636 0.48534441494149577 -3.9185985177544187
0.14398966328953219 0.46766413366319087 -4.1856894615688329
0.14835298641951802 0.44882999739512275 -4.4441078373975706
0.15271630954950383 0.42891710442446918 -4.6783741174259665
0.15707963267948966 0.40804606390685227 -4.883362822740521
0.16144295580947549 0.38634560872303397 -5.0581789666306634
0.16580627893946132 0.36395096472992122 -5.2014782713240546
0.17016960206944712 0.34100406796791177 -5.3104550107401929
0.17453292519943295 0.31767312382936286 -5.3750013086739701
0.17889624832941878 0.29418017812771502 -5.3832749733091028
0.18325957145940461 0.27078411591629126 -5.3304059057838487
0.18762289458939044 0.24775403890660885 -5.2153634410294085
0.19198621771937624 0.22536511740111562 -5.0359434256647706
0.19634954084936207 0.20390061135746451 -4.7922586452960179
0.2007128639793479 0.18362151267317733 -4.4958104640296694
0.20507618710933373 0.16472205145092561 -4.1616930591269465
0.20943951023931956 0.14735196699124573 -3.7945200086419546
0.21380283336930536 0.13165625422090946 -3.3945944364887919
0.21816615649929119 0.11777647466643119 -2.9617128922041003
0.22252947962927702 0.10585305943591451 -2.4995239043050148
0.22689280275926285 0.095969876953972522 -2.0333036641380291
0.23125612588924865 0.088067802047995261 -1.5955036697225631
0.23561944901923448 0.08198770752844918 -1.1981132152038951
0.23998277214922031 0.077551939784704468 -0.84221777699127065
0.24434609527920614 0.074574524089756566 -0.52994516235140054
0.24870941840919197 0.072859854974078597 -0.26404145479875296
0.2530727415391778 0.072192541157068607 -0.051619845436159571
0.25743606466916363 0.072319202433979365 0.098795531774829984
0.26179938779914941 0.072958741339563773 0.1832381589663632
0.26616271092913524 0.073821675595480946 0.20127628418834015
0.27052603405912107 0.07461598707809515 0.15109494148694283
0.2748893571891069 0.075042686336359687 0.033849096173811655
0.27925268031909273 0.074843979324672974 -0.12973540429480609
0.28361600344907856 0.073885157195614171 -0.31076589213205946
0.28797932657906439 0.072122215572855752 -0.49854793690678439
0.29234264970905022 0.069525026133065923 -0.69284765633566769
0.29670597283903605 0.066066850472957142 -0.89342380137059274
0.30106929596902182 0.061723101748392878 -1.0976652100456006
0.30543261909900765 0.056511074048210083 -1.2859832677504439
0.30979594222899348 0.050563608685879211 -1.4311039668032715
0.31415926535897931 0.044101217433697104 -1.5219897655256804
0.31852258848896514 0.037360738561107401 -1.5585617983994404
0.32288591161895097 0.030581091467715361 -1.539516916908414
0.3272492347489368 0.024007686692375216 -1.464252722338464
0.33161255787892263 0.017875608710301878 -1.3391186578501026
0.33597588100890846 0.012379955493851322 -1.1739117221172757
0.34033920413889424 0.0076843587346906231 -0.97222179246476148
0.34470252726888007 0.0039487799708919913 -0.73405039361860591
0.3490658503988659 0.0013328744480961031 -0.45853555224712761
0.35342917352885173 0 -0.14678851608771806
0.35779249665883756 7.644701325948064e-05 0.18183374523096035
0.36215581978882339 0.0015687642473627798 0.49805638026272764
0.36651914291880922 0.0043872784720267108 0.78985011907316005
0.37088246604879505 0.0084267711672642888 1.0577613720270618
0.37524578917878088 0.013583805480168177 1.3021705977535447
0.37960911230876665 0.019755432008724021 1.5225696819680024
0.38397243543875248 0.02682515061555538 1.7116289703797316
0.38833575856873831 0.034629871908710294 1.8578259831955504
0.39269908169872414 0.042968426231001125 1.9563658202160243
0.39706240482870997 0.051634163756892559 2.0080006140549869
0.4014257279586958 0.060423474416268275 2.0128388301235431
0.40578905108868163 0.069131962968296365 1.9712446124201624
0.41015237421866746 0.077568050534928976 1.889924957876274
0.41451569734865329 0.085582310372117956 1.7794812892303438
0.41887902047863912 0.093061342264417604 1.6445526075780439
0.42324234360862489 0.099897908847462316 1.4849887665513015
0.42760566673861072 0.10598359109616597 1.3001761647412751
0.43196898986859655 0.11120723187907593 1.0900243208222733
0.43633231299858238 0.11546967945158397 0.86188047421339509
0.44069563612856821 0.11872071337861044 0.62834313479957082
0.44505895925855404 0.12095310969189486 0.39487590687896823
0.44942228238853987 0.12216570576452683 0.1607555276971081
0.4537856055185257 0.12235377213670386 -0.074873458347031754
0.45814892864851153 0.12150973831778776 -0.31227168866243621
0.46251225177849731 0.11963282809338659 -0.54682310668333034
0.46687557490848314 0.11675430608854366 -0.77003024255835839
0.47123889803846897 0.11293557917016213 -0.977745094874788
0.4756022211684548 0.10824468062825289 -1.1697768672832609
0.47996554429844063 0.10275037038861935 -1.3459811556959758
0.48432886742842646 0.096522804161529308 -1.5056671041366185
0.48869219055841229 0.089642794190502112 -1.6434559773365531
0.49305551368839812 0.082226231247325574 -1.7501084603362189
0.49741883681838395 0.074422899025276101 -1.8205392725067615
0.50178215994836972 0.066392907901335382 -1.853925690331105
0.50614548307835561 0.058299195177902913 -1.8496001330487803
0.51050880620834138 0.050308124581564959 -1.8067561607370053
0.51487212933832727 0.042591237976286861 -1.7233710530999102
0.51923545246831304 0.035332377743815119 -1.5963246931767896
0.52359877559829882 0.028726542872411439 -1.4239923384461375
0.5279620987282847 0.022971239902162027 -1.2065982927127437
0.53232542185827048 0.018262270703320319 -0.94431806228440873
0.53668874498825636 0.014795233545779444 -0.63753734806390117
0.54105206811824214 0.012754320462167516 -0.29252017649339968
0.54541539124822802 0.012281234760777322 0.079119813057822591
0.5497787143782138 0.013473749768812392 0.47068407940742263
0.55414203750819968 0.01641601463095271 0.88100909863286436
0.55850536063818546 0.02118846147974893 1.3095245804229014
0.56286868376817123 0.027868953517236814 1.7553533141397069
0.56723200689815712 0.036517922109540052 2.2088229186060917
0.57159533002814289 0.047128737906763862 2.6514073296580891
0.57595865315812877 0.05962461220616147 3.0725376153992343
0.58032197628811455 0.073909398066016874 3.4714678051371535
0.58468529941810043 0.08988662016400091 3.8482151909582392
0.58904862254808621 0.10745855431299763 4.2023721411533659
0.59341194567807209 0.12651763402975541 4.5279261699434148
0.59777526880805787 0.1469126329968094 4.8125494969867173
0.60213859193804364 0.16844502128308889 5.0490238696293961
0.60650191506802953 0.19090326682401709 5.2370869013488379
0.6108652381980153 0.21407681291633862 5.3767373914423091
0.61522856132800119 0.23775301913299862 5.4674804753369726
0.61959188445798696 0.26172057947206084 5.5107816322028729
0.62395520758797285 0.28577959705803968 5.5100356305837197
0.62831853071795862 0.30974338078432745 5.4671218725204591
0.63268185384794451 0.33342786133661817 5.3820102107725285
0.63704517697793028 0.35664822685116132 5.2542339044739306
0.64140850010791606 0.37921681627727394 5.0832205683033944
0.64577182323790194 0.40095791557656935 4.8779816883639127
0.65013514636788772 0.42176543087384161 4.6591251643855909
0.6544984694978736 0.44161552901567991 4.4396335157186284
0.65886179262785938 0.46050920348391877 4.2205966084035982
0.66322511575784526 0.47844796462232647 4.0020973640456408
0.66758843888783104 0.49543587857427912 3.7848268366420053
0.67195176201781692 0.51149314995994088 3.5787911262610708
0.6763150851478027 0.52671569422695619 3.4064257084614313
0.68067840827778847 0.54129069061421153 3.2827858722038088
0.68504173140777436 0.55543755142129647 3.210125166881209
0.68940505453776013 0.56938020775475917 3.1896428288364929
0.69376837766774602 0.58335136968654211 3.2234312380979646
0.69813170079773179 0.59759262303210225 3.3140601219176014
0.70249502392771768 0.61236026651900344 3.4653765561970724
0.70685834705770345 0.62792637576647181 3.6803857549676402
0.71122167018768934 0.64457225706700993 3.9604137213251898
0.71558499331767511 0.66258369735796196 4.3065784367716695
0.71994831644766089 0.68225261046581931 4.7203751753468719
0.72431163957764677 0.70386441502052066 5.1944516298699739
0.72867496270763255 0.72764135136786912 5.708817798376419
0.73303828583761843 0.75372133116453688 6.2493676717017221
0.73740160896760421 0.78221272961664468 6.8142273852189952
0.74176493209759009 0.81322107372411345 7.4027323567661192
0.74612825522757587 0.84684671505848341 8.013898134844867
0.75049157835756175 0.88316903559377913 8.6343511119405569
0.75485490148754752 0.92216111956010693 9.2310675912022635
0.7592182246175333 0.96365545617642689 9.7797650132581779
0.76358154774751918 1.0074294076771781 10.276028780729199
0.76794487087750496 1.0532517970317727 10.718026153747353
0.77230819400749084 1.1008793454228285 11.103310947313899
0.77667151713747662 1.1500494752504415 11.42191120013864
0.7810348402674625 1.2004229562796789 11.650189607213429
0.78539816339744828 1.2515598408805613 11.770716700236081
0.78976148652743416 1.3029815022642035 11.7810056467818
0.79412480965741994 1.354208270691694 11.681122334509848
0.79848813278740571 1.4047570119004342 11.470190934568331
0.8028514559173916 1.4541494292382533 11.15259293960472
0.80721477904737737 1.5019442673186791 10.74047200211719
0.81157810217736326 1.5477548626304312 10.243874326303288
0.81594142530734903 1.5912206634376309 9.6659591857182594
0.82030474843733492 1.6319915537380789 9.0091714982085271
0.82466807156732069 1.6697279268362442 8.2749730677965978
0.82903139469730658 1.7041153220691305 7.4795865659877991
0.83339471782729235 1.7349746791274547 6.6670430669149034
0.83775804095727824 1.762321950694405 5.8721710853156868
0.84212136408726401 1.786253539324405 5.1010198021418924
0.84648468721724979 1.8068727420237745 4.3546175118077937
0.85084801034723567 1.8242923936882047 3.6340999013291548
0.85521133347722145 1.8386412373315513 2.951391314276762
0.85957465660720733 1.8501554471479043 2.3424605443078637
0.86393797973719311 1.8592317202526336 1.8357397426623878
0.86830130286717899 1.8663282189032051 1.4341592603280693
0.87266462599716477 1.8718970397524215 1.1356554582963709
0.87702794912715065 1.8763880080140114 0.93982041257681614
0.88139127225713643 1.8802453102548196 0.84491088364796596
0.8857545953871222 1.8839048027468339 0.84870341671414873
0.89011791851710809 1.88779184269772 0.94888895673641593
0.89448124164709386 1.8923229718297714 1.1436474724981642
0.89884456477707975 1.8979068532848453 1.4310901497399811
0.90320788790706552 1.9049461863804473 1.811074940244253
0.90757121103705141 1.9138320850431019 2.2739928994726153
0.91193453416703718 1.9248656516587626 2.7885689491234729
0.91629785729702307 1.9382033568218382 3.3281834754880286
0.92066118042700884 1.9539400691488227 3.8887941167058804
0.92502450355699462 1.9721708509781448 4.4709687271885894
0.9293878266869805 1.9929893989579497 5.075672465068183
0.93375114981696627 2.0164840670694133 5.6938645167093584
0.93811447294695216 2.0426460138916873 6.2902429954078469
0.94247779607693793 2.0713001178250945 6.8339037961644973
0.94684111920692382 2.1022001861383051 7.3205744854501233
0.95120444233690959 2.1351035365950808 7.7517976303468901
0.95556776546689548 2.1697673377814137 8.1279864676088653
0.95993108859688125 2.2059469076779896 8.444570533575396
0.96429441172686703 2.2433450840892157 8.6820633523460806
0.96865773485685291 2.2815713227590657 8.8226938045340368
0.97302105798683869 2.3201919183840722 8.8631527179553462
0.97738438111682457 2.3587715986636186 8.8036951625611337
0.98174770424681035 2.3968705943532989 8.6424407720547478
0.98611102737679623 2.4340452964015391 8.3809240139353633
0.99047435050678201 2.4698767455019235 8.0291952439280241
0.99483767363676789 2.5039954764714323 7.5964961405725608
0.99920099676675367 2.5360511157112988 7.0829656929830707
1.0035643198967394 2.5656860551686074 6.4869586283091998
1.0079276430267252 2.5925357365967123 5.8051644033489342
1.0122909661567112 2.61623041329397 5.0441245436672153
1.016654289286697 2.6364915198102614 4.2401077819219415
1.0210176124166828 2.6532207330940989 3.4281148172843761
1.0253809355466685 2.6664036651613041 2.6135091665001404
1.0297442586766545 2.6760209556533949 1.7941268119944971
1.0341075818066403 2.6820509042138276 0.96823269042418347
1.0384709049366261 2.6844706920153669 0.1425532047794949
1.0428342280666119 2.6833466239498085 -0.64757424190004975
1.0471975511965976 2.6789225017223721 -1.3669108898679856
1.0515608743265836 2.6715318064266662 -2.0080523561469654
1.0559241974565694 2.6615115340814968 -2.5717792422761074
1.0602875205865552 2.64920376239077 -3.0564629312179732
1.064650843716541 2.6349565146707614 -3.4602554783295707
1.0690141668465269 2.6191313957509741 -3.778751416627272
1.0733774899765127 2.6021113160298217 -4.0074339678971258
1.0777408131064985 2.5842943869727559 -4.1436755980097075
1.0821041362364843 2.566087542343551 -4.1859859723572681
1.08646745936647 2.5479064676272474 -4.1308709576824789
1.090830782496456 2.5301773089585304 -3.9805879684100507
1.0951941056264418 2.5132741198510091 -3.7582255151697659
1.0995574287564276 2.4974499958514413 -3.4881529609837711
1.1039207518864134 2.4828987115323415 -3.1737550126500809
1.1082840750163994 2.4698230619848611 -2.8117075257207125
1.1126473981463851 2.4584359512236169 -2.3987699356276111
1.1170107212763709 2.4489617995199464 -1.9363602664205253
1.1213740444063567 2.4415793463482243 -1.4455367940461656
1.1257373675363425 2.4363548196207856 -0.94941344493306079
1.1301006906663285 2.4332959985806299 -0.45201983408876295
1.1344640137963142 2.4324160816684555 0.049416045970004312
1.1388273369263 2.4337349702482736 0.5561703367903339
1.1431906600562858 2.4372780024621679 1.0687131085480832
1.1475539831862718 2.4430645678530363 1.5835360367163709
1.1519173063162575 2.4510941280781009 2.0964109887729303
1.1562806294462433 2.4613550117128327 2.6064028712397009
1.1606439525762291 2.4738355173524971 3.1138050345121822
1.1650072757062149 2.4885230463546444 3.6177416624041059
1.1693705988362009 2.5054007565787444 4.1178881596882029
1.1737339219661866 2.5244585853561126 4.6181623305854806
1.1780972450961724 2.5457076437222907 5.1224367415940826
1.1824605682261582 2.5691630967701329 5.6286486536518989
1.1868238913561442 2.5948223673824149 6.1317651759150849
1.19118721448613 2.6226603793859993 6.6263127543800859
1.1955505376161157 2.6526272396764465 7.1066864194536343
1.1999138607461015 2.6846513073167477 7.5687640301843349
1.2042771838760873 2.7186459012401092 8.009345580214557
1.2086405070060733 2.7545098104425105 8.4250223554488493
1.2130038301360591 2.7921281406942571 8.8132312766978913
1.2173671532660448 2.8313787174570924 9.17321991038947
1.2217304763960306 2.8721394821689499 9.5056352379041034
1.2260937995260166 2.9142925420901062 9.811585715107725
1.2304571226560024 2.9577257753671908 10.092822514805365
1.2348204457859882 3.0023376723505981 10.352496672940564
1.2391837689159739 3.0480415360139954 10.593733696340665
1.2435470920459597 3.0947639681469696 10.820208523615461
1.2479104151759457 3.142445418813669 11.032760858024112
1.2522737383059315 3.1910044764961381 11.21884740349812
1.2566370614359172 3.2402854469264297 11.361697667614333
1.261000384565903 3.2900833560924716 11.45598160310241
1.265363707695889 3.3401891030871296 11.503070191186001
1.2697270308258748 3.3903955340756471 11.501310818565733
1.2740903539558606 3.4404891820691677 11.452941060547003
1.2784536770858463 3.4903130213035229 11.38512875176216
1.2828170002158321 3.539865710767149 11.332812057065546
1.2871803233458181 3.5892510372683004 11.308391998131196
1.2915436464758039 3.6385848884693948 11.307926822496738
1.2959069696057897 3.6879749605686931 11.337470416911627
1.3002702927357754 3.7375531312060892 11.387742885523801
1.3046336158657614 3.7872137698662542 11.343137280838823
1.3089969389957472 3.8361789126659018 11.049800337042315
1.313360262125733 3.8832002294409631 10.453089659399559
1.3177235852557188 3.9269747001797035 9.5644260906496061
1.3220869083857045 3.9662243600865001 8.3723933827870418
1.3264502315156905 3.9996193774938216 6.8928013484663193
1.3308135546456763 4.0262876125945048 5.3528516937936539
1.3351768777756621 4.0466991050458301 4.0654281486298274
1.3395402009056478 4.0622975782744071 3.1440643581193859
1.3439035240356338 4.0746457117044077 2.5729857778768555
1.3482668471656196 4.0852697088176795 2.3584660490098885
1.3526301702956054 4.0957348633899588 2.4929826472031946
1.3569934934255912 4.1073269197727065 2.8350245088107524
1.3613568165555769 4.1204848375067877 3.1837480369818567
1.3657201396855629 4.1350106160576816 3.4638908446743808
1.3700834628155487 4.1506234883389377 3.682498499128017
1.3744467859455345 4.1670605226187094 3.8420077156402708
1.3788101090755203 4.184061649731218 3.9398569077705945
1.3831734322055063 4.2013057615281451 3.9438565484112416
1.387536755335492 4.2182721435566854 3.8061198336758886
1.3919000784654778 4.2342856397163837 3.5069580653850845
1.3962634015954636 4.2486470060080492 3.0502649658265191
1.4006267247254494 4.2606685019933233 2.4315019906315802
1.4049900478554354 4.2696358587277983 1.6545992036066199
1.4093533709854211 4.275024871140948 0.82081353043040428
1.4137166941154069 4.2769396691260475 0.083876796873172024
1.4180800172453927 4.2759903231956811 -0.49252478122181576
1.4224433403753787 4.2728659323696219 -0.91467274787184938
1.4268066635053644 4.2682345352215361 -1.181271239892675
1.4311699866353502 4.2627825409460147 -1.293071553570732
1.435533309765336 4.2570965715005658 -1.3043423088015818
1.4398966328953218 4.2514233789599487 -1.2995436985073245
1.4442599560253078 4.2457261024242232 -1.3152415670703224
1.4486232791552935 4.2399204728621323 -1.3483056916934604
1.4529866022852793 4.2339342128100812 -1.3990417546497629
1.4573499254152651 4.2276857679713977 -1.4674907356334477
1.4617132485452511 4.2211391485693532 -1.5282334579259953
1.4660765716752369 4.2144197901046834 -1.5405899471827957
1.4704398948052226 4.2077924497393511 -1.485920914038741
1.4748032179352084 4.201547329220344 -1.3661785641009514
1.4791665410651942 4.1959666661820787 -1.180174676760493
1.4835298641951802 4.1913444971811513 -0.92807330797616383
1.487893187325166 4.1879076892736506 -0.64847645989053049
1.4922565104551517 4.1856313804838434 -0.40607054791930608
1.4966198335851375 4.1842657799858216 -0.23123372717746343
1.5009831567151235 4.1835181611059706 -0.12193716181930153
1.5053464798451093 4.1831061875664419 -0.078294644575152672
1.509709802975095 4.1827387167075765 -0.10079075259728669
1.5140731261050808 4.1821650702764295 -0.16560692996974236
1.5184364492350666 4.1812916927989043 -0.2316818813809978
1.5227997723650526 4.1801705339256614 -0.27900772431946491
1.5271630954950384 4.1788827772499246 -0.30853555126084647
1.5315264186250241 4.1775033750027717 -0.32065346550403873
1.5358897417550099 4.1761104770701518 -0.31494378485511892
1.5402530648849959 4.1747717850788746 -0.29767428307264981
1.5446163880149817 4.1735136251661071 -0.27982293232152095
1.5489797111449675 4.1723225888237989 -0.26697729102227535
1.5533430342749532 4.171176839092178 -0.25892365952244384
1.557706357404939 4.1700562760468856 -0.25552995697247721
1.562069680534925 4.1689399501884363 -0.25692803367611555
1.5664330036649108 4.1678095454763096 -0.26149606108733264
1.5707963267948966 4.1666576259268524 -0.26629829400342225
1.5751596499248823 4.1654875713148325 -0.26978259799176119
1.5795229730548683 4.1643051834413827 -0.27199162560568196
1.5838862961848541 4.1631157896142046 -0.27296787605356765
1.5882496193148399 4.1619249416173476 -0.2726705990328272
1.5926129424448257 4.1607375538378069 -0.27150419991044406
1.5969762655748114 4.1595557837519639 -0.27022556156593952
1.6013395887047974 4.1583789507378821 -0.26924959189170627
1.6057029118347832 4.1572057067660406 -0.26856998475795507
1.610066234964769 4.1560348254317878 -0.26817230934467318
1.6144295580947547 4.1548650373416578 -0.26806652889278959
1.6187928812247407 4.1536951516021583 -0.26820280558392734
1.6231562043547265 4.1525243096106976 -0.2684880884504936
1.6275195274847123 4.1513520093105036 -0.26887080993920587
1.6318828506146981 4.150177831853874 -0.26934793804051682
1.6362461737446838 4.1490013566700412 -0.26992714269609608
1.6406094968746698 4.147822113722758 -0.27061597079979777
1.6449728200046556 4.1466398936846005 -0.27123132461008259
1.6493361431346414 4.1454558384770905 -0.27138974767621987
1.6536994662646272 4.1442725714326194 -0.27086057011613301
1.6580627893946132 4.1430931180902322 -0.26965484789724148
1.6624261125245989 4.1419203887132801 -0.26776174783587292
1.6667894356545847 4.1407575242224475 -0.26513421612767807
1.6711527587845705 4.1396066359538057 -0.2625206031089492
1.6755160819145565 4.1384642178673658 -0.26154467475699072
1.6798794050445423 4.1373203826954921 -0.26321264905593456
1.684242728174528 4.1361634472224464 -0.26749809999698099
1.6886060513045138 4.1349821828129825 -0.27442277006558424
1.6929693744344996 4.1337645269816887 -0.28418688194779562
1.6973326975644856 4.1325019776674807 -0.29409314810976406
1.7016960206944713 4.1312067417491001 -0.29804411035173123
1.7060593438244571 4.1299153850642671 -0.292140484290076
1.7104226669544429 4.1286716094374452 -0.2764225360688361
1.7147859900844289 4.1275174583719734 -0.2508623200369437
1.7191493132144147 4.126497932206119 -0.21463856032738127
1.7235126363444004 4.1256459044076346 -0.17736915810463902
1.7278759594743862 4.1249186055997109 -0.16174979549293758
1.732239282604372 4.1241811359300922 -0.1827322806474134
1.736602605734358 4.1232706117334663 -0.24039820030853418
1.7409659288643438 4.1220301046370977 -0.33461509438822884
1.7453292519943295 4.120292830005412 -0.46851332608278423
1.7496925751243153 4.1179312046431313 -0.60952764488634459
1.7540558982543013 4.1150803806020599 -0.67719231522247536
1.7584192213842871 4.1122071577734154 -0.61726782266122782
1.7627825445142729 4.1098818480931065 -0.42798406322767851
1.7671458676442586 4.1086577856269555 -0.1111644513893881
1.7715091907742444 4.1091071543655948 0.34000169676507874
1.7758725139042304 4.1117352023915901 0.86703357332538267
1.7802358370342162 4.1165648726442452 1.3194133959042038
1.7845991601642019 4.1229884686726761 1.5924888067751957
1.7889624832941877 4.1301940385935207 1.6813556231179321
1.7933258064241737 4.1373994427509988 1.5903446210768044
1.7976891295541595 4.1437937131823297 1.3077133728554937
1.8020524526841453 4.1486615445894435 0.92205273297416768
1.806415775814131 4.1520367979867352 0.67160332877818074
1.8107790989441168 4.1549677057797547 0.72733100552151586
1.8151424220741028 4.1588438404687906 1.099250311392062
1.8195057452040886 4.1650087918234115 1.7794099732611919
1.8238690683340744 4.1748495240801082 2.7878072253657966
1.8282323914640601 4.189612767339165 3.9858086008264344
1.8325957145940461 4.2093391366902742 4.9822692465722929
1.8369590377240319 4.2323778843471738 5.4882429921885061
1.8413223608540177 4.2564889855223171 5.4826068977448124
1.8456856839840035 4.2795000994447925 4.9801779736470193
1.8500490071139892 4.2991920958397349 3.957177126902661
1.8544123302439752 4.3134760520855453 2.5512578137601354
1.858775653373961 4.3214881156795304 1.1674056591791881
1.8631389765039468 4.3241443187080675 0.11407937581287171
1.8675022996339325 4.3230029578450511 -0.58219440987715443
1.8718656227639185 4.319559233778743 -0.93777391821617018
1.8762289458939043 4.3153378881514932 -0.93682363463210694
1.8805922690238901 4.311802852291315 -0.64782662553177661
1.8849555921538759 4.3098015618885173 -0.27836740975231744
1.8893189152838616 4.3092530124717543 0.0081555433982998509
1.8936822384138476 4.3097290092075324 0.19586168720561872
1.8980455615438334 4.310831238153872 0.29350575623324832
1.9024088846738192 4.3121507717024263 0.2951965271473217
1.906772207803805 4.3132938105842138 0.21884821922376396
1.911135530933791 4.3140270523768107 0.11944616184783896
1.9154988540637767 4.3143678460908346 0.041819552303647069
1.9198621771937625 4.3144306869617868 -0.0092056728467146357
1.9242255003237483 4.3143226442015985 -0.036075390667723389
1.9285888234537341 4.3141532965346601 -0.037212373502695371
1.9329521465837201 4.3140287429146156 -0.017146755372509433
1.9373154697137058 4.3140132510740754 0.0095112290151368652
1.9416787928436916 4.3141034823124063 0.030488863993026527
1.9460421159736774 4.314268925482093 0.044322089119694125
1.9504054391036634 4.3144808596230098 0.051688305707129255
1.9547687622336491 4.3147099679325489 0.052163140018590702
1.9591320853636349 4.3149277034447779 0.046886315284266275
1.9634954084936207 4.3151164018900303 0.039735003818160371
1.9678587316236065 4.3152766099597324 0.034064118461192602
1.9722220547535925 4.3154164595557765 0.030312976630682165
1.9765853778835782 4.3155436601345212 0.028294150219616027
1.980948701013564 4.3156660568854273 0.028120905291569912
1.9853120241435498 4.3157913296707653 0.029507258303105181
1.9896753472735358 4.3159243291684914 0.0314250029134392
1.9940386704035216 4.3160650048122049 0.03295789678876241
1.9984019935335073 4.3162111908885619 0.033975000298292833
2.0027653166634933 4.3163608175748305 0.034527975912675347
2.0071286397934789 4.3165117855484292 0.034586760305819905
2.0114919629234649 4.3166620292408844 0.034222869323958099
2.0158552860534504 4.316810217958035 0.033708772882337479
2.0202186091834364 4.3169563388925827 0.033294450094027934
2.0245819323134224 4.3171009683788295 0.033018690779685257
2.028945255443408 4.3172446622254652 0.03286730809900977
2.033308578573394 4.317387982188353 0.0328482361962633
2.0376719017033795 4.3175314836859231 0.032943657012123304
2.0420352248333655 4.3176755314187618 0.033081423411194022
2.0463985479633515 4.3178201360574899 0.033193400989751813
2.0507618710933371 4.3179651443543605 0.033268159456199473
2.0551251942233231 4.3181104070291916 0.033309580309439847
2.0594885173533091 4.3182557737639504 0.033315582168598569
2.0638518404832946 4.3184010952455818 0.033290586456312339
2.0682151636132806 4.3185462716146841 0.033253681662069073
2.0725784867432662 4.3186912980247261 0.033223420270616907
2.0769418098732522 4.3188362151893589 0.033203154765108135
2.0813051330032382 4.3189810632105265 0.033191827023244684
2.0856684561332237 4.3191258823109973 0.033189979544883105
2.0900317792632097 4.3192707126212389 0.033196520064419435
2.0943951023931953 4.3194155814591086 0.033206402381256245
2.0987584255231813 4.3195604906686063 0.033214579726890951
2.1031217486531673 4.3197054294430819 0.033220072895682316
2.1074850717831528 4.3198503870075422 0.03322316929826738
2.1118483949131388 4.3199953525990162 0.033223728529065855
2.1162117180431244 4.3201403154341982 0.033222019084544321
2.1205750411731104 4.3202852680465318 0.033219373832212448
2.1249383643030963 4.3204302097923328 0.033217164295828265
2.1293016874330819 4.320575143537261 0.033215675421298788
2.1336650105630679 4.3207200721770453 0.033214829422471975
2.1380283336930539 4.3208649985916798 0.033214662353595679
2.1423916568230394 4.3210099256780685 0.03321510859177268
2.1467549799530254 4.321154855475263 0.033215816384891128
2.151118303083011 4.3212997881967086 0.033216413353948891
2.155481626212997 4.3214447230832649 0.033216816872032408
2.159844949342983 4.3215896593565768 0.033217047914049946
2.1642082724729685 4.321734596246003 0.033217097299792012
2.1685715956029545 4.3218795329734609 0.033216980962632377
2.1729349187329401 4.3220244689825522 0.033216791651825853
2.1772982418629261 4.3221694042048773 0.033216630379053334
2.1816615649929121 4.3223143388413305 0.033216521024567146
2.1860248881228976 4.3224592731011624 0.033216457953719081
2.1903882112528836 4.3226042071905857 0.033216443481490228
2.1947515343828692 4.3227491413185417 0.033216473770102638
2.1991148575128552 4.3228940756367438 0.033216524384579921
2.2034781806428412 4.3230390101665765 0.03321656794815097
2.2078415037728267 4.3231839448549367 0.033216597581380396
2.2122048269028127 4.3233288796455609 0.033216614791842319
2.2165681500327987 4.3234738144832709 0.033216619002158873
2.2209314731627843 4.3236187493119687 0.033216611127881691
2.2252947962927703 4.3237636840903173 0.033216597600778414
2.2296581194227558 4.3239086188117515 0.033216585834496958
2.2340214425527418 4.3240535534902937 0.033216577804910261
2.2383847656827278 4.3241984881410724 0.033216573110397704
2.2427480888127134 4.3243434227788544 0.033216571893337807
2.2471114119426994 4.324488357418697 0.033216573936953361
2.2514747350726849 4.3246332920718542 0.033216577550798813
2.2558380582026709 4.3247782267403156 0.033216580728697362
2.2602013813326569 4.3249231614203811 0.033216582903999793
2.2645647044626425 4.3250680961079819 0.033216584184154054
2.2689280275926285 4.3252130307991683 0.033216584534389811
2.2732913507226145 4.3253579654898981 0.03321658400466046
2.2776546738526 4.3255029001771081 0.033216583039398347
2.282017996982586 4.3256478348602041 0.033216582181497575
2.2863813201125716 4.3257927695401621 0.033216581592270825
2.2907446432425576 4.3259377042180747 0.033216581243228932
2.2951079663725436 4.3260826388949996 0.033216581143186992
2.2994712895025291 4.3262275735720213 0.0332165812799083
2.3038346126325151 4.3263725082499702 0.033216581537163475
2.3081979357625007 4.326517442929025 0.033216581769237079
2.3125612588924866 4.3266623776089306 0.033216581928985821
2.3169245820224726 4.3268073122893904 0.033216582023981464
2.3212879051524582 4.3269522469701229 0.033216582052790808
2.3256512282824442 4.3270971816508368 0.03321658201720841
2.3300145514124297 4.3272421163313037 0.033216581948139388
2.3343778745424157 4.3273870510114731 0.033216581885659291
2.3387411976724017 4.3275319856914134 0.033216581842513346
2.3431045208023873 4.3276769203712036 0.033216581816832763
2.3474678439323733 4.32782185505092 0.033216581808813053
2.3518311670623593 4.3279667897306391 0.033216581817709034
2.3561944901923448 4.3281117244104221 0.033216581835954946
2.3605578133223308 4.3282566590902851 0.033216581853003309
2.3649211364523164 4.3284015937702112 0.033216581864881259
2.3692844595823024 4.3285465284501781 0.033216581871769055
2.3736477827122884 4.3286914631301645 0.033216581873855115
2.3780111058422739 4.3288363978101501 0.033216581871457193
2.3823744289722599 4.3289813324901187 0.033216581866749521
2.3867377521022455 4.329126267170067 0.033216581862330126
2.3911010752322315 4.3292712018499984 0.033216581859067382
2.3954643983622175 4.3294161365299182 0.033216581856986276
2.399827721492203 4.3295610712098318 0.033216581856370268
2.404191044622189 4.3297060058897463 0.033216581857251397
2.4085543677521746 4.3298509405696661 0.033216581858617547
2.4129176908821606 4.3299958752495913 0.033216581859599845
2.4172810140121466 4.33014080992952 0.033216581860401009
2.4216443371421321 4.3302857446094523 0.033216581861109547
2.4260076602721181 4.3304306792893863 0.033216581861138218
2.4303709834021041 4.3305756139693194 0.033216581860915508
2.4347343065320897 4.3307205486492517 0.033216581860566474
2.4390976296620757 4.3308654833291822 0.033216581860353325
2.4434609527920612 4.3310104180091127 0.03321658186033364
2.4478242759220472 4.3311553526890423 0.033216581860014888
2.4521875990520332 4.331300287368971 0.033216581860078094
2.4565509221820188 4.3314452220489006 0.033216581860154151
2.4609142453120048 4.3315901567288293 0.033216581859786702
2.4652775684419903 4.3317350914087571 0.033216581859959127
2.4696408915719763 4.3318800260886867 0.03321658186024757
2.4740042147019623 4.3320249607686163 0.03321658186013253
2.4783675378319479 4.3321698954485459 0.03321658186031437
2.4827308609619338 4.3323148301284764 0.03321658186031274
2.4870941840919194 4.332459764808406 0.033216581860137415
2.4914575072219054 4.3326046994883356 0.033216581860229702
2.4958208303518914 4.3327496341682652 0.033216581860025705
2.5001841534818769 4.3328945688481939 0.033216581860148892
2.5045474766118629 4.3330395035281244 0.033216581860470801
2.5089107997418489 4.3331844382080549 0.033216581860271169
2.5132741228718345 4.3333293728879845 0.033216581860147268
2.5176374460018205 4.3334743075679141 0.033216581860231825
2.522000769131806 4.3336192422478437 0.033216581860017518
2.526364092261792 4.3337641769277724 0.03321658186017952
2.530727415391778 4.3339091116077029 0.033216581860346324
2.5350907385217636 4.3340540462876325 0.033216581860137928
2.5394540616517496 4.3341989809675621 0.033216581860194036
2.5438173847817351 4.3343439156474917 0.033216581860177993
2.5481807079117211 4.3344888503274213 0.033216581860186056
2.5525440310417071 4.3346337850073509 0.03321658186015973
2.5569073541716927 4.3347787196872805 0.033216581860267116
2.5612706773016787 4.3349236543672109 0.033216581860474555
2.5656340004316642 4.3350685890471414 0.033216581860148066
2.5699973235616502 4.3352135237270701 0.033216581860025261
2.5743606466916362 4.3353584584069997 0.033216581860222166
2.5787239698216218 4.3355033930869293 0.033216581860178153
2.5830872929516078 4.3356483277668589 0.033216581860157288
2.5874506160815938 4.3357932624467885 0.033216581860274631
2.5918139392115793 4.335938197126719 0.033216581860446952
2.5961772623415653 4.3360831318066495 0.033216581860250956
2.6005405854715509 4.3362280664865791 0.033216581860251955
2.6049039086015369 4.3363730011665096 0.033216581860443961
2.6092672317315229 4.3365179358464401 0.033216581860275464
2.6136305548615084 4.3366628705263697 0.033216581860156913
2.6179938779914944 4.3368078052062993 0.03321658186018895
2.62235720112148 4.3369527398862289 0.03321658186017936
2.626720524251466 4.3370976745661585 0.033216581860185689
2.631083847381452 4.3372426092460881 0.03321658186015982
2.6354471705114375 4.3373875439260177 0.033216581860267089
2.6398104936414235 4.3375324786059481 0.033216581860474562
2.6441738167714091 4.3376774132858786 0.033216581860148059
2.6485371399013951 4.3378223479658073 0.033216581860025261
2.6529004630313811 4.3379672826457369 0.033216581860222166
2.6572637861613666 4.3381122173256665 0.03321658186017816
2.6616271092913526 4.3382571520055961 0.033216581860157274
2.6659904324213386 4.3384020866855257 0.033216581860274666
2.6703537555513241 4.3385470213654562 0.033216581860446827
2.6747170786813101 4.3386919560453867 0.033216581860251441
2.6790804018112957 4.3388368907253163 0.033216581860250151
2.6834437249412817 4.3389818254052468 0.033216581860450706
2.6878070480712677 4.3391267600851773 0.033216581860250304
2.6921703712012532 4.3392716947651069 0.033216581860250824
2.6965336943312392 4.3394166294450374 0.033216581860449131
2.7008970174612248 4.3395615641249679 0.033216581860266076
2.7052603405912108 4.3397064988048974 0.033216581860189318
2.7096236637211968 4.339851433484827 0.033216581860058575
2.7139869868511823 4.3399963681647558 0.033216581860057798
2.7183503099811683 4.3401413028446854 0.033216581860191642
2.7227136331111539 4.340286237524615 0.033216581860267713
2.7270769562411399 4.3404311722045454 0.033216581860440249
2.7314402793711259 4.3405761068844759 0.033216581860274569
2.7358036025011114 4.3407210415644055 0.033216581860164247
2.7401669256310974 4.3408659762443351 0.033216581860160514
2.7445302487610834 4.3410109109242647 0.033216581860275603
2.748893571891069 4.3411558456041952 0.033216581860439812
2.753256895021055 4.3413007802841257 0.033216581860278559
2.7576202181510405 4.3414457149640553 0.033216581860148718
2.7619835412810265 4.3415906496439849 0.033216581860218662
2.7663468644110125 4.3417355843239145 0.033216581860058575
2.7707101875409981 4.3418805190038432 0.033216581860028453
2.7750735106709841 4.3420254536837728 0.033216581860309
2.7794368338009696 4.3421703883637033 0.033216581860438299
2.7838001569309556 4.3423153230436338 0.033216581860251213
2.7881634800609416 4.3424602577235634 0.033216581860249457
2.7925268031909272 4.3426051924034939 0.03321658186045371
2.7968901263209132 4.3427501270834243 0.033216581860249117
2.8012534494508987 4.3428950617633539 0.033216581860252586
2.8056167725808847 4.3430399964432844 0.03321658186044326
2.8099800957108707 4.3431849311232149 0.033216581860277629
2.8143434188408563 4.3433298658031445 0.033216581860148968
2.8187067419708423 4.3434748004830741 0.033216581860218558
2.8230700651008283 4.3436197351630037 0.033216581860058707
2.8274333882308138 4.3437646698429324 0.033216581860028016
2.8317967113607998 4.343909604522862 0.033216581860310658
2.8361600344907854 4.3440545392027925 0.033216581860432082
2.8405233576207713 4.344199473882723 0.03321658186027443
2.8448866807507573 4.3443444085626526 0.033216581860162797
2.8492500038807429 4.3444893432425822 0.033216581860166468
2.8536133270107289 4.3446342779225118 0.033216581860263425
2.8579766501407144 4.3447792126024423 0.033216581860482611
2.8623399732707004 4.3449241472823728 0.033216581860119554
2.8667032964006864 4.3450690819623015 0.033216581860121108
2.871066619530672 4.3452140166422319 0.033216581860488086
2.875429942660658 4.3453589513221624 0.033216581860239951
2.8797932657906435 4.345503886002092 0.033216581860254842
2.8841565889206295 4.3456488206820225 0.033216581860443434
2.8885199120506155 4.345793755361953 0.033216581860274659
2.8928832351806011 4.3459386900418826 0.033216581860160667
2.8972465583105871 4.3460836247218122 0.033216581860174739
2.9016098814405731 4.3462285594017418 0.033216581860222326
2.9059732045705586 4.3463734940816714 0.033216581860028016
2.9103365277005446 4.3465184287616001 0.033216581860147025
2.9146998508305302 4.3466633634415306 0.03321658186047597
2.9190631739605162 4.3468082981214611 0.033216581860262502
2.9234264970905022 4.3469532328013907 0.033216581860166614
2.9277898202204877 4.3470981674813203 0.03321658186016313
2.9321531433504737 4.3472431021612499 0.033216581860272924
2.9365164664804593 4.3473880368411804 0.033216581860447923
2.9408797896104453 4.3475329715211108 0.033216581860248798
2.9452431127404313 4.3476779062010404 0.033216581860249485
2.9496064358704168 4.3478228408809709 0.033216581860456
2.9539697590004028 4.3479677755609014 0.033216581860239937
2.9583330821303884 4.348112710240831 0.033216581860286983
2.9626964052603744 4.3482576449207615 0.033216581860314877
2.9670597283903604 4.3484025796006911 0.033216581860146109
2.9714230515203459 4.3485475142806207 0.033216581860192773
2.9757863746503319 4.3486924489605503 0.033216581860174885
2.9801496977803179 4.3488373836404799 0.033216581860189616
2.9845130209103035 4.3489823183204095 0.033216581860158724
2.9888763440402895 4.3491272530003391 0.033216581860267574
2.993239667170275 4.3492721876802696 0.033216581860473701
2.997602990300261 4.3494171223602001 0.033216581860151029
3.001966313430247 4.3495620570401288 0.033216581860004118
3.0063296365602326 4.3497069917200584 0.033216581860313905
3.0106929596902186 4.349851926399988 0.033216581859832353
3.0150562828202041 4.3499968610799185 0.033216581862059419
3.0194196059501901 4.3501417957598498 0.033216581854854071
3.0237829290801761 4.350286730439775 0.033216581877774237
3.0281462522101616 4.3504316651197223 0.033216581804301058
3.0325095753401476 4.3505765997995907 0.033216582036190927
3.0368728984701332 4.3507215344797494 0.033216581327443276
3.0412362216001192 4.3508664691588246 0.033216583385218844
3.0455995447301052 4.3510114038419463 0.0332165779000375
3.0499628678600907 4.3511563385099672 0.033216590182642225
3.0543261909900767 4.3513012732343412 0.033216574900420882
3.0586895141200627 4.3514462077483991 0.033216517889485805
3.0630528372500483 4.3515911420236009 0.033216452387363787
3.0674161603800343 4.3517360757827435 0.033216252365300236
3.0717794835100198 4.3518810082284718 0.033215860102379494
3.0761428066400058 4.3520259383658715 0.033215139049130371
3.0805061297699918 4.3521708640900556 0.033213794131656836
3.0848694528999774 4.3523157819461566 0.033211450855858859
3.0892327760299634 4.3524606864363609 0.03320756946735258
3.0935960991599489 4.3526055693748118 0.033201430689397543
3.0979594222899349 4.3527504193395599 0.033192378247562819
3.1023227454199209 4.3528952214935916 0.033179183517631217
3.1066860685499065 4.3530399580505126 0.033163041400903433
3.1110493916798925 4.3531846096310209 0.033137277868960452
3.115412714809878 4.3533291576011326 0.033126811374537248
3.119776037939864 4.3534735872231023 0.033041833434267878
3.12413936106985 4.3536178911365129 0.033224410662559475
3.1285026841998356 4.3537620724236223 0.032408337216906016
3.1328660073298216 4.3539061464172857 0.035331972597504799
3.1372293304598076 4.354050140564679 0.02432483672976456
3.1415926535897931 4.3541125820984519 0.0093033997442017284
3.1459559767197791 4.3541750236322248 0.024324836729664973
3.1503192998497647 4.3543190177796172 0.03533197259730126
3.1546826229797507 4.3544630917732805 0.032408337217219606
3.1590459461097367 4.3546072730603917 0.033224410662719799
3.1634092692397222 4.3547515769738014 0.033041833433923591
3.1677725923697082 4.3548960065957703 0.033126811374542847
3.1721359154996938 4.3550405545658828 0.033137277869282306
3.1764992386296798 4.355185206146392 0.033163041400831754
3.1808625617596658 4.3553299427033121 0.033179183517585975
3.1852258848896513 4.3554747448573448 0.033192378247815478
3.1895892080196373 4.3556195948220928 0.033201430689052937
3.1939525311496229 4.355764477760542 0.03320756946725701
3.1983158542796088 4.3559093822507471 0.033211450855975072
3.2026791774095948 4.3560543001068472 0.033213794131277376
3.2070425005395804 4.3561992258310305 0.033215139049310671
3.2114058236695664 4.3563441559684319 0.033215860102658555
3.2157691467995524 4.3564890884141603 0.033216252365214867
3.2201324699295379 4.3566340221733029 0.033216452387426203
3.2244957930595239 4.3567789564485047 0.03321651788932152
3.2288591161895095 4.3569238909625616 0.033216574900404944
3.2332224393194955 4.3570688256869365 0.033216590182880382
3.2375857624494815 4.3572137603549574 0.033216577899701304
3.241949085579467 4.3573586950380774 0.033216583385104137
3.246312408709453 4.3575036297171534 0.033216581327637787
3.2506757318394386 4.3576485643973122 0.033216582036138226
3.2550390549694246 4.3577934990771805 0.033216581804317358
3.2594023780994106 4.3579384337571279 0.033216581877751623
3.2637657012293961 4.358083368437053 0.033216581854928207
3.2681290243593821 4.3582283031169844 0.03321658186179563
3.2724923474893677 4.3583732377969131 0.033216581859591997
3.2768556706193537 4.3585181724768427 0.033216581860317812
3.2812189937493397 4.3586631071567723 0.033216581860218676
3.2855823168793252 4.3588080418367028 0.033216581860510248
3.2899456400093112 4.3589529765166333 0.033216581860053745
3.2943089631392972 4.3590979111965611 0.033216581859746033
3.2986722862692828 4.3592428458764898 0.033216581860222208
3.3030356093992688 4.3593877805564203 0.033216581860457207
3.3073989325292543 4.3595327152363508 0.03321658186026237
3.3117622556592403 4.3596776499162804 0.033216581860196041
3.3161255787892263 4.35982258459621 0.033216581860035371
3.3204889019192119 4.3599675192761387 0.033216581860143896
3.3248522250491979 4.3601124539560692 0.033216581860481119
3.3292155481791834 4.3602573886359997 0.033216581860245016
3.3335788713091694 4.3604023233159293 0.033216581860241581
3.3379421944391554 4.3605472579958597 0.033216581860481265
3.342305517569141 4.3606921926757902 0.033216581860146775
3.346668840699127 4.3608371273557189 0.033216581860023707
3.351032163829113 4.3609820620356485 0.033216581860229681
3.3553954869590985 4.3611269967155781 0.033216581860149669
3.3597588100890845 4.3612719313955077 0.033216581860263723
3.3641221332190701 4.3614168660754382 0.033216581860498175
3.3684854563490561 4.3615618007553687 0.033216581860056986
3.372848779479042 4.3617067354352965 0.033216581859745166
3.3772121026090276 4.3618516701152252 0.033216581860222437
3.3815754257390136 4.3619966047951557 0.033216581860457145
3.3859387488689991 4.3621415394750862 0.033216581860262398
3.3903020719989851 4.3622864741550158 0.033216581860196034
3.3946653951289711 4.3624314088349454 0.033216581860035371
3.3990287182589567 4.3625763435148741 0.033216581860143896
3.4033920413889427 4.3627212781948046 0.033216581860481119
3.4077553645189282 4.3628662128747351 0.033216581860245016
3.4121186876489142 4.3630111475546647 0.033216581860241581
3.4164820107789002 4.3631560822345952 0.033216581860481265
3.4208453339088858 4.3633010169145257 0.033216581860146775
3.4252086570388718 4.3634459515944544 0.033216581860023707
3.4295719801688578 4.363590886274384 0.033216581860229681
3.4339353032988433 4.3637358209543136 0.033216581860149662
3.4382986264288293 4.3638807556342432 0.03321658186026373
3.4426619495588149 4.3640256903141736 0.033216581860498161
3.4470252726888009 4.3641706249941041 0.033216581860057041
3.4513885958187869 4.364315559674032 0.033216581859744944
3.4557519189487724 4.3644604943539607 0.033216581860223283
3.4601152420787584 4.3646054290338911 0.033216581860453995
3.464478565208744 4.3647503637138216 0.033216581860274146
3.46884188833873 4.3648952983937512 0.033216581860152181
3.473205211468716 4.3650402330736808 0.033216581860199053
3.4775685345987015 4.3651851677536104 0.033216581860143708
3.4819318577286875 4.36533010243354 0.03321658186031818
3.4862951808586731 4.3654750371134705 0.033216581860286316
3.4906585039886591 4.3656199717934001 0.033216581860239278
3.4950218271186451 4.3657649064733306 0.033216581860449151
3.4993851502486306 4.3659098411532611 0.033216581860277518
3.5037484733786166 4.3660547758331907 0.033216581860143528
3.5081117965086026 4.3661997105131203 0.033216581860230292
3.5124751196385882 4.3663446451930499 0.033216581860027371
3.5168384427685742 4.3664895798729786 0.033216581860141633
3.5212017658985597 4.3666345145529091 0.033216581860498168
3.5255650890285457 4.3667794492328396 0.03321658186017911
3.5299284121585317 4.3669243839127683 0.033216581859867304
3.5342917352885173 4.367069318592697 0.03321658186022243
3.5386550584185033 4.3672142532726275 0.033216581860335055
3.5430183815484888 4.3673591879525571 0.033216581860140093
3.5473817046784748 4.3675041226324867 0.033216581860196659
3.5517450278084608 4.3676490573124163 0.033216581860155199
3.5561083509384463 4.3677939919923459 0.033216581860274631
3.5604716740684323 4.3679389266722763 0.033216581860449013
3.5648349971984179 4.3680838613522068 0.033216581860242712
3.5691983203284039 4.3682287960321364 0.033216581860282895
3.5735616434583899 4.3683737307120669 0.033216581860318312
3.5779249665883754 4.3685186653919965 0.033216581860146595
3.5822882897183614 4.3686636000719261 0.033216581860187382
3.5866516128483474 4.3688085347518557 0.03321658186018582
3.591014935978333 4.3689534694317853 0.033216581860161416
3.595378259108319 4.3690984041117149 0.033216581860260573
3.5997415822383045 4.3692433387916454 0.033216581860499021
3.6041049053682905 4.3693882734715759 0.03321658186005675
3.6084682284982765 4.3695332081515037 0.033216581859745228
3.6128315516282621 4.3696781428314324 0.033216581860222423
3.6171948747582481 4.3698230775113629 0.033216581860457152
3.6215581978882336 4.3699680121912934 0.033216581860262363
3.6259215210182196 4.370112946871223 0.033216581860196159
3.6302848441482056 4.3702578815511526 0.033216581860034934
3.6346481672781912 4.3704028162310813 0.033216581860145533
3.6390114904081772 4.3705477509110118 0.033216581860474999
3.6433748135381627 4.3706926855909423 0.033216581860267852
3.6477381366681487 4.3708376202708719 0.033216581860156351
3.6521014597981347 4.3709825549508015 0.0332165818601887
3.6564647829281203 4.3711274896307311 0.033216581860180949
3.6608281060581063 4.3712724243106607 0.033216581860179582
3.6651914291880923 4.3714173589905903 0.033216581860182642
3.6695547523180778 4.3715622936705198 0.033216581860181942
3.6739180754480638 4.3717072283504494 0.033216581860181671
3.6782813985780494 4.371852163030379 0.033216581860183454
3.6826447217080354 4.3719970977103086 0.033216581860176599
3.6870080448380214 4.3721420323902382 0.033216581860192079
3.6913713679680069 4.3722869670701678 0.03321658186014715
3.6957346910979929 4.3724319017500974 0.033216581860311394
3.7000980142279785 4.3725768364300279 0.033216581860310034
3.7044613373579645 4.3727217711099575 0.033216581860151237
3.7088246604879505 4.3728667057898871 0.03321658186016696
3.713187983617936 4.3730116404698167 0.033216581860273001
3.717551306747922 4.3731565751497472 0.033216581860443774
3.7219146298779076 4.3733015098296777 0.033216581860265312
3.7262779530078936 4.3734464445096073 0.033216581860197728
3.7306412761378795 4.3735913791895369 0.033216581860025726
3.7350045992678651 4.3737363138694656 0.03321658186018079
3.7393679223978511 4.3738812485493961 0.033216581860343201
3.7437312455278371 4.3740261832293257 0.033216581860139011
3.7480945686578226 4.3741711179092553 0.033216581860192849
3.7524578917878086 4.3743160525891849 0.033216581860181671
3.7568212149177942 4.3744609872691145 0.033216581860172553
3.7611845380477802 4.3746059219490441 0.033216581860220216
3.7655478611777662 4.3747508566289737 0.033216581860028502
3.7699111843077517 4.3748957913089024 0.033216581860147205
3.7742745074377377 4.3750407259888329 0.033216581860474756
3.7786378305677233 4.3751856606687634 0.033216581860267193
3.7830011536977093 4.375330595348693 0.033216581860159217
3.7873644768276953 4.3754755300286226 0.033216581860177861
3.7917277999576808 4.3756204647085521 0.033216581860221417
3.7960911230876668 4.3757653993884817 0.03321658186002855
3.8004544462176524 4.3759103340684105 0.033216581860145804
3.8048177693476384 4.3760552687483409 0.033216581860480321
3.8091810924776244 4.3762002034282714 0.033216581860236176
3.8135444156076099 4.376345138108201 0.033216581860277726
3.8179077387375959 4.3764900727881315 0.033216581860355684
3.8222710618675819 4.3766350074680611 0.033216581859992142
3.8266343849975675 4.3767799421479898 0.033216581860157163
3.8309977081275535 4.3769248768279203 0.0332165818604713
3.835361031257539 4.3770698115078508 0.033216581860271037
3.839724354387525 4.3772147461877804 0.033216581860147296
3.844087677517511 4.37735968086771 0.033216581860221715
3.8484510006474966 4.3775046155476396 0.03321658186005793
3.8528143237774826 4.3776495502275683 0.033216581860027967
3.8571776469074681 4.3777944849074979 0.033216581860311588
3.8615409700374541 4.3779394195874284 0.033216581860428432
3.8659042931674401 4.3780843542673589 0.033216581860277941
3.8702676162974257 4.3782292889472885 0.03321658186016254
3.8746309394274117 4.3783742236272181 0.033216581860163984
3.8789942625573972 4.3785191583071477 0.033216581860273597
3.8833575856873832 4.3786640929870781 0.033216581860444391
3.8877209088173692 4.3788090276670086 0.033216581860252094
3.8920842319473548 4.3789539623469382 0.033216581860249964
3.8964475550773408 4.3790988970268687 0.033216581860450803
3.9008108782073267 4.3792438317067992 0.033216581860250068
3.9051742013373123 4.3793887663867288 0.033216581860251677
3.9095375244672983 4.3795337010666593 0.03321658186044598
3.9139008475972838 4.3796786357465898 0.033216581860277823
3.9182641707272698 4.3798235704265194 0.033216581860145478
3.9226274938572558 4.379968505106449 0.033216581860222201
3.9269908169872414 4.3801134397863786 0.033216581860057805
3.9313541401172274 4.3802583744663073 0.033216581860028009
3.9357174632472129 4.3804033091462369 0.033216581860311581
3.9400807863771989 4.3805482438261674 0.033216581860428432
3.9444441095071849 4.3806931785060979 0.033216581860277941
3.9488074326371705 4.3808381131860274 0.03321658186016254
3.9531707557671565 4.380983047865957 0.033216581860163984
3.957534078897142 4.3811279825458866 0.033216581860273597
3.961897402027128 4.3812729172258171 0.033216581860444391
3.966260725157114 4.3814178519057476 0.033216581860252094
3.9706240482870996 4.3815627865856772 0.033216581860249964
3.9749873714170856 4.3817077212656077 0.033216581860450789
3.9793506945470716 4.3818526559455382 0.03321658186025013
3.9837140176770571 4.3819975906254678 0.033216581860251435
3.9880773408070431 4.3821425253053983 0.033216581860446889
3.9924406639370287 4.3822874599853288 0.033216581860274423
3.9968039870670147 4.3824323946652584 0.033216581860158176
4.0011673101970002 4.382577329345188 0.033216581860184953
4.0055306333269867 4.3827222640251176 0.033216581860183947
4.0098939564569722 4.3828671987050472 0.033216581860161201
4.0142572795869578 4.3830121333849767 0.033216581860273466
4.0186206027169442 4.3831570680649072 0.033216581860437529
4.0229839258469298 4.3833020027448377 0.033216581860279683
4.0273472489769153 4.3834469374247673 0.033216581860156608
4.0317105721069009 4.3835918721046969 0.033216581860196097
4.0360738952368873 4.3837368067846265 0.033216581860140912
4.0404372183668729 4.3838817414645561 0.03321658186032217
4.0448005414968584 4.3840266761444866 0.033216581860283277
4.0491638646268449 4.3841716108244162 0.033216581860237293
4.0535271877568304 4.3843165455043467 0.033216581860460129
4.057890510886816 4.3844614801842772 0.033216581860245759
4.0622538340168024 4.3846064148642068 0.033216581860249415
4.066617157146788 4.3847513495441373 0.033216581860449179
4.0709804802767735 4.3848962842240677 0.0332165818602774
4.0753438034067591 4.3850412189039973 0.033216581860154103
4.0797071265367455 4.3851861535839269 0.03321658186018811
4.0840704496667311 4.3853310882638565 0.033216581860175412
4.0884337727967166 4.3854760229437861 0.033216581860212459
4.092797095926703 4.3856209576237157 0.033216581860056674
4.0971604190566886 4.3857658923036444 0.033216581860032103
4.1015237421866741 4.385910826983574 0.033216581860306453
4.1058870653166606 4.3860557616635045 0.033216581860434677
4.1102503884466461 4.386200696343435 0.033216581860258096
4.1146137115766317 4.3863456310233646 0.033216581860245814
4.1189770347066181 4.3864905657032951 0.033216581860451247
4.1233403578366037 4.3866355003832256 0.033216581860252489
4.1277036809665892 4.3867804350631552 0.033216581860251698
4.1320670040965748 4.3869253697430857 0.033216581860453592
4.1364303272265612 4.3870703044230162 0.033216581860237203
4.1407936503565468 4.3872152391029458 0.033216581860290195
4.1451569734865323 4.3873601737828762 0.033216581860314891
4.1495202966165188 4.3875051084628058 0.033216581860142834
4.1538836197465043 4.3876500431427354 0.033216581860195729
4.1582469428764899 4.387794977822665 0.03321658186017646
4.1626102660064763 4.3879399125025946 0.033216581860180373
4.1669735891364619 4.3880848471825242 0.033216581860183968
4.1713369122664474 4.3882297818624538 0.033216581860185973
4.1757002353964339 4.3883747165423834 0.033216581860154068
4.1800635585264194 4.388519651222313 0.033216581860279697
4.184426881656405 4.3886645859022435 0.03321658186044002
4.1887902047863905 4.388809520582174 0.033216581860283784
4.193153527916377 4.3889544552621036 0.033216581860117424
4.1975168510463625 4.3890993899420332 0.03321658186032847
4.2018801741763481 4.3892443246219637 0.033216581860281591
4.2062434973063345 4.3893892593018933 0.033216581860237751
4.2106068204363201 4.3895341939818238 0.033216581860459997
4.2149701435663056 4.3896791286617542 0.0332165818602458
4.2193334666962921 4.3898240633416838 0.033216581860249395
4.2236967898262776 4.3899689980216143 0.033216581860449235
4.2280601129562632 4.3901139327015448 0.033216581860277233
4.2324234360862487 4.3902588673814744 0.033216581860154727
4.2367867592162352 4.390403802061404 0.033216581860185758
4.2411500823462207 4.3905487367413336 0.03321658186018419
4.2455134054762063 4.3906936714212632 0.033216581860179714
4.2498767286061927 4.3908386061011928 0.033216581860178881
4.2542400517361783 4.3909835407811224 0.033216581860186688
4.2586033748661638 4.391128475461052 0.033216581860176571
4.2629666979961502 4.3912734101409816 0.033216581860188943
4.2673300211261358 4.3914183448209112 0.033216581860149592
4.2716933442561213 4.3915632795008408 0.033216581860314925
4.2760566673861078 4.3917082141807713 0.033216581860283319
4.2804199905160933 4.3918531488607009 0.033216581860244399
4.2847833136460789 4.3919980835406314 0.033216581860451955
4.2891466367760644 4.3921430182205619 0.033216581860271349
4.2935099599060509 4.3922879529004915 0.033216581860155234
4.2978732830360364 4.3924328875804211 0.033216581860189644
4.302236606166022 4.3925778222603507 0.033216581860188388
4.3065999292960084 4.3927227569402802 0.03321658186013874
4.310963252425994 4.3928676916202098 0.033216581860338587
4.3153265755559795 4.3930126263001403 0.033216581860219793
4.319689898685966 4.393157560980069 0.033216581859864161
4.3240532218159515 4.3933024956599978 0.033216581860184162
4.3284165449459371 4.3934474303399282 0.033216581860501374
4.3327798680759235 4.3935923650198587 0.03321658186011358
4.3371431912059091 4.3937372996997874 0.033216581860126215
4.3415065143358946 4.3938822343797179 0.033216581860483763
4.3458698374658802 4.3940271690596484 0.033216581860262287
4.3502331605958666 4.394172103739578 0.033216581860159682
4.3545964837258522 4.3943170384195076 0.033216581860180928
4.3589598068558377 4.3944619730994372 0.033216581860218815
4.3633231299858242 4.3946069077793668 0.03321658186002574
4.3676864531158097 4.3947518424592955 0.033216581860149474
4.3720497762457953 4.394896777139226 0.033216581860478579
4.3764130993757817 4.3950417118191565 0.033216581860239451
4.3807764225057673 4.3951866464990861 0.033216581860256195
4.3851397456357528 4.3953315811790166 0.033216581860448638
4.3895030687657384 4.3954765158589471 0.033216581860272813
4.3938663918957248 4.3956214505388767 0.033216581860152708
4.3982297150257104 4.3957663852188062 0.033216581860198317
4.4025930381556959 4.3959113198987358 0.033216581860156254
4.4069563612856824 4.3960562545786654 0.033216581860258595
4.4113196844156679 4.3962011892585959 0.033216581860501991
4.4156830075456535 4.3963461239385264 0.033216581860056965
4.4200463306756399 4.3964910586184542 0.033216581859741405
4.4244096538056255 4.3966359932983829 0.033216581860227357
4.428772976935611 4.3967809279783134 0.0332165818604514
4.4331363000655974 4.3969258626582439 0.033216581860270294
4.437499623195583 4.3970707973381735 0.033216581860160049
4.4418629463255686 4.3972157320181031 0.033216581860191718
4.4462262694555541 4.3973606666980327 0.033216581860175301
4.4505895925855405 4.3975056013779623 0.033216581860188998
4.4549529157155261 4.3976505360578919 0.033216581860150647
4.4593162388455116 4.3977954707378215 0.033216581860310616
4.4636795619754981 4.397940405417752 0.033216581860299459
4.4680428851054836 4.3980853400976816 0.033216581860184141
4.4724062082354692 4.3982302747776112 0.03321658186006618
4.4767695313654556 4.3983752094575399 0.033216581860022382
4.4811328544954412 4.3985201441374695 0.033216581860315564
4.4854961776254267 4.3986650788174 0.033216581860428224
4.4898595007554132 4.3988100134973305 0.033216581860274798
4.4942228238853987 4.3989549481772601 0.033216581860165198
4.4985861470153843 4.3990998828571897 0.033216581860166634
4.5029494701453698 4.3992448175371193 0.033216581860270496
4.5073127932753563 4.3993897522170498 0.033216581860443989
4.5116761164053418 4.3995346868969802 0.033216581860256826
4.5160394395353274 4.3996796215769098 0.033216581860241609
4.5204027626653138 4.3998245562568403 0.033216581860469344
4.5247660857952994 4.3999694909367708 0.033216581860184308
4.5291294089252849 4.4001144256166995 0.033216581859895629
4.5334927320552714 4.4002593602966282 0.03321658186009379
4.5378560551852569 4.4004042949765578 0.033216581860200489
4.5422193783152425 4.4005492296564874 0.033216581860206471
4.5465827014452289 4.400694164336417 0.033216581860055557
4.5509460245752145 4.4008390990163457 0.03321658186004256
4.5553093477052 4.4009840336962753 0.033216581860265749
4.5596726708351856 4.4011289683762058 0.03321658186060733
4.564035993965172 4.4012739030561381 0.033216581860829521
4.5683993170951576 4.4014188377360703 0.033216581860820528
4.5727626402251431 4.4015637724160026 0.033216581860654577
4.5771259633551296 4.4017087070959331 0.033216581860085762
4.5814892864851151 4.4018536417758609 0.033216581859473675
4.5858526096151007 4.4019985764557861 0.033216581858847107
4.5902159327450871 4.4021435111357086 0.03321658185828115
4.5945792558750727 4.4022884458156293 0.033216581858118231
4.5989425790050582 4.4024333804955509 0.033216581858745466
4.6033059021350438 4.4025783151754769 0.03321658186006346
4.6076692252650302 4.4027232498554101 0.033216581862082629
4.6120325483950158 4.4028681845353539 0.033216581864901278
4.6163958715250013 4.4030131192153101 0.033216581867505153
4.6207591946549877 4.4031580538952744 0.033216581868296034
4.6251225177849733 4.4033029885752359 0.03321658186619264
4.6294858409149588 4.4034479232551815 0.033216581861011625
4.6338491640449453 4.4035928579350987 0.033216581853285451
4.6382124871749308 4.4037377926149768 0.03321658184296053
4.6425758103049164 4.4038827272948087 0.033216581833382684
4.6469391334349028 4.4040276619746122 0.033216581830702689
4.6513024565648884 4.4041725966544254 0.033216581838176544
4.6556657796948739 4.4043175313342946 0.033216581856170713
4.6600291028248595 4.4044624660142651 0.033216581884808166
4.6643924259548459 4.4046074006943838 0.033216581923841158
4.6687557490848315 4.4047523353746758 0.033216581960133024
4.673119072214817 4.4048972700550779 0.033216581970755485
4.6774823953448035 4.4050422047354436 0.033216581942638781
4.681845718474789 4.4051871394156015 0.033216581876549869
4.6862090416047746 4.405332074095389 0.033216581771498596
4.690572364734761 4.4054770087746284 0.033216581626343167
4.6949356878647466 4.4056219434532187 0.033216581488837722
4.6992990109947321 4.4057668781313861 0.033216581446960741
4.7036623341247186 4.4059118128096806 0.033216581548601867
4.7080256572547041 4.4060567474887309 0.033216581790916855
4.7123889803846897 4.4062016821691472 0.03321658217891834
4.7167523035146752 4.4063466168515921 0.033216582718564799
4.7211156266446617 4.4064915515364662 0.033216583236892319
4.7254789497746472 4.4066364862229559 0.033216583404911029
4.7298422729046328 4.406781420909029 0.033216583038928701
4.7342055960346192 4.4069263555923381 0.03321658214802229
4.7385689191646048 4.4070712902706095 0.033216580713535761
4.7429322422945903 4.4072162249413642 0.033216578710637587
4.7472955654245768 4.4073611596030604 0.033216576760438314
4.7516588885545623 4.4075060942585775 0.033216576087539147
4.7560222116845479 4.4076510289154349 0.03321657740244429
4.7603855348145334 4.4077959635823882 0.033216580678664703
4.7647488579445199 4.407940898267924 0.033216585976668198
4.7691121810745054 4.4080858329812767 0.033216593410262389
4.773475504204491 4.4082307677284396 0.033216600749608111
4.7778388273344774 4.4083757024991987 0.033216603428429213
4.782202150464463 4.408520637265763 0.033216598713198119
4.7865654735944485 4.4086655719954599 0.033216586662988073
4.7909287967244349 4.4088105066565992 0.033216567094146991
4.7952921198544205 4.4089554412148111 0.033216539515287101
4.7996554429844061 4.4091003756468909 0.033216511909919332
4.8040187661143925 4.409245309988945 0.033216501291102839
4.808382089244378 4.409390244343653 0.033216518174745864
4.8127454123743636 4.4095351788329342 0.033216562484921407
4.8171087355043491 4.4096801135751003 0.033216634757118994
4.8214720586343356 4.409825048698079 0.033216737056466376
4.8258353817643211 4.4099699842914637 0.03321684084171312
4.8301987048943067 4.4101149202279979 0.033216882760919955
4.8345620280242931 4.4102598561284427 0.033216822417836918
4.8389253511542787 4.4104047915379621 0.033216659522224509
4.8432886742842642 4.410549726014767 0.033216392625102467
4.8476519974142507 4.410694659082826 0.033216013239625163
4.8520153205442362 4.4108395903970141 0.033215623223494029
4.8563786436742218 4.410984520404436 0.033215458334470462
4.8607419668042082 4.4111294505051442 0.033215673579296896
4.8651052899341938 4.4112743823957743 0.033216272287634872
4.8694686130641793 4.4114193177261223 0.033217257844965986
4.8738319361941649 4.4115642582672461 0.033218664548629005
4.8781952593241513 4.4117092053456375 0.033220129536296321
4.8825585824541369 4.4118541573959957 0.033220776048680005
4.8869219055841224 4.4119991092520916 0.033220009919110123
4.8912852287141089 4.4121440545858768 0.033217809949505461
4.8956485518440944 4.4122889872360425 0.033214170932603079
4.90001187497408 4.412433900614479 0.033208956090552987
4.9043751981040664 4.4125787896331561 0.033203455673797184
4.908738521234052 4.4127236597506121 0.033200928123615546
4.9131018443640375 4.4128685300213375 0.03320364859907933
4.9174651674940231 4.4130134240441929 0.03321173038935011
4.9218284906240095 4.413158364830676 0.033225165816431985
4.9261918137539951 4.4133033768844125 0.033244494373883195
4.9305551368839806 4.4134484796847691 0.033265137251056766
4.9349184600139671 4.4135936542803069 0.033274992695433908
4.9392817831439526 4.4137388304274827 0.033265357598980534
4.9436451062739382 4.4138839201327817 0.033235676311549618
4.9480084294039246 4.4140288374468835 0.033186076044784796
4.9523717525339102 4.4141734912416988 0.033114448427730397
4.9567350756638957 4.4143178070717832 0.033037009215130482
4.9610983987938821 4.4144618504080944 0.032998673332268143
4.9654617219238677 4.4146058800674455 0.033032699573436089
4.9698250450538533 4.4147502241043641 0.033141677000145302
4.9741883681838388 4.4148952035620166 0.03332477426080753
4.9785516913138252 4.4150411573135324 0.033590166023092158
4.9829150144438108 4.4151883694062306 0.033880548497050925
4.9872783375737963 4.4153366149373481 0.034029338423935351
4.9916416607037828 4.4154849407896073 0.033909560909285194
4.9960049838337683 4.4156321241089831 0.033509558044034125
5.0003683069637539 4.415776965657237 0.03283371605116548
5.0047316300937403 4.4159182053610087 0.03185055781789322
5.0090949532237259 4.4160547610948804 0.030762126416724985
5.0134582763537114 4.4161874004084742 0.030185817542442303
5.0178215994836979 4.4163196312894319 0.030605934612866106
5.0221849226136834 4.4164560113136186 0.032073698357646882
5.026548245743669 4.4166010203587263 0.034568144816699391
5.0309115688736545 4.4167593437460555 0.038209740392395393
5.035274892003641 4.4169350980786586 0.042287814191416841
5.0396382151336265 4.4171256837282717 0.04451582101659117
5.0440015382636121 4.4173181969126691 0.043048257644485978
5.0483648613935985 4.4174956543600024 0.037664217308889657
5.0527281845235841 4.4176413204187748 0.028458231055816682
5.0570915076535696 4.4177377737323038 0.014971876522612936
5.0614548307835561 4.4177693758711341 -0.00030129358036397937
5.0658181539135416 4.4177448501758585 -0.0089012980054087101
5.0701814770435272 4.4177116127069516 -0.0038085406257382793
5.0745448001735127 4.417732874443983 0.015901553791802626
5.0789081233034992 4.4178709983927602 0.049787850798114285
5.0832714464334847 4.4181904076333121 0.099523691844328313
5.0876347695634703 4.4187496901134518 0.156261306889177
5.0919980926934567 4.4195184074849436 0.18849652090876715
5.0963614158234423 4.4203196081066682 0.16914871179114405
5.1007247389534278 4.4209129099835254 0.093697924196905216
5.1050880620834143 4.4210569277800227 -0.036996743356655371
5.1094513852133998 4.4204983910700264 -0.23071316203241332
5.1138147083433854 4.4189938484427671 -0.45861947441848022
5.1181780314733718 4.4166118244792409 -0.60701528967614204
5.1225413546033574 4.4139570505883743 -0.57636647868392399
5.1269046777333429 4.4118634961514172 -0.35222887070894354
5.1312680008633285 4.4111559975342383 0.059419743188894675
5.1356313239933149 4.4126770636564867 0.67391771062682093
5.1399946471233005 4.4172569573142413 1.4396203707827802
5.144357970253286 4.4251467369987623 2.1411166592727575
5.1487212933832724 4.4355680677242475 2.585705128422525
5.153084616513258 4.4473003985374149 2.7477985101497699
5.1574479396432436 4.4591590197371351 2.6430446513887902
5.16181126277323 4.4699659025576137 2.2636755350248783
5.1661745859032155 4.4785649772005494 1.6448067292793886
5.1705379090332011 4.4841728946517891 0.92510578672191579
5.1749012321631875 4.4866765071962966 0.2318473336340883
5.1792645552931731 4.4862612838128602 -0.4166245023357687
5.1836278784231586 4.4830917234091725 -1.0300651019207994
5.1879912015531442 4.4773173357284026 -1.6125208190638212
5.1923545246831306 4.4690690232079602 -2.1611500887038995
5.1967178478131162 4.4585550774281444 -2.642857402989419
5.2010811709431017 4.4461486421147711 -3.0263135169935773
5.2054444940730882 4.4322920781645356 -3.3089967109550695
5.2098078172030737 4.4174117003479463 -3.4957653914128484
5.2141711403330593 4.4019247613395143 -3.5869707939189062
5.2185344634630457 4.3862441444513589 -3.5855843602611261
5.2228977865930313 4.3707530796872929 -3.5027613530077741
5.2272611097230168 4.3557803140853739 -3.3487571209900948
5.2316244328530024 4.3416349952622726 -3.1223303037444383
5.2359877559829888 4.3286390600060072 -2.8228733773108314
5.2403510791129744 4.3171268196953543 -2.4367564696121882
5.2447144022429599 4.3074459434674681 -2.0014143328876304
5.2490777253729464 4.2994323944873418 -1.7233768227850577
5.2534410485029319 4.2918733537580049 -1.8120023732648356
5.2578043716329175 4.2830211289264284 -2.3121687214611515
5.2621676947629039 4.2711159096183735 -3.2110900530430531
5.2665310178928895 4.2543859057777098 -4.5316002484089974
5.270894341022875 4.2310291372301361 -6.224143419093493
5.2752576641528615 4.1999579035990404 -7.9937638212140856
5.279620987282847 4.1616057461927403 -9.5328089671984717
5.2839843104128326 4.1171976434996242 -10.776763691213494
5.2883476335428181 4.0679617789838218 -11.744985443141582
5.2927109566728046 4.0151207305255232 -12.42621012589928
5.2970742798027901 3.9599136777171728 -12.838576297031912
5.3014376029327757 3.9033044578688032 -13.098690735347361
5.3058009260627621 3.8456468168286961 -13.330767166993974
5.3101642491927477 3.7869784604492711 -13.558104994140381
5.3145275723227332 3.7273573217262044 -13.766678817723943
5.3188908954527196 3.666872896120223 -13.953682920058037
5.3232542185827052 3.6056365319570576 -14.107639895296044
5.3276175417126908 3.5438693659245364 -14.186755243836963
5.3319808648426772 3.4820073325338092 -14.146515347752571
5.3363441879726627 3.4206093606452121 -13.974520388335671
5.3407075111026483 3.3602457766785849 -13.672482188319419
5.3450708342326338 3.3014874709432998 -13.237729188901564
5.3494341573626203 3.2449086996574454 -12.676533872310605
5.3537974804926058 3.1909887467298632 -12.029461789972176
5.3581608036225914 3.1399889015393194 -11.343158402204267
5.3625241267525778 3.0920380554001432 -10.631388518344783
5.3668874498825634 3.0472477549975179 -9.8954029330080129
5.3712507730125489 3.0057166133551609 -9.1372514775542726
5.3756140961425354 2.9675316824484246 -8.3643253538337277
5.3799774192725209 2.9326967621808664 -7.6101986226341056
5.3843407424025065 2.9010364173235299 -6.913656746751708
5.388704065532492 2.8722607351953391 -6.2879257120752348
5.3930673886624785 2.8460582001760399 -5.7348780974054545
5.397430711792464 2.8221039153435221 -5.2578509939865139
5.4017940349224496 2.8000596258121115 -4.8600080227116056
5.406157358052436 2.7795698136751885 -4.5464110468764751
5.4105206811824216 2.7602548741262378 -4.322079103783051
5.4148840043124071 2.7417192449050556 -4.1894066503724874
5.4192473274423936 2.7235621609434224 -4.1483455458383736
5.4236106505723791 2.7053826842685802 -4.2003899641679174
5.4279739737023647 2.686776568608451 -4.3420048496833346
5.4323372968323511 2.6674028174622557 -4.5446235307544587
5.4367006199623367 2.6470807083164543 -4.7723641337662492
5.4410639430923222 2.625737439939106 -5.0129233409309784
5.4454272662223078 2.6033179957468975 -5.2649672658683642
5.4497905893522942 2.5797775340600406 -5.5269111998615799
5.4541539124822798 2.5550795358430789 -5.7937098870823398
5.4585172356122653 2.5292482543260029 -6.0396228989666572
5.4628805587422518 2.5024510468218151 -6.2324821538775774
5.4672438818722373 2.4749538954426598 -6.3604998701318918
5.4716072050022229 2.44704030633828 -6.4231371984122552
5.4759705281322093 2.4189989797484031 -6.418717483712447
5.4803338512621949 2.3911250254041811 -6.3465081604825997
5.4846971743921804 2.3637098412391246 -6.2092613483101369
5.4890604975221668 2.3370273354915563 -6.0112782070856774
5.4934238206521524 2.3113371789466264 -5.7544159580348548
5.497787143782138 2.2868944676337479 -5.4398788784507905
5.5021504669121235 2.2639485001933082 -5.068123999360914
5.5065137900421099 2.2427457362957814 -4.6420568423737416
5.5108771131720955 2.2234901443932 -4.1807650317608163
5.5152404363020811 2.2062757621092008 -3.7097902286900659
5.5196037594320675 2.1911158656659198 -3.2389884837180904
5.523967082562053 2.1780090050196881 -2.7690464174435721
5.5283304056920386 2.1669496377572162 -2.300300237548389
5.532693728822025 2.1579307968871388 -1.8345116665263255
5.5370570519520106 2.1509152488588494 -1.3860868277197047
5.5414203750819961 2.1457806540020461 -0.97496391615601763
5.5457836982119817 2.1423425903497542 -0.6081833289934554
5.5501470213419681 2.1404103911223711 -0.28462354244395743
5.5545103444719537 2.1397975182777271 -0.0031851606356959141
5.5588736676019392 2.1403219361641308 0.23654703557664916
5.5632369907319257 2.1417930400595777 0.42901673064652757
5.5676003138619112 2.1439846130450491 0.56565716579828784
5.5719636369918968 2.1466441617082985 0.64374016267550582
5.5763269601218832 2.1495191053490945 0.66461879273279201
5.5806902832518688 2.1523619479911393 0.6290449323680497
5.5850536063818543 2.154927639759765 0.53783581878756226
5.5894169295118408 2.1569797792732199 0.39459870808207337
5.5937802526418263 2.1583027708459466 0.20433854738331175
5.5981435757718119 2.1586974587196912 -0.030963503545188464
5.6025068989017974 2.1579674662843256 -0.31102296799098833
5.6068702220317839 2.1559170261606306 -0.63662923474981847
5.6112335451617694 2.1523460801884653 -1.0074404726855273
5.615596868291755 2.1470808988597945 -1.4088824934472812
5.6199601914217414 2.1400399502436955 -1.8181012492232649
5.624323514551727 2.1312167845567078 -2.2260740530192544
5.6286868376817125 2.120613920309089 -2.6339568740735726
5.633050160811699 2.1082285462235486 -3.0436468698561909
5.6374134839416845 2.0940499312347463 -3.4555091783987528
5.6417768070716701 2.0780939299144459 -3.8533523976423125
5.6461401302016565 2.0604825623605176 -4.2103040212561931
5.6505034533316421 2.0414280827394804 -4.5150110620983686
5.6548667764616276 2.0211555941101 -4.7688833518789995
5.6592300995916132 1.9998842566669988 -4.9728863157323975
5.6635934227215996 1.9778314340000469 -5.1270696882511269
5.6679567458515852 1.955219119677359 -5.2283210218221692
5.6723200689815707 1.9322908559434417 -5.2710412552169181
5.6766833921115571 1.9093100996387 -5.2522310348690624
5.6810467152415427 1.8865462123353733 -5.1717347741745803
5.6854100383715283 1.8642697460985538 -5.028295855964493
5.6897733615015147 1.8427587507966612 -4.8211227030818113
5.6941366846315002 1.8222712359493658 -4.5632618603369233
5.6985000077614858 1.8029767200811602 -4.2779393810683759
5.7028633308914722 1.7849636758142686 -3.9757694914477257
5.7072266540214578 1.7683071440411147 -3.6560272683695159
5.7115899771514433 1.753086301134845 -3.3173898081336155
5.7159533002814289 1.7393848441273188 -2.9599221255623456
5.7203166234114153 1.7272605986155596 -2.5993667774016145
5.7246799465414009 1.7166641386548656 -2.2642171384067677
5.7290432696713864 1.7074435299701793 -1.9689774173880434
5.7334065928013729 1.6994230569492161 -1.7139677837278171
5.7377699159313584 1.692427389126391 -1.4994893867772152
5.742133239061344 1.6862769748327293 -1.3266549380491279
5.7464965621913304 1.6807855413269448 -1.1982357967292123
5.750859885321316 1.6757492008761157 -1.1187660596141591
5.7552232084513015 1.6709475677033787 -1.0907923759109168
5.7595865315812871 1.6661552865502234 -1.1143540353473045
5.7639498547112735 1.6611476841373549 -1.1896950993329156
5.7683131778412591 1.6556980177324248 -1.3167539892442435
5.7726765009712446 1.6495957018651475 -1.4858468941798029
5.7770398241012311 1.6426971085636708 -1.6786251364665645
5.7814031472312166 1.6349275562740049 -1.8847265878243842
5.7857664703612022 1.6262321112739415 -2.1029667649865225
5.7901297934911886 1.6165590342171108 -2.3326718292648572
5.7944931166211742 1.6058608073620591 -2.5726227659040988
5.7988564397511597 1.5941051780141036 -2.8149714378311956
5.8032197628811462 1.5813132435662942 -3.0451531166759263
5.8075830860111317 1.5675609327148647 -3.2548948075407802
5.8119464091411173 1.5529392463390541 -3.4437911216032604
5.8163097322711028 1.537538287538375 -3.6119910072274197
5.8206730554010893 1.5214487590469672 -3.7595090492493357
5.8250363785310748 1.5047585534693269 -3.8876577843862399
5.8293997016610604 1.4875473765026244 -3.9987334865990469
5.8337630247910468 1.4698850857331187 -4.0946384884610429
5.8381263479210324 1.4518351665143552 -4.1766194725090582
5.8424896710510179 1.4334556919704018 -4.2458897753909062
5.8468529941810043 1.4147994834105602 -4.303681424703413
5.8512163173109899 1.3959111370401511 -4.353119020199836
5.8555796404409755 1.3768159698687246 -4.3993826988011371
5.8599429635709619 1.3575190548699285 -4.4458014854731145
5.8643062867009474 1.3380179054735275 -4.4929954767643352
5.868669609830933 1.3183087922541978 -4.5412073452427393
5.8730329329609186 1.2983867060701986 -4.5905806964920135
5.877396256090905 1.2782494716099251 -4.6392299057255224
5.8817595792208905 1.2579087823860173 -4.6830699672794678
5.8861229023508761 1.2373932895658832 -4.7191318028596463
5.8904862254808625 1.2167394254703447 -4.7463675797100207
5.8948495486108481 1.1959876384970496 -4.7638265291253186
5.8992128717408336 1.1751829528904039 -4.7704521871714141
5.9035761948708201 1.1543765492856575 -4.7640422352493452
5.9079395180008056 1.1336331664685453 -4.7409076915397188
5.9123028411307912 1.1130323026409918 -4.6985370772406103
5.9166661642607767 1.0926594466725168 -4.6363985826683649
5.9210294873907632 1.0726011262524857 -4.5542978058095072
5.9253928105207487 1.0529449892950198 -4.4520597146857872
5.9297561336507343 1.03377576527823 -4.3318151982104371
5.9341194567807207 1.0151616600116837 -4.1985831391299966
5.9384827799107063 0.99714986975575404 -4.0559630571681886
5.9428461030406918 0.97977916519601849 -3.9047760911723701
5.9472094261706783 0.96308600416171841 -3.7455213674111008
5.9515727493006638 0.9471043264716229 -3.578702701324195
5.9559360724306494 0.93186380203631813 -3.4064727339713494
5.9602993955606358 0.91737830268397158 -3.2335148196445926
5.9646627186906214 0.90364269881866754 -3.0628692783427973
5.9690260418206069 0.89064643842245972 -2.8944840754001055
5.9733893649505925 0.87838116231685481 -2.7277475268923794
5.9777526880805789 0.86684085941604161 -2.5620362882257171
5.9821160112105645 0.85602291807984754 -2.3965037054426244
5.98647933434055 0.84592838679618876 -2.2303059336102007
5.9908426574705365 0.83656213004070012 -2.0625248078179479
5.995205980600522 0.82793303797901796 -1.8922852921929438
5.9995693037305076 0.82005351335686172 -1.7188227624093528
6.003932626860494 0.81293927547837097 -1.5413753818724107
6.0082959499904796 0.80660551907792388 -1.3618354912911419
6.0126592731204651 0.8010492100609774 -1.186289451576815
6.0170225962504515 0.79624042844655685 -1.0195180717764372
6.0213859193804371 0.79213780814421231 -0.86266689382231287
6.0257492425104227 0.78869650465021779 -0.71663428691708508
6.0301125656404082 0.78586671180832657 -0.58248419410410879
6.0344758887703946 0.78358870270443115 -0.46529486565380168
6.0388392119003802 0.78176404720040016 -0.3771207447830654
6.0432025350303658 0.78024159540766147 -0.32752361540221514
6.0475658581603522 0.77884614822075982 -0.3189843525550583
6.0519291812903377 0.77739627091315988 -0.35283999293910517
6.0562925044203233 0.77570256827635242 -0.43102203620681834
6.0606558275503097 0.77357072778664782 -0.55332156816655143
6.0650191506802953 0.77081490870355551 -0.71619887374263547
6.0693824738102808 0.76726579269211848 -0.91683698910855194
6.0737457969402664 0.76275905999274296 -1.1552467481290754
6.0781091200702528 0.7571292158644598 -1.4315728695941745
6.0824724432002384 0.75021007701661635 -1.746506914056891
6.0868357663302239 0.74184312560182586 -2.092340961838306
6.0911990894602104 0.73194113630978108 -2.4449276227061372
6.0955624125901959 0.72052590281366125 -2.7845913077599094
6.0999257357201815 0.70766456949218493 -3.1080449828424626
6.1042890588501679 0.69342746245185483 -3.4147439302910296
6.1086523819801535 0.6778911570068723 -3.7036698213190236
6.113015705110139 0.66114234240147263 -3.9681902239553568
6.1173790282401255 0.64332616368416962 -4.1887081183233414
6.121742351370111 0.62467661855043288 -4.3489621853998033
6.1261056745000966 0.60546629761970683 -4.445969601170515
6.1304689976300821 0.58597053852691949 -4.4794997320351149
6.1348323207600686 0.56646985543484718 -4.4480101093085311
6.1391956438900541 0.54724673023232406 -4.3529892141777804
6.1435589670200397 0.52856505749968952 -4.2014523737507483
6.1479222901500261 0.51065548937093741 -3.9994853128674808
6.1522856132800117 0.49373540374274755 -3.7477123208752454
6.1566489364099972 0.47802327409676643 -3.4459239401009873
6.1610122595399837 0.46373821673322674 -3.0931384736425422
6.1653755826699692 0.45109594420622701 -2.6953904407404927
6.1697389057999548 0.44024823483478037 -2.2758216468326253
6.1741022289299412 0.43123794512869351 -1.8546774125368517
6.1784655520599268 0.42406121377834638 -1.4348445760961104
6.1828288751899123 0.41871593210863733 -1.0154462477642598
6.1871921983198979 0.41519971632070901 -0.59608728670959232
6.1915555214498843 0.41350886504669859 -0.18032020088550565
6.1959188445798699 0.41359889491676399 0.21672436784874494
6.2002821677098554 0.41535323331349944 0.58151694015716848
6.2046454908398418 0.41862376675138535 0.91205525613785676
6.2090088139698274 0.42326372479622076 1.2091153453007197
6.213372137099813 0.42912622813752349 1.4724439057576948
6.2177354602297994 0.43606450754669773 1.7022789444624054
6.2220987833597849 0.44393382594121256 1.8993946229352172
6.2264621064897705 0.45259325200983097 2.06447014445058
6.2308254296197561 0.4619029048490611 2.1973533971504535
6.2351887527497425 0.47172161810623986 2.2978120226113909
6.239552075879728 0.4819066718271115 2.3649755788689042
6.2439153990097136 0.49231402876978497 2.4005843141697847
6.2482787221397 0.50281838533697165 2.4105222824716859
6.2526420452696856 0.51333143373248469 2.4078297641029627
6.2570053683996711 0.52378114993353242 2.3710939208276876
6.2613686915296576 0.53409270561460509 2.382193626615253
6.2657320146596431 0.54414461884420495 2.1010214706395387
6.2700953377896287 0.55268228448368828 1.9949734363159233
6.2744586609196151 0.55853155668813126 -0.18918539301522141
6.2788219840496007 0.56168494835408223 4.9515438655258448
6.2831853071795862 0.59370344838841327 4.5654213539217618
