# q  U_kJmol  dU_dq   # conservative spline pchip_hermite_v1
0 3.827054632662835 403.3356504272582
0.0043633231299858239 3.845101731040057 -102.70128408730309
0.0087266462599716477 3.8645260917891773 33.232963443590798
0.013089969389957472 3.8846881103661204 -3.0129801480116987
0.017453292519943295 3.9052081395130376 6.7898727867799131
0.021816615649929118 3.9259885262666701 4.2495632797299727
0.026179938779914945 3.9471843757985936 5.0726082423753533
0.030543261909900768 3.9691368748293487 5.1266229379789303
0.034906585039886591 3.9922895659282904 5.4329443485101292
0.039269908169872414 4.0171076484231278 6.1238740707944679
0.043633231299858237 4.044014829496196 5.6352309280254245
0.04799655442984406 4.0618427354475628 2.0927824089107472
0.05235987755982989 4.0621496268143344 -1.5377923798144093
0.056723200689815713 4.0510879454779758 -3.3360617873367122
0.061086523819801536 4.0350735749678046 -3.7340824310414531
0.065449846949787352 4.0205199844338289 -2.7445903622966838
0.069813170079773182 4.0119678171533835 -1.1739049823848571
0.074176493209759012 4.0099300390137298 0.15910015768926491
0.078539816339744828 4.0127270327440261 1.0595025406400578
0.082903139469730658 4.0186181907525924 1.5764227966234028
0.087266462599716474 4.0259005066763462 1.6922197670369761
0.091629785729702304 4.0328499132378095 1.4397097384811899
0.09599310885968812 4.0382244838624048 1.0222838339583071
0.10035643198967395 4.0418577099219712 0.66445971825844596
0.10471975511965978 4.0441903051099235 0.42167383875539005
0.1090830782496456 4.0456866643679694 0.28144008316256819
0.11344640137963143 4.0468022092307576 0.24837881999381181
0.11780972450961724 4.0479982986500653 0.31440729456437977
0.12217304763960307 4.0496124767980621 0.42618965265721714
0.1265363707695889 4.0516956491304015 0.52294502965389555
0.1308996938995747 4.0541310699917901 0.58878606077301188
0.13526301702956053 4.0567936987409308 0.62707144443375717
0.13962634015954636 4.0595615854633227 0.6366755666837346
0.14398966328953219 4.0623108303470463 0.6195265614151545
0.14835298641951802 4.0649494802020776 0.58966173555240298
0.15271630954950383 4.0674620335420126 0.56353292620574102
0.15707963267948966 4.0698792877708456 0.54569256964933632
0.16144295580947549 4.0722348597692255 0.53525038522064849
0.16580627893946132 4.0745613874125093 0.53248047419258027
0.17016960206944712 4.0768921267360332 0.53692861317433238
0.17453292519943295 4.07925210555333 0.54490530136381499
0.17889624832941878 4.0816459833338383 0.55196121494626205
0.18325957145940461 4.0840656438428438 0.55679498101628311
0.18762289458939044 4.086502046503111 0.55964195676756323
0.19198621771937624 4.0889464566317848 0.56043687271104581
0.19634954084936207 4.0913899494159152 0.55928504326882245
0.2007128639793479 4.0938257171710983 0.55715538678235654
0.20507618710933373 4.096252373931895 0.55525024520079469
0.20943951023931956 4.098672055843986 0.55394065698439066
0.21380283336930536 4.1010871942470288 0.55316471199699468
0.21816615649929119 4.103500126828167 0.55293758202539789
0.22252947962927702 4.1059132482940095 0.55323530302968338
0.22689280275926285 4.108328409238271 0.55380365861043002
0.23125612588924865 4.1107460183360631 0.55431798373181118
0.23561944901923448 4.1131655141389274 0.55467275689821516
0.23998277214922031 4.1155862427721122 0.55488417365570775
0.24434609527920614 4.1180075785701025 0.55494882091989484
0.24870941840919197 4.1204288790924126 0.55487201710446554
0.2530727415391778 4.1228496415690001 0.55472039834177722
0.25743606466916363 4.1252697463833448 0.5545815689685003
0.26179938779914941 4.1276893408881516 0.55448546698087542
0.26616271092913524 4.1301086009301287 0.55442788160888878
0.27052603405912107 4.1325276939726576 0.55440954501911799
0.2748893571891069 4.1349467923400089 0.55442931746571322
0.27925268031909273 4.1373660325490018 0.55446974847631381
0.28361600344907856 4.139785449386733 0.55450721609129727
0.28797932657906439 4.1422050042363399 0.55453324557171513
0.29234264970905022 4.1446246498054924 0.55454892417609059
0.29670597283903605 4.1470443412650173 0.55455410633909419
0.30106929596902182 4.1494640323941816 0.55454902383938887
0.30543261909900765 4.1518836861428756 0.55453824361777426
0.30979594222899348 4.1543032924577066 0.55452813296380998
0.31415926535897931 4.1567228614573004 0.55452108661218602
0.31852258848896514 4.1591424058758371 0.55451682591546758
0.32288591161895097 4.161561937730677 0.55451537620238356
0.3272492347489368 4.1639814694349804 0.55451669408859794
0.33161255787892263 4.166401011045612 0.55451957984512779
0.33597588100890846 4.1688205654261665 0.55452230997459195
0.34033920413889424 4.1712401298741728 0.55452420552242321
0.34470252726888007 4.1736597009000462 0.55452533767989387
0.3490658503988659 4.1760792752219125 0.55452570226819164
0.35342917352885173 4.1784988494403779 0.55452530682207635
0.35779249665883756 4.1809184207994647 0.55452448696120771
0.36215581978882339 4.1833379885869943 0.55452374026505291
0.36651914291880922 4.1857575537300882 0.554523273108531
0.37088246604879505 4.1881771174125646 0.5545230660041065
0.37524578917878088 4.1905966807548491 0.55452312343306931
0.37960911230876665 4.1930162449343937 0.5545234425805593
0.38397243543875248 4.1954358108163854 0.5545238547356206
0.38833575856873831 4.1978553782138341 0.55452409943579439
0.39269908169872414 4.2002749460600786 0.55452405900075485
0.39706240482870997 4.2026945131196314 0.55452374372060875
0.4014257279586958 4.2051140781906975 0.55452313720417834
0.40578905108868163 4.2075336399643666 0.55452224424410124
0.41015237421866746 4.2099531977342037 0.55452140264558736
0.41451569734865329 4.2123727529549138 0.55452115651694744
0.41887902047863912 4.2147923089618509 0.55452177054923124
0.42324234360862489 4.2172118695111198 0.5545232241960063
0.42760566673861072 4.2196314382881726 0.55452557566137739
0.43196898986859655 4.2220510193492435 0.55452881902933837
0.43633231299858238 4.2244706147570996 0.55453180408376068
0.44069563612856821 4.226890219075579 0.55453261111426522
0.44505895925855404 4.2293098201129649 0.55453026851735576
0.44942228238853987 4.2317294040795028 0.55452483891027848
0.4537856055185257 4.2341489574409064 0.55451612034467634
0.45814892864851153 4.236568465292617 0.55450409151378954
0.46251225177849731 4.2389879196958526 0.55449288677854425
0.46687557490848314 4.2414073401610057 0.55448965197920941
0.47123889803846897 4.2438267717798821 0.55449813054025954
0.4756022211684548 4.2462462659568008 0.55451813157221264
0.47996554429844063 4.2486658731267628 0.55455034891892263
0.48432886742842646 4.2510856487909008 0.55459501485597074
0.48869219055841229 4.2535056240704066 0.55463722724012288
0.49305551368839812 4.2559257292877275 0.55465029584457415
0.49741883681838395 4.2583457975846484 0.55461976310629657
0.50178215994836972 4.2607656371437592 0.55454617232419823
0.50614548307835561 4.2631850598031651 0.55442716053438601
0.51050880620834138 4.2656038587535443 0.55426132861437227
0.51487212933832727 4.2680219122955068 0.55410233227025296
0.51923545246831304 4.2704394686871625 0.55404982911892053
0.52359877559829882 4.2728571451841155 0.55415960101568507
0.5279620987282847 4.2752756575512834 0.55443029692584145
0.53232542185827048 4.2776957079035807 0.55486988409728344
0.53668874498825636 4.2801180666730438 0.55548543091534708
0.54105206811824214 4.2825432080996846 0.55608402134844248
0.54541539124822802 4.284970249668774 0.55629376865669833
0.5497787143782138 4.2873969088281116 0.55589970512608411
0.55414203750819968 4.2898205149573716 0.55490417750426602
0.55850536063818546 4.2922384478898863 0.55328063990583365
0.56286868376817123 4.294647838327621 0.55099632839433266
0.56723200689815712 4.297046844208122 0.54874382965063062
0.57159533002814289 4.2994385950422869 0.54791003809492544
0.57595865315812877 4.3018315282064821 0.54932241088740597
0.58032197628811455 4.3042356071261239 0.55298287848082994
0.58468529941810043 4.3066606106875334 0.55897861620691114
0.58904862254808621 4.3091172221040148 0.56745388198353575
0.59341194567807209 4.311612575514256 0.57592607428023046
0.59777526880805787 4.3141356027386042 0.57922618512139334
0.60213859193804364 4.3166551278378886 0.57417277865064598
0.60650191506802953 4.3191339838805458 0.5607164262484482
0.6108652381980153 4.3215356711663002 0.53857592974014112
0.61522856132800119 4.3238204230044186 0.50713804770575965
0.61959188445798696 4.3259606825112416 0.47528557178857117
0.62395520758797285 4.3279954520510966 0.46225818977007116
0.62831853071795862 4.3300397452429626 0.48023861589181782
0.63268185384794451 4.3322318193339342 0.52949893594944097
0.63704517697793028 4.334707040232173 0.61076129580215177
0.64140850010791606 4.3376114870820954 0.72624296666942578
0.64577182323790194 4.3410474178566609 0.8435893783482149
0.65013514636788772 4.3448701518851047 0.89008981728881309
0.6544984694978736 4.3486411854666178 0.81714136834064055
0.65886179262785938 4.3518205162185346 0.62006321795408859
0.66322511575784526 4.3538618966291436 0.2921023478777765
0.66758843888783104 4.3541561509861886 -0.18260843341812288
0.67195176201781692 4.3522091654829946 -0.69800284633510212
0.6763150851478027 4.3483823467405953 -0.99515556132800742
0.68067840827778847 4.3440904576233192 -0.90338725386200591
0.68504173140777436 4.3410740654590443 -0.41609949835199228
0.68940505453776013 4.3410417741674392 0.47166490615058881
0.69376837766774602 4.3458256253420311 1.7963718025354107
0.69813170079773179 4.357024136086415 3.3315104990029036
0.70249502392771768 4.3743665924962833 4.5009097353748118
0.70685834705770345 4.3952163692278265 4.9238957896884497
0.71122167018768934 4.4162450531822461 4.5970157035938675
0.71558499331767511 4.4342755381850028 3.5431477863511724
0.71994831644766089 4.4460683705030117 1.7353957137129712
0.72431163957764677 4.4486273430060592 -0.61715650549844148
0.72867496270763255 4.4406632066481206 -2.9830866092623904
0.73303828583761843 4.423099833218 -5.0019199254681341
0.73740160896760421 4.3975282575115839 -6.6666401092854537
0.74176493209759009 4.3653931808540172 -8.0076912008081553
0.74612825522757587 4.3281214628819518 -9.023191909192219
0.75049157835756175 4.2870342408333757 -9.7751797660410507
0.75485490148754752 4.2429969706022739 -10.403378716477562
0.7592182246175333 4.1962833962385089 -11.006989958451257
0.76358154774751918 4.1469683817921332 -11.593055666736445
0.76794487087750496 4.0951489813434723 -12.155689018730166
0.77230819400749084 4.0409239227169156 -12.694987607435785
0.77667151713747662 3.9844158858100847 -13.198828869311303
0.7810348402674625 3.9258306036228827 -13.642034126205287
0.78539816339744828 3.8654834611520839 -14.004946387800537
0.78976148652743416 3.8037375523677146 -14.28317886013928
0.79412480965741994 3.7409646885954722 -14.475139823361477
0.79848813278740571 3.6775476106224256 -14.578074794497148
0.8028514559173916 3.6138646190675212 -14.600131715900741
0.80721477904737737 3.5502181972740701 -14.566654254749793
0.81157810217736326 3.4867987654237829 -14.497296873258604
0.81594142530734903 3.4237539956552041 -14.394538399246063
0.82030474843733492 3.3612317407919963 -14.258076218756507
0.82466807156732069 3.2993774190381724 -14.08819165102507
0.82903139469730658 3.2383338568075115 -13.887517937936028
0.83339471782729235 3.1782181481382255 -13.664715054620734
0.83775804095727824 3.1191097614497494 -13.426071606761422
0.84212136408726401 3.0610769064706598 -13.171383572015861
0.84648468721724979 3.0041928256422086 -12.899459101350736
0.85084801034723567 2.9485343087862348 -12.609370375657228
0.85521133347722145 2.8941783230815057 -12.303459579533797
0.85957465660720733 2.8411761830486775 -11.990801320569734
0.86393797973719311 2.7895376520158437 -11.678960947936863
0.86830130286717899 2.739254913447581 -11.36925797677686
0.87266462599716477 2.6903185198281996 -11.062057400587099
0.87702794912715065 2.6427152981096604 -10.758262597025981
0.88139127225713643 2.5964275635645131 -10.459558551588502
0.8857545953871222 2.5514256601954055 -10.16963478579196
0.89011791851710809 2.5076633031254589 -9.8917122423379578
0.89448124164709386 2.4650848812049895 -9.6270630771278771
0.89884456477707975 2.4236308157912765 -9.3765178439728842
0.90320788790706552 2.3832371708744473 -9.1412059239729953
0.90757121103705141 2.3438367886984368 -8.920990253402179
0.91193453416703718 2.3053689311791796 -8.7130909742410196
0.91629785729702307 2.2677862936795812 -8.5151145831670956
0.92066118042700884 2.2310460009385071 -8.3271333791197453
0.92502450355699462 2.1951032595575639 -8.1495250691177699
0.9293878266869805 2.1599124408518762 -7.9825996408595365
0.93375114981696627 2.1254290433179146 -7.8245387444092103
0.93811447294695216 2.0916275209020156 -7.6684979916917957
0.94247779607693793 2.0585151009608782 -7.5081071405018243
0.94684111920692382 2.0261159825072377 -7.3414893594611552
0.95120444233690959 1.9944592528987719 -7.1674923867328024
0.95556776546689548 1.9635807402549161 -6.9846065162420361
0.95993108859688125 1.9335246469524443 -6.7896305125070828
0.96429441172686703 1.9043585580040125 -6.5750445921062832
0.96865773485685291 1.876185406212056 -6.3337490579737841
0.97302105798683869 1.8491293588109534 -6.0627594117939525
0.97738438111682457 1.823323701634606 -5.7602441367135953
0.98174770424681035 1.7989108364270721 -5.423976673107469
0.98611102737679623 1.7760407540800831 -5.0532092246074409
0.99047435050678201 1.7548597212627617 -4.6505022095794022
0.99483767363676789 1.7354998358203324 -4.2186641034977601
0.99920099676675367 1.7180868368057469 -3.7580143353395385
1.0035643198967394 1.7027463747904492 -3.2688995326465977
1.0079276430267252 1.6896013683086317 -2.7515530021250689
1.0122909661567112 1.6787688744864724 -2.2106033071512003
1.016654289286697 1.6703202552124334 -1.6627506259888634
1.0210176124166828 1.6642446498391059 -1.1245154648212792
1.0253809355466685 1.6604855577893201 -0.60102737631709324
1.0297442586766545 1.658975169420837 -0.094402888234034449
1.0341075818066403 1.6596335292612507 0.39282726505590321
1.0384709049366261 1.6623690239515758 0.85653631872268809
1.0428342280666119 1.6670589109609526 1.2863438520525328
1.0471975511965976 1.6735308998638754 1.6724288477492677
1.0515608743265836 1.6815858664232421 2.0119396029147247
1.0559241974565694 1.6910205405889922 2.3048039255835246
1.0602875205865552 1.7016302608689784 2.5503551503852031
1.064650843716541 1.7132116006227149 2.7512244671208452
1.0690141668465269 1.7255911882754451 2.9190671444498228
1.0733774899765127 1.7386552762327927 3.0662896881685064
1.0777408131064985 1.7523258335249785 3.1971621778092274
1.0821041362364843 1.7665349911063588 3.3137415559961454
1.08646745936647 1.7812258361517337 3.4180497393671989
1.090830782496456 1.7963520184543138 3.5147373825024619
1.0951941056264418 1.8119081409943285 3.6185996091965542
1.0995574287564276 1.8279626519814691 3.7447348468004331
1.1039207518864134 1.8446260598643685 3.8976449920586562
1.1082840750163994 1.8620154883650455 4.0776908477061022
1.1126473981463851 1.880251414340594 4.2857810788592108
1.1170107212763709 1.8994556663555009 4.5211550337176272
1.1213740444063567 1.9197387692209866 4.7791041316523533
1.1257373675363425 1.9411858687981667 5.0540021779685089
1.1301006906663285 1.9638641380320505 5.3432559844590202
1.1344640137963142 1.9878324547933752 5.644803958829022
1.1388273369263 2.0131399960469394 5.9571125338935511
1.1431906600562858 2.0398269556204971 6.275531368999788
1.1475539831862718 2.0678879751895698 6.5826996910225128
1.1519173063162575 2.0972278844670127 6.8596414233426559
1.1562806294462433 2.1276967550447043 7.1002225779225538
1.1606439525762291 2.1591346026463372 7.3033923671408099
1.1650072757062149 2.1913750407265975 7.4681721479245073
1.1693705988362009 2.224247895793912 7.5925216918102336
1.1737339219661866 2.2575599651939324 7.6671431572790878
1.1780972450961724 2.2910693031752678 7.681921167986081
1.1824605682261582 2.324507281435269 7.6347562150516692
1.1868238913561442 2.3576074984868409 7.5273471850502238
1.19118721448613 2.3901096485181501 7.3607201637513562
1.1955505376161157 2.4217594230665846 7.1373864726754439
1.1999138607461015 2.4523243693342671 6.8654250617259089
1.2042771838760873 2.4816144625459415 6.5542070174942246
1.2086405070060733 2.5094692367533749 6.207663555690897
1.2130038301360591 2.5357380682146204 5.8277888818892931
1.2173671532660448 2.5602790503563071 5.4154354442853272
1.2217304763960306 2.5829550197805964 4.9744538954183017
1.2260937995260166 2.6036777243282678 4.5254792347323685
1.2304571226560024 2.6224715338981741 4.0931829257278576
1.2348204457859882 2.6394328366814417 3.6851934685917036
1.2391837689159739 2.6546659886910984 3.3013198002169988
1.2435470920459597 2.6682767377670062 2.9411328932884815
1.2479104151759457 2.6803692728955739 2.6064250811295246
1.2522737383059315 2.6910826690690772 2.3133701198807035
1.2566370614359172 2.7006472097945982 2.0821768579080886
1.261000384565903 2.7093515998268991 1.9187139921662455
1.265363707695889 2.7174872190559056 1.8213046650364206
1.2697270308258748 2.7253408450082346 1.7894625455728554
1.2740903539558606 2.733196845163115 1.821988436731846
1.2784536770858463 2.7413270223683188 1.9138696268648587
1.2828170002158321 2.749975660235215 2.0587965221507352
1.2871803233458181 2.7593668928314856 2.2542455705580609
1.2915436464758039 2.769719463562728 2.4990604220510177
1.2959069696057897 2.7812472983707583 2.7933714384579824
1.3002702927357754 2.7941643678313826 3.1345319664600613
1.3046336158657614 2.8086378088240425 3.5008284678871902
1.3089969389957472 2.8247095465918948 3.8634720913908365
1.313360262125733 2.8423327780687413 4.2122375090819792
1.3177235852557188 2.8614483578272747 4.5473238096624824
1.3220869083857045 2.8819956634421695 4.8686584747716104
1.3264502315156905 2.903913116615533 5.1746597705498871
1.3308135546456763 2.9271127937024808 5.452956214922148
1.3351768777756621 2.9514342578376231 5.6866453258129974
1.3395402009056478 2.9766638914684216 5.8692877485686097
1.3439035240356338 3.0025795013156586 6.0010828014372608
1.3482668471656196 3.0289582265051243 6.0813173262359088
1.3526301702956054 3.0555735453905104 6.1096686714507893
1.3569934934255912 3.0822050292256131 6.0898128093580173
1.3613568165555769 3.1086551967897074 6.0273352282217978
1.3657201396855629 3.134743694823106 5.9237718775804709
1.3700834628155487 3.1602904341067672 5.7793513305431263
1.3744467859455345 3.1851158719448329 5.5921806477721603
1.3788101090755203 3.2090319786318089 5.364143537175063
1.3831734322055063 3.2319191202021798 5.1307883153151383
1.387536755335492 3.2538749331971335 4.9444476514440181
1.3919000784654778 3.2751677009791029 4.8269548602889714
1.3962634015954636 3.2960956594445814 4.7765659708721993
1.4006267247254494 3.3169544825594515 4.7972559440903151
1.4049900478554354 3.3380627798893836 4.8888768104184139
1.4093533709854211 3.3596430452197041 4.9977305011824571
1.4137166941154069 3.381581417329381 5.0414122505144174
1.4180800172453927 3.4034945566494885 4.9866988591162391
1.4224433403753787 3.4249629966852848 4.8387691814819949
1.4268066635053644 3.4455852523178687 4.5976550377684902
1.4311699866353502 3.4649515033228897 4.264682579832022
1.435533309765336 3.4827231357854953 3.8777424358278449
1.4398966328953218 3.4987984251102389 3.4957768919508583
1.4442599560253078 3.5132714587652751 3.1426297316951564
1.4486232791552935 3.5262628131131044 2.816826414955349
1.4529866022852793 3.5378848768594291 2.5130043227151146
1.4573499254152651 3.5482256295070904 2.2316765213379477
1.4617132485452511 3.5574983409680949 2.0455141726273802
1.4660765716752369 3.5663879682699977 2.0737710745696805
1.4704398948052226 3.575987071217833 2.371316071484217
1.4748032179352084 3.5874641742408921 2.9318964428617349
1.4791665410651942 3.6019643885477168 3.7617859099618101
1.4835298641951802 3.6206844726425791 4.8615546282728808
1.487893187325166 3.6445595201047674 6.0782507692283945
1.4922565104551517 3.6735222289121854 7.1540074930860937
1.4966198335851375 3.7066105882021612 7.9688910535420971
1.5009831567151235 3.7426981810026452 8.5323094757351416
1.5053464798451093 3.7807050463693725 8.8454679029948018
1.509709802975095 3.8195231917926842 8.9068054640811933
1.5140731261050808 3.858182693870631 8.7970167417740139
1.5184364492350666 3.8962440807808187 8.6545252429652262
1.5227997723650526 3.9337570038958969 8.5459503350959274
1.5271630954950384 3.970864330462633 8.4667778924148944
1.5315264186250241 4.0076817063228445 8.4138195051404061
1.5358897417550099 4.0443265074466854 8.3868164273756491
1.5402530648849959 4.0808856148670021 8.3702148266590495
1.5446163880149817 4.1173484306801047 8.3385004244260159
1.5489797111449675 4.1536105189068016 8.2777442793304985
1.5533430342749532 4.1895419078346983 8.1871010502406083
1.557706357404939 4.2250104019973227 8.0647950254798761
1.562069680534925 4.2598713212630228 7.9086616287235509
1.5664330036649108 4.2939978238065626 7.7328157695238202
1.5707963267948966 4.3273642199575839 7.5647742008101879
1.5751596499248823 4.3600448773773808 7.4186964538239701
1.5795229730548683 4.3921323969342216 7.2917582341060774
1.5838862961848541 4.4237052836787383 7.1839418476208765
1.5882496193148399 4.4548531808771221 7.0961088675721076
1.5926129424448257 4.4855863570089847 6.9779146848432871
1.5969762655748114 4.5155624923137845 6.7328802626478623
1.6013395887047974 4.5440812172233134 6.3086676264297177
1.6057029118347832 4.5703620636275568 5.7098590964966496
1.610066234964769 4.5936574838816462 4.9380261100354046
1.6144295580947547 4.6132007769896415 3.9917661683797054
1.6187928812247407 4.6283869709725263 2.9731456359835917
1.6231562043547265 4.6393343337866062 2.0837613852636303
1.6275195274847123 4.6469268870606744 1.4389161554929988
1.6318828506146981 4.6522470681780064 1.0387161839723882
1.6362461737446838 4.6563459802224045 0.88231052870960425
1.6406094968746698 4.6603106737764586 0.97616852258160536
1.6449728200046556 4.6650983032494455 1.2306694255792729
1.6493361431346414 4.6710135410432354 1.4599032520017594
1.6536994662646272 4.6776416779658332 1.5539067516152176
1.6580627893946132 4.684375210010975 1.5112766107660696
1.6624261125245989 4.6906340678868483 1.3338961044700903
1.6667894356545847 4.6958108569786594 1.0157106583523823
1.6711527587845705 4.6993700880337208 0.60970627200504868
1.6755160819145565 4.7011703463023666 0.23037767675358514
1.6798794050445423 4.7015210090741588 -0.052352606823610828
1.684242728174528 4.7008556543493132 -0.2373334985394433
1.6886060513045138 4.6995890981735 -0.32659749105543806
1.6929693744344996 4.6981497938219903 -0.31668919523858025
1.6973326975644856 4.6969310688878929 -0.234172046639742
1.7016960206944713 4.6961255725130515 -0.13837467183407681
1.7060593438244571 4.6956883026305212 -0.066792403647998197
1.7104226669544429 4.695505705259583 -0.020645043359282095
1.7147859900844289 4.6954728863023307 0.0012632197629162388
1.7191493132144147 4.6954791122364643 -0.0026918515627207939
1.7235126363444004 4.6954215957777494 -0.025760580562282451
1.7278759594743862 4.69524920574744 -0.052337884233325076
1.732239282604372 4.6949746306036886 -0.07219849926061872
1.736602605734358 4.6946293968572412 -0.085017320881100589
1.7409659288643438 4.6942423302602672 -0.09122484538331159
1.7453292519943295 4.6938435111632639 -0.090418498920972284
1.7496925751243153 4.6934609199413906 -0.084359319007999881
1.7540558982543013 4.6931088881687071 -0.077233790503452152
1.7584192213842871 4.6927843569974543 -0.071875934128106236
1.7627825445142729 4.6924788993672308 -0.068410866565254552
1.7671458676442586 4.6921847833299521 -0.066717087471543812
1.7715091907742444 4.6918939402602735 -0.066909039745333951
1.7758725139042304 4.6915988100945496 -0.068532273101417199
1.7802358370342162 4.6912954434686247 -0.070457950412157563
1.7845991601642019 4.690984657124786 -0.071896402964542139
1.7889624832941877 4.6906688001110153 -0.07280467354080479
1.7933258064241737 4.6903500364845208 -0.073217914221267874
1.7976891295541595 4.690030622517309 -0.073102261964361093
1.8020524526841453 4.6897126736990158 -0.072591409458932957
1.806415775814131 4.6893972104492612 -0.072034158501411677
1.8107790989441168 4.6890837577376931 -0.071682719561827701
1.8151424220741028 4.688771337556064 -0.071553466753340539
1.8195057452040886 4.6884590287629475 -0.071635416534323579
1.8238690683340744 4.6881458675454866 -0.07194636892645645
1.8282323914640601 4.6878309860570271 -0.072389464598453163
1.8325957145940461 4.6875143523255485 -0.07269365428846998
1.8369590377240319 4.6871971112324298 -0.072656144515917745
1.8413223608540177 4.6868808278988432 -0.072261078071754317
1.8456856839840035 4.6865670228185587 -0.071516425215891702
1.8500490071139892 4.6862572925393113 -0.070384554804857377
1.8544123302439752 4.6859530065461064 -0.069111847131194074
1.858775653373961 4.6856533170342267 -0.06843102511793113
1.8631389765039468 4.6853541504282692 -0.06890718944899013
1.8675022996339325 4.6850502289550633 -0.07059303641470592
1.8718656227639185 4.6847363874215118 -0.073463221210324003
1.8762289458939043 4.6844072210944088 -0.07765371805487456
1.8805922690238901 4.684058037382087 -0.082321038069027172
1.8849555921538759 4.6836919841312765 -0.084822841739805199
1.8893189152838616 4.6833240186089808 -0.083061728360025441
1.8936822384138476 4.6829736620817837 -0.076812106025617763
1.8980455615438334 4.6826600732171224 -0.06618507290527044
1.9024088846738192 4.6824032062564136 -0.050664136661591669
1.906772207803805 4.6822207616490434 -0.033206765354756078
1.911135530933791 4.6821020405944545 -0.023575058293655395
1.9154988540637767 4.6819920572727947 -0.029738547653344247
1.9198621771937625 4.6818181528784546 -0.052657566881771277
1.9242255003237483 4.6815088963327538 -0.091828177098551525
1.9285888234537341 4.6809903782701117 -0.14916562207776754
1.9329521465837201 4.6801959566958429 -0.21422013399557618
1.9373154697137058 4.6791624812523249 -0.25072325598467249
1.9416787928436916 4.6780940216461353 -0.22807092797212641
1.9460421159736774 4.6772648355450759 -0.1417181125646948
1.9504054391036634 4.6769479249154795 0.0069453112670749776
1.9547687622336491 4.6774281775281361 0.22624254245619313
1.9591320853636349 4.6789741143511812 0.48118975682455145
1.9634954084936207 4.6814871338663897 0.63973123916330377
1.9678587316236065 4.6842511085810834 0.58807926118171383
1.9722220547535925 4.686290536796216 0.31052829826765593
1.9765853778835782 4.6866423446219567 -0.18609965871303374
1.980948701013564 4.6843255319636743 -0.91716746694493845
1.9853120241435498 4.6783795409358424 -1.8263158114211542
1.9896753472735358 4.6684555706225614 -2.6889509579486992
1.9940386704035216 4.6552705268507353 -3.3064680662040415
1.9984019935335073 4.6399974146796774 -3.6515635162641202
2.0027653166634933 4.623781366347675 -3.7376298355639754
2.0071286397934789 4.6077737971774786 -3.5532445437188325
2.0114919629234649 4.5931102397951156 -3.1373052420404797
2.0158552860534504 4.5805033600006508 -2.6473059566259991
2.0202186091834364 4.5699071120839267 -2.2267664037057791
2.0245819323134224 4.560939230070022 -1.896933326997605
2.028945255443408 4.5532332514582645 -1.6496023927815668
2.033308578573394 4.5464224181241928 -1.4856817796496038
2.0376719017033795 4.5401384671660479 -1.4109809715587358
2.0420352248333655 4.5339381475370653 -1.4539465134161695
2.0463985479633515 4.5272400940849735 -1.6415010563447701
2.0507618710933371 4.5193932568740909 -1.9803794428169508
2.0551251942233231 4.5097387005034735 -2.4700530261950879
2.0594885173533091 4.4976068405132734 -3.1186449506773846
2.0638518404832946 4.482323980053704 -3.9043405107290861
2.0682151636132806 4.4634937714715202 -4.7184115943765628
2.0725784867432662 4.4412608452760631 -5.454944907793486
2.0769418098732522 4.4160331910471404 -6.0933001931477859
2.0813051330032382 4.388223251631131 -6.6378175762277589
2.0856684561332237 4.3582567982031994 -7.0795510873137673
2.0900317792632097 4.3265754376065466 -7.4298927923106923
2.0943951023931953 4.2934481226398544 -7.7600407707916634
2.0987584255231813 4.2587828421654219 -8.1406993366943574
2.1031217486531673 4.222319085511633 -8.5818854217459926
2.1074850717831528 4.1838168490236711 -9.0745791446702775
2.1118483949131388 4.1430540664816995 -9.6184106408455623
2.1162117180431244 4.099822090113344 -10.20232053331558
2.1205750411731104 4.0540285685050623 -10.781730863233809
2.1249383643030963 4.0058053865202901 -11.311879849119808
2.1293016874330819 3.9553984142636605 -11.78384858936778
2.1336650105630679 3.9030519881359216 -12.200758490018014
2.1380283336930539 3.8490040869710551 -12.564468466555255
2.1423916568230394 3.7934827708920804 -12.875612195251579
2.1467549799530254 3.736732137833346 -13.125588872017332
2.151118303083011 3.6790421929390842 -13.305577777615008
2.155481626212997 3.620719479671759 -13.416528210558065
2.159844949342983 3.5620550172049619 -13.462766500795396
2.1642082724729685 3.5033234766921697 -13.447951815489713
2.1685715956029545 3.4447837428313548 -13.375215193987129
2.1729349187329401 3.3866858721128277 -13.245297107507401
2.1772982418629261 3.3292796882160682 -13.058334529237937
2.1816615649929121 3.2728112420314219 -12.815793142874174
2.1860248881228976 3.2175187082751027 -12.519682477629145
2.1903882112528836 3.1636342693850525 -12.170033978436571
2.1947515343828692 3.1113889109107444 -11.769655243301827
2.1991148575128552 3.0609745205490961 -11.334989058437426
2.2034781806428412 3.0124961613737136 -10.884034597940111
2.2078415037728267 2.9660121817447278 -10.420167263983295
2.2122048269028127 2.9215847851175112 -9.9413543766023924
2.2165681500327987 2.8792830203911222 -9.444994104853528
2.2209314731627843 2.8391856128307085 -8.9321668928456202
2.2252947962927703 2.8013313029828835 -8.421991283227241
2.2296581194227558 2.7656532824140969 -7.936974261845398
2.2340214425527418 2.7320241221848058 -7.4822190655516678
2.2383847656827278 2.7003175402599147 -7.0556967974216498
2.2427480888127134 2.6704112448324837 -6.6568877761049148
2.2471114119426994 2.6421846418596795 -6.2859888485147053
2.2514747350726849 2.6155103506215145 -5.9462311872296203
2.2558380582026709 2.5902427752513306 -5.6416832428459616
2.2602013813326569 2.5662235142494589 -5.3741683574331267
2.2645647044626425 2.5432899384146426 -5.1440359703251444
2.2689280275926285 2.5212764562716501 -4.9530084451658496
2.2732913507226145 2.5000113013921372 -4.8001291826285302
2.2776546738526 2.4793537315241423 -4.6704171489704907
2.282017996982586 2.4592478378591824 -4.5450952467748467
2.2863813201125716 2.4396918849157547 -4.4186788842007951
2.2907446432425576 2.4206883771407912 -4.2917215299939286
2.2951079663725436 2.4022406715771267 -4.163992539191721
2.2994712895025291 2.384354199891761 -4.0338484146356874
2.3038346126325151 2.3670547539117348 -3.8926687685270012
2.3081979357625007 2.3504159869241659 -3.7296729183688901
2.3125612588924866 2.3345454853016192 -3.5403661949987484
2.3169245820224726 2.3195598159158446 -3.3240027501641434
2.3212879051524582 2.3055804547239238 -3.0785108711767317
2.3256512282824442 2.2927370804744376 -2.8039081945923328
2.3300145514124297 2.2811361848841285 -2.5124982916444711
2.3343778745424157 2.270811595161041 -2.2209519056343354
2.3387411976724017 2.2617471080251144 -1.9346413579330317
2.3431045208023873 2.2539215957969123 -1.6531908171522487
2.3474678439323733 2.2473130751140347 -1.3767053793516963
2.3518311670623593 2.2418978890261654 -1.1068794902406949
2.3561944901923448 2.2376288297093438 -0.85417333317849375
2.3605578133223308 2.2343987853999567 -0.6324310320015184
2.3649211364523164 2.2320562638406325 -0.44751660284520012
2.3692844595823024 2.2304390357421529 -0.30002587646415674
2.3736477827122884 2.2293807315369181 -0.1919403987431095
2.3780111058422739 2.2287065449017329 -0.12338548697702184
2.3823744289722599 2.2282655687037796 -0.081247139053078843
2.3867377521022455 2.2279866038379046 -0.046620970276926257
2.3911010752322315 2.2278577770188646 -0.012645889433127453
2.3954643983622175 2.227875324992179 0.020694829499472472
2.399827721492203 2.2280375712741836 0.053483995560960111
2.404191044622189 2.2283445404055775 0.087977942699330167
2.4085543677521746 2.2288321151602335 0.14089236934475077
2.4129176908821606 2.2296350973144503 0.23577414912000047
2.4172810140121466 2.2309655718365931 0.38286779412811689
2.4216443371421321 2.2330535139182741 0.58308480256617456
2.4260076602721181 2.23613439854212 0.83861645874164936
2.4303709834021041 2.2404540021797636 1.1506502871005262
2.4347343065320897 2.2462456411681178 1.5107607300857309
2.4390976296620757 2.2536881185935544 1.9054149856968301
2.4434609527920612 2.2629160897558154 2.329335487105928
2.4478242759220472 2.2740573876657164 2.7821208610943948
2.4521875990520332 2.2872366859601261 3.2637912815025483
2.4565509221820188 2.3025775324259472 3.7717211232562167
2.4609142453120048 2.3201552363229805 4.2824522672375593
2.4652775684419903 2.3399017505765807 4.7607118916765065
2.4696408915719763 2.3616290060149567 5.1899637322305745
2.4740042147019623 2.3851181429157893 5.5679345295318097
2.4783675378319479 2.4101392366880074 5.8914759189051535
2.4827308609619338 2.436446597942493 6.1570078983340286
2.4870941840919194 2.463779994746341 6.3611610472576841
2.4914575072219054 2.4918642428886142 6.500713904242545
2.4958208303518914 2.5204116544671127 6.5730444016254577
2.5001841534818769 2.5491254831596728 6.5770372558505281
2.5045474766118629 2.577705498703283 6.5111521767228684
2.5089107997418489 2.6058455409685464 6.3761931514944905
2.5132741228718345 2.6332788243849836 6.193479398108761
2.5176374460018205 2.6598756355429569 5.9982458857478678
2.522000769131806 2.6856321257582794 5.8090156060957732
2.526364092261792 2.7105842412836374 5.6303608170756636
2.530727415391778 2.7347889091152342 5.4672557751095008
2.5350907385217636 2.7583271915876342 5.3262507295488257
2.5394540616517496 2.7813280335065 5.2256862249421339
2.5438173847817351 2.8040268916745386 5.1918036506021261
2.5481807079117211 2.8267517515474387 5.2381471751062367
2.5525440310417071 2.8498558898215696 5.3653057266246424
2.5569073541716927 2.8736902579356269 5.5731696706880385
2.5612706773016787 2.8986049215882095 5.8593808975552921
2.5656340004316642 2.9249035067862712 6.2009429106328229
2.5699973235616502 2.9527435625805856 6.5598351091589739
2.5743606466916362 2.9821429671982238 6.9146706912622076
2.5787239698216218 3.0130740879333371 7.2616958680288217
2.5830872929516078 3.0454967136741584 7.5973733095773275
2.5874506160815938 3.0793532566761916 7.9190105568717311
2.5918139392115793 3.1145989765807345 8.2378006951391001
2.5961772623415653 3.1512688549870034 8.5753098349843437
2.6005405854715509 3.1894790523698124 8.9447077129310451
2.6049039086015369 3.2293720217538713 9.3456411814675526
2.6092672317315229 3.2710889660150522 9.7835709807886513
2.6136305548615084 3.3148094449274335 10.262520019198545
2.6179938779914944 3.3605638983530222 10.684780884629246
2.62235720112148 3.4076992784451487 10.864701485140543
2.626720524251466 3.4548791742030049 10.702820172603138
2.631083847381452 3.5006087197189797 10.203844167353438
2.6354471705114375 3.5434305091178215 9.3652162884049481
2.6398104936414235 3.5818311124281745 8.1796943293197657
2.6441738167714091 3.6145338261123685 6.8030460723366257
2.6485371399013951 3.6413641009518751 5.5399891918401867
2.6529004630313811 3.663287686086738 4.5576820983393009
2.6572637861613666 3.6815436448516983 3.854701873448497
2.6616271092913526 3.6973264848327818 3.4268645019891655
2.6659904324213386 3.7118580043154488 3.2804583895784427
2.6703537555513241 3.7263249685557027 3.3891906949234825
2.6747170786813101 3.7417280370755748 3.6999005636005213
2.6790804018112957 3.7588639950558016 4.1833937057148649
2.6834437249412817 3.7784822734285228 4.8368760805429103
2.6878070480712677 3.8013267489278437 5.6643409725620373
2.6921703712012532 3.8281710669386664 6.6692579159486396
2.6965336943312392 3.8595738856679382 7.7064086107893859
2.7008970174612248 3.8950263910690035 8.471442568663905
2.7052603405912108 3.9328416360913501 8.7830155987076282
2.7096236637211968 3.9710107852887599 8.6395162083070218
2.7139869868511823 4.0075754677813604 8.042117280208446
2.7183503099811683 4.0405109836171187 6.976831145305523
2.7227136331111539 4.0680298791824079 5.6159496533007012
2.7270769562411399 4.0896366551600476 4.3356939833614172
2.7314402793711259 4.106319316174746 3.3671520883693336
2.7358036025011114 4.119483114975659 2.7166118332574278
2.7401669256310974 4.1304810739834483 2.3788015552720925
2.7445302487610834 4.1407148860940213 2.3660724656925942
2.748893571891069 4.1514983185571106 2.6073015147386749
2.753256895021055 4.1636017957467768 2.9406014257542155
2.7576202181510405 4.1771440694840889 3.2630122689596308
2.7619835412810265 4.1920543306288014 3.5698714806726
2.7663468644110125 4.2082784082215019 3.8638962993623225
2.7707101875409981 4.225749247581259 4.1414617109140162
2.7750735106709841 4.2443593662738843 4.3776962632627514
2.7794368338009696 4.263808649751045 4.5154706174727268
2.7838001569309556 4.2835660942053462 4.5169817347319654
2.7881634800609416 4.3030241245411531 4.3791768084968199
2.7925268031909272 4.3215790558002229 4.1020982254329228
2.7968901263209132 4.3386140476219026 3.6822589184380203
2.8012534494508987 4.3535536557640997 3.1529816554066534
2.8056167725808847 4.3660888846100487 2.596120886704079
2.8099800957108707 4.3762510773006325 2.0681323162484184
2.8143434188408563 4.3841870827690999 1.574754303963066
2.8187067419708423 4.3900448553386031 1.1167536492910937
2.8230700651008283 4.3939909160740296 0.69885035593949751
2.8274333882308138 4.3962003925099378 0.3200805335913588
2.8317967113607998 4.3968319328713301 -0.025833226171701393
2.8361600344907854 4.3960167218795254 -0.34303025222224576
2.8405233576207713 4.3938824146260922 -0.62998512952686492
2.8448866807507573 4.3905655916063377 -0.88495032842593035
2.8492500038807429 4.3862070832919429 -1.1073826585047843
2.8536133270107289 4.3809570942822971 -1.2918351671182799
2.8579766501407144 4.3750078071180862 -1.4253317733830861
2.8623399732707004 4.3686063060665319 -1.4986142004285405
2.8667032964006864 4.3620185717587567 -1.510951807202505
2.871066619530672 4.3555086196028592 -1.4628844398104326
2.875429942660658 4.3493404794051864 -1.3543246431957952
2.8797932657906435 4.3437739822026318 -1.1879593531992334
2.8841565889206295 4.3390479833086717 -0.97043698782940879
2.8885199120506155 4.3353719594349895 -0.70709802298763047
2.8928832351806011 4.3329417012395846 -0.39954121312131952
2.8972465583105871 4.3319479119779718 -0.048938742202611074
2.9016098814405731 4.3325757868998043 0.34371201393906015
2.9059732045705586 4.3349994612498168 0.77218141748175761
2.9103365277005446 4.3393434861806925 1.220689585837315
2.9146998508305302 4.3456629134957545 1.6767099439474895
2.9190631739605162 4.3539820824151416 2.1372280251331248
2.9234264970905022 4.364317704434896 2.6004674176598463
2.9277898202204877 4.3766762544471209 3.0642656279427229
2.9321531433504737 4.391047193332521 3.5203128990778594
2.9365164664804593 4.4073559069098485 3.9482580122553248
2.9408797896104453 4.4254360211900599 4.3306714355676812
2.9452431127404313 4.4450727709378164 4.6612617487291956
2.9496064358704168 4.4660312400341793 4.9354980676518139
2.9539697590004028 4.4880539250823741 5.148410753676437
2.9583330821303884 4.5108627933827083 5.2947644682785313
2.9626964052603744 4.534152659031518 5.3676861273984597
2.9670597283903604 4.5575924854894714 5.3634606500861723
2.9714230515203459 4.5808487310337922 5.2843254190890478
2.9757863746503319 4.6036062968770759 5.136003975406962
2.9801496977803179 4.6255788191709044 4.9258018893385316
2.9845130209103035 4.6465212445027486 4.6669329909514321
2.9888763440402895 4.6662676699594394 4.382059227903409
2.993239667170275 4.6847534757586518 4.0913760054119814
2.997602990300261 4.7019772184440596 3.8045137482872349
3.001966313430247 4.7179676381983242 3.5269449357002562
3.0063296365602326 4.732772879336868 3.2612432665999389
3.0106929596902186 4.7464496719949372 3.0108859398390089
3.0150562828202041 4.7590854344868054 2.7863932736038159
3.0194196059501901 4.7708133376939701 2.5947635820128045
3.0237829290801761 4.7817718244817806 2.4325651875430894
3.0281462522101616 4.7920762068121023 2.2942475975113625
3.0325095753401476 4.8018217434258741 2.1757532433230624
3.0368728984701332 4.8110866200942937 2.0733368036245854
3.0412362216001192 4.8199332437006488 1.9834498589142144
3.0455995447301052 4.8284102295821896 1.9037002757887846
3.0499628678600907 4.8365601646897227 1.8335778255878032
3.0543261909900767 4.8444252819445008 1.7731273303575945
3.0586895141200627 4.8520493860905693 1.7235170235280941
3.0630528372500483 4.8594766417749788 1.6813573061597205
3.0674161603800343 4.8667100357306348 1.6309739433820005
3.0717794835100198 4.8736765841360343 1.5579081197225275
3.0761428066400058 4.8802690014254795 1.4598516842552511
3.0805061297699918 4.886380991385181 1.3375921423542754
3.0848694528999774 4.8919054568979288 1.1904171910867687
3.0892327760299634 4.8967353106419829 1.0198446110481425
3.0935960991599489 4.9007811636822121 0.83269083194146443
3.0979594222899349 4.9039871734576037 0.63540565650128489
3.1023227454199209 4.9063132291095082 0.42925455374489246
3.1066860685499065 4.9077189229912168 0.2133381102304624
3.1110493916798925 4.9081643030872479 -0.0099022767749050306
3.115412714809878 4.9076085625031718 -0.24960728541069649
3.119776037939864 4.9059280850949216 -0.52917881796046939
3.12413936106985 4.9028392242541274 -0.91283287563396009
3.1285026841998356 4.897980882712444 -1.2835835449311812
3.1328660073298216 4.8922434112086011 -1.2379773608611941
3.1372293304598076 4.888030848938401 -0.60564630680726717
3.1415926535897931 4.8866763107533453 -0.1670937344478127
3.1459559767197791 4.8853228570030476 -0.58785686161608208
3.1503192998497647 4.8811133854142028 -1.3062645432390045
3.1546826229797507 4.8740465606975603 -1.9400952075484923
3.1590459461097367 4.8641211480137354 -2.6163564769401404
3.1634092692397222 4.8519174691858487 -2.8093214616494318
3.1677725923697082 4.8409750383433288 -2.0604504315972743
3.1721359154996938 4.8343500261012089 -1.0273609589951036
3.1764992386296798 4.8316292069666851 -0.25582605949404752
3.1808625617596658 4.8317822307770859 0.28517918026326833
3.1852258848896513 4.8337719559301702 0.58835500440581012
3.1895892080196373 4.8365650399422311 0.64981815466517789
3.1939525311496229 4.8391212245579078 0.49025856714677118
3.1983158542796088 4.8407059685860609 0.23624039142321279
3.2026791774095948 4.8412401184957732 0.021624025666799246
3.2070425005395804 4.8409957552646024 -0.12349385041600283
3.2114058236695664 4.840252521651335 -0.2066701965637123
3.2157691467995524 4.8392870701298536 -0.22463072418325405
3.2201324699295379 4.838378930369533 -0.18299338246039668
3.2244957930595239 4.8377285142728779 -0.1149798188564376
3.2288591161895095 4.8373610255691659 -0.056947130199558466
3.2332224393194955 4.8372044112630723 -0.017578346248877174
3.2375857624494815 4.8371834290936535 0.0051541731559576632
3.241949085579467 4.8372239988377563 0.010429077948542526
3.246312408709453 4.8372510189375282 -0.00039913144652462831
3.2506757318394386 4.8372098279546458 -0.018575733692912173
3.2550390549694246 4.8370925579611335 -0.034247675761095789
3.2594023780994106 4.8369182408488696 -0.044914089519668694
3.2637657012293961 4.8367071020960735 -0.051115897238262001
3.2681290243593821 4.8364789616950752 -0.052648420013240591
3.2724923474893677 4.8362539802340061 -0.049834066327606029
3.2768556706193537 4.8360470491527723 -0.04497650418900357
3.2812189937493397 4.8358605775625323 -0.040743669611819411
3.2855823168793252 4.8356895407014902 -0.037853522148413699
3.2899456400093112 4.8355285000350756 -0.036161931327415561
3.2943089631392972 4.8353721518108816 -0.03571927929639615
3.2986722862692828 4.835215084473937 -0.036449618130609852
3.3030356093992688 4.8350532438276943 -0.037747226057132779
3.3073989325292543 4.834885902519428 -0.038890317863686651
3.3117622556592403 4.8347143854290566 -0.039673375622128255
3.3161255787892263 4.8345401550893436 -0.040134601903695784
3.3204889019192119 4.8343646307879178 -0.040261794391512777
3.3248522250491979 4.8341892648436948 -0.040072582306093833
3.3292155481791834 4.8340151602925117 -0.039726089797517287
3.3335788713091694 4.8338425342778599 -0.039417435110109679
3.3379421944391554 4.8336710379139687 -0.039205288880224967
3.342305517569141 4.833500277880276 -0.039079574483897685
3.346668840699127 4.8333298743632236 -0.039043192160881049
3.351032163829113 4.8331594376677494 -0.039092124866012573
3.3553954869590985 4.8329886678747735 -0.039184609143070752
3.3597588100890845 4.8328175007588365 -0.039267939447154003
3.3641221332190701 4.832646028069548 -0.039325409859605753
3.3684854563490561 4.8324743555844112 -0.039359664172663462
3.372848779479042 4.8323025849483789 -0.039370029599187735
3.3772121026090276 4.8321308207089029 -0.039357399216728865
3.3815754257390136 4.8319591443664329 -0.039332723842185301
3.3859387488689991 4.8317875747689021 -0.039310229779084965
3.3903020719989851 4.8316160878225611 -0.039294662219854538
3.3946653951289711 4.8314446550805741 -0.039285331579121424
3.3990287182589567 4.8312732493398061 -0.039282388862072533
3.4033920413889427 4.8311018425568824 -0.039285642233764975
3.4077553645189282 4.8309304125973762 -0.039292223041801189
3.4121186876489142 4.830758953967031 -0.039298294099108386
3.4164820107789002 4.8305874729833329 -0.039302510712075411
3.4208453339088858 4.8304159772962088 -0.039305051567366078
3.4252086570388718 4.8302444741863448 -0.039305884364234191
3.4295719801688578 4.8300729711747836 -0.039305048233427092
3.4339353032988433 4.8299014742696507 -0.039303293901041134
3.4382986264288293 4.8297299850632704 -0.039301655618112601
3.4426619495588149 4.8295585019018548 -0.039300513598276306
3.4470252726888009 4.8293870227283202 -0.039299821883992447
3.4513885958187869 4.8292155455939536 -0.039299586867248361
3.4557519189487724 4.82904406848197 -0.039299801230510086
3.4601152420787584 4.8288725897623905 -0.039300268706278424
3.464478565208744 4.8287011089760776 -0.039300710722670412
3.46884188833873 4.8285296265552073 -0.039301020001453399
3.473205211468716 4.8283581430528839 -0.039301208261201565
3.4775685345987015 4.8281866589907203 -0.039301274413602455
3.4819318577286875 4.8280151749094431 -0.039301219603544033
3.4862951808586731 4.8278436912510347 -0.039301095089714438
3.4906585039886591 4.8276722081472903 -0.039300975853099933
3.4950218271186451 4.827500725485482 -0.039300892101595875
3.4993851502486306 4.8273292431169095 -0.039300840877257534
3.5037484733786166 4.8271577609019438 -0.039300822299799358
3.5081117965086026 4.8269862786956308 -0.039300836272517056
3.5124751196385882 4.82681479637818 -0.039300869422702438
3.5168384427685742 4.8266433139119114 -0.039300901581556753
3.5212017658985597 4.8264718313261694 -0.03930092425937276
3.5255650890285457 4.8263003486609266 -0.039300938193816831
3.5299284121585317 4.8261288659535619 -0.039300943399829522
3.5342917352885173 4.8259573832429288 -0.039300939849458129
3.5386550584185033 4.8257859005614785 -0.039300931027514557
3.5430183815484888 4.8256144179199456 -0.039300922355806629
3.5473817046784748 4.8254429353107069 -0.039300916215563579
3.5517450278084608 4.8252714527230207 -0.039300912425964542
3.5561083509384463 4.8250999701468773 -0.039300910969960669
3.5604716740684323 4.8249284875718663 -0.039300911868753612
3.5648349971984179 4.8247570049891984 -0.039300914215541764
3.5691983203284039 4.8245855223958269 -0.039300916553294096
3.5735616434583899 4.8244140397937274 -0.03930091821564629
3.5779249665883754 4.8242425571857863 -0.039300919245870432
3.5822882897183614 4.8240710745746842 -0.039300919652337299
3.5866516128483474 4.8238995919632091 -0.039300919426075664
3.591014935978333 4.8237281093537394 -0.039300918802262309
3.595378259108319 4.8235566267471395 -0.039300918171828972
3.5997415822383045 4.8233851441428994 -0.039300917721771342
3.6041049053682905 4.8232136615402421 -0.039300917441686609
3.6084682284982765 4.8230421789384508 -0.039300917328463622
3.6128315516282621 4.8228706963367767 -0.0393009173854445
3.6171948747582481 4.8226992137345777 -0.039300917551039878
3.6215581978882336 4.8225277311316104 -0.039300917720807918
3.6259215210182196 4.8223562485280054 -0.03930091784282546
3.6302848441482056 4.8221847659239705 -0.03930091791899637
3.6346481672781912 4.8220132833196994 -0.039300917950307067
3.6390114904081772 4.8218418007153918 -0.039300917936367981
3.6433748135381627 4.8216703181112202 -0.039300917892418956
3.6477381366681487 4.8214988355072554 -0.039300917846436897
3.6521014597981347 4.821327352903463 -0.039300917813547574
3.6564647829281203 4.821155870299787 -0.039300917792632312
3.6608281060581063 4.8209843876961767 -0.039300917783996046
3.6651914291880923 4.8208129050925761 -0.039300917787537727
3.6695547523180778 4.8206414224889409 -0.039300917799117929
3.6739180754480638 4.8204699398852497 -0.03930091781154342
3.6782813985780494 4.8202984572815124 -0.039300917820487918
3.6826447217080354 4.8201269746777431 -0.039300917826023067
3.6870080448380214 4.8199554920739569 -0.03930091782851261
3.6913713679680069 4.8197840094701663 -0.039300917827687326
3.6957346910979929 4.8196125268663863 -0.039300917824224228
3.7000980142279785 4.8194410442626214 -0.039300917821192584
3.7044613373579645 4.8192695616588672 -0.039300917819072932
3.7088246604879505 4.8190980790551219 -0.039300917817136523
3.713187983617936 4.8189265964513828 -0.039300917816632489
3.717551306747922 4.8187551138476428 -0.039300917816921015
3.7219146298779076 4.8185836312439019 -0.039300917817492294
3.7262779530078936 4.8184121486401565 -0.039300917818582665
3.7306412761378795 4.8182406660364077 -0.03930091781913387
3.7350045992678651 4.818069183432657 -0.039300917819514683
3.7393679223978511 4.8178977008289046 -0.039300917819882888
3.7437312455278371 4.8177262182251512 -0.039300917819849242
3.7480945686578226 4.8175547356213988 -0.039300917819627641
3.7524578917878086 4.8173832530176472 -0.039300917819326348
3.7568212149177942 4.8172117704138975 -0.039300917818921109
3.7611845380477802 4.8170402878101486 -0.039300917819011363
3.7655478611777662 4.8168688052063988 -0.039300917819043595
3.7699111843077517 4.8166973226026499 -0.039300917818836434
3.7742745074377377 4.816525839998901 -0.039300917819022133
3.7786378305677233 4.8163543573951513 -0.039300917819097184
3.7830011536977093 4.8161828747914015 -0.039300917819221959
3.7873644768276953 4.8160113921876508 -0.03930091781924646
3.7917277999576808 4.8158399095839011 -0.039300917819035698
3.7960911230876668 4.8156684269801513 -0.039300917819243567
3.8004544462176524 4.8154969443764006 -0.039300917819233519
3.8048177693476384 4.8153254617726509 -0.039300917819065855
3.8091810924776244 4.8151539791689011 -0.039300917819123898
3.8135444156076099 4.8149824965651513 -0.039300917819071399
3.8179077387375959 4.8148110139614015 -0.03930091781922334
3.8222710618675819 4.8146395313576509 -0.039300917819266715
3.8266343849975675 4.8144680487539011 -0.039300917818953299
3.8309977081275535 4.8142965661501522 -0.039300917818942245
3.835361031257539 4.8141250835464025 -0.039300917819299862
3.839724354387525 4.8139536009426518 -0.039300917819101812
3.844087677517511 4.8137821183389029 -0.039300917818913698
3.8484510006474966 4.8136106357351531 -0.039300917819265591
3.8528143237774826 4.8134391531314025 -0.039300917819267422
3.8571776469074681 4.8132676705276527 -0.039300917818908189
3.8615409700374541 4.8130961879239038 -0.039300917819121983
3.8659042931674401 4.8129247053201532 -0.039300917819224686
3.8702676162974257 4.8127532227164034 -0.039300917819222757
3.8746309394274117 4.8125817401126527 -0.039300917819127763
3.8789942625573972 4.8124102575089038 -0.039300917818899002
3.8833575856873832 4.8122387749051541 -0.039300917819298412
3.8877209088173692 4.8120672923014034 -0.039300917819138845
3.8920842319473548 4.8118958096976545 -0.039300917818779056
3.8964475550773408 4.8117243270939056 -0.039300917819156421
3.9008108782073267 4.811552844490155 -0.039300917819216075
3.9051742013373123 4.8113813618864052 -0.039300917819222764
3.9095375244672983 4.8112098792826545 -0.039300917819136374
3.9139008475972838 4.8110383966789056 -0.039300917818864557
3.9182641707272698 4.8108669140751559 -0.039300917819427572
3.9226274938572558 4.8106954314714043 -0.039300917819267318
3.9269908169872414 4.8105239488676554 -0.039300917818746658
3.9313541401172274 4.8103524662639066 -0.039300917819157538
3.9357174632472129 4.8101809836601559 -0.039300917819256008
3.9400807863771989 4.8100095010564061 -0.03930091781906192
3.9444441095071849 4.8098380184526563 -0.039300917819117126
3.9488074326371705 4.8096665358489066 -0.039300917819102395
3.9531707557671565 4.8094950532451568 -0.039300917819106128
3.957534078897142 4.809323570641407 -0.03930091781910592
3.961897402027128 4.8091520880376573 -0.039300917819103019
3.966260725157114 4.8089806054339075 -0.039300917819102832
3.9706240482870996 4.8088091228301577 -0.039300917819118507
3.9749873714170856 4.8086376402264079 -0.039300917819055974
3.9793506945470716 4.8084661576226582 -0.039300917819278434
3.9837140176770571 4.8082946750189075 -0.039300917819073786
3.9880773408070431 4.8081231924151586 -0.039300917819059249
3.9924406639370287 4.807951709811408 -0.039300917819322032
3.9968039870670147 4.8077802272076582 -0.039300917818896122
4.0011673101970002 4.8076087446039093 -0.039300917819115634
4.0055306333269867 4.8074372620001586 -0.039300917819262184
4.0098939564569722 4.8072657793964089 -0.039300917819067117
4.0142572795869578 4.8070942967926591 -0.039300917819114108
4.0186206027169442 4.8069228141889093 -0.03930091781909726
4.0229839258469298 4.8067513315851595 -0.039300917819117681
4.0273472489769153 4.8065798489814098 -0.03930091781907679
4.0317105721069009 4.80640836637766 -0.039300917819219947
4.0360738952368873 4.8062368837739093 -0.039300917819274896
4.0404372183668729 4.8060654011701596 -0.039300917818911964
4.0448005414968584 4.8058939185664107 -0.039300917819111388
4.0491638646268449 4.80572243596266 -0.039300917819263294
4.0535271877568304 4.8055509533589102 -0.039300917819066916
4.057890510886816 4.8053794707551605 -0.039300917819113802
4.0622538340168024 4.8052079881514107 -0.039300917819098669
4.066617157146788 4.8050365055476609 -0.039300917819112352
4.0709804802767735 4.8048650229439112 -0.039300917819096691
4.0753438034067591 4.8046935403401614 -0.039300917819145652
4.0797071265367455 4.8045220577364116 -0.039300917818941516
4.0840704496667311 4.8043505751326627 -0.039300917819098426
4.0884337727967166 4.8041790925289121 -0.039300917819309583
4.092797095926703 4.8040076099251623 -0.039300917818894728
4.0971604190566886 4.8038361273214134 -0.039300917819121664
4.1015237421866741 4.8036646447176627 -0.03930091781926344
4.1058870653166606 4.803493162113913 -0.03930091781905605
4.1102503884466461 4.8033216795101632 -0.039300917819133183
4.1146137115766317 4.8031501969064134 -0.039300917819055974
4.1189770347066181 4.8029787143026637 -0.039300917819263738
4.1233403578366037 4.802807231698913 -0.039300917819120575
4.1277036809665892 4.8026357490951641 -0.039300917818898787
4.1320670040965748 4.8024642664914143 -0.039300917819318465
4.1364303272265612 4.8022927838876637 -0.039300917819058846
4.1407936503565468 4.8021213012839148 -0.039300917819066972
4.1451569734865323 4.8019498186801641 -0.039300917819318076
4.1495202966165188 4.8017783360764144 -0.039300917818892188
4.1538836197465043 4.8016068534726655 -0.039300917819123322
4.1582469428764899 4.8014353708689148 -0.039300917819259346
4.1626102660064763 4.801263888265165 -0.039300917819070767
4.1669735891364619 4.8010924056614153 -0.039300917819078428
4.1713369122664474 4.8009209230576655 -0.039300917819260303
4.1757002353964339 4.8007494404539148 -0.039300917819111839
4.1800635585264194 4.8005779578501659 -0.039300917818913164
4.184426881656405 4.8004064752464162 -0.039300917819269643
4.1887902047863905 4.8002349926426655 -0.039300917819263773
4.193153527916377 4.8000635100389157 -0.039300917818906739
4.1975168510463625 4.7998920274351669 -0.039300917819119423
4.2018801741763481 4.7997205448314162 -0.039300917819260414
4.2062434973063345 4.7995490622276664 -0.039300917819070406
4.2106068204363201 4.7993775796239166 -0.039300917819078789
4.2149701435663056 4.7992060970201669 -0.039300917819259228
4.2193334666962921 4.7990346144164162 -0.039300917819115773
4.2236967898262776 4.7988631318126673 -0.039300917818898495
4.2280601129562632 4.7986916492089176 -0.039300917819324391
4.2324234360862487 4.7985201666051669 -0.03930091781905945
4.2367867592162352 4.798348684001418 -0.039300917819058624
4.2411500823462207 4.7981772013976673 -0.039300917819326889
4.2455134054762063 4.7980057187939176 -0.039300917818889308
4.2498767286061927 4.7978342361901687 -0.039300917819126022
4.2542400517361783 4.797662753586418 -0.039300917819227447
4.2586033748661638 4.7974912709826683 -0.039300917819219676
4.2629666979961502 4.7973197883789176 -0.039300917819125328
4.2673300211261358 4.7971483057751687 -0.039300917818899835
4.2716933442561213 4.7969768231714189 -0.039300917819309465
4.2760566673861078 4.7968053405676683 -0.039300917819093791
4.2804199905160933 4.7966338579639194 -0.039300917818936229
4.2847833136460789 4.7964623753601696 -0.039300917819195431
4.2891466367760644 4.7962908927564198 -0.039300917818926834
4.2935099599060509 4.796119410152671 -0.039300917819107398
4.2978732830360364 4.7959479275489203 -0.039300917819264411
4.302236606166022 4.7957764449451705 -0.039300917819090439
4.3065999292960084 4.7956049623414208 -0.039300917818994648
4.310963252425994 4.7954334797376719 -0.039300917818941121
4.3153265755559795 4.7952619971339221 -0.039300917819275021
4.319689898685966 4.7950905145301714 -0.039300917819190262
4.3240532218159515 4.7949190319264217 -0.039300917819195418
4.3284165449459371 4.794747549322671 -0.039300917819283541
4.3327798680759235 4.7945760667189212 -0.039300917818901868
4.3371431912059091 4.7944045841151723 -0.039300917819119152
4.3415065143358946 4.7942331015114217 -0.03930091781926634
4.3458698374658802 4.7940616189076719 -0.039300917819070962
4.3502331605958666 4.7938901363039221 -0.039300917819070622
4.3545964837258522 4.7937186537001724 -0.039300917819267388
4.3589598068558377 4.7935471710964217 -0.039300917819115315
4.3633231299858242 4.7933756884926728 -0.039300917818892174
4.3676864531158097 4.793204205888923 -0.039300917819326125
4.3720497762457953 4.7930327232851724 -0.039300917819058818
4.3764130993757817 4.7928612406814235 -0.039300917819059422
4.3807764225057673 4.7926897580776728 -0.039300917819324321
4.3851397456357528 4.7925182754739231 -0.039300917818898787
4.3895030687657384 4.7923467928701742 -0.03930091781911469
4.3938663918957248 4.7921753102664235 -0.039300917819263231
4.3982297150257104 4.7920038276626737 -0.039300917819063891
4.4025930381556959 4.791832345058924 -0.039300917819125994
4.4069563612856824 4.7916608624551742 -0.039300917819052962
4.4113196844156679 4.7914893798514244 -0.039300917819283007
4.4156830075456535 4.7913178972476738 -0.03930091781907049
4.4200463306756399 4.7911464146439249 -0.039300917819055863
4.4244096538056255 4.7909749320401742 -0.039300917819326889
4.428772976935611 4.7908034494364244 -0.039300917818892063
4.4331363000655974 4.7906319668326756 -0.039300917819114996
4.437499623195583 4.7904604842289249 -0.039300917819268789
4.4418629463255686 4.7902890016251751 -0.03930091781906532
4.4462262694555541 4.7901175190214254 -0.039300917819114697
4.4505895925855405 4.7899460364176756 -0.039300917819096698
4.4549529157155261 4.7897745538139258 -0.039300917819119346
4.4593162388455116 4.789603071210176 -0.039300917819070698
4.4636795619754981 4.7894315886064263 -0.03930091781921867
4.4680428851054836 4.7892601060026756 -0.039300917819286116
4.4724062082354692 4.7890886233989258 -0.039300917818892368
4.4767695313654556 4.7889171407951769 -0.039300917819154554
4.4811328544954412 4.7887456581914263 -0.039300917819110222
4.4854961776254267 4.7885741755876774 -0.039300917819049361
4.4898595007554132 4.7884026929839267 -0.03930091781931315
4.4942228238853987 4.788231210380177 -0.039300917818929533
4.4985861470153843 4.7880597277764281 -0.03930091781900287
4.5029494701453698 4.7878882451726783 -0.039300917819093159
4.5073127932753563 4.7877167625689285 -0.039300917819245315
4.5116761164053418 4.7875452799651779 -0.039300917819157094
4.5160394395353274 4.787373797361429 -0.039300917818771125
4.5204027626653138 4.7872023147576801 -0.039300917819157878
4.5247660857952994 4.7870308321539294 -0.039300917819218191
4.5291294089252849 4.7868593495501797 -0.039300917819224838
4.5334927320552714 4.786687866946429 -0.03930091781911392
4.5378560551852569 4.7865163843426801 -0.039300917818940302
4.5422193783152425 4.7863449017389303 -0.039300917819158995
4.5465827014452289 4.7861734191351806 -0.039300917819044531
4.5509460245752145 4.7860019365314308 -0.039300917819283701
4.5553093477052 4.7858304539276801 -0.039300917819076166
4.5596726708351856 4.7856589713239313 -0.039300917819056473
4.564035993965172 4.7854874887201806 -0.039300917819318756
4.5683993170951576 4.7853160061164308 -0.039300917818900001
4.5727626402251431 4.7851445235126819 -0.03930091781911537
4.5771259633551296 4.7849730409089313 -0.039300917819259353
4.5814892864851151 4.7848015583051815 -0.039300917819078726
4.5858526096151007 4.7846300757014317 -0.039300917819070517
4.5902159327450871 4.784458593097682 -0.039300917819260033
4.5945792558750727 4.7842871104939313 -0.039300917819120838
4.5989425790050582 4.7841156278901824 -0.03930091781890143
4.6033059021350438 4.7839441452864326 -0.039300917819307619
4.6076692252650302 4.783772662682682 -0.039300917819099578
4.6120325483950158 4.7836011800789331 -0.039300917818914892
4.6163958715250013 4.7834296974751833 -0.039300917819275
4.6207591946549877 4.7832582148714327 -0.039300917819216581
4.6251225177849733 4.7830867322676829 -0.039300917819090148
4.6294858409149588 4.7829152496639331 -0.039300917819067617
4.6338491640449453 4.7827437670601833 -0.039300917819260185
4.6382124871749308 4.7825722844564327 -0.039300917819123121
4.6425758103049164 4.7824008018526838 -0.039300917818892125
4.6469391334349028 4.782229319248934 -0.039300917819318527
4.6513024565648884 4.7820578366451834 -0.039300917819065251
4.6556657796948739 4.7818863540414345 -0.039300917819065279
4.6600291028248595 4.7817148714376838 -0.039300917819318479
4.6643924259548459 4.781543388833934 -0.039300917818892299
4.6687557490848315 4.7813719062301852 -0.039300917819122511
4.673119072214817 4.7812004236264345 -0.039300917819262496
4.6774823953448035 4.7810289410226847 -0.039300917819058957
4.681845718474789 4.7808574584189349 -0.039300917819122483
4.6862090416047746 4.7806859758151852 -0.039300917819095886
4.690572364734761 4.7805144932114354 -0.039300917819114774
4.6949356878647466 4.7803430106076856 -0.039300917819065861
4.6992990109947321 4.7801715280039359 -0.039300917819266548
4.7036623341247186 4.7800000454001852 -0.039300917819099425
4.7080256572547041 4.7798285627964363 -0.03930091781895656
4.7123889803846897 4.7796570801926865 -0.039300917819108494
4.7167523035146752 4.7794855975889368 -0.039300917819254245
4.7211156266446617 4.7793141149851861 -0.03930091781910601
4.7254789497746472 4.7791426323814372 -0.039300917818942536
4.7298422729046328 4.7789711497776874 -0.039300917819157996
4.7342055960346192 4.7787996671739377 -0.039300917819046301
4.7385689191646048 4.7786281845701879 -0.039300917819277637
4.7429322422945903 4.7784567019664372 -0.039300917819098662
4.7472955654245768 4.7782852193626884 -0.039300917818948525
4.7516588885545623 4.7781137367589386 -0.039300917819117417
4.7560222116845479 4.7779422541551888 -0.039300917819226601
4.7603855348145334 4.7777707715514381 -0.039300917819231687
4.7647488579445199 4.7775992889476884 -0.039300917819078116
4.7691121810745054 4.7774278063439386 -0.039300917819076686
4.773475504204491 4.7772563237401888 -0.039300917819259894
4.7778388273344774 4.7770848411364382 -0.039300917819115232
4.782202150464463 4.7769133585326893 -0.039300917818900001
4.7865654735944485 4.7767418759289395 -0.039300917819318916
4.7909287967244349 4.7765703933251888 -0.0393009178190558
4.7952921198544205 4.77639891072144 -0.039300917819078726
4.7996554429844061 4.7762274281176893 -0.039300917819274125
4.8040187661143925 4.7760559455139395 -0.039300917819056258
4.808382089244378 4.7758844629101898 -0.039300917819121678
4.8127454123743636 4.77571298030644 -0.039300917819101805
4.8171087355043491 4.7755414977026902 -0.039300917819115884
4.8214720586343356 4.7753700150989404 -0.03930091781905546
4.8258353817643211 4.7751985324951907 -0.039300917819283104
4.8301987048943067 4.77502704989144 -0.039300917819067589
4.8345620280242931 4.7748555672876911 -0.039300917819067346
4.8389253511542787 4.7746840846839405 -0.039300917819283854
4.8432886742842642 4.7745126020801907 -0.039300917819052726
4.8476519974142507 4.7743411194764409 -0.039300917819126063
4.8520153205442362 4.7741696368726911 -0.039300917819063828
4.8563786436742218 4.7739981542689414 -0.039300917819263384
4.8607419668042082 4.7738266716651907 -0.039300917819114101
4.8651052899341938 4.7736551890614418 -0.039300917818901042
4.8694686130641793 4.773483706457692 -0.039300917819315863
4.8738319361941649 4.7733122238539414 -0.039300917819091001
4.8781952593241513 4.7731407412501925 -0.039300917818940927
4.8825585824541369 4.7729692586464427 -0.039300917819155456
4.8869219055841224 4.772797776042693 -0.039300917819082001
4.8912852287141089 4.7726262934389432 -0.039300917819137367
4.8956485518440944 4.7724548108351934 -0.039300917818989381
4.90001187497408 4.7722833282314445 -0.039300917818939282
4.9043751981040664 4.7721118456276947 -0.039300917819263634
4.908738521234052 4.7719403630239441 -0.039300917819237675
4.9131018443640375 4.7717688804201943 -0.039300917819041152
4.9174651674940231 4.7715973978164445 -0.039300917819242484
4.9218284906240095 4.7714259152126939 -0.039300917819220384
4.9261918137539951 4.7712544326089441 -0.03930091781910746
4.9305551368839806 4.7710829500051943 -0.03930091781899453
4.9349184600139671 4.7709114674014454 -0.039300917818924558
4.9392817831439526 4.7707399847976957 -0.039300917819317417
4.9436451062739382 4.770568502193945 -0.039300917819061268
4.9480084294039246 4.7703970195901961 -0.039300917819058319
4.9523717525339102 4.7702255369864455 -0.039300917819326292
4.9567350756638957 4.7700540543826957 -0.039300917818892014
4.9610983987938821 4.7698825717789468 -0.039300917819115787
4.9654617219238677 4.7697110891751962 -0.03930091781926566
4.9698250450538533 4.7695396065714464 -0.039300917819077047
4.9741883681838388 4.7693681239676966 -0.03930091781907092
4.9785516913138252 4.7691966413639468 -0.039300917819260088
4.9829150144438108 4.7690251587601962 -0.039300917819120249
4.9872783375737963 4.7688536761564473 -0.039300917818903706
4.9916416607037828 4.7686821935526975 -0.039300917819275076
4.9960049838337683 4.7685107109489469 -0.039300917819227482
5.0003683069637539 4.7683392283451971 -0.03930091781907049
5.0047316300937403 4.7681677457414473 -0.039300917819111381
5.0090949532237259 4.7679962631376975 -0.039300917819104809
5.0134582763537114 4.7678247805339478 -0.039300917819114135
5.0178215994836979 4.767653297930198 -0.039300917819059471
5.0221849226136834 4.7674818153264482 -0.039300917819268803
5.026548245743669 4.7673103327226976 -0.03930091781912079
5.0309115688736545 4.7671388501189487 -0.039300917818892868
5.035274892003641 4.7669673675151989 -0.039300917819317896
5.0396382151336265 4.7667958849114482 -0.039300917819067055
5.0440015382636121 4.7666244023076993 -0.039300917819058728
5.0483648613935985 4.7664529197039487 -0.039300917819318847
5.0527281845235841 4.7662814371001989 -0.039300917818897357
5.0570915076535696 4.76610995449645 -0.03930091781912589
5.0614548307835561 4.7659384718926994 -0.039300917819219905
5.0658181539135416 4.7657669892889496 -0.039300917819225969
5.0701814770435272 4.7655955066851989 -0.039300917819131698
5.0745448001735127 4.76542402408145 -0.039300917818892084
5.0789081233034992 4.7652525414777003 -0.039300917819310097
5.0832714464334847 4.7650810588739496 -0.039300917819099029
5.0876347695634703 4.7649095762702007 -0.039300917818938602
5.0919980926934567 4.764738093666451 -0.039300917819156692
5.0963614158234423 4.7645666110627012 -0.039300917819055432
5.1007247389534278 4.7643951284589514 -0.039300917819266361
5.1050880620834143 4.7642236458552008 -0.03930091781911061
5.1094513852133998 4.7640521632514519 -0.039300917818912019
5.1138147083433854 4.7638806806477021 -0.039300917819275451
5.1181780314733718 4.7637091980439514 -0.039300917819217664
5.1225413546033574 4.7635377154402017 -0.039300917819085415
5.1269046777333429 4.7633662328364519 -0.039300917819085436
5.1312680008633285 4.7631947502327021 -0.039300917819217615
5.1356313239933149 4.7630232676289515 -0.039300917819275583
5.1399946471233005 4.7628517850252017 -0.039300917818911575
5.144357970253286 4.7626803024214528 -0.039300917819112262
5.1487212933832724 4.7625088198177021 -0.039300917819260185
5.153084616513258 4.7623373372139524 -0.039300917819078504
5.1574479396432436 4.7621658546102026 -0.03930091781907058
5.16181126277323 4.7619943720064528 -0.039300917819259998
5.1661745859032155 4.7618228894027022 -0.039300917819120915
5.1705379090332011 4.7616514067989533 -0.039300917818901153
5.1749012321631875 4.7614799241952035 -0.039300917819284617
5.1792645552931731 4.7613084415914528 -0.039300917819191872
5.1836278784231586 4.7611369589877031 -0.039300917819203376
5.1879912015531442 4.7609654763839524 -0.039300917819250117
5.1923545246831306 4.7607939937802026 -0.039300917819027642
5.1967178478131162 4.7606225111764529 -0.03930091781926015
5.2010811709431017 4.7604510285727022 -0.03930091781918725
5.2054444940730882 4.7602795459689524 -0.039300917819222313
5.2098078172030737 4.7601080633652018 -0.039300917819154992
5.2141711403330593 4.7599365807614529 -0.039300917818802544
5.2185344634630457 4.759765098157704 -0.039300917819034324
5.2228977865930313 4.7595936155539542 -0.039300917819070323
5.2272611097230168 4.7594221329502053 -0.039300917818718521
5.2316244328530024 4.7592506503464573 -0.039300917818868436
5.2359877559829888 4.7590791677427076 -0.039300917819207228
5.2403510791129744 4.7589076851389569 -0.039300917819534126
5.2447144022429599 4.7587362025352045 -0.039300917819743743
5.2490777253729464 4.758564719931452 -0.039300917819775745
5.2534410485029319 4.7583932373276987 -0.039300917820048797
5.2578043716329175 4.7582217547239454 -0.039300917819559203
5.2621676947629039 4.7580502721201956 -0.039300917818777883
5.2665310178928895 4.7578787895164485 -0.039300917818118092
5.270894341022875 4.7577073069127058 -0.039300917816677217
5.2752576641528615 4.7575358243089694 -0.039300917815748522
5.279620987282847 4.7573643417052338 -0.039300917816018854
5.2839843104128326 4.7571928591014956 -0.039300917817111543
5.2883476335428181 4.7570213764977494 -0.039300917819798463
5.2927109566728046 4.756849893893988 -0.039300917823811406
5.2970742798027901 4.7566784112902081 -0.039300917828278076
5.3014376029327757 4.7565069286864103 -0.039300917831459746
5.3058009260627621 4.7563354460826064 -0.039300917830730399
5.3101642491927477 4.7561639634788158 -0.039300917825580803
5.3145275723227332 4.7559924808750562 -0.03930091781639921
5.3188908954527196 4.7558209982713464 -0.03930091780268051
5.3232542185827052 4.755649515667705 -0.03930091778551828
5.3276175417126908 4.7554780330641329 -0.039300917773256588
5.3319808648426772 4.7553065504605847 -0.039300917775321603
5.3363441879726627 4.7551350678569912 -0.039300917793979227
5.3407075111026483 4.7549635852532823 -0.039300917827838337
5.3450708342326338 4.7547921026493905 -0.039300917878928227
5.3494341573626203 4.7546206200452419 -0.03930091794296544
5.3537974804926058 4.7544491374408357 -0.039300917989302658
5.3581608036225914 4.7542776548363328 -0.03930091798359648
5.3625241267525778 4.7541061722319906 -0.039300917916091971
5.3668874498825634 4.7539346896280712 -0.039300917790608313
5.3712507730125489 4.753763207024833 -0.039300917601013008
5.3756140961425354 4.7535917244225461 -0.039300917362448839
5.3799774192725209 4.7534202418212281 -0.039300917186039848
5.3843407424025065 4.7532487592202912 -0.039300917202050908
5.388704065532492 4.7530772766187779 -0.03930091744876231
5.3930673886624785 4.7529057940157102 -0.039300917910870543
5.397430711792464 4.7527343114101308 -0.039300918611357483
5.4017940349224496 4.7525628288010209 -0.039300919501689645
5.406157358052436 4.7523913461882676 -0.039300920172203373
5.4105206811824216 4.7522198635740178 -0.039300920133743353
5.4148840043124071 4.7520483809618206 -0.039300919234816441
5.4192473274423936 4.7518768983553361 -0.039300917529902904
5.4236106505723791 4.7517054157581331 -0.039300914939212138
5.4279739737023647 4.7515339331740254 -0.039300911621780961
5.4323372968323511 4.7513624506035965 -0.039300909073630846
5.4367006199623367 4.7511909680390456 -0.039300909137396867
5.4410639430923222 4.7510194854671868 -0.039300912413679952
5.4454272662223078 4.7508480028743394 -0.039300918700005572
5.4497905893522942 4.7506765202472065 -0.039300928282004211
5.4541539124822798 4.7505050375714957 -0.039300940640425726
5.4585172356122653 4.750333554844457 -0.039300950314975464
5.4628805587422518 4.7501620720944029 -0.039300950372948944
5.4672438818722373 4.749990589370312 -0.039300938439703184
5.4716072050022229 4.7498191067233071 -0.039300915263377555
5.4759705281322093 4.7496476242029475 -0.039300879826609639
5.4803338512621949 4.7494761418627531 -0.039300833802592937
5.4846971743921804 4.7493046597150732 -0.039300797099788752
5.4890604975221668 4.7491331776572592 -0.039300795784576875
5.4934238206521524 4.7489616955074414 -0.039300839218102832
5.497787143782138 4.7487902130745905 -0.03930092465560666
5.5021504669121235 4.7486187301739466 -0.039301055702043584
5.5065137900421099 4.7484472466052248 -0.039301227046108035
5.5108771131720955 4.748275762314778 -0.039301366181526722
5.5152404363020811 4.7481042776743152 -0.039301375170587696
5.5196037594320675 4.747932793358963 -0.039301217202600394
5.523967082562053 4.7477613100824811 -0.039300902281282364
5.5283304056920386 4.7475898285338136 -0.039300417702315238
5.532693728822025 4.7474183494620421 -0.039299779993586907
5.5370570519520106 4.7472468730948014 -0.039299252920787738
5.5414203750819961 4.747075398087758 -0.039299204219550132
5.5457836982119817 4.7469039219354476 -0.039299778322113683
5.5501470213419681 4.7467324419711341 -0.039300938980963054
5.5545103444719537 4.7465609556254433 -0.03930273069508658
5.5588736676019392 4.7463894600982464 -0.039305103430215774
5.5632369907319257 4.7462179544405556 -0.039307098728678359
5.5676003138619112 4.7460464435080185 -0.039307336731345233
5.5719636369918968 4.7458749365958806 -0.039305251916610134
5.5763269601218832 4.7457034436669971 -0.039300974772400202
5.5806902832518688 4.7455319743051279 -0.039294350501001031
5.5850536063818543 4.7453605389721032 -0.039285524735346654
5.5894169295118408 4.7451891415699237 -0.039277976231117791
5.5937802526418263 4.745017764584289 -0.039276879303355321
5.5981435757718119 4.7448463735403941 -0.039284443884211484
5.6025068989017974 4.7446749312197305 -0.039300203545502579
5.6068702220317839 4.7445034018696344 -0.039324692658740411
5.6112335451617694 4.7443317464212376 -0.039357512379839796
5.615596868291755 4.7441599490073889 -0.039386051442152487
5.6199601914217414 4.7439880727112413 -0.039390919200176032
5.624323514551727 4.7438162453552843 -0.039363495783026135
5.6286868376817125 4.7436446059678499 -0.039305435260945924
5.633050160811699 4.7434732879448518 -0.039214909219436336
5.6374134839416845 4.7433024371202874 -0.039092898015496307
5.6417768070716701 4.7431321174319434 -0.038985064526160872
5.6461401302016565 4.7429621020108161 -0.038964028593784443
5.6505034533316421 4.7427919170806208 -0.039063352934560772
5.6548667764616276 4.7426210433456877 -0.039277224606702424
5.6592300995916132 4.7424489830279137 -0.039611835095795876
5.6635934227215996 4.7422751919970327 -0.040065306412136167
5.6679567458515852 4.7420994145654118 -0.040472509882477532
5.6723200689815707 4.7419224653257954 -0.040561649061127789
5.6766833921115571 4.7417460997583429 -0.040202261287328303
5.6810467152415427 4.7415722573678165 -0.039414561118586093
5.6854100383715283 4.7414027958978764 -0.038177841781718007
5.6897733615015147 4.7412397447789303 -0.036492887492325141
5.6941366846315002 4.7410841199157971 -0.034956073912898553
5.6985000077614858 4.7409330014103928 -0.034584021786012824
5.7028633308914722 4.7407798869054121 -0.035883048746531893
5.7072266540214578 4.7406175332169926 -0.03878373585717243
5.7115899771514433 4.7404390062458024 -0.043354285184041996
5.7159533002814289 4.7402367396924348 -0.049613465283614558
5.7203166234114153 4.7400067195485676 -0.055410293175949581
5.7246799465414009 4.7397593932449231 -0.056944603708328489
5.7290432696713864 4.7395188373185517 -0.052254404142815521
5.7334065928013729 4.7393120992866544 -0.04157445184636905
5.7377699159313584 4.7391650641294438 -0.024684316160886122
5.742133239061344 4.7391059314772841 -0.0014388276906252078
5.7464965621913304 4.7391504813717278 0.020413261273885066
5.750859885321316 4.7392613917903494 0.026672420440210006
5.7552232084513015 4.7393495100651846 0.009739106610202981
5.7595865315812871 4.7393137570584072 -0.029625140647662088
5.7639498547112735 4.7390572979970287 -0.092148762756981709
5.7683131778412591 4.7384746614114546 -0.17869947846262876
5.7726765009712446 4.7375032689375143 -0.26152499960289055
5.7770398241012311 4.7362746447464419 -0.28782056028980502
5.7814031472312166 4.7351159911519618 -0.22856405888774825
5.7857664703612022 4.7344001077123776 -0.086759931273520316
5.7901297934911886 4.734481012675297 0.13902474244728288
5.7944931166211742 4.7357396517838168 0.45166362266731597
5.7988564397511597 4.738401815948321 0.75006652502789006
5.8032197628811462 4.7419739069587665 0.83442839640738331
5.8075830860111317 4.7452078761970125 0.5917222176837218
5.8119464091411173 4.7466654762674327 0.024368181014129086
5.8163097322711028 4.7449471954610933 -0.86842581336260616
5.8206730554010893 4.7386008963800466 -2.095461620682856
5.8250363785310748 4.7263909996477382 -3.5080281509889208
5.8293997016610604 4.7081637349630876 -4.799476449964887
5.8337630247910468 4.684944056574742 -5.7908849907699418
5.8381263479210324 4.6580668157441716 -6.4810880411748286
5.8424896710510179 4.6288213757761554 -6.8718757811601616
5.8468529941810043 4.5985515108140893 -6.951118301317079
5.8512163173109899 4.5684717075135186 -6.8170264511342378
5.8555796404409755 4.539063021260171 -6.682048466719742
5.8599429635709619 4.5099772237817719 -6.6726241934941122
5.8643062867009474 4.4806519870358192 -6.7879236158970233
5.868669609830933 4.4505697766190959 -7.021233271733589
5.8730329329609186 4.4192039703056292 -7.3756875142412159
5.877396256090905 4.3860562300895261 -7.8322639220821682
5.8817595792208905 4.3507631458146907 -8.3517014741449582
5.8861229023508761 4.3131171459929458 -8.9101503447470787
5.8904862254808625 4.2729494090936688 -9.5084815739448469
5.8948495486108481 4.2300779560280608 -10.149464789547656
5.8992128717408336 4.1843147608770757 -10.834354405118773
5.9035761948708201 4.1354670872196087 -11.562759335457173
5.9079395180008056 4.0833528869912001 -12.330879437763075
5.9123028411307912 4.0278045437461829 -13.137035145547625
5.9166661642607767 3.9686535978005515 -13.982402185347388
5.9210294873907632 3.9057250061863864 -14.869063318080965
5.9253928105207487 3.8388320750061586 -15.800048695287083
5.9297561336507343 3.7678000941036776 -16.760926125402396
5.9341194567807207 3.6925774183622262 -17.713541521086739
5.9384827799107063 3.6132675454688261 -18.633661800372256
5.9428461030406918 3.5300137219078174 -19.52237578403259
5.9472094261706783 3.442942800914206 -20.383503178975364
5.9515727493006638 3.3521703742219753 -21.219690342578854
5.9559360724306494 3.2578123340489133 -22.02406837873075
5.9602993955606358 3.1600524079472718 -22.77461977661892
5.9646627186906214 3.059165976605331 -23.456627280761694
5.9690260418206069 2.9554542337436462 -24.070213635744715
5.9733893649505925 2.8492114316802311 -24.616629941845165
5.9777526880805789 2.7407318669080509 -25.095491237741953
5.9821160112105645 2.630313773151868 -25.504348854834141
5.98647933434055 2.5182752125994501 -25.837042340733824
5.9908426574705365 2.4049616028965874 -26.088220899118017
5.995205980600522 2.2907351570459999 -26.255092303407775
5.9995693037305076 2.1759694836501802 -26.334793582167954
6.003932626860494 2.0610528548816536 -26.323651882300652
6.0082959499904796 1.9463852002568407 -26.221124660308565
6.0126592731204651 1.832356599077096 -26.0318124530197
6.0170225962504515 1.7193372403650808 -25.758303713847727
6.0213859193804371 1.6076989355633677 -25.39820414686492
6.0257492425104227 1.4978260204474805 -24.948775891574705
6.0301125656404082 1.3901133020963179 -24.407554050954786
6.0344758887703946 1.284957953973219 -23.77830952962583
6.0388392119003802 1.1827152517466013 -23.075603401902065
6.0432025350303658 1.083675873658505 -22.310641186531054
6.0475658581603522 0.98810697775774115 -21.484624946615707
6.0519291812903377 0.89627590089346321 -20.597589270642292
6.0562925044203233 0.80844741741297688 -19.649832653993872
6.0606558275503097 0.72487617799558335 -18.648848894501917
6.0650191506802953 0.64575205274011693 -17.615864673154078
6.0693824738102808 0.57117091065243697 -16.567649705195798
6.0737457969402664 0.50118997765798035 -15.507097864385917
6.0781091200702528 0.43586305355512112 -14.434788596882806
6.0824724432002384 0.37523833538376661 -13.351718048726639
6.0868357663302239 0.31935630235178369 -12.262480752999132
6.0911990894602104 0.26821833899851477 -11.179888335837434
6.0955624125901959 0.22176886756676056 -10.114143663927873
6.0999257357201815 0.1799290289906238 -9.0667950833463777
6.1042890588501679 0.14261963343165665 -8.0376808142957952
6.1086523819801535 0.10975950345911921 -7.0274936201563696
6.113015705110139 0.0812684408959638 -6.0343175097579822
6.1173790282401255 0.057084963551235143 -5.0515822349928357
6.121742351370111 0.037178061405144361 -4.0736654937184902
6.1261056745000966 0.021530125419161984 -3.0994617849978714
6.1304689976300821 0.010125457670190276 -2.1284875925237836
6.1348323207600686 0.0029509013537684426 -1.1607213518061796
6.1391956438900541 0 -0.19037888193407104
6.1435589670200397 0.0013207238594470359 0.80140939616045415
6.1479222901500261 0.0070482479162181696 1.8307596000257895
6.1522856132800117 0.017355696310565431 2.9003871564279242
6.1566489364099972 0.032417167806600027 4.0100762605560059
6.1610122595399837 0.052408602210166036 5.1599106139426993
6.1653755826699692 0.077506331206153634 6.3513064585144248
6.1697389057999548 0.10790048772286073 7.5882735972087252
6.1741022289299412 0.14380412888055141 8.8786071257112038
6.1784655520599268 0.18543535068436237 10.206342853775896
6.1828288751899123 0.23300306721049194 11.624693899428625
6.1871921983198979 0.28670774897873691 12.924653589740402
6.1915555214498843 0.34455988413917887 13.377509172734356
6.1959188445798699 0.40213045453210461 12.924116377589122
6.2002821677098554 0.45706219331475784 12.276915331753044
6.2046454908398418 0.50933028653779455 11.67339755664576
6.2090088139698274 0.55890231515841737 11.049604442537959
6.213372137099813 0.60575624091525904 10.425787329403409
6.2177354602297994 0.64988299863709675 9.8009564063735244
6.2220987833597849 0.69129486347031299 9.1824117383056159
6.2264621064897705 0.73003618080704324 8.5786652749815495
6.2308254296197561 0.76619620522078125 8.0012963077976735
6.2351887527497425 0.7999229682889859 7.4667650911424195
6.239552075879728 0.83143428177542644 6.9860407292211111
6.2439153990097136 0.86102056774399816 6.5966870378117557
6.2482787221397 0.88903272712368464 6.2289850191719225
6.2526420452696856 0.91584952506749928 6.1849870823731923
6.2570053683996711 0.94182265754406935 5.3267492178654043
6.2613686915296576 0.9672044754833381 7.8170790373381589
6.2657320146596431 0.99207137953062863 -2.0465890181458608
6.2700953377896287 1.0162617924052777 34.098603601601624
6.2744586609196151 1.0393489132393432 -101.84218762071001
6.2788219840496007 1.0606626837376021 403.79795104073355
6.2831853071795862 3.827054632662835 403.3356504272582
