# q  U_kJmol  dU_dq   # conservative spline pchip_hermite_v1
0 3.7520061045180446 399.41823666438842
0.0043633231299858239 3.7534339941424508 -106.3692933177403
0.0087266462599716477 3.7577176358307094 29.985896271842879
0.013089969389957472 3.7648569480284571 -5.7204472027425819
0.017453292519943295 3.7748517948134812 4.6764724817553622
0.021816615649929118 3.7877019858983059 2.72164830882762
0.026179938779914945 3.8034072766338158 4.0702373661468334
0.030543261909900768 3.8219673680139143 4.5565435701140489
0.034906585039886591 3.8433819066812154 5.1881194251510507
0.039269908169872414 3.8676504849337712 6.1003762634074743
0.043633231299858237 3.8947726407328345 5.7440415280632848
0.04799655442984406 3.9132361206299802 2.2658320061036124
0.05235987755982989 3.9143505239411209 -1.3466085968594363
0.056723200689815713 3.90411094194191 -3.1534083322156246
0.061086523819801536 3.8888514733124477 -3.5716138656386573
0.065449846949787352 3.8749584626774283 -2.6039044955991497
0.069813170079773182 3.8669793402688915 -1.0509391000975927
0.074176493209759012 3.8654501656861529 0.27023744050528242
0.078539816339744828 3.8687180556580194 1.1654419809342107
0.082903139469730658 3.8750686729615502 1.6811931009116212
0.087266462599716474 3.8828083445837245 1.7975546661731905
0.091629785729702304 3.8902216972235553 1.5470402792623548
0.09599310885968812 3.8960686175937145 1.1313763607413518
0.10035643198967395 3.9001804668414799 0.77459989677455654
0.10471975511965978 3.9029943167065957 0.5319840043075168
0.1090830782496456 3.904971074211149 0.39124308903105498
0.11344640137963143 3.9065639352418717 0.35733255808412018
0.11780972450961724 3.908233470659233 0.42248524951668048
0.12217304763960307 3.9103176430672328 0.53358583487021927
0.1265363707695889 3.9128684533772873 0.62995078532946702
0.1308996938995747 3.9157704589045177 0.69569103107411567
0.13526301702956053 3.9188997287715512 0.73408459244319257
0.13962634015954636 3.9221349943015502 0.74390280089210692
0.14398966328953219 3.9253526179373015 0.72698398234659178
0.14835298641951802 3.9284605605643126 0.69730026836102033
0.15271630954950383 3.9314430322241125 0.67127535365473412
0.15707963267948966 3.9343304883745733 0.65346339191296698
0.16144295580947549 3.9371562548558297 0.64299360928559901
0.16580627893946132 3.9399527820978166 0.6401665892414482
0.17016960206944712 3.9427532536789149 0.64455295977832472
0.17453292519943295 3.9455827183978198 0.65248063865743566
0.17889624832941878 3.9484459122038085 0.65950817781874815
0.18325957145940461 3.9513348105232939 0.66433387598879146
0.18762289458939044 3.9542404513332157 0.66718795428739219
0.19198621771937624 3.957154150952916 0.66799806086794677
0.19634954084936207 3.9600670047169846 0.66686281821235971
0.2007128639793479 3.9629721998327234 0.66474641604798279
0.20507618710933373 3.9658683300779574 0.6628490227870899
0.20943951023931956 3.9687575070299586 0.66154171986244237
0.21380283336930536 3.9716421408302041 0.66076395149503864
0.21816615649929119 3.9745245552921715 0.6605327822341166
0.22252947962927702 3.977407139526616 0.66082605000236394
0.22689280275926285 3.98029174535634 0.66139082167605912
0.23125612588924865 3.9831787868190816 0.66190303165005659
0.23561944901923448 3.9860677090503009 0.66225715914077488
0.23998277214922031 3.9889578638947354 0.66246904277608831
0.24434609527920614 3.9918486294598083 0.66253476374462583
0.24870941840919197 3.9947393648576055 0.66245915532475275
0.2530727415391778 3.9976295670266619 0.66230850546842324
0.25743606466916363 4.0005191149315227 0.66217025331210755
0.26179938779914941 4.0034081541608506 0.66207433333446031
0.26616271092913524 4.0062968590183896 0.66201662875978551
0.27052603405912107 4.0091853959416799 0.66199800684432919
0.2748893571891069 4.0120739368245886 0.66201745842965587
0.27925268031909273 4.0149626182516744 0.66205762749514052
0.28361600344907856 4.0178514753852523 0.66209493759124072
0.28797932657906439 4.020740470081055 0.66212091584523081
0.29234264970905022 4.0236295554630734 0.66213662480108715
0.29670597283903605 4.0265186869812153 0.6621418828346477
0.30106929596902182 4.0294078185342306 0.66213688658360748
0.30543261909900765 4.0322969130569177 0.66212617735322254
0.30979594222899348 4.0351859603968228 0.66211610985620406
0.31415926535897931 4.0380749705458259 0.66210907800269436
0.31852258848896514 4.040963956125279 0.66210480955495954
0.32288591161895097 4.0438529290757863 0.6621033393976189
0.3272492347489368 4.046741901776322 0.66210463358331517
0.33161255787892263 4.0496308842860129 0.66210749940842684
0.33597588100890846 4.0525198794941737 0.66211021702538353
0.34033920413889424 4.0554088847328931 0.66211210806129261
0.34470252726888007 4.0582978965450396 0.66211324236037272
0.3490658503988659 4.0611869116729959 0.66211361346662023
0.35342917352885173 4.0640759267310314 0.66211322645136095
0.35779249665883756 4.0669649389666231 0.66211241476275839
0.36215581978882339 4.0698539476625601 0.66211167427577922
0.36651914291880922 4.0727429537345046 0.66211121010052987
0.37088246604879505 4.0756319583500886 0.66211100184447491
0.37524578917878088 4.0785209626105541 0.66211105356275024
0.37960911230876665 4.0814099676738875 0.66211136279553506
0.38397243543875248 4.0842989743897915 0.66211176238128877
0.38833575856873831 4.0871879825657667 0.66211199490025385
0.39269908169872414 4.0900769911460015 0.66211194705815457
0.39706240482870997 4.0929659989266218 0.66211163408160811
0.4014257279586958 4.0958550047576203 0.66211104359418593
0.40578905108868163 4.0987440073939005 0.66211018153273205
0.41015237421866746 4.1016330061876909 0.66210938183805101
0.41451569734865329 4.1045220026217253 0.66210917832811578
0.41887902047863912 4.1074110000010418 0.66210981954194092
0.42324234360862489 4.1103000019734539 0.66211126610465065
0.42760566673861072 4.1131890120381067 0.66211356043479219
0.43196898986859655 4.1160780340160503 0.66211669134172113
0.43633231299858238 4.1189670697495586 0.66211952198887536
0.44069563612856821 4.1218561136920506 0.66212017020439784
0.44505895925855404 4.1247451537561375 0.66211772418164738
0.44942228238853987 4.1276341765464446 0.66211231688606487
0.4537856055185257 4.1305231692160653 0.66210380605656749
0.45814892864851153 4.1334121177352383 0.66209219159983479
0.46251225177849731 4.1363010149933803 0.66208156015571684
0.46687557490848314 4.1391898809286207 0.66207891985941103
0.47123889803846897 4.142078760268344 0.66208779269148854
0.4756022211684548 4.1449677029743439 0.66210772534561591
0.47996554429844063 4.1478567569411986 0.66213918666845628
0.48432886742842646 4.1507459744143969 0.66218232473272032
0.48869219055841229 4.1536353834053363 0.6622224077330362
0.49305551368839812 4.1565249125841568 0.66223325066674144
0.49741883681838395 4.1594143963624388 0.66220121592066794
0.50178215994836972 4.1623036481988667 0.66212782538836445
0.50614548307835561 4.1651924893200283 0.6620115637755446
0.51050880620834138 4.1680807250312899 0.66185136455734295
0.51487212933832727 4.1709682453066605 0.66170027637245121
0.51923545246831304 4.1738553047757163 0.66165610376124995
0.52359877559829882 4.1767425162887744 0.66177159306237621
0.5279620987282847 4.1796305763203909 0.66204174461149756
0.53232542185827048 4.1825201522952939 0.66247133332833297
0.53668874498825636 4.1854119695728098 0.66306611890333855
0.54105206811824214 4.188306458586883 0.66363534479487385
0.54541539124822802 4.1912027122923661 0.66381391883734897
0.5497787143782138 4.1940984633426508 0.66339810895807727
0.55414203750819968 4.1969911116176579 0.66240386303749099
0.55850536063818546 4.1998781651054919 0.66081665315338978
0.56286868376817123 4.2027569221722265 0.65860884733417668
0.56723200689815712 4.2056257050961721 0.65646536609347339
0.57159533002814289 4.2084877376937486 0.65574819890728853
0.57595865315812877 4.211351405165531 0.65724322306170446
0.58032197628811455 4.2142264133895084 0.66090167718194825
0.58468529941810043 4.2171220679063079 0.66676550868950146
0.58904862254808621 4.2200484283489912 0.67495891334473168
0.59341194567807209 4.2230120125007184 0.68302643983894673
0.59777526880805787 4.2260013901147033 0.6858903446360991
0.60213859193804364 4.2289855630779671 0.68052302302814049
0.60650191506802953 4.2319283048340015 0.66706395064834489
0.6108652381980153 4.2347948638368997 0.64540215928628208
0.61522856132800119 4.2375477919341389 0.61500213859950104
0.61959188445798696 4.240161843409453 0.58465262519845884
0.62395520758797285 4.2426774381940735 0.57327233367851427
0.62831853071795862 4.2452091215979415 0.59251089883339381
0.63268185384794451 4.247892090840037 0.64201512987316856
0.63704517697793028 4.2508561370939777 0.72203043888811425
0.64140850010791606 4.2542406343433798 0.83480010013530404
0.64577182323790194 4.2581431048207232 0.94891911485736047
0.65013514636788772 4.2624210246783676 0.99394553200813762
0.6544984694978736 4.2666513036736102 0.92510538345176663
0.65886179262785938 4.2703294485456089 0.74306465650626863
0.66322511575784526 4.2729706742279836 0.44751513386126235
0.66758843888783104 4.2740563515514864 0.029304562745488708
0.67195176201781692 4.2732107317465404 -0.39968199299892065
0.6763150851478027 4.2709346134964763 -0.57692557431933889
0.68067840827778847 4.2687906907760107 -0.33161202435889692
0.68504173140777436 4.2686588633072242 0.33868309891199511
0.68940505453776013 4.2723589236365003 1.4302158274223054
0.69376837766774602 4.2817871167416008 2.9667757614136101
0.69813170079773179 4.2985444206897689 4.7065027141778977
0.70249502392771768 4.3222930841753433 6.0570651304482874
0.70685834705770345 4.3502609748118211 6.6229201498707981
0.71122167018768934 4.3789257326496829 6.3889951528003541
0.71558499331767511 4.4048754664718111 5.3712577073660199
0.71994831644766089 4.4246175110931816 3.5413267768476295
0.72431163957764677 4.434907762498165 1.1121209220146633
0.72867496270763255 4.4342359943672518 -1.3766285018496505
0.73303828583761843 4.4233487043989053 -3.5530298454250526
0.73740160896760421 4.4037132473342169 -5.3971471261104922
0.74176493209759009 4.3767074229038982 -6.9265646190791932
0.74612825522757587 4.3437447418012338 -8.1279016465349958
0.75049157835756175 4.3061784650095323 -9.0539682444174225
0.75485490148754752 4.2649405147810731 -9.8380207683474641
0.7592182246175333 4.22039305695648 -10.575650585163116
0.76358154774751918 4.1727092417423908 -11.272929101822772
0.76794487087750496 4.1220836593239865 -11.925195857329211
0.77230819400749084 4.0687034613413653 -12.535394612178827
0.77667151713747662 4.0127649546419484 -13.095230495369169
0.7810348402674625 3.9545298146120631 -13.583700476824177
0.78539816339744828 3.8943514353997601 -13.985106275756603
0.78976148652743416 3.8326149432410745 -14.298365493404708
0.79412480965741994 3.7697017224965741 -14.524261353063991
0.79848813278740571 3.7059959608122783 -14.661388687274144
0.8028514559173916 3.6418736399343477 -14.718299506624234
0.80721477904737737 3.5776348390004507 -14.720019686817361
0.81157810217736326 3.51346998571338 -14.685471277129704
0.81594142530734903 3.449530274249982 -14.616305963410429
0.82030474843733492 3.3859703853616478 -14.511572746335947
0.82466807156732069 3.322944650457583 -14.371266935269038
0.82903139469730658 3.260605119553071 -14.198167052993952
0.83339471782729235 3.1990765903220866 -14.001469599594532
0.83775804095727824 3.1384432490548777 -13.788269712270186
0.84212136408726401 3.0787742085465348 -13.559276444652578
0.84648468721724979 3.0201397025465 -13.314151505436694
0.85084801034723567 2.9626101743714353 -13.052624206960536
0.85521133347722145 2.9062539765809792 -12.777409002014583
0.85957465660720733 2.851112880633885 -12.497632084485685
0.86393797973719311 2.7971875703625644 -12.220599815737335
0.86830130286717899 2.7444628837707872 -11.947105116632603
0.87266462599716477 2.6929248027159836 -11.676778275758871
0.87702794912715065 2.642559130058348 -11.409641831492168
0.88139127225713643 2.5933512158453826 -11.146409742248725
0.8857545953871222 2.5452787870089297 -10.889756235311417
0.89011791851710809 2.4983074026979053 -10.641877662671014
0.89448124164709386 2.4523977383992723 -10.403038098998158
0.89884456477707975 2.4075108266719867 -10.173097147622476
0.90320788790706552 2.363607463356995 -9.9522695712509215
0.90757121103705141 2.3206490540344085 -9.7395802452717959
0.91193453416703718 2.2786068727145001 -9.5315106468716593
0.91629785729702307 2.2374685861756105 -9.325054122034123
0.92066118042700884 2.1972286390796452 -9.1198248430727524
0.92502450355699462 2.1578811608543131 -8.9159293843509921
0.9293878266869805 2.1194201611608143 -8.7136263605536151
0.93375114981696627 2.0818404634693617 -8.5112975501047838
0.93811447294695216 2.0451543728279704 -8.3025782432335937
0.94247779607693793 2.0094042249794901 -8.0818784682335032
0.94684111920692382 1.974645246104175 -7.8484124249510732
0.95120444233690959 1.9409321177271528 -7.6024249510746547
0.95556776546689548 1.9083195358279668 -7.3440870351607419
0.95993108859688125 1.8768626908585209 -7.07211997301855
0.96429441172686703 1.8466313467388711 -6.7811076400874164
0.96865773485685291 1.8177211787881369 -6.4661578944919595
0.97302105798683869 1.790239399964815 -6.1265073661021932
0.97738438111682457 1.764292800519766 -5.7624596131728758
0.98174770424681035 1.7399883480070992 -5.3737325004429302
0.98611102737679623 1.7174327215990584 -4.9612273827333988
0.99047435050678201 1.6967225058166013 -4.528759823758393
0.99483767363676789 1.6779356585854326 -4.0799134883492609
0.99920099676675367 1.6611415672194223 -3.6152375756343913
1.0035643198967394 1.6464097914141691 -3.1347258219546164
1.0079276430267252 1.6338099823501666 -2.6376726614910022
1.0122909661567112 1.6234112515218713 -2.1272147815842981
1.016654289286697 1.6152446135945515 -1.6180755097810569
1.0210176124166828 1.6092683706370501 -1.1244117975695995
1.0253809355466685 1.605406123706169 -0.64872466857809197
1.0297442586766545 1.6035819633170114 -0.19037520848417849
1.0341075818066403 1.6037198673286399 0.25084101920166046
1.0384709049366261 1.6057437747540715 0.67336318903739334
1.0428342280666119 1.6095570605967973 1.0690646862599131
1.0471975511965976 1.6150224682821057 1.4299378085435857
1.0515608743265836 1.6219826628216056 1.7543988642442183
1.0559241974565694 1.6302803682353841 2.0430259931479373
1.0602875205865552 1.6397583390103578 2.2951518464444929
1.064650843716541 1.6502591487576508 2.5127642660028888
1.0690141668465269 1.6616512983711516 2.706281158642621
1.0733774899765127 1.6738563641872923 2.886361327979774
1.0777408131064985 1.6868230977361947 3.0551279258431405
1.0821041362364843 1.7005004088406472 3.2122226621919814
1.08646745936647 1.7148372987982374 3.3571272728206671
1.090830782496456 1.7297822448391322 3.4919756758142508
1.0951941056264418 1.7453140136614504 3.6292156449508308
1.0995574287564276 1.7614755938324318 3.7819033757978073
1.1039207518864134 1.7783440064625042 3.9529210700326849
1.1082840750163994 1.7959969136224654 4.1415234703555397
1.1126473981463851 1.8145117378688118 4.3480854182750086
1.1170107212763709 1.8339662212101595 4.5719077662518357
1.1213740444063567 1.8544283529652172 4.8089264463845831
1.1257373675363425 1.8759447520244297 5.0546981980208239
1.1301006906663285 1.8985502743073079 5.3082792844515465
1.1344640137963142 1.9222795277032063 5.569629757124356
1.1388273369263 1.9471668516660185 5.8394980513561263
1.1431906600562858 1.9732479042029323 6.11565238226832
1.1475539831862718 2.0005234070056725 6.3831575833907346
1.1519173063162575 2.028914635040266 6.6253421194079287
1.1562806294462433 2.058297677687345 6.8381364330528589
1.1606439525762291 2.0885468627501735 7.0222117972704385
1.1650072757062149 2.1195367340002282 7.1778899949721779
1.1693705988362009 2.1511427017243667 7.3039568824615637
1.1737339219661866 2.183219666115054 7.3914413215527404
1.1780972450961724 2.2155741181977056 7.4300566149919964
1.1824605682261582 2.2479840738459478 7.4170589262156126
1.1868238913561442 2.2802260123835962 7.3530757726799818
1.19118721448613 2.3120770157870103 7.23769882066268
1.1955505376161157 2.3433132526478819 7.0717202439261371
1.1999138607461015 2.3737247837639086 6.8613032613695184
1.2042771838760873 2.4031354780452459 6.613799146787585
1.2086405070060733 2.4313898890899073 6.3311060757646738
1.2130038301360591 2.4583336664037962 6.0132553067102421
1.2173671532660448 2.4838128962937889 5.6592774433906801
1.2217304763960306 2.5076708714153568 5.2713983613368063
1.2260937995260166 2.5297932118464792 4.8688653734484291
1.2304571226560024 2.5501726698385805 4.475224201266931
1.2348204457859882 2.5688696987220814 4.0972511355284302
1.2391837689159739 2.5859496001097275 3.7341765582663538
1.2435470920459597 2.6014771241225509 3.3852569062214219
1.2479104151759457 2.6155146351120355 3.0522165383133153
1.2522737383059315 2.6281595831766293 2.751384430476902
1.2566370614359172 2.6396017420090319 2.5033205303194217
1.261000384565903 2.6500912126497309 2.3144111280869217
1.265363707695889 2.6598833387350473 2.1836336875771365
1.2697270308258748 2.6692319622823937 2.1112641696222263
1.2740903539558606 2.6783920275562028 2.0969466792121692
1.2784536770858463 2.6876097252262743 2.1365681564445724
1.2828170002158321 2.6971077343949519 2.2247528445831679
1.2871803233458181 2.7070926973654457 2.3599253765684298
1.2915436464758039 2.7177700023654312 2.5418746476645997
1.2959069696057897 2.7293443113670417 2.7716588685212833
1.3002702927357754 2.7420243197327392 3.0475301196616762
1.3046336158657614 2.7559757304670871 3.3486356553520134
1.3089969389957472 2.7712426966312016 3.6470034249832999
1.313360262125733 2.7877841042548686 3.9331774992882331
1.3177235852557188 2.805549749198641 4.2080784136368115
1.3220869083857045 2.8244909973661141 4.472309497911259
1.3264502315156905 2.8445611170003109 4.7249243315366121
1.3308135546456763 2.8656897267294927 4.9541529418214409
1.3351768777756621 2.8877364965847461 5.1436682499391653
1.3395402009056478 2.9105103845133375 5.2875883705961142
1.3439035240356338 2.9338141787307324 5.3866588681997598
1.3482668471656196 2.9574523655996976 5.4407049353807926
1.3526301702956054 2.9812281008416015 5.4499329156552427
1.3569934934255912 3.0049529079128914 5.4185305915416624
1.3613568165555769 3.0284634258428396 5.3525619161751266
1.3657201396855629 3.0516153904467487 5.2539814732727006
1.3700834628155487 3.074266431166587 5.1233389195252732
1.3744467859455345 3.096275825304712 4.9589159915894756
1.3788101090755203 3.1174947021621873 4.7625669184653496
1.3831734322055063 3.1378419029756643 4.5695461920512077
1.387536755335492 3.1574515811104185 4.4315746283147126
1.3919000784654778 3.1766251028910681 4.3695193486674704
1.3962634015954636 3.1956887799300571 4.3803093302305642
1.4006267247254494 3.2149598365332195 4.4662646878518801
1.4049900478554354 3.2347706278257742 4.62533119832346
1.4093533709854211 3.2553487299505961 4.8017681030866175
1.4137166941154069 3.2765764091728649 4.911134354550839
1.4180800172453927 3.2980578644914345 4.9183323488676711
1.4224433403753787 3.3193536151322287 4.8269765799791333
1.4268066635053644 3.3400362416320784 4.6359674228235495
1.4311699866353502 3.3596661589427015 4.3460171900428204
1.435533309765336 3.3778735181073567 3.9949588206424811
1.4398966328953218 3.3945263090700939 3.6422212332918145
1.4442599560253078 3.4096915379584822 3.3126152453855648
1.4486232791552935 3.4234677687307364 3.005999683200911
1.4529866022852793 3.435951712552729 2.7185521041351142
1.4573499254152651 3.44722249243569 2.4523368417773352
1.4617132485452511 3.457490925596971 2.2813725463737153
1.4660765716752369 3.4674445677418433 2.3258477891872573
1.4704398948052226 3.4781814341187305 2.6409820681927898
1.4748032179352084 3.490875559876371 3.220187447393752
1.4791665410651942 3.5066745756929225 4.0687092294717733
1.4835298641951802 3.5267719176799397 5.1854932591505145
1.487893187325166 3.5520913042006925 6.4155600873663747
1.4922565104551517 3.5825447924340321 7.4988704080392452
1.4966198335851375 3.6171404447222604 8.3134528345482739
1.5009831567151235 3.6547137886783738 8.8670650117221186
1.5053464798451093 3.6941408025666469 9.1598334243274628
1.509709802975095 3.7342661578693122 9.1897813498565561
1.5140731261050808 3.774072231296381 9.0378433762209394
1.5184364492350666 3.8130741798735417 8.8432497766580038
1.5227997723650526 3.8512807907747155 8.6738527218665631
1.5271630954950384 3.8888000902462063 8.526640105550511
1.5315264186250241 3.9257197621670059 8.4000535608117204
1.5358897417550099 3.9621364158473038 8.2954889544843269
1.5402530648849959 3.9981233273332633 8.1990150899739032
1.5446163880149817 4.0336632732440538 8.0866952936338006
1.5489797111449675 4.0686520074187964 7.9461521778445743
1.5533430342749532 4.1029665231921335 7.7781007377709281
1.557706357404939 4.1364884791745551 7.5823672150328809
1.562069680534925 4.1690941643005237 7.3584473380956954
1.5664330036649108 4.2006850669673739 7.1221659086186158
1.5707963267948966 4.2312713307373997 6.9027596544159531
1.5751596499248823 4.2609705570668259 6.7160452566337883
1.5795229730548683 4.2899254884386826 6.5606875651875214
1.5838862961848541 4.3182706700086921 6.4378601289181345
1.5882496193148399 4.3461560728321338 6.3491739027277392
1.5926129424448257 4.3736543379902075 6.2444494117072944
1.5969762655748114 4.4004847428104465 6.02667040624058
1.6013395887047974 4.4260045049413588 5.6421924406044441
1.6057029118347832 4.4494833673468221 5.09353248590691
1.610066234964769 4.4702134986169675 4.37954266536339
1.6144295580947547 4.487454973264132 3.4956499773898804
1.6187928812247407 4.5006152820572032 2.5405839946315525
1.6231562043547265 4.5098108297961623 1.7127687643073206
1.6275195274847123 4.5159108841038194 1.1248222567325363
1.6318828506146981 4.5199729708436829 0.77491572283758692
1.6362461737446838 4.5230167736684548 0.66116463279313831
1.6406094968746698 4.5260954326409655 0.78992040056227986
1.6449728200046556 4.5301334752022928 1.0722373082760801
1.6493361431346414 4.535407217532077 1.3234420542659857
1.6536994662646272 4.5414796937961164 1.435079740967464
1.6580627893946132 4.5477277850073836 1.4072371923586993
1.6624261125245989 4.5535618255157511 1.2430333502720947
1.6667894356545847 4.5583693771226237 0.93724919258841066
1.6711527587845705 4.5616125857113827 0.54326485235366351
1.6755160819145565 4.5631485095430842 0.1755808071152431
1.6798794050445423 4.5632843841852466 -0.096144119828925984
1.684242728174528 4.56245017359642 -0.27114475691307616
1.6886060513045138 4.5610553866597394 -0.35182266159878856
1.6929693744344996 4.5595217919366089 -0.33497151562010302
1.6973326975644856 4.5582353136017932 -0.2472306855871973
1.7016960206944713 4.5573812577951482 -0.14782860854332791
1.7060593438244571 4.5569080403606073 -0.074020740006772306
1.7104226669544429 4.5566967723665694 -0.026705945778808419
1.7147859900844289 4.5566386868899498 -0.0043492816684920985
1.7191493132144147 4.5566205986857478 -0.0082700925999346798
1.7235126363444004 4.5565384593823479 -0.031481706052191825
1.7278759594743862 4.5563407355725163 -0.058222785945962113
1.732239282604372 4.5560402256981378 -0.078187397961869048
1.736602605734358 4.5556687826597511 -0.091028413402192795
1.7409659288643438 4.5552555661459975 -0.097191116736565136
1.7453292519943295 4.5548308839250344 -0.0963038535549256
1.7496925751243153 4.5544228032890102 -0.090159033531285987
1.7540558982543013 4.5540456229637947 -0.082965679065018894
1.7584192213842871 4.5536961789378028 -0.077568353596022752
1.7627825445142729 4.5533659174670298 -0.074091981868544543
1.7671458676442586 4.5530469976993331 -0.072407860170471031
1.7715091907742444 4.552731280963175 -0.072620495799363527
1.7758725139042304 4.5524111799681108 -0.074266227095475756
1.7802358370342162 4.5520827526216934 -0.07620983815694371
1.7845991601642019 4.5517468431713572 -0.077658755827410955
1.7889624832941877 4.5514058339291186 -0.078570148430015169
1.7933258064241737 4.5510619169490978 -0.078981232212200991
1.7976891295541595 4.5507173655759923 -0.078860894270689333
1.8020524526841453 4.5503743007506907 -0.078345263827711634
1.806415775814131 4.5500337396326316 -0.077784626261072243
1.8107790989441168 4.5496951999809871 -0.077431526745205329
1.8151424220741028 4.549357697335525 -0.077301711516552601
1.8195057452040886 4.5490203081722518 -0.077383054410420829
1.8238690683340744 4.5486820713787237 -0.077692261092174267
1.8282323914640601 4.5483421254952576 -0.078131962788675444
1.8325957145940461 4.5480004450741127 -0.078431613264820371
1.8369590377240319 4.5476581768365918 -0.078390042694268677
1.8413223608540177 4.5473168787043159 -0.077993832035356425
1.8456856839840035 4.5469780527588517 -0.077253499561131048
1.8500490071139892 4.5466432675537387 -0.076133081252410459
1.8544123302439752 4.5463138612656842 -0.074878607593130406
1.858775653373961 4.5459889627068293 -0.074219363289424023
1.8631389765039468 4.5456644973670084 -0.074713668396560129
1.8675022996339325 4.5453352217896876 -0.076405108491081758
1.8718656227639185 4.5449960459432841 -0.079259242306062364
1.8762289458939043 4.5446416738736248 -0.083406344050563797
1.8805922690238901 4.5442675320878978 -0.088004612256958367
1.8849555921538759 4.5438768568305994 -0.090424670902010812
1.8893189152838616 4.5434846098727295 -0.088594367529121504
1.8936822384138476 4.5431101858715861 -0.082321981701997018
1.8980455615438334 4.5427724647216143 -0.071752644378150723
1.9024088846738192 4.5424909955344743 -0.056391357166853229
1.906772207803805 4.5422830339348472 -0.03918974830071225
1.911135530933791 4.5421375456843478 -0.02986386581167599
1.9154988540637767 4.5419995054994855 -0.036294581070675493
1.9198621771937625 4.5417966702823405 -0.059326472403771181
1.9242255003237483 4.5414585260048081 -0.098349631491830736
1.9285888234537341 4.5409124180273199 -0.15524206848014144
1.9329521465837201 4.5400928374189728 -0.21966039975821491
1.9373154697137058 4.5390368484833949 -0.25566296108912423
1.9416787928436916 4.5379467204435215 -0.23324909630219867
1.9460421159736774 4.5370916434021256 -0.14876515103175322
1.9504054391036634 4.5367351160760085 -0.004728099948135325
1.9547687622336491 4.5371473055480926 0.2059480233349722
1.9591320853636349 4.5385767112709008 0.44712359347503461
1.9634954084936207 4.540900259836639 0.58589890003568279
1.9678587316236065 4.5433747647787106 0.5081793968875824
1.9722220547535925 4.5449978199197298 0.19865830116250904
1.9765853778835782 4.5447828654593359 -0.33467388798577175
1.980948701013564 4.5417320924146614 -1.1053115861819942
1.9853120241435498 4.5348774634942828 -2.0545324910239273
1.9896753472735358 4.5238735391194957 -2.9551952339912884
1.9940386704035216 4.5094514580916032 -3.6063201664151876
1.9984019935335073 4.4928078264417746 -3.978734788341951
2.0027653166634933 4.4751179715516418 -4.0847071767247281
2.0071286397934789 4.4575665853232342 -3.9125290755024862
2.0114919629234649 4.4413219873918095 -3.5015836034581556
2.0158552860534504 4.4271261894713287 -3.0104110189257103
2.0202186091834364 4.4149572496099845 -2.5838307552514355
2.0245819323134224 4.4044514001446924 -2.2443027172425203
2.028945255443408 4.3952561404870272 -1.9844432294442127
2.033308578573394 4.3870163683361003 -1.8053692246848281
2.0376719017033795 4.3793761105482494 -1.7123842002168748
2.0420352248333655 4.3719081588504087 -1.7327336488035243
2.0463985479633515 4.3640537319629038 -1.8915727050718227
2.0507618710933371 4.3551929378107745 -2.1935149613011435
2.0551251942233231 4.344707549943406 -2.6358224026329076
2.0594885173533091 4.3319780028238251 -3.2246089852401747
2.0638518404832946 4.3163884284546681 -3.9365353462818002
2.0682151636132806 4.2976054319081847 -4.6620885633965559
2.0725784867432662 4.2758380272799403 -5.2955125386232567
2.0769418098732522 4.2515556047640972 -5.817390194068925
2.0813051330032382 4.225224277610037 -6.2343775821051297
2.0856684561332237 4.1973111234773883 -6.5408575527685713
2.0900317792632097 4.1682826393155787 -6.7523788408165961
2.0943951023931953 4.1384132069980799 -6.9448515205062584
2.0987584255231813 4.1075950617567472 -7.1939198330855696
2.1031217486531673 4.075530508726847 -7.514427731184699
2.1074850717831528 4.0419221256046818 -7.9017540791218801
2.1118483949131388 4.006472653047858 -8.3592400238835367
2.1162117180431244 3.9688839073077067 -8.878665644206972
2.1205750411731104 3.9289637153432215 -9.4173174595061226
2.1249383643030963 3.8867381995859169 -9.9312928086515413
2.1293016874330819 3.8423458689801162 -10.411555631310755
2.1336650105630679 3.7959262126516857 -10.860207632449542
2.1380283336930539 3.747618593935095 -11.277290617144191
2.1423916568230394 3.6975619001486364 -11.66094943254223
2.1467549799530254 3.6459231309049223 -11.99956157977871
2.151118303083011 3.5929292748357962 -12.280898205937216
2.155481626212997 3.5388393021078475 -12.502262926559439
2.159844949342983 3.4839128136820681 -12.664247546548172
2.1642082724729685 3.4284092845250274 -12.766834155861552
2.1685715956029545 3.3725880657156004 -12.809674396040737
2.1729349187329401 3.3167141921879484 -12.790356858840136
2.1772982418629261 3.2610652934408404 -12.706308219907703
2.1816615649929121 3.205925915677029 -12.556818224774444
2.1860248881228976 3.1515809345739707 -12.342319110203489
2.1903882112528836 3.098314749304838 -12.061893273692602
2.1947515343828692 3.0464133378583864 -11.718020995069384
2.1991148575128552 2.9961237208240497 -11.327398378635097
2.2034781806428412 2.947603846420551 -10.908787513051735
2.2078415037728267 2.9009606755441939 -10.466741890935639
2.2122048269028127 2.8562991772494546 -10.000711243311248
2.2165681500327987 2.8137242514870655 -9.5097601552607429
2.2209314731627843 2.7733430264798153 -8.9966960206614992
2.2252947962927703 2.735215197867964 -8.4823048733835691
2.2296581194227558 2.699287967942495 -7.9905921551972101
2.2340214425527418 2.6654419206995592 -7.5278981603814259
2.2383847656827278 2.6335540883208615 -7.0931016833626437
2.2427480888127134 2.603502326039258 -6.6862234116040975
2.2471114119426994 2.5751646470737199 -6.307627289281049
2.2514747350726849 2.5484123230647251 -5.9603633969187104
2.2558380582026709 2.5230998699551863 -5.6480230052198994
2.2602013813326569 2.4990715969293431 -5.3717289702190429
2.2645647044626425 2.4761709726952734 -5.1309941162569928
2.2689280275926285 2.4542422784021136 -4.9266635654479023
2.2732913507226145 2.4331273592122908 -4.7569602727579152
2.2776546738526 2.4127023701702099 -4.6062324201066494
2.282017996982586 2.3929307488724998 -4.4552635252392676
2.2863813201125716 2.3738313984636181 -4.2984249712583047
2.2907446432425576 2.3554273691767893 -4.1364610782178781
2.2951079663725436 2.3377409765835662 -3.9696769707521478
2.2994712895025291 2.3207935531438593 -3.797288884206742
2.3038346126325151 2.3046224196213001 -3.6118099424386285
2.3081979357625007 2.2893073463247284 -3.4037925093857053
2.3125612588924866 2.274955947051033 -3.170184075821973
2.3169245820224726 2.2616784639479519 -2.9116914215577316
2.3212879051524582 2.249583868667008 -2.6276063445041045
2.3256512282824442 2.2387837525602929 -2.3191272286216509
2.3300145514124297 2.2293619181453086 -1.9994737619983691
2.3343778745424157 2.2213262053020788 -1.6859030659352994
2.3387411976724017 2.2146326679641906 -1.3840004235044363
2.3431045208023873 2.2092323586587601 -1.0932116889344141
2.3474678439323733 2.2050770913600872 -0.81308334350690892
2.3518311670623593 2.2021202057805973 -0.54441105508435417
2.3561944901923448 2.2002960376172997 -0.296482849199039
2.3605578133223308 2.1994845729778851 -0.08178517941928419
2.3649211364523164 2.1995275640299696 0.095260048220681529
2.3692844595823024 2.2002623094336844 0.23547718442565807
2.3736477827122884 2.2015279254704865 0.33817843058453478
2.3780111058422739 2.2031602839367874 0.40430959120814774
2.3823744289722599 2.2050231906399214 0.44775051443525765
2.3867377521022455 2.2070627133754162 0.48780119122325982
2.3911010752322315 2.2092850806980078 0.53130447759712984
2.3954643983622175 2.2117036101328345 0.57782646666030613
2.399827721492203 2.2143308081133255 0.62657628141560473
2.404191044622189 2.217176210891175 0.6785515246333953
2.4085543677521746 2.2202789946612156 0.74888943945798514
2.4129176908821606 2.2237698275743281 0.8593276095953235
2.4172810140121466 2.2278484542337793 1.0181771625941294
2.4216443371421321 2.2327240170635179 1.224410940320005
2.4260076602721181 2.2386029148308539 1.4784015139513262
2.4303709834021041 2.2456944023985037 1.7797630641111215
2.4347343065320897 2.2541891633730069 2.1188613484919356
2.4390976296620757 2.2642190856770257 2.4814255660317373
2.4434609527920612 2.2758698750892652 2.8619957255585899
2.4478242759220472 2.2892209390372185 3.2605996622622819
2.4521875990520332 2.3043517778855782 3.6783194981586296
2.4565509221820188 2.3213467565470736 4.114207425769667
2.4609142453120048 2.3402505735684267 4.5470445855190302
2.4652775684419903 2.3609754141863988 4.9442721981810402
2.4696408915719763 2.3833261225224875 5.2924324850793214
2.4740042147019623 2.4070907511559363 5.5925680116378036
2.4783675378319479 2.4320610227664057 5.8449446559810427
2.4827308609619338 2.4580277415717946 6.0493482275624357
2.4870941840919194 2.4847814728338786 6.2055738285264166
2.4914575072219054 2.5121109084915552 6.313202944778241
2.4958208303518914 2.539803370808126 6.3718848090445963
2.5001841534818769 2.5676455515461529 6.3820657845713642
2.5045474766118629 2.5954255979420155 6.3428783953494223
2.5089107997418489 2.6229264151419036 6.2547426965283677
2.5132741228718345 2.6499660480410143 6.1374020595355443
2.5176374460018205 2.6764899934446147 6.0232527336961414
2.522000769131806 2.7025545049559945 5.9267465936874624
2.526364092261792 2.7282354534416808 5.8473184930935105
2.530727415391778 2.7536055050393786 5.7840615703362124
2.5350907385217636 2.7787350145289995 5.7373758363593321
2.5394540616517496 2.8037158483824136 5.7197692863154836
2.5438173847817351 2.8287227662868539 5.752593455251759
2.5481807079117211 2.8540048255044379 5.8460106341412033
2.5525440310417071 2.8798256767449812 5.9991370892098539
2.5569073541716927 2.9064447137344769 6.2124522936477575
2.5612706773016787 2.9341273171407174 6.4861115199528809
2.5656340004316642 2.9631068900356143 6.8011443475176652
2.5699973235616502 2.9934905358234203 7.1244537559492676
2.5743606466916362 3.0252678441096599 7.4397644560757668
2.5787239698216218 3.0584043569258621 7.7479441945943552
2.5830872929516078 3.0928711273462031 8.0490524937244672
2.5874506160815938 3.1286346674643397 8.3426504834808455
2.5918139392115793 3.1656810536015505 8.6407633454348236
2.5961772623415653 3.2040768313642101 8.9645072003418722
2.6005405854715509 3.2439654885579521 9.3256205480169978
2.6049039086015369 3.2855091170330195 9.7217260267079695
2.6092672317315229 3.3288591679329467 10.156069771436746
2.6136305548615084 3.3741960364280432 10.630629039767211
2.6179938779914944 3.4215429617443296 11.046096645330792
2.62235720112148 3.4702340214004916 11.215838921255861
2.626720524251466 3.5189171225052558 11.040089012400042
2.631083847381452 3.5660817805073366 10.523869900447167
2.6354471705114375 3.610257434330074 9.6654037894634843
2.6398104936414235 3.6499214898205126 8.4584529326834872
2.6441738167714091 3.6837924367964039 7.0597279334605334
2.6485371399013951 3.7116943717329232 5.7745403967689297
2.6529004630313811 3.7345930844053208 4.7700629337299052
2.6572637861613666 3.7537262362704058 4.044189185071799
2.6616271092913526 3.7702824622913824 3.5913890418096588
2.6659904324213386 3.7854707032942883 3.4161424480168781
2.6703537555513241 3.8004565688451835 3.4902286394530964
2.6747170786813101 3.8162116555637713 3.7588648732247947
2.6790804018112957 3.8334980530747766 4.1919630100931471
2.6834437249412817 3.8530288006547431 4.7868874156045633
2.6878070480712677 3.8755146765576969 5.5489896670265955
2.6921703712012532 3.9017046831208981 6.4842254689159677
2.6965336943312392 3.932145656764221 7.4507023235826111
2.7008970174612248 3.9663325040631348 8.1477817861625201
2.7052603405912108 4.0025980740762224 8.3976845534328923
2.7096236637211968 4.0389676151194678 8.2017036960067973
2.7139869868511823 4.0735273184344898 7.5628568119103283
2.7183503099811683 4.1043023434078183 6.4677192950302631
2.7227136331111539 4.1295546842992605 5.0878452234091895
2.7270769562411399 4.1488325099818537 3.7975870798147491
2.7314402793711259 4.1631574266761513 2.8253502764657892
2.7358036025011114 4.1739555365781733 2.1743325250904944
2.7401669256310974 4.1825871256835292 1.8361966271598302
2.7445302487610834 4.1904485726851366 1.8206572897002249
2.748893571891069 4.198838389683873 2.0547202817105279
2.753256895021055 4.2085057046644669 2.3756310137738139
2.7576202181510405 4.2195466209241568 2.6806866781850993
2.7619835412810265 4.2318712633178714 2.9665970351513997
2.7663468644110125 4.2454145846409022 3.2384269280132796
2.7707101875409981 4.2601105732010867 3.4956145248394228
2.7750735106709841 4.2758670859187911 3.7167125587065799
2.7794368338009696 4.2924143406180786 3.8479696647248955
2.7838001569309556 4.3092655613829418 3.8545090175989447
2.7881634800609416 4.3258685368185379 3.7354052563453712
2.7925268031909272 4.3416820271027108 3.491790026699078
2.7968901263209132 4.3561539132781055 3.1201256620355897
2.8012534494508987 4.3687708154359246 2.6525862485551999
2.8056167725808847 4.3792786753642954 2.1689445811377226
2.8099800957108707 4.3877530963337756 1.7228903986373998
2.8143434188408563 4.394372140345828 1.3169959243565847
2.8187067419708423 4.3993007883766451 0.94873411001509267
2.8230700651008283 4.4027083584389706 0.61962900163477896
2.8274333882308138 4.404759347921372 0.32577897305025422
2.8317967113607998 4.4055896995948629 0.058319357004007866
2.8361600344907854 4.40529743937158 -0.18909197199842626
2.8405233576207713 4.4039682828066828 -0.41675553454276731
2.8448866807507573 4.4016896739872013 -0.62440264980990567
2.8492500038807429 4.3985475465059691 -0.81265760882874605
2.8536133270107289 4.3946327344902452 -0.97696110833229166
2.8579766501407144 4.390074745382134 -1.1049668984355958
2.8623399732707004 4.3850557800730074 -1.1878001222880825
2.8667032964006864 4.3797757936177879 -1.2248702464819552
2.871066619530672 4.3744326961755373 -1.2166133646452697
2.875429942660658 4.3692253966315651 -1.1625949289144024
2.8797932657906435 4.3643506440110631 -1.0649153739584949
2.8841565889206295 4.3599872778229152 -0.92940619576446637
2.8885199120506155 4.3562887973562203 -0.76037730383324387
2.8928832351806011 4.3533999352257196 -0.55820773721523731
2.8972465583105871 4.3514660195918937 -0.32268948441132611
2.9016098814405731 4.3506331910393747 -0.053307503578362149
2.9059732045705586 4.351043375100037 0.24533055131075115
2.9103365277005446 4.3527962101241888 0.55916767312847737
2.9146998508305302 4.3559296005466681 0.87751990627208543
2.9190631739605162 4.3604591338497558 1.1993909602510142
2.9234264970905022 4.3664021219111255 1.5252915532515299
2.9277898202204877 4.3737764259086793 1.8557383809758827
2.9321531433504737 4.3825956778164814 2.1856238270775048
2.9365164664804593 4.3928247388281862 2.4984215563015062
2.9408797896104453 4.404354806427933 2.7811647715389447
2.9452431127404313 4.4170493552309402 3.0325387199563236
2.9496064358704168 4.4307740310232591 3.2532011564808734
2.9539697590004028 4.4453941369025944 3.4430929861870441
2.9583330821303884 4.4607741190170724 3.6009680235704113
2.9626964052603744 4.4767653766920805 3.7223105758966808
2.9670597283903604 4.4931989811758202 3.8034827087183452
2.9714230515203459 4.5098980102829431 3.8440794161479146
2.9757863746503319 4.526686268885789 3.8443626641485276
2.9801496977803179 4.5433868133303452 3.8036748339889423
2.9845130209103035 4.5598250647826504 3.7254957163232545
2.9888763440402895 4.5758611200548112 3.6220309158207984
2.993239667170275 4.5914113226370112 3.5034918083956752
2.997602990300261 4.6064147443096255 3.3711264741496443
3.001966313430247 4.6208091928021711 3.2244889406515647
3.0063296365602326 4.6345323343515838 3.0631486370437018
3.0106929596902186 4.6475237253502337 2.8904761112001873
3.0150562828202041 4.6597587353713843 2.7193426470246913
3.0194196059501901 4.6712728032135997 2.5608164474825763
3.0237829290801761 4.6821265781977841 2.4163874522205973
3.0281462522101616 4.6923793917949705 2.2854550912139331
3.0325095753401476 4.7020909691422421 2.1682962829235741
3.0368728984701332 4.7113207752438138 2.0644957341839096
3.0412362216001192 4.7201245616195058 1.9727056412138915
3.0455995447301052 4.7285515624803143 1.891698337032452
3.0499628678600907 4.7366482139956121 1.8213275301628868
3.0543261909900767 4.7444609696188307 1.7614941454236659
3.0586895141200627 4.7520366259308231 1.7129885756980445
3.0630528372500483 4.7594205732042028 1.6720173353513914
3.0674161603800343 4.766615449845836 1.6226030500320541
3.0717794835100198 4.773546923043857 1.5501331733704162
3.0761428066400058 4.7801059975980555 1.452281650748982
3.0805061297699918 4.7861848024795171 1.3299060675352798
3.0848694528999774 4.7916750673575077 1.1824005204184291
3.0892327760299634 4.7964689970757872 1.0113832034814558
3.0935960991599489 4.8004768607501527 0.82373402819207497
3.0979594222899349 4.8036426516326802 0.62592224128745844
3.1023227454199209 4.8059261024203792 0.41919959766754256
3.1066860685499065 4.8072865472018451 0.20263741323718631
3.1110493916798925 4.807683650969155 -0.021347881005914563
3.115412714809878 4.8070761524434911 -0.26190266943791829
3.119776037939864 4.8053400146496523 -0.54240707909527042
3.12413936106985 4.8021913259951123 -0.92702828393263681
3.1285026841998356 4.7972689830795066 -1.298712328608715
3.1328660073298216 4.7914636493719156 -1.2539295355164737
3.1372293304598076 4.7871800076836566 -0.62223804684749973
3.1415926535897931 4.7857521180592508 -0.18407794236350597
3.1459559767197791 4.7843242284348442 -0.60493936183440356
3.1503192998497647 4.7800405867465861 -1.3231242755691461
3.1546826229797507 4.7729012745488379 -1.9564081027776057
3.1590459461097367 4.7629064277638138 -2.6318232559481869
3.1634092692397222 4.7506375646658867 -2.8236982245916042
3.1677725923697082 4.7396350883309912 -2.0735782430908341
3.1721359154996938 4.7329556348661406 -1.0391882171096454
3.1764992386296798 4.7301859512339748 -0.26641699686533282
3.1808625617596658 4.730295168423285 0.27565422002937146
3.1852258848896513 4.7322452176284617 0.57964739631463857
3.1895892080196373 4.7350015731220259 0.64164170573275137
3.1939525311496229 4.7375227272157527 0.48233408905362912
3.1983158542796088 4.7390730079911796 0.22833435283170139
3.2026791774095948 4.7395723907875249 0.01357336463056623
3.2070425005395804 4.7392924163258723 -0.13177375253937851
3.2114058236695664 4.7385125173770577 -0.2151936333279279
3.2157691467995524 4.7375094027331732 -0.23336155826222826
3.2201324699295379 4.7365628266300428 -0.19186874753912014
3.2244957930595239 4.7358734942784286 -0.12393125310091821
3.2288591161895095 4.7354668898914358 -0.065916836883341975
3.2332224393194955 4.7352711712342357 -0.026528219394457084
3.2375857624494815 4.7352112163804954 -0.0037584428609913605
3.241949085579467 4.7352129835746393 0.0015551030629994927
3.246312408709453 4.7352013524689305 -0.0092438954168995273
3.2506757318394386 4.7351216059339283 -0.02740615925063437
3.2550390549694246 4.7349658127022591 -0.043076682033731654
3.2594023780994106 4.7347529591373547 -0.053749979510620834
3.2637657012293961 4.7345032433460617 -0.059962662030184258
3.2681290243593821 4.7342364776663963 -0.061505874160141909
3.2724923474893677 4.7339728296498986 -0.058699435562159681
3.2768556706193537 4.7337272058411326 -0.053845898141648113
3.2812189937493397 4.7335020320475456 -0.049613559307714793
3.2855823168793252 4.7332922963831443 -0.046721581584114845
3.2899456400093112 4.7330925676445315 -0.045027100198483612
3.2943089631392972 4.7328975442840049 -0.044581568437361441
3.2986722862692828 4.7327018129503093 -0.045309763698301857
3.3030356093992688 4.7325013154344537 -0.046606266376693552
3.3073989325292543 4.7322953198997517 -0.047749205175123773
3.3117622556592403 4.732085147740718 -0.048532741971838177
3.3161255787892263 4.7318722594885054 -0.048994739459288297
3.3204889019192119 4.7316580738084912 -0.049122706470792511
3.3248522250491979 4.7314440434793736 -0.048934075175788426
3.3292155481791834 4.7312312726031651 -0.04858788590145597
3.3335788713091694 4.7310199795271144 -0.048279277715495401
3.3379421944391554 4.730809816308815 -0.048067006222350356
3.342305517569141 4.7306003901740228 -0.04794108612439088
3.346668840699127 4.7303913214844018 -0.047904495523462466
3.351032163829113 4.7301822204275457 -0.047953270900087316
3.3553954869590985 4.7299727868011718 -0.048045672023238367
3.3597588100890845 4.7297629560567378 -0.048128988376941885
3.3641221332190701 4.729552819688565 -0.048186491509000944
3.3684854563490561 4.7293424833250874 -0.048220800673884727
3.372848779479042 4.729132048562021 -0.048231222098711252
3.3772121026090276 4.7289216199766679 -0.048218634325454326
3.3815754257390136 4.7287112791446777 -0.048193981742844255
3.3859387488689991 4.7285010450006757 -0.048171491821226112
3.3903020719989851 4.7282908935199872 -0.048155915725082266
3.3946653951289711 4.7280807962964388 -0.048146570461788857
3.3990287182589567 4.7278707261407042 -0.0481436126916025
3.4033920413889427 4.7276606550018432 -0.048146854525735451
3.4077553645189282 4.7274505607254689 -0.048153429089642943
3.4121186876489142 4.7272404377940669 -0.048159498927941607
3.4164820107789002 4.7270302925064387 -0.048163717765489923
3.4208453339088858 4.7268201325014205 -0.048166262517871483
3.4252086570388718 4.7266099650558342 -0.048167099360602053
3.4295719801688578 4.72639979769263 -0.048166266353357107
3.4339353032988433 4.7261896364252314 -0.048164513730631152
3.4382986264288293 4.7259794828522006 -0.048162875803932317
3.4426619495588149 4.7257693353248023 -0.048161733205156487
3.4470252726888009 4.7255591917889772 -0.048161040452639248
3.4513885958187869 4.7253490502970914 -0.048160804348724398
3.4557519189487724 4.725138908831882 -0.048161017866443015
3.4601152420787584 4.7249287657619643 -0.048161484874315867
3.464478565208744 4.7247186206265281 -0.048161926787164314
3.46884188833873 4.7245084738563836 -0.048162236216438517
3.473205211468716 4.7242983260038098 -0.048162424752698489
3.4775685345987015 4.7240881775901196 -0.048162491197213872
3.4819318577286875 4.7238780291561575 -0.0481624366160225
3.4862951808586731 4.72366788114428 -0.048162312230137838
3.4906585039886591 4.7234577336867298 -0.048162193023537712
3.4950218271186451 4.7232475866711487 -0.048162109232876428
3.4993851502486306 4.7230374399490618 -0.048162057934856728
3.5037484733786166 4.7228272933809228 -0.048162039279081345
3.5081117965086026 4.7226171468217482 -0.048162053189906663
3.5124751196385882 4.7224070001516489 -0.048162086305077532
3.5168384427685742 4.7221968533328251 -0.048162118455202366
3.5212017658985597 4.7219867063945218 -0.048162141143105436
3.5255650890285457 4.7217765593766492 -0.048162155097226746
3.5299284121585317 4.7215664123165633 -0.048162160324360728
3.5342917352885173 4.7213562652531245 -0.048162156790741595
3.5386550584185033 4.7211461182188108 -0.048162147978374314
3.5430183815484888 4.7209359712243888 -0.048162139309011621
3.5473817046784748 4.7207258242622627 -0.048162133166299304
3.5517450278084608 4.7205156773217061 -0.048162129371405397
3.5561083509384463 4.7203055303927179 -0.048162127909740983
3.5604716740684323 4.7200953834648836 -0.048162128804105649
3.5648349971984179 4.7198852365294091 -0.048162131148008838
3.5691983203284039 4.7196750895832382 -0.048162133485241294
3.5735616434583899 4.7194649426283384 -0.048162135148280522
3.5779249665883754 4.7192547956675925 -0.048162136179943138
3.5822882897183614 4.7190446487036786 -0.048162136587907738
3.5866516128483474 4.7188345017393862 -0.048162136362763369
3.591014935978333 4.718624354777095 -0.048162135739703245
3.595378259108319 4.7184142078176716 -0.048162135109414334
3.5997415822383045 4.7182040608606082 -0.048162134659247124
3.6041049053682905 4.7179939139051283 -0.048162134378845575
3.6084682284982765 4.7177837669505163 -0.048162134265164767
3.6128315516282621 4.7175736199960232 -0.048162134321853789
3.6171948747582481 4.7173634730410061 -0.048162134487242408
3.6215581978882336 4.7171533260852216 -0.048162134656907989
3.6259215210182196 4.7169431791287995 -0.048162134778931484
3.6302848441482056 4.7167330321719474 -0.048162134855178319
3.6346481672781912 4.7165228852148582 -0.048162134886792732
3.6390114904081772 4.7163127382577317 -0.048162134872784187
3.6433748135381627 4.7161025913007419 -0.048162134828809322
3.6477381366681487 4.7158924443439583 -0.048162134783000049
3.6521014597981347 4.7156822973873469 -0.048162134750053355
3.6564647829281203 4.7154721504308519 -0.048162134729197545
3.6608281060581063 4.7152620034744226 -0.048162134720380806
3.6651914291880923 4.715051856518004 -0.048162134723971552
3.6695547523180778 4.7148417095615498 -0.048162134735538702
3.6739180754480638 4.7146315626050406 -0.048162134747967336
3.6782813985780494 4.7144214156484843 -0.048162134756912292
3.6826447217080354 4.7142112686918969 -0.048162134762442479
3.6870080448380214 4.7140011217352917 -0.048162134764948683
3.6913713679680069 4.713790974778683 -0.048162134764064432
3.6957346910979929 4.7135808278220841 -0.048162134760820548
3.7000980142279785 4.7133706808655003 -0.048162134757581673
3.7044613373579645 4.713160533908928 -0.048162134755461106
3.7088246604879505 4.7129503869523637 -0.048162134753732856
3.713187983617936 4.7127402399958056 -0.048162134753010483
3.717551306747922 4.7125300930392475 -0.048162134753353528
3.7219146298779076 4.7123199460826877 -0.048162134753925057
3.7262779530078936 4.7121097991261243 -0.048162134754959909
3.7306412761378795 4.7118996521695564 -0.048162134755730217
3.7350045992678651 4.7116895052129868 -0.04816213475590355
3.7393679223978511 4.7114793582564163 -0.048162134756271902
3.7437312455278371 4.711269211299844 -0.048162134756442473
3.7480945686578226 4.7110590643432726 -0.048162134756017161
3.7524578917878086 4.710848917386703 -0.048162134755715867
3.7568212149177942 4.7106387704301342 -0.048162134755514362
3.7611845380477802 4.7104286234735664 -0.048162134755400342
3.7655478611777662 4.7102184765169985 -0.048162134755432517
3.7699111843077517 4.7100083295604307 -0.048162134755432594
3.7742745074377377 4.7097981826038628 -0.048162134755400113
3.7786378305677233 4.709588035647295 -0.048162134755529946
3.7830011536977093 4.7093778886907263 -0.048162134755653757
3.7873644768276953 4.7091677417341575 -0.048162134755624676
3.7917277999576808 4.7089575947775888 -0.048162134755631851
3.7960911230876668 4.7087474478210201 -0.048162134755632253
3.8004544462176524 4.7085373008644513 -0.048162134755623483
3.8048177693476384 4.7083271539078826 -0.048162134755658149
3.8091810924776244 4.7081170069513139 -0.048162134755513605
3.8135444156076099 4.707906859994746 -0.048162134755461085
3.8179077387375959 4.7076967130381773 -0.048162134755815676
3.8222710618675819 4.7074865660816076 -0.04816213475565647
3.8266343849975675 4.7072764191250398 -0.048162134755342791
3.8309977081275535 4.707066272168472 -0.048162134755535317
3.835361031257539 4.7068561252119032 -0.048162134755689597
3.839724354387525 4.7066459782553345 -0.04816213475549061
3.844087677517511 4.7064358312987666 -0.04816213475550693
3.8484510006474966 4.7062256843421979 -0.048162134755655318
3.8528143237774826 4.7060155373856292 -0.048162134755656109
3.8571776469074681 4.7058053904290604 -0.048162134755504578
3.8615409700374541 4.7055952434724926 -0.048162134755499221
3.8659042931674401 4.7053850965159238 -0.048162134755657456
3.8702676162974257 4.7051749495593551 -0.048162134755655284
3.8746309394274117 4.7049648026027864 -0.048162134755505757
3.8789942625573972 4.7047546556462185 -0.048162134755495335
3.8833575856873832 4.7045445086896498 -0.048162134755686599
3.8877209088173692 4.7043343617330811 -0.048162134755527927
3.8920842319473548 4.7041242147765132 -0.048162134755375334
3.8964475550773408 4.7039140678199454 -0.048162134755533693
3.9008108782073267 4.7037039208633766 -0.048162134755648837
3.9051742013373123 4.7034937739068079 -0.048162134755655277
3.9095375244672983 4.7032836269502392 -0.048162134755514369
3.9139008475972838 4.7030734799936713 -0.048162134755460891
3.9182641707272698 4.7028633330371026 -0.048162134755815739
3.9226274938572558 4.702653186080533 -0.048162134755656456
3.9269908169872414 4.7024430391239651 -0.048162134755342749
3.9313541401172274 4.7022328921673973 -0.048162134755535539
3.9357174632472129 4.7020227452108285 -0.048162134755688764
3.9400807863771989 4.7018125982542598 -0.048162134755493712
3.9444441095071849 4.7016024512976919 -0.048162134755495349
3.9488074326371705 4.7013923043411232 -0.048162134755698541
3.9531707557671565 4.7011821573845545 -0.048162134755494801
3.957534078897142 4.7009720104279866 -0.048162134755495904
3.961897402027128 4.7007618634714179 -0.048162134755695245
3.966260725157114 4.7005517165148492 -0.048162134755492768
3.9706240482870996 4.7003415695582813 -0.048162134755507367
3.9749873714170856 4.7001314226017126 -0.048162134755651398
3.9793506945470716 4.6999212756451438 -0.048162134755656671
3.9837140176770571 4.6997111286885751 -0.048162134755506229
3.9880773408070431 4.6995009817320073 -0.048162134755492053
3.9924406639370287 4.6992908347754385 -0.048162134755699179
3.9968039870670147 4.6990806878188698 -0.048162134755495536
4.0011673101970002 4.6988705408623019 -0.048162134755492331
4.0055306333269867 4.6986603939057332 -0.048162134755694079
4.0098939564569722 4.6984502469491645 -0.048162134755500928
4.0142572795869578 4.6982400999925966 -0.048162134755490527
4.0186206027169442 4.6980299530360279 -0.048162134755695883
4.0229839258469298 4.6978198060794591 -0.048162134755495571
4.0273472489769153 4.6976096591228913 -0.048162134755510178
4.0317105721069009 4.6973995121663226 -0.048162134755652043
4.0360738952368873 4.6971893652097538 -0.048162134755651259
4.0404372183668729 4.6969792182531851 -0.04816213475551253
4.0448005414968584 4.6967690712966172 -0.048162134755486995
4.0491638646268449 4.6965589243400485 -0.048162134755698409
4.0535271877568304 4.6963487773834798 -0.048162134755488986
4.057890510886816 4.6961386304269119 -0.048162134755534013
4.0622538340168024 4.6959284834703432 -0.048162134755533888
4.066617157146788 4.6957183365137753 -0.048162134755489389
4.0709804802767735 4.6955081895572066 -0.048162134755696875
4.0753438034067591 4.6952980426006379 -0.048162134755522126
4.0797071265367455 4.69508789564407 -0.048162134755373551
4.0840704496667311 4.6948777486875022 -0.04816213475553198
4.0884337727967166 4.6946676017309334 -0.048162134755686883
4.092797095926703 4.6944574547743647 -0.048162134755490103
4.0971604190566886 4.6942473078177969 -0.048162134755511649
4.1015237421866741 4.6940371608612281 -0.048162134755651634
4.1058870653166606 4.6938270139046594 -0.048162134755651405
4.1102503884466461 4.6936168669480907 -0.048162134755512315
4.1146137115766317 4.6934067199915228 -0.048162134755487675
4.1189770347066181 4.6931965730349541 -0.048162134755695876
4.1233403578366037 4.6929864260783853 -0.048162134755498437
4.1277036809665892 4.6927762791218175 -0.048162134755498721
4.1320670040965748 4.6925661321652488 -0.048162134755695023
4.1364303272265612 4.69235598520868 -0.048162134755490783
4.1407936503565468 4.6921458382521122 -0.048162134755500768
4.1451569734865323 4.6919356912955434 -0.048162134755694475
4.1495202966165188 4.6917255443389747 -0.048162134755490936
4.1538836197465043 4.6915153973824069 -0.048162134755500734
4.1582469428764899 4.6913052504258381 -0.048162134755694481
4.1626102660064763 4.6910951034692694 -0.048162134755490971
4.1669735891364619 4.6908849565127015 -0.04816213475550056
4.1713369122664474 4.6906748095561328 -0.048162134755695155
4.1757002353964339 4.6904646625995641 -0.048162134755488403
4.1800635585264194 4.6902545156429962 -0.048162134755510178
4.184426881656405 4.6900443686864275 -0.048162134755659211
4.1887902047863905 4.6898342217298588 -0.048162134755652015
4.193153527916377 4.68962407477329 -0.048162134755502316
4.1975168510463625 4.6894139278167222 -0.048162134755497688
4.2018801741763481 4.6892037808601534 -0.0481621347556953
4.2062434973063345 4.6889936339035847 -0.048162134755490693
4.2106068204363201 4.6887834869470169 -0.048162134755500838
4.2149701435663056 4.6885733399904481 -0.048162134755694308
4.2193334666962921 4.6883631930338794 -0.048162134755491498
4.2236967898262776 4.6881530460773115 -0.048162134755498652
4.2280601129562632 4.6879428991207428 -0.048162134755702211
4.2324234360862487 4.6877327521641741 -0.048162134755491533
4.2367867592162352 4.6875226052076062 -0.048162134755490554
4.2411500823462207 4.6873124582510375 -0.04816213475570516
4.2455134054762063 4.6871023112944687 -0.04816213475548782
4.2498767286061927 4.6868921643379009 -0.048162134755502461
4.2542400517361783 4.6866820173813322 -0.048162134755661286
4.2586033748661638 4.6864718704247634 -0.048162134755651419
4.2629666979961502 4.6862617234681947 -0.048162134755502628
4.2673300211261358 4.6860515765116268 -0.048162134755497014
4.2716933442561213 4.6858414295550581 -0.048162134755697639
4.2760566673861078 4.6856312825984894 -0.048162134755482006
4.2804199905160933 4.6854211356419215 -0.048162134755533256
4.2847833136460789 4.6852109886853528 -0.048162134755573335
4.2891466367760644 4.6850008417287849 -0.04816213475536181
4.2935099599060509 4.6847906947722171 -0.048162134755527677
4.2978732830360364 4.6845805478156484 -0.048162134755686446
4.302236606166022 4.6843704008590796 -0.048162134755525554
4.3065999292960084 4.6841602539025118 -0.048162134755370262
4.310963252425994 4.6839501069459439 -0.048162134755541673
4.3153265755559795 4.6837399599893752 -0.048162134755651419
4.319689898685966 4.6835298130328065 -0.048162134755622248
4.3240532218159515 4.6833196660762377 -0.0481621347556292
4.3284165449459371 4.683109519119669 -0.048162134755659926
4.3327798680759235 4.6828993721631003 -0.048162134755500706
4.3371431912059091 4.6826892252065324 -0.048162134755496182
4.3415065143358946 4.6824790782499637 -0.048162134755702884
4.3458698374658802 4.6822689312933949 -0.048162134755491304
4.3502331605958666 4.6820587843368271 -0.048162134755490839
4.3545964837258522 4.6818486373802584 -0.048162134755704321
4.3589598068558377 4.6816384904236896 -0.048162134755490915
4.3633231299858242 4.6814283434671218 -0.048162134755490922
4.3676864531158097 4.681218196510553 -0.048162134755704335
4.3720497762457953 4.6810080495539843 -0.048162134755490769
4.3764130993757817 4.6807979025974165 -0.048162134755491498
4.3807764225057673 4.6805877556408477 -0.048162134755702204
4.3851397456357528 4.680377608684279 -0.048162134755498721
4.3895030687657384 4.6801674617277111 -0.048162134755491255
4.3938663918957248 4.6799573147711424 -0.048162134755695168
4.3982297150257104 4.6797471678145737 -0.048162134755497681
4.4025930381556959 4.6795370208580058 -0.048162134755502434
4.4069563612856824 4.6793268739014371 -0.048162134755651474
4.4113196844156679 4.6791167269448684 -0.048162134755661265
4.4156830075456535 4.6789065799882996 -0.048162134755502461
4.4200463306756399 4.6786964330317318 -0.048162134755487827
4.4244096538056255 4.678486286075163 -0.048162134755705167
4.428772976935611 4.6782761391185943 -0.048162134755490547
4.4331363000655974 4.6780659921620265 -0.048162134755491554
4.437499623195583 4.6778558452054577 -0.048162134755702184
4.4418629463255686 4.677645698248889 -0.048162134755498742
4.4462262694555541 4.6774355512923211 -0.048162134755491248
4.4505895925855405 4.6772254043357524 -0.048162134755695189
4.4549529157155261 4.6770152573791837 -0.048162134755497618
4.4593162388455116 4.6768051104226158 -0.048162134755502663
4.4636795619754981 4.6765949634660471 -0.048162134755650642
4.4680428851054836 4.6763848165094783 -0.048162134755664367
4.4724062082354692 4.6761746695529096 -0.048162134755490887
4.4767695313654556 4.6759645225963418 -0.048162134755531008
4.4811328544954412 4.675754375639773 -0.048162134755544012
4.4854961776254267 4.6755442286832052 -0.048162134755481298
4.4898595007554132 4.6753340817266364 -0.048162134755689714
4.4942228238853987 4.6751239347700677 -0.048162134755529461
4.4985861470153843 4.6749137878134999 -0.04816213475538076
4.5029494701453698 4.674703640856932 -0.048162134755525235
4.5073127932753563 4.6744934939003633 -0.048162134755677259
4.5116761164053418 4.6742833469437945 -0.048162134755535352
4.5160394395353274 4.6740731999872267 -0.048162134755369644
4.5204027626653138 4.6738630530306589 -0.048162134755534332
4.5247660857952994 4.6736529060740901 -0.048162134755651967
4.5291294089252849 4.6734427591175214 -0.048162134755656824
4.5334927320552714 4.6732326121609526 -0.048162134755490318
4.5378560551852569 4.6730224652043848 -0.048162134755540861
4.5422193783152425 4.6728123182478161 -0.048162134755534575
4.5465827014452289 4.6726021712912482 -0.048162134755479757
4.5509460245752145 4.6723920243346795 -0.048162134755705355
4.5553093477052 4.6721818773781107 -0.048162134755497833
4.5596726708351856 4.6719717304215429 -0.048162134755491699
4.564035993965172 4.6717615834649742 -0.048162134755694287
4.5683993170951576 4.6715514365084054 -0.048162134755500782
4.5727626402251431 4.6713412895518376 -0.048162134755490915
4.5771259633551296 4.6711311425952688 -0.048162134755694481
4.5814892864851151 4.6709209956387001 -0.048162134755500768
4.5858526096151007 4.6707108486821323 -0.048162134755490776
4.5902159327450871 4.6705007017255635 -0.04816213475569503
4.5945792558750727 4.6702905547689948 -0.048162134755498714
4.5989425790050582 4.6700804078124269 -0.048162134755498444
4.6033059021350438 4.6698702608558582 -0.048162134755695869
4.6076692252650302 4.6696601138992895 -0.048162134755487696
4.6120325483950158 4.6694499669427216 -0.048162134755512294
4.6163958715250013 4.6692398199861529 -0.048162134755651453
4.6207591946549877 4.6690296730295842 -0.048162134755651474
4.6251225177849733 4.6688195260730154 -0.048162134755512259
4.6294858409149588 4.6686093791164476 -0.048162134755487841
4.6338491640449453 4.6683992321598788 -0.048162134755695307
4.6382124871749308 4.6681890852033101 -0.048162134755500553
4.6425758103049164 4.6679789382467423 -0.048162134755490839
4.6469391334349028 4.6677687912901735 -0.048162134755695009
4.6513024565648884 4.6675586443336048 -0.048162134755498728
4.6556657796948739 4.6673484973770369 -0.048162134755498437
4.6600291028248595 4.6671383504204682 -0.048162134755695883
4.6643924259548459 4.6669282034638995 -0.048162134755487633
4.6687557490848315 4.6667180565073316 -0.048162134755512523
4.673119072214817 4.6665079095507629 -0.048162134755650621
4.6774823953448035 4.6662977625941942 -0.048162134755654576
4.681845718474789 4.6660876156376254 -0.048162134755500692
4.6862090416047746 4.6658774686810576 -0.048162134755531022
4.690572364734761 4.6656673217244888 -0.048162134755534158
4.6949356878647466 4.665457174767921 -0.04816213475549129
4.6992990109947321 4.6652470278113523 -0.048162134755689
4.7036623341247186 4.6650368808547835 -0.0481621347555223
4.7080256572547041 4.6648267338982157 -0.048162134755380753
4.7123889803846897 4.6646165869416478 -0.04816213475553241
4.7167523035146752 4.6644064399850791 -0.048162134755677967
4.7211156266446617 4.6641962930285104 -0.048162134755525318
4.7254789497746472 4.6639861460719425 -0.048162134755379733
4.7298422729046328 4.6637759991153747 -0.048162134755533471
4.7342055960346192 4.6635658521588059 -0.048162134755645299
4.7385689191646048 4.6633557052022372 -0.04816213475565493
4.7429322422945903 4.6631455582456685 -0.048162134755534006
4.7472955654245768 4.6629354112891006 -0.048162134755367958
4.7516588885545623 4.6627252643325328 -0.048162134755542457
4.7560222116845479 4.662515117375964 -0.048162134755650558
4.7603855348145334 4.6623049704193953 -0.048162134755654347
4.7647488579445199 4.6620948234628266 -0.048162134755501684
4.7691121810745054 4.6618846765062587 -0.048162134755497861
4.773475504204491 4.66167452954969 -0.048162134755695252
4.7778388273344774 4.6614643825931212 -0.048162134755490721
4.782202150464463 4.6612542356365534 -0.048162134755500782
4.7865654735944485 4.6610440886799847 -0.048162134755694475
4.7909287967244349 4.6608339417234159 -0.048162134755490929
4.7952921198544205 4.6606237947668481 -0.048162134755500761
4.7996554429844061 4.6604136478102793 -0.048162134755694343
4.8040187661143925 4.6602035008537106 -0.048162134755491477
4.808382089244378 4.6599933538971428 -0.048162134755498666
4.8127454123743636 4.659783206940574 -0.048162134755702211
4.8171087355043491 4.6595730599840053 -0.048162134755491533
4.8214720586343356 4.6593629130274374 -0.048162134755490554
4.8258353817643211 4.6591527660708687 -0.04816213475570516
4.8301987048943067 4.6589426191143 -0.04816213475548782
4.8345620280242931 4.6587324721577321 -0.048162134755502461
4.8389253511542787 4.6585223252011634 -0.048162134755661272
4.8432886742842642 4.6583121782445946 -0.048162134755651467
4.8476519974142507 4.6581020312880259 -0.048162134755502441
4.8520153205442362 4.6578918843314581 -0.048162134755497701
4.8563786436742218 4.6576817373748893 -0.048162134755695092
4.8607419668042082 4.6574715904183206 -0.048162134755491498
4.8651052899341938 4.6572614434617527 -0.048162134755497847
4.8694686130641793 4.657051296505184 -0.04816213475570548
4.8738319361941649 4.6568411495486153 -0.048162134755479293
4.8781952593241513 4.6566310025920474 -0.048162134755536261
4.8825585824541369 4.6564208556354787 -0.048162134755534575
4.8869219055841224 4.6562107086789108 -0.0481621347555138
4.8912852287141089 4.6560005617223421 -0.048162134755569158
4.8956485518440944 4.6557904147657743 -0.048162134755368485
4.90001187497408 4.6555802678092064 -0.04816213475553463
4.9043751981040664 4.6553701208526377 -0.048162134755651918
4.908738521234052 4.6551599738960689 -0.048162134755627285
4.9131018443640375 4.6549498269395002 -0.048162134755637971
4.9174651674940231 4.6547396799829315 -0.048162134755619881
4.9218284906240095 4.6545295330263627 -0.048162134755652106
4.9261918137539951 4.654319386069794 -0.048162134755541312
4.9305551368839806 4.6541092391132262 -0.048162134755370969
4.9349184600139671 4.6538990921566583 -0.048162134755523077
4.9392817831439526 4.6536889452000896 -0.048162134755695675
4.9436451062739382 4.6534787982435208 -0.04816213475549324
4.9480084294039246 4.653268651286953 -0.048162134755490298
4.9523717525339102 4.6530585043303843 -0.048162134755704501
4.9567350756638957 4.6528483573738155 -0.048162134755490728
4.9610983987938821 4.6526382104172477 -0.048162134755491498
4.9654617219238677 4.6524280634606789 -0.048162134755702204
4.9698250450538533 4.6522179165041102 -0.048162134755498721
4.9741883681838388 4.6520077695475424 -0.048162134755491255
4.9785516913138252 4.6517976225909736 -0.048162134755695168
4.9829150144438108 4.6515874756344049 -0.048162134755497681
4.9872783375737963 4.651377328677837 -0.048162134755502434
4.9916416607037828 4.6511671817212683 -0.048162134755651474
4.9960049838337683 4.6509570347646996 -0.048162134755661265
5.0003683069637539 4.6507468878081308 -0.048162134755502461
5.0047316300937403 4.650536740851563 -0.048162134755487827
5.0090949532237259 4.6503265938949943 -0.048162134755705167
5.0134582763537114 4.6501164469384255 -0.048162134755490547
5.0178215994836979 4.6499062999818577 -0.048162134755491547
5.0221849226136834 4.6496961530252889 -0.048162134755702204
5.026548245743669 4.6494860060687202 -0.048162134755498673
5.0309115688736545 4.6492758591121524 -0.048162134755491484
5.035274892003641 4.6490657121555836 -0.048162134755694322
5.0396382151336265 4.6488555651990149 -0.048162134755500831
5.0440015382636121 4.648645418242447 -0.0481621347554907
5.0483648613935985 4.6484352712858783 -0.0481621347556953
5.0527281845235841 4.6482251243293096 -0.048162134755497681
5.0570915076535696 4.6480149773727417 -0.048162134755502295
5.0614548307835561 4.647804830416173 -0.048162134755652043
5.0658181539135416 4.6475946834596042 -0.048162134755659128
5.0701814770435272 4.6473845365030355 -0.04816213475551042
5.0745448001735127 4.6471743895464677 -0.048162134755487571
5.0789081233034992 4.6469642425898989 -0.048162134755698249
5.0832714464334847 4.6467540956333302 -0.048162134755489035
5.0876347695634703 4.6465439486767623 -0.048162134755533971
5.0919980926934567 4.6463338017201936 -0.048162134755533992
5.0963614158234423 4.6461236547636258 -0.048162134755488979
5.1007247389534278 4.645913507807057 -0.048162134755698409
5.1050880620834143 4.6457033608504883 -0.048162134755486995
5.1094513852133998 4.6454932138939204 -0.048162134755512578
5.1138147083433854 4.6452830669373517 -0.04816213475565103
5.1181780314733718 4.645072919980783 -0.048162134755652876
5.1225413546033574 4.6448627730242142 -0.048162134755507083
5.1269046777333429 4.6446526260676464 -0.048162134755507104
5.1312680008633285 4.6444424791110777 -0.048162134755652841
5.1356313239933149 4.6442323321545089 -0.048162134755651106
5.1399946471233005 4.6440221851979402 -0.048162134755512356
5.144357970253286 4.6438120382413723 -0.04816213475548782
5.1487212933832724 4.6436018912848036 -0.0481621347556953
5.153084616513258 4.6433917443282349 -0.04816213475550056
5.1574479396432436 4.643181597371667 -0.048162134755490811
5.16181126277323 4.6429714504150983 -0.048162134755695113
5.1661745859032155 4.6427613034585296 -0.048162134755498347
5.1705379090332011 4.6425511565019617 -0.048162134755499866
5.1749012321631875 4.642341009545393 -0.048162134755661112
5.1792645552931731 4.6421308625888242 -0.048162134755625273
5.1836278784231586 4.6419207156322555 -0.048162134755636778
5.1879912015531442 4.6417105686756868 -0.048162134755626668
5.1923545246831306 4.641500421719118 -0.048162134755626133
5.1967178478131162 4.6412902747625493 -0.048162134755638401
5.2010811709431017 4.6410801278059806 -0.048162134755619292
5.2054444940730882 4.6408699808494118 -0.048162134755654049
5.2098078172030737 4.6406598338928431 -0.048162134755534103
5.2141711403330593 4.6404496869362752 -0.048162134755397885
5.2185344634630457 4.6402395399797074 -0.048162134755422609
5.2228977865930313 4.6400293930231395 -0.048162134755459947
5.2272611097230168 4.6398192460665717 -0.04816213475531532
5.2316244328530024 4.6396090991100047 -0.048162134755245813
5.2359877559829888 4.6393989521534369 -0.048162134755639005
5.2403510791129744 4.6391888051968673 -0.048162134755967749
5.2447144022429599 4.6389786582402968 -0.048162134756121015
5.2490777253729464 4.6387685112837254 -0.048162134756371114
5.2534410485029319 4.6385583643271531 -0.048162134756438796
5.2578043716329175 4.6383482173705817 -0.048162134755947383
5.2621676947629039 4.6381380704140129 -0.048162134755373252
5.2665310178928895 4.6379279234574469 -0.048162134754497196
5.270894341022875 4.6377177765008861 -0.048162134753108987
5.2752576641528615 4.6375076295443307 -0.048162134752180438
5.279620987282847 4.6372974825877771 -0.048162134752397549
5.2839843104128326 4.6370873356312199 -0.048162134753708383
5.2883476335428181 4.6368771886746547 -0.048162134756186595
5.2927109566728046 4.6366670417180753 -0.048162134760200176
5.2970742798027901 4.6364568947614764 -0.048162134764872973
5.3014376029327757 4.6362467478048597 -0.048162134767845595
5.3058009260627621 4.6360366008482377 -0.048162134767130237
5.3101642491927477 4.6358264538916281 -0.048162134762133713
5.3145275723227332 4.6356163069350496 -0.048162134752941933
5.3188908954527196 4.6354061599785208 -0.048162134739105494
5.3232542185827052 4.6351960130220613 -0.048162134721813715
5.3276175417126908 4.6349858660656711 -0.048162134709582728
5.3319808648426772 4.6347757191093049 -0.048162134711649034
5.3363441879726627 4.6345655721528933 -0.048162134730270784
5.3407075111026483 4.6343554251963663 -0.04816213476427756
5.3450708342326338 4.6341452782396555 -0.048162134815423328
5.3494341573626203 4.633935131282688 -0.048162134879694646
5.3537974804926058 4.6337249843254611 -0.04816213492626082
5.3581608036225914 4.6335148373681374 -0.048162134920631497
5.3625241267525778 4.6333046904109736 -0.048162134853195863
5.3668874498825634 4.6330945434542334 -0.048162134727359841
5.3712507730125489 4.6328843964981763 -0.048162134537278495
5.3756140961425354 4.6326742495430731 -0.04816213429795211
5.3799774192725209 4.6324641025889424 -0.04816213412080339
5.3843407424025065 4.6322539556351954 -0.048162134136266327
5.388704065532492 4.6320438086808737 -0.04816213438285661
5.3930673886624785 4.631833661724996 -0.048162134845992056
5.397430711792464 4.6316235147665994 -0.048162135548597884
5.4017940349224496 4.6314133678046616 -0.048162136441646061
5.406157358052436 4.6312032208390681 -0.048162137115048742
5.4105206811824216 4.6309930738719665 -0.04816213707880488
5.4148840043124071 4.6307829269069121 -0.048162136179732473
5.4192473274423936 4.6305727799475784 -0.048162134471347373
5.4236106505723791 4.6303626329975494 -0.048162131873315021
5.4279739737023647 4.6301524860606555 -0.048162128545369866
5.4323372968323511 4.6299423391374885 -0.048162125986155782
5.4367006199623367 4.629732192220243 -0.048162126041793048
5.4410639430923222 4.6295220452957091 -0.048162129318303167
5.4454272662223078 4.6293118983501591 -0.048162135617345454
5.4497905893522942 4.6291017513702375 -0.048162145226410262
5.4541539124822798 4.6288916043415913 -0.048162157623845098
5.4585172356122653 4.628681457261437 -0.048162167340006043
5.4628805587422518 4.6284713101581048 -0.048162167428233239
5.4672438818722373 4.6282611630806612 -0.048162155495409385
5.4716072050022229 4.6280510160803985 -0.048162132273102481
5.4759705281322093 4.6278408692070983 -0.048162096736483077
5.4803338512621949 4.6276307225145041 -0.048162050567949762
5.4846971743921804 4.6274205760150968 -0.048162013708898457
5.4890604975221668 4.6272104296061682 -0.048162012279551865
5.4934238206521524 4.6270002831055219 -0.048162055707869314
5.497787143782138 4.6267901363215111 -0.048162141311491304
5.5021504669121235 4.626579989068544 -0.048162272726415802
5.5065137900421099 4.6263698411454977 -0.048162444606211101
5.5108771131720955 4.6261596924982253 -0.048162584325687305
5.5152404363020811 4.6259495434986313 -0.048162593747719855
5.5196037594320675 4.6257393948230376 -0.048162435812406701
5.523967082562053 4.6255292471874796 -0.048162120289559171
5.5283304056920386 4.6253191012839956 -0.048161634354090294
5.532693728822025 4.6251089578648061 -0.048160994657284642
5.5370570519520106 4.6248988171594627 -0.048160465401774363
5.5414203750819961 4.624688677822979 -0.048160415058963263
5.5457836982119817 4.6244785373455395 -0.048160988990526392
5.5501470213419681 4.6242683930519997 -0.048162151827774877
5.5545103444719537 4.6240582423614951 -0.048163948533504031
5.5588736676019392 4.6238480824621364 -0.048166328644046193
5.5632369907319257 4.6236379123975979 -0.048168332100636806
5.5676003138619112 4.6234277370256676 -0.048168576320389934
5.5719636369918968 4.6232175656574555 -0.048166492324767239
5.5763269601218832 4.6230074082868295 -0.048162207302228859
5.5806902832518688 4.622797274540245 -0.048155564662252584
5.5850536063818543 4.6225871749235887 -0.048146711540222348
5.5894169295118408 4.6223771133668956 -0.048139132555082766
5.5937802526418263 4.6221670723489803 -0.048138012091162537
5.5981435757718119 4.6219570173372491 -0.048145572947681153
5.6025068989017974 4.6217469109987936 -0.048161361080677617
5.6068702220317839 4.6215367174223552 -0.048185917767131929
5.6112335451617694 4.6213263973740766 -0.048218838939216697
5.615596868291755 4.6211159348797786 -0.048247491865098059
5.6199601914217414 4.6209053930442456 -0.048252448672939936
5.624323514551727 4.620694899900367 -0.04822504161507301
5.6286868376817125 4.6204845948983682 -0.048166878295303153
5.633050160811699 4.6202746120231666 -0.048076103732840533
5.6374134839416845 4.6200650977265019 -0.047953716360673804
5.6417768070716701 4.6198561163543781 -0.047845457617503605
5.6461401302016565 4.6196474409720691 -0.047824084938825541
5.6505034533316421 4.6194385970377043 -0.047923339154304197
5.6548667764616276 4.6192290637000326 -0.048137581626654026
5.6592300995916132 4.6190183409938257 -0.048473105888421006
5.6635934227215996 4.6188058824765088 -0.04892797174480646
5.6679567458515852 4.6185914309048188 -0.049336763112110528
5.6723200689815707 4.6183758010612914 -0.049427175074407644
5.6766833921115571 4.6181607512102349 -0.049068082449922591
5.6810467152415427 4.6179482265908591 -0.048279046125627417
5.6854100383715283 4.6177400930668018 -0.04703896788594103
5.6897733615015147 4.6175383887216199 -0.045348844635089085
5.6941366846315002 4.6173441353834308 -0.04380610304890091
5.6985000077614858 4.6171544126509074 -0.043429242599440636
5.7028633308914722 4.6169627080478692 -0.044727044776502897
5.7072266540214578 4.6167617572558353 -0.04763254158265931
5.7115899771514433 4.6165445960338518 -0.05221543409583531
5.7159533002814289 4.6163036257096657 -0.058493770721857595
5.7203166234114153 4.6160348097355293 -0.064312723186465401
5.7246799465414009 4.6157485966721525 -0.065865192812804146
5.7290432696713864 4.6154690997840557 -0.061180017338153071
5.7334065928013729 4.615223444526368 -0.05048275650287834
5.7377699159313584 4.6150376276467098 -0.033547346019263583
5.742133239061344 4.6149399697403553 -0.010230765462943369
5.7464965621913304 4.6149463398448543 0.011705538662854452
5.750859885321316 4.6150194274798393 0.018039728276552026
5.7552232084513015 4.6150699824845161 0.0011459652766804787
5.7595865315812871 4.6149967263685241 -0.038231723806681848
5.7639498547112735 4.6147026051996924 -0.1008090849623442
5.7683131778412591 4.6140821009880755 -0.18738202596698456
5.7726765009712446 4.6130730908858864 -0.27003432521673215
5.7770398241012311 4.6118085304898147 -0.29567260087561098
5.7814031472312166 4.6106186369955715 -0.23483345837482819
5.7857664703612022 4.6098815173062135 -0.089910235462104041
5.7901297934911886 4.6099595379100906 0.14131124967533482
5.7944931166211742 4.6112457417458073 0.46263686912868129
5.7988564397511597 4.6139823445287815 0.77401936638951152
5.8032197628811462 4.6176968569405181 0.87674575102878871
5.8075830860111317 4.6211670651216634 0.65884763292946824
5.8119464091411173 4.6229849210979976 0.12366881346931814
5.8163097322711028 4.6217846382490446 -0.72891088193105968
5.8206730554010893 4.61614996005967 -1.907398333334789
5.8250363785310748 4.6048814281474595 -3.2632869732545866
5.8293997016610604 4.5878592183620635 -4.4907349564596535
5.8337630247910468 4.5661372710313639 -5.4122934034336856
5.8381263479210324 4.5410715299153681 -6.0289364038283892
5.8424896710510179 4.5139617810378843 -6.3451854290963032
5.8468529941810043 4.4861492854075111 -6.3520756200140767
5.8512163173109899 4.4588316653118243 -6.1511875528983762
5.8555796404409755 4.4324584543162446 -5.9582704093469108
5.8599429635709619 4.4066361585053855 -5.9027178043762767
5.8643062867009474 4.3807455010623224 -5.9860659844313124
5.868669609830933 4.3542032725387454 -6.203215140851098
5.8730329329609186 4.3264119177549709 -6.5580935641710365
5.877396256090905 4.2968004464854754 -7.0316865821746992
5.8817595792208905 4.2649342779088109 -7.5840716784519593
5.8861229023508761 4.230538714085867 -8.1902380206942222
5.8904862254808625 4.1933836246027418 -8.8495817088672553
5.8948495486108481 4.1532325335924831 -9.5632496144045547
5.8992128717408336 4.1098500899073205 -10.330847663805386
5.9035761948708201 4.063003348637837 -11.150377572049491
5.9079395180008056 4.0124769415133095 -12.016487338529151
5.9123028411307912 3.9580766264135807 -12.925973172935448
5.9166661642607767 3.8996140022667976 -13.878460956932514
5.9210294873907632 3.8369010123399678 -14.874398195219745
5.9253928105207487 3.7697453661840457 -15.915043126130341
5.9297561336507343 3.6979748503594614 -16.98402224547112
5.9341194567807207 3.6215491764637289 -18.041062422710958
5.9384827799107063 3.540592804071792 -19.059652344673445
5.9428461030406918 3.4552801503430066 -20.038489724216312
5.9472094261706783 3.3657797927940298 -20.978961760719784
5.9515727493006638 3.2722595863295538 -21.881333817797053
5.9559360724306494 3.1748977653986441 -22.736517623974084
5.9602993955606358 3.0739495145356863 -23.520557471000355
5.9646627186906214 2.9697692981061259 -24.21719769820292
5.9690260418206069 2.8627430373406906 -24.825528725388921
5.9733893649505925 2.7532529549127434 -25.346359327293577
5.9777526880805789 2.6416818568394933 -25.779505848210075
5.9821160112105645 2.5284141637365947 -26.123382942459074
5.98647933434055 2.4138489391461997 -26.373337797689569
5.9908426574705365 2.2984047063239648 -26.526119760829214
5.995205980600522 2.182506472590986 -26.581546628109095
5.9995693037305076 2.0665783345042041 -26.539765947978474
6.003932626860494 1.9510452777471459 -26.400384607257752
6.0082959499904796 1.8363293122051261 -26.166262199993199
6.0126592731204651 1.7228277650419241 -25.84537006056857
6.0170225962504515 1.6109037084144293 -25.443485854469127
6.0213859193804371 1.5009085677732834 -24.961087278639855
6.0257492425104227 1.3931946596917328 -24.397880874402933
6.0301125656404082 1.2881151867454828 -23.753340918303689
6.0344758887703946 1.1860184417955351 -23.032630263595109
6.0388392119003802 1.0872059594582848 -22.251147492802556
6.0432025350303658 0.99191219473068459 -21.420404572477629
6.0475658581603522 0.90034782065427899 -20.541426870953185
6.0519291812903377 0.81272539580218561 -19.613655820451903
6.0562925044203233 0.72925826955085782 -18.636460211412707
6.0606558275503097 0.65015430026377019 -17.616155075924734
6.0650191506802953 0.57556208942304854 -16.572628868155093
6.0693824738102808 0.50554226643500544 -15.521239913756755
6.0737457969402664 0.4401229921695472 -14.463475321074004
6.0781091200702528 0.37933500893901173 -13.398577183239366
6.0824724432002384 0.32320904801199268 -12.326322743437679
6.0868357663302239 0.27177312014466726 -11.250239015471811
6.0911990894602104 0.22502043293794854 -10.182240074400971
6.0955624125901959 0.18289076238520932 -9.131808360387101
6.0999257357201815 0.14530335785159887 -8.0999499749578572
6.1042890588501679 0.11217911984924329 -7.0861358967631851
6.1086523819801535 0.083438188433438906 -6.0908637162558295
6.113015705110139 0.059002159613045668 -5.1121939046452809
6.1173790282401255 0.038811077002539975 -4.1437023073687183
6.121742351370111 0.022834448657821017 -3.1800831744797935
6.1261056745000966 0.011053430103745999 -2.2207171928968066
6.1304689976300821 0.0034486132626013366 -1.2657666597107775
6.1348323207600686 0 -0.31599489731013997
6.1391956438900541 0.00069062708772679488 0.63349463564290587
6.1435589670200397 0.0055539593279984615 1.6006375037182743
6.1479222901500261 0.01470662859089664 2.6006481308510128
6.1522856132800117 0.028299530040134177 3.6354724259384761
6.1566489364099972 0.046481670509997797 4.7043717151856539
6.1610122595399837 0.06940236675055704 5.8072695475887262
6.1653755826699692 0.097211604322854958 6.9458833239151989
6.1697389057999548 0.13007560589253744 8.1250435434341686
6.1741022289299412 0.16818824004327826 9.353882552158538
6.1784655520599268 0.21175524627724474 10.618210242210488
6.1828288751899123 0.26098161678674137 11.973302729017592
6.1871921983198979 0.31607321369981872 13.212329970084062
6.1915555214498843 0.37505500261524244 13.608460143529472
6.1959188445798699 0.43352048741927263 13.104626649104299
6.2002821677098554 0.48914106007671571 12.412828386011162
6.2046454908398418 0.54191566165205407 11.771091844331426
6.2090088139698274 0.59184328739292524 11.115654298404102
6.213372137099813 0.63892298674931525 10.463614681175194
6.2177354602297994 0.68315386339162099 9.8104145324987186
6.2220987833597849 0.72453507522769056 9.1572633301651774
6.2264621064897705 0.76306583441890974 8.5039562160682944
6.2308254296197561 0.79874540739516431 7.8501777590869359
6.2351887527497425 0.83157311486882224 7.1974691759713441
6.239552075879728 0.86154833184764001 6.5400556834954839
6.2439153990097136 0.88867048764670165 5.8995698675409267
6.2482787221397 0.9129390658992611 5.1953308531852818
6.2526420452696856 0.93435360456656102 4.728504253843905
6.2570053683996711 0.95291369594665876 3.375183203193584
6.2613686915296576 0.96861898668217117 5.3299042769114457
6.2657320146596431 0.98146917776699494 -5.0614972276259351
6.2700953377896287 0.99146402455201843 30.623175666698685
6.2744586609196151 0.99860333674976731 -105.65062549655083
6.2788219840496007 1.0028869784380254 399.8331708863555
6.2831853071795862 3.7520061045180446 399.41823666438842
