# q  U_kJmol  dU_dq   # conservative spline pchip_hermite_v1
0 4.9262558065683759 70.199557109854581
0.0043633231299858239 4.9263032514730263 -18.791081058858516
0.0087266462599716477 4.926398141282327 5.0626292662306449
0.013089969389957472 4.9264930310916268 -1.3289531518630917
0.017453292519943295 4.9265879209009267 0.38366619542208719
0.021816615649929118 4.9266828107102265 -0.075228775624892982
0.026179938779914945 4.9267777005195263 0.04773176127784879
0.030543261909900768 4.9268725903288262 0.014784584713862054
0.034906585039886591 4.926967480138126 0.023612754067067337
0.039269908169872414 4.9270623699474259 0.021247253218232932
0.043633231299858237 4.9271572597567257 0.021881087260365271
0.04799655442984406 4.9272521495660255 0.021711251940670324
0.05235987755982989 4.9273470393753254 0.021756759177317665
0.056723200689815713 4.9274419291846243 0.021744565549812588
0.061086523819801536 4.9275368189939233 0.021747832822574999
0.065449846949787352 4.9276317088032231 0.0217469573596412
0.069813170079773182 4.9277265986125229 0.021747191939224541
0.074176493209759012 4.9278214884218228 0.021747129083824781
0.078539816339744828 4.9279163782311226 0.021747145925840674
0.082903139469730658 4.9280112680404224 0.021747141413176879
0.087266462599716474 4.9281061578497232 0.021747142622426836
0.091629785729702304 4.928201047659023 0.021747142298090799
0.09599310885968812 4.928295937468322 0.021747142384963666
0.10035643198967395 4.9283908272776218 0.021747142361808226
0.10471975511965978 4.9284857170869216 0.021747142368167563
0.1090830782496456 4.9285806068962223 0.021747142366496528
0.11344640137963143 4.9286754967055222 0.021747142366821341
0.11780972450961724 4.928770386514822 0.021747142366582466
0.12217304763960307 4.928865276324121 0.021747142366602489
0.1265363707695889 4.9289601661334208 0.021747142366761067
0.1308996938995747 4.9290550559427206 0.021747142366717806
0.13526301702956053 4.9291499457520205 0.02174714236673226
0.13962634015954636 4.9292448355613203 0.021747142366717282
0.14398966328953219 4.9293397253706202 0.021747142366762746
0.14835298641951802 4.92943461517992 0.021747142366595869
0.15271630954950383 4.9295295049892189 0.021747142366607672
0.15707963267948966 4.9296243947985188 0.021747142366727337
0.16144295580947549 4.9297192846078186 0.021747142366847123
0.16580627893946132 4.9298141744171193 0.021747142366858978
0.17016960206944712 4.9299090642264192 0.021747142366692201
0.17453292519943295 4.930003954035719 0.021747142366736777
0.17889624832941878 4.9300988438450188 0.021747142366724835
0.18325957145940461 4.9301937336543187 0.02174714236672801
0.18762289458939044 4.9302886234636185 0.021747142366727264
0.19198621771937624 4.9303835132729183 0.021747142366727493
0.19634954084936207 4.9304784030822182 0.021747142366727319
0.2007128639793479 4.930573292891518 0.021747142366727371
0.20507618710933373 4.9306681827008179 0.021747142366727333
0.20943951023931956 4.9307630725101177 0.021747142366727434
0.21380283336930536 4.9308579623194175 0.021747142366727489
0.21816615649929119 4.9309528521287174 0.021747142366727163
0.22252947962927702 4.9310477419380172 0.021747142366728006
0.22689280275926285 4.931142631747317 0.02174714236672496
0.23125612588924865 4.9312375215566169 0.021747142366736708
0.23561944901923448 4.9313324113659167 0.021747142366692757
0.23998277214922031 4.9314273011752165 0.02174714236685641
0.24434609527920614 4.9315221909845173 0.0217471423668564
0.24870941840919197 4.9316170807938171 0.021747142366692791
0.2530727415391778 4.9317119706031169 0.021747142366736579
0.25743606466916363 4.9318068604124168 0.021747142366725015
0.26179938779914941 4.9319017502217166 0.021747142366728325
0.26616271092913524 4.9319966400310165 0.021747142366726646
0.27052603405912107 4.9320915298403163 0.021747142366729234
0.2748893571891069 4.9321864196496161 0.021747142366720557
0.27925268031909273 4.932281309458916 0.021747142366752674
0.28361600344907856 4.9323761992682158 0.021747142366632881
0.28797932657906439 4.9324710890775147 0.021747142366469272
0.29234264970905022 4.9325659788868137 0.021747142366632839
0.29670597283903605 4.9326608686961135 0.021747142366752847
0.30106929596902182 4.9327557585054134 0.021747142366720748
0.30543261909900765 4.9328506483147132 0.021747142366729123
0.30979594222899348 4.932945538124013 0.021747142366726882
0.31415926535897931 4.9330404279333129 0.021747142366727482
0.31852258848896514 4.9331353177426127 0.021747142366727323
0.32288591161895097 4.9332302075519125 0.021747142366727364
0.3272492347489368 4.9333250973612124 0.021747142366727368
0.33161255787892263 4.9334199871705122 0.021747142366727309
0.33597588100890846 4.9335148769798121 0.021747142366727531
0.34033920413889424 4.9336097667891119 0.021747142366727531
0.34470252726888007 4.9337046565984117 0.021747142366727309
0.3490658503988659 4.9337995464077116 0.021747142366727368
0.35342917352885173 4.9338944362170114 0.021747142366727354
0.35779249665883756 4.9339893260263112 0.021747142366727357
0.36215581978882339 4.9340842158356111 0.021747142366727357
0.36651914291880922 4.9341791056449109 0.021747142366727357
0.37088246604879505 4.9342739954542107 0.021747142366727357
0.37524578917878088 4.9343688852635106 0.021747142366727354
0.37960911230876665 4.9344637750728104 0.021747142366728197
0.38397243543875248 4.9345586648821103 0.021747142366724828
0.38833575856873831 4.9346535546914101 0.021747142366736638
0.39269908169872414 4.9347484445007099 0.021747142366692774
0.39706240482870997 4.9348433343100098 0.021747142366856407
0.4014257279586958 4.9349382241193105 0.02174714236685641
0.40578905108868163 4.9350331139286103 0.021747142366692774
0.41015237421866746 4.9351280037379102 0.021747142366736635
0.41451569734865329 4.93522289354721 0.021747142366724821
0.41887902047863912 4.9353177833565098 0.021747142366728211
0.42324234360862489 4.9354126731658097 0.021747142366727305
0.42760566673861072 4.9355075629751095 0.021747142366727538
0.43196898986859655 4.9356024527844093 0.021747142366726691
0.43633231299858238 4.9356973425937092 0.021747142366729838
0.44069563612856821 4.935792232403009 0.021747142366718094
0.44505895925855404 4.9358871222123089 0.02174714236676192
0.44942228238853987 4.9359820120216087 0.021747142366598363
0.4537856055185257 4.9360769018309076 0.021747142366598093
0.45814892864851153 4.9361717916402075 0.021747142366762732
0.46251225177849731 4.9362666814495073 0.02174714236671595
0.46687557490848314 4.9363615712588071 0.021747142366738439
0.47123889803846897 4.936456461068107 0.021747142366694429
0.4756022211684548 4.9365513508774068 0.021747142366847976
0.47996554429844063 4.9366462406867075 0.021747142366888472
0.48432886742842646 4.9367411304960074 0.021747142366572953
0.48869219055841229 4.9368360203053063 0.021747142366573186
0.49305551368839812 4.9369309101146062 0.021747142366887771
0.49741883681838395 4.9370257999239069 0.02174714236685053
0.50178215994836972 4.9371206897332067 0.021747142366685752
0.50614548307835561 4.9372155795425066 0.021747142366770594
0.51050880620834138 4.9373104693518064 0.021747142366596018
0.51487212933832727 4.9374053591611053 0.021747142366598804
0.51923545246831304 4.9375002489704052 0.021747142366762236
0.52359877559829882 4.937595138779705 0.021747142366718014
0.5279620987282847 4.9376900285890049 0.021747142366729862
0.53232542185827048 4.9377849183983047 0.021747142366726688
0.53668874498825636 4.9378798082076045 0.021747142366727534
0.54105206811824214 4.9379746980169044 0.021747142366727309
0.54541539124822802 4.9380695878262042 0.021747142366727357
0.5497787143782138 4.938164477635504 0.021747142366727385
0.55414203750819968 4.9382593674448039 0.021747142366727232
0.55850536063818546 4.9383542572541037 0.021747142366727826
0.56286868376817123 4.9384491470634035 0.021747142366727232
0.56723200689815712 4.9385440368727034 0.021747142366727392
0.57159533002814289 4.9386389266820032 0.021747142366727343
0.57595865315812877 4.9387338164913031 0.021747142366727368
0.58032197628811455 4.9388287063006029 0.021747142366727312
0.58468529941810043 4.9389235961099027 0.021747142366727524
0.58904862254808621 4.9390184859192026 0.021747142366726726
0.59341194567807209 4.9391133757285024 0.021747142366729713
0.59777526880805787 4.9392082655378022 0.021747142366718562
0.60213859193804364 4.9393031553471021 0.021747142366761802
0.60650191506802953 4.9393980451564019 0.021747142366598391
0.6108652381980153 4.9394929349657009 0.02174714236659812
0.61522856132800119 4.9395878247750007 0.0217471423667626
0.61959188445798696 4.9396827145843005 0.02174714236671561
0.62395520758797285 4.9397776043936004 0.021747142366739098
0.62831853071795862 4.9398724942029002 0.021747142366692146
0.63268185384794451 4.9399673840122 0.021747142366856455
0.63704517697793028 4.9400622738215008 0.021747142366856837
0.64140850010791606 4.9401571636308006 0.021747142366692663
0.64577182323790194 4.9402520534401004 0.021747142366736652
0.65013514636788772 4.9403469432494003 0.021747142366724873
0.6544984694978736 4.9404418330587001 0.021747142366727989
0.65886179262785938 4.9405367228679999 0.021747142366727312
0.66322511575784526 4.9406316126772998 0.021747142366726896
0.66758843888783104 4.9407265024865996 0.021747142366729241
0.67195176201781692 4.9408213922958995 0.021747142366720273
0.6763150851478027 4.9409162821051993 0.021747142366753808
0.68067840827778847 4.9410111719144991 0.021747142366630268
0.68504173140777436 4.9411060617237981 0.021747142366478601
0.68940505453776013 4.941200951533097 0.021747142366598134
0.69376837766774602 4.9412958413423969 0.021747142366882338
0.69813170079773179 4.9413907311516976 0.021747142366847317
0.70249502392771768 4.9414856209609974 0.021747142366703189
0.70685834705770345 4.9415805107702973 0.02174714236670406
0.71122167018768934 4.9416754005795971 0.021747142366844708
0.71558499331767511 4.9417702903888978 0.021747142366891927
0.71994831644766089 4.9418651801981976 0.021747142366564051
0.72431163957764677 4.9419600700074966 0.021747142366605347
0.72867496270763255 4.9420549598167964 0.021747142366768026
0.73303828583761843 4.9421498496260963 0.021747142366686678
0.73740160896760421 4.9422447394353961 0.021747142366849399
0.74176493209759009 4.9423396292446968 0.021747142366890532
0.74612825522757587 4.9424345190539967 0.021747142366563263
0.75049157835756175 4.9425294088632956 0.021747142366609885
0.75485490148754752 4.9426242986725955 0.021747142366750669
0.7592182246175333 4.9427191884818953 0.021747142366753212
0.76358154774751918 4.9428140782911951 0.021747142366600632
0.76794487087750496 4.9429089681004941 0.021747142366597728
0.77230819400749084 4.9430038579097939 0.021747142366761923
0.77667151713747662 4.9430987477190937 0.021747142366718715
0.7810348402674625 4.9431936375283936 0.021747142366727357
0.78539816339744828 4.9432885273376934 0.021747142366735989
0.78976148652743416 4.9433834171469933 0.021747142366692826
0.79412480965741994 4.9434783069562931 0.021747142366856834
0.79848813278740571 4.9435731967655938 0.021747142366856292
0.8028514559173916 4.9436680865748936 0.021747142366692812
0.80721477904737737 4.9437629763841935 0.021747142366736614
0.81157810217736326 4.9438578661934933 0.021747142366724873
0.81594142530734903 4.9439527560027932 0.021747142366728034
0.82030474843733492 4.944047645812093 0.021747142366727132
0.82466807156732069 4.9441425356213928 0.021747142366727583
0.82903139469730658 4.9442374254306927 0.02174714236672667
0.83339471782729235 4.9443323152399925 0.021747142366729876
0.83775804095727824 4.9444272050492923 0.021747142366717966
0.84212136408726401 4.9445220948585922 0.021747142366762402
0.84648468721724979 4.944616984667892 0.021747142366598183
0.85084801034723567 4.944711874477191 0.021747142366598343
0.85521133347722145 4.9448067642864908 0.021747142366761917
0.85957465660720733 4.9449016540957906 0.021747142366718143
0.86393797973719311 4.9449965439050905 0.021747142366729665
0.86830130286717899 4.9450914337143903 0.02174714236672735
0.87266462599716477 4.9451863235236901 0.021747142366725078
0.87702794912715065 4.94528121333299 0.021747142366736461
0.88139127225713643 4.9453761031422898 0.021747142366693211
0.8857545953871222 4.9454709929515897 0.021747142366856455
0.89011791851710809 4.9455658827608904 0.021747142366855775
0.89448124164709386 4.9456607725701902 0.021747142366695251
0.89884456477707975 4.94575566237949 0.021747142366727357
0.90320788790706552 4.9458505521887899 0.021747142366759457
0.90757121103705141 4.9459454419980897 0.021747142366598964
0.91193453416703718 4.9460403318073887 0.021747142366598162
0.91629785729702307 4.9461352216166885 0.021747142366761858
0.92066118042700884 4.9462301114259883 0.021747142366718545
0.92502450355699462 4.9463250012352882 0.02174714236672972
0.9293878266869805 4.946419891044588 0.021747142366726722
0.93375114981696627 4.9465147808538878 0.021747142366727527
0.93811447294695216 4.9466096706631877 0.021747142366727312
0.94247779607693793 4.9467045604724875 0.021747142366727371
0.94684111920692382 4.9467994502817874 0.021747142366727347
0.95120444233690959 4.9468943400910872 0.021747142366727392
0.95556776546689548 4.946989229900387 0.021747142366727229
0.95993108859688125 4.9470841197096869 0.021747142366727826
0.96429441172686703 4.9471790095189867 0.021747142366727236
0.96865773485685291 4.9472738993282865 0.021747142366727385
0.97302105798683869 4.9473687891375864 0.021747142366727361
0.97738438111682457 4.9474636789468862 0.021747142366727309
0.98174770424681035 4.947558568756186 0.021747142366727538
0.98611102737679623 4.9476534585654859 0.021747142366726684
0.99047435050678201 4.9477483483747857 0.021747142366729862
0.99483767363676789 4.9478432381840856 0.021747142366718007
0.99920099676675367 4.9479381279933854 0.021747142366762239
1.0035643198967394 4.9480330178026852 0.021747142366598797
1.0079276430267252 4.9481279076119842 0.021747142366597704
1.0122909661567112 4.948222797421284 0.021747142366762191
1.016654289286697 4.9483176872305839 0.021747142366716016
1.0210176124166828 4.9484125770398837 0.021747142366739511
1.0253809355466685 4.9485074668491835 0.021747142366691705
1.0297442586766545 4.9486023566584834 0.02174714236685615
1.0341075818066403 4.9486972464677841 0.021747142366856841
1.0384709049366261 4.9487921362770839 0.021747142366692958
1.0428342280666119 4.9488870260863838 0.021747142366737093
1.0471975511965976 4.9489819158956836 0.021747142366724453
1.0515608743265836 4.9490768057049834 0.021747142366727576
1.0559241974565694 4.9491716955142833 0.021747142366727718
1.0602875205865552 4.9492665853235831 0.021747142366727326
1.064650843716541 4.9493614751328829 0.021747142366728752
1.0690141668465269 4.9494563649421828 0.021747142366720151
1.0733774899765127 4.9495512547514826 0.021747142366753142
1.0777408131064985 4.9496461445607824 0.021747142366633051
1.0821041362364843 4.9497410343700814 0.021747142366469782
1.08646745936647 4.9498359241793803 0.021747142366632288
1.090830782496456 4.9499308139886802 0.021747142366752882
1.0951941056264418 4.95002570379798 0.02174714236671868
1.0995574287564276 4.9501205936072799 0.021747142366738168
1.1039207518864134 4.9502154834165797 0.021747142366694415
1.1082840750163994 4.9503103732258795 0.021747142366846658
1.1126473981463851 4.9504052630351802 0.021747142366892108
1.1170107212763709 4.9505001528444801 0.021747142366561379
1.1213740444063567 4.950595042653779 0.021747142366617494
1.1257373675363425 4.9506899324630789 0.021747142366723777
1.1301006906663285 4.9507848222723787 0.021747142366849877
1.1344640137963142 4.9508797120816794 0.02174714236684986
1.1388273369263 4.9509746018909793 0.021747142366727142
1.1431906600562858 4.9510694917002791 0.021747142366607342
1.1475539831862718 4.951164381509578 0.021747142366595303
1.1519173063162575 4.9512592713188779 0.021747142366763263
1.1562806294462433 4.9513541611281777 0.021747142366717404
1.1606439525762291 4.9514490509374776 0.021747142366732895
1.1650072757062149 4.9515439407467774 0.021747142366716803
1.1693705988362009 4.9516388305560772 0.021747142366762374
1.1737339219661866 4.9517337203653771 0.021747142366596188
1.1780972450961724 4.951828610174676 0.021747142366607998
1.1824605682261582 4.9519234999839759 0.021747142366726941
1.1868238913561442 4.9520183897932757 0.021747142366846713
1.19118721448613 4.9521132796025764 0.021747142366859366
1.1955505376161157 4.9522081694118762 0.021747142366692281
1.1999138607461015 4.9523030592211761 0.02174714236673728
1.2042771838760873 4.9523979490304759 0.021747142366724394
1.2086405070060733 4.9524928388397758 0.021747142366727628
1.2130038301360591 4.9525877286490756 0.021747142366727583
1.2173671532660448 4.9526826184583754 0.021747142366727812
1.2217304763960306 4.9527775082676753 0.021747142366726938
1.2260937995260166 4.9528723980769751 0.021747142366726931
1.2304571226560024 4.9529672878862749 0.021747142366727833
1.2348204457859882 4.9530621776955748 0.021747142366727513
1.2391837689159739 4.9531570675048746 0.021747142366727878
1.2435470920459597 4.9532519573141744 0.021747142366726747
1.2479104151759457 4.9533468471234743 0.021747142366727614
1.2522737383059315 4.9534417369327741 0.021747142366725283
1.2566370614359172 4.953536626742074 0.02174714236673703
1.261000384565903 4.9536315165513738 0.021747142366692368
1.265363707695889 4.9537264063606736 0.021747142366855977
1.2697270308258748 4.9538212961699744 0.021747142366856886
1.2740903539558606 4.9539161859792742 0.021747142366692944
1.2784536770858463 4.954011075788574 0.02174714236673711
1.2828170002158321 4.9541059655978739 0.021747142366724408
1.2871803233458181 4.9542008554071737 0.021747142366727742
1.2915436464758039 4.9542957452164735 0.021747142366727097
1.2959069696057897 4.9543906350257734 0.02174714236672963
1.3002702927357754 4.9544855248350732 0.021747142366720151
1.3046336158657614 4.954580414644373 0.02174714236675224
1.3089969389957472 4.9546753044536729 0.021747142366633367
1.313360262125733 4.9547701942629718 0.021747142366469428
1.3177235852557188 4.9548650840722708 0.02174714236663337
1.3220869083857045 4.9549599738815706 0.021747142366752237
1.3264502315156905 4.9550548636908704 0.021747142366720165
1.3308135546456763 4.9551497535001703 0.021747142366729581
1.3351768777756621 4.9552446433094701 0.021747142366727278
1.3395402009056478 4.95533953311877 0.02174714236672708
1.3439035240356338 4.9554344229280698 0.021747142366726892
1.3482668471656196 4.9555293127373696 0.02174714236672784
1.3526301702956054 4.9556242025466695 0.021747142366727524
1.3569934934255912 4.9557190923559693 0.021747142366727833
1.3613568165555769 4.9558139821652691 0.021747142366726924
1.3657201396855629 4.955908871974569 0.021747142366726948
1.3700834628155487 4.9560037617838688 0.021747142366727767
1.3744467859455345 4.9560986515931686 0.021747142366727763
1.3788101090755203 4.9561935414024685 0.021747142366726948
1.3831734322055063 4.9562884312117683 0.021747142366726927
1.387536755335492 4.9563833210210682 0.021747142366727833
1.3919000784654778 4.956478210830368 0.021747142366727513
1.3962634015954636 4.9565731006396678 0.021747142366727878
1.4006267247254494 4.9566679904489677 0.021747142366726747
1.4049900478554354 4.9567628802582675 0.021747142366727614
1.4093533709854211 4.9568577700675673 0.021747142366725283
1.4137166941154069 4.9569526598768672 0.02174714236673703
1.4180800172453927 4.957047549686167 0.021747142366692368
1.4224433403753787 4.9571424394954668 0.021747142366855977
1.4268066635053644 4.9572373293047676 0.021747142366856886
1.4311699866353502 4.9573322191140674 0.021747142366692947
1.435533309765336 4.9574271089233672 0.0217471423667371
1.4398966328953218 4.9575219987326671 0.021747142366724436
1.4442599560253078 4.9576168885419669 0.021747142366727628
1.4486232791552935 4.9577117783512668 0.021747142366727538
1.4529866022852793 4.9578066681605666 0.021747142366727989
1.4573499254152651 4.9579015579698664 0.021747142366726271
1.4617132485452511 4.9579964477791663 0.021747142366729415
1.4660765716752369 4.9580913375884661 0.021747142366718566
1.4704398948052226 4.9581862273977659 0.021747142366762093
1.4748032179352084 4.9582811172070658 0.021747142366598835
1.4791665410651942 4.9583760070163647 0.021747142366597708
1.4835298641951802 4.9584708968256646 0.021747142366762149
1.487893187325166 4.9585657866349644 0.021747142366716182
1.4922565104551517 4.9586606764442642 0.021747142366738893
1.4966198335851375 4.9587555662535641 0.021747142366694009
1.5009831567151235 4.9588504560628639 0.021747142366847546
1.5053464798451093 4.9589453458721646 0.021747142366888947
1.509709802975095 4.9590402356814645 0.02174714236657313
1.5140731261050808 4.9591351254907634 0.02174714236657365
1.5184364492350666 4.9592300153000632 0.021747142366887403
1.5227997723650526 4.959324905109364 0.021747142366849881
1.5271630954950384 4.9594197949186638 0.021747142366686224
1.5315264186250241 4.9595146847279636 0.021747142366770993
1.5358897417550099 4.9596095745372635 0.021747142366595581
1.5402530648849959 4.9597044643465624 0.021747142366598502
1.5446163880149817 4.9597993541558623 0.021747142366762229
1.5489797111449675 4.9598942439651621 0.021747142366718354
1.5533430342749532 4.9599891337744619 0.021747142366730136
1.557706357404939 4.9600840235837618 0.021747142366726879
1.562069680534925 4.9601789133930616 0.021747142366724821
1.5664330036649108 4.9602738032023614 0.021747142366736319
1.5707963267948966 4.9603686930116613 0.021747142366695681
1.5751596499248823 4.9604635828209611 0.021747142366846724
1.5795229730548683 4.9605584726302618 0.021747142366890557
1.5838862961848541 4.9606533624395617 0.021747142366564196
1.5882496193148399 4.9607482522488606 0.021747142366607786
1.5926129424448257 4.9608431420581605 0.021747142366759783
1.5969762655748114 4.9609380318674603 0.021747142366718864
1.6013395887047974 4.9610329216767601 0.02174714236672725
1.6057029118347832 4.96112781148606 0.021747142366734615
1.610066234964769 4.9612227012953598 0.02174714236670006
1.6144295580947547 4.9613175911046596 0.021747142366830917
1.6187928812247407 4.9614124809139604 0.021747142366949419
1.6231562043547265 4.9615073707232611 0.021747142366955227
1.6275195274847123 4.9616022605325618 0.021747142366816807
1.6318828506146981 4.9616971503418617 0.021747142366754006
1.6362461737446838 4.9617920401511615 0.021747142366532947
1.6406094968746698 4.9618869299604595 0.021747142366255346
1.6449728200046556 4.9619818197697576 0.021747142366365487
1.6493361431346414 4.9620767095790557 0.021747142366205834
1.6536994662646272 4.9621715993883528 0.021747142366123635
1.6580627893946132 4.9622664891976509 0.021747142366608754
1.6624261125245989 4.9623613790069516 0.021747142367193155
1.6667894356545847 4.962456268816255 0.021747142368037754
1.6711527587845705 4.9625511586255628 0.021747142368960283
1.6755160819145565 4.9626460484348733 0.021747142369307589
1.6798794050445423 4.9627409382441838 0.021747142368827837
1.684242728174528 4.9628358280534899 0.021747142367349512
1.6886060513045138 4.9629307178627879 0.021747142365193223
1.6929693744344996 4.9630256076720745 0.021747142361862062
1.6973326975644856 4.963120497481345 0.021747142358409022
1.7016960206944713 4.9632153872906049 0.021747142357232345
1.7060593438244571 4.9633102770998665 0.021747142359288738
1.7104226669544429 4.9634051669091441 0.02174714236445318
1.7147859900844289 4.9635000567184511 0.0217471423728797
1.7191493132144147 4.9635949465278024 0.021747142384694503
1.7235126363444004 4.963689836337208 0.021747142396796044
1.7278759594743862 4.9637847261466543 0.021747142401916379
1.732239282604372 4.9638796159560972 0.021747142394981513
1.736602605734358 4.9639745057654832 0.021747142376072
1.7409659288643438 4.9640693955747608 0.021747142345060956
1.7453292519943295 4.964164285383875 0.021747142301154009
1.7496925751243153 4.9642591751927858 0.021747142255587569
1.7540558982543013 4.9643540650015421 0.021747142235658372
1.7584192213842871 4.9644489548103063 0.021747142260181637
1.7627825445142729 4.9645438446192776 0.02174714232980237
1.7671458676442586 4.9646387344286484 0.021747142443881391
1.7715091907742444 4.9647336242386215 0.021747142606776401
1.7758725139042304 4.9648285140493558 0.021747142778487084
1.7802358370342162 4.964923403860678 0.021747142856351754
1.7845991601642019 4.9650182936719878 0.021747142768897602
1.7889624832941877 4.9651131834825426 0.021747142513233689
1.7933258064241737 4.9652080732916248 0.021747142091788602
1.7976891295541595 4.9653029630984777 0.021747141487974884
1.8020524526841453 4.9653978529024965 0.021747140843268446
1.806415775814131 4.9654927427042779 0.021747140539002216
1.8107790989441168 4.9655876325060406 0.021747140849680675
1.8151424220741028 4.9656825223105532 0.021747141789029218
1.8195057452040886 4.9657774121204961 0.021747143345195036
1.8238690683340744 4.9658723019386821 0.021747145582397293
1.8282323914640601 4.9659671917674215 0.021747148000957561
1.8325957145940461 4.9660620816046563 0.021747149186475322
1.8369590377240319 4.9661569714422118 0.02174714808731967
1.8413223608540177 4.9662518612697584 0.021747144637277671
1.8456856839840035 4.9663467510772881 0.021747138892409656
1.8500490071139892 4.9664416408543373 0.021747130602479941
1.8544123302439752 4.9665365305920917 0.021747121533103347
1.858775653373961 4.9666314202976229 0.021747116928451611
1.8631389765039468 4.9667263100010333 0.021747120803186294
1.8675022996339325 4.9668211997408322 0.021747133469634153
1.8718656227639185 4.9669160895544158 0.021747154678619901
1.8762289458939043 4.9670109794806949 0.021747185390545817
1.8805922690238901 4.9671058695532446 0.021747219385890772
1.8849555921538759 4.9672007597479277 0.021747237233558321
1.8893189152838616 4.9672956499539564 0.021747223620947297
1.8936822384138476 4.9673905400277869 0.021747177131551356
1.8980455615438334 4.9674854298296793 0.02174709883810784
1.9024088846738192 4.9675803192149406 0.021746985075971264
1.906772207803805 4.9676752080558586 0.02174685770062533
1.911135530933791 4.9677700964341982 0.021746788655807259
1.9154988540637767 4.9678649847574592 0.021746836295669963
1.9198621771937625 4.9679598735606305 0.021747006873818919
1.9242255003237483 4.9680547633658989 0.021747295874595025
1.9285888234537341 4.9681496547113051 0.021747717205282638
1.9329521465837201 4.9682445480819677 0.021748194266233714
1.9373154697137058 4.9683394432033854 0.021748460886012306
1.9416787928436916 4.9684343385776071 0.021748294891712927
1.9460421159736774 4.9685292322110897 0.021747669220308987
1.9504054391036634 4.9686241221524305 0.021746602526527388
1.9547687622336491 4.9687190064008693 0.021745042292217735
1.9591320853636349 4.9688138831160202 0.021743256264903081
1.9634954084936207 4.9689087532095986 0.021742228443348645
1.9678587316236065 4.9690036221844665 0.021742803930247634
1.9722220547535925 4.9690984974678392 0.021745098043971484
1.9765853778835782 4.9691933863522451 0.021749034892183102
1.980948701013564 4.9692882962782186 0.021754811883414184
1.9853120241435498 4.9693832342190163 0.021761495760803457
1.9896753472735358 4.9694781971862705 0.021765451758301572
1.9940386704035216 4.9695731649784074 0.021763468159892604
1.9984019935335073 4.9696681099295459 0.021755059587312584
2.0027653166634933 4.9697630047864623 0.021740530912267769
2.0071286397934789 4.9698578218763991 0.021719143298430388
2.0114919629234649 4.9699525348083577 0.021694140041608339
2.0158552860534504 4.9700471532153303 0.021678936338945382
2.0202186091834364 4.9701417512067483 0.021685727111935171
2.0245819323134224 4.97023643181599 0.021716534852588249
2.028945255443408 4.9703312968936615 0.021770148098130888
2.033308578573394 4.9704264493722308 0.021849320826753171
2.0376719017033795 4.9705219890200301 0.021942816922394102
2.0420352248333655 4.9706178854545238 0.022001166226564586
2.0463985479633515 4.9707138670082562 0.021978105053190752
2.0507618710933371 4.9708095500414951 0.021865276547546823
2.0551251942233231 4.9709045539156191 0.021667448760180473
2.0594885173533091 4.970998495703304 0.021374396159225352
2.0638518404832946 4.971090998642266 0.021024917994945359
2.0682151636132806 4.9711821557500349 0.020801278375247506
2.0725784867432662 4.9712729621125886 0.020878835004548579
2.0769418098732522 4.9713648458950335 0.021291872811200055
2.0813051330032382 4.9714592296331528 0.022021787214961272
2.0856684561332237 4.9715575381366044 0.023106404572107796
2.0900317792632097 4.9716611927487486 0.024412204188060303
2.0943951023931953 4.9717699207362021 0.025268297863206345
2.0987584255231813 4.9718800802350147 0.025010554174408509
2.1031217486531673 4.9719863557952841 0.023499270527972418
2.1074850717831528 4.9720834311114768 0.020806127492450196
2.1118483949131388 4.9721660035055715 0.016792886686066971
2.1162117180431244 4.9722287166451382 0.011913300600560835
2.1205750411731104 4.9722723152416943 0.0086484764222684776
2.1249383643030963 4.972310122862992 0.009463586220103978
2.1293016874330819 4.9723618942283885 0.015087153144917124
2.1336650105630679 4.9724475879755907 0.024701850586588633
2.1380283336930539 4.9725866050591678 0.040605231083145239
2.1423916568230394 4.9728003733054544 0.055434550784693316
2.1467549799530254 4.9730065676083361 0.026401545228883775
2.151118303083011 4.9729015780399672 -0.091457481848333216
2.155481626212997 4.9720639751873756 -0.30865042810019344
2.159844949342983 4.9700694547125499 -0.62116537040954434
2.1642082724729685 4.9664962281252922 -1.0347889869066591
2.1685715956029545 4.9609153076657329 -1.5336065718609573
2.1729349187329401 4.9531329294284676 -2.0187121140584052
2.1772982418629261 4.9434747356577038 -2.3827989921542954
2.1816615649929121 4.9325529182593835 -2.5998653051712548
2.1860248881228976 4.9209894179973812 -2.6775054225303929
2.1903882112528836 4.9094008395803463 -2.6083097478710977
2.1947515343828692 4.8984154769040886 -2.4099542054565632
2.1991148575128552 4.8883858185563973 -2.2007375629145369
2.2034781806428412 4.8790338579063786 -2.1129151672771278
2.2078415037728267 4.8697213212798767 -2.1803648161137197
2.2122048269028127 4.8597936522975838 -2.3942165084426357
2.2165681500327987 4.8486039739470872 -2.7619876702833532
2.2209314731627843 4.8354906914764166 -3.2673178271202672
2.2252947962927703 4.8200645890905953 -3.7909766473544018
2.2296581194227558 4.8025812073135468 -4.1956701652832775
2.2340214425527418 4.7836776333533297 -4.4441706084085633
2.2383847656827278 4.7640125819373349 -4.5454808692186992
2.2427480888127134 4.7442352802318943 -4.4924703297917183
2.2471114119426994 4.7250118606289124 -4.2995585588773002
2.2514747350726849 4.7067500582128048 -4.082235624355647
2.2558380582026709 4.6892240191512968 -3.9774062383076951
2.2602013813326569 4.6718196859082504 -4.0244943408721525
2.2645647044626425 4.6538962428369812 -4.2142061869142173
2.2689280275926285 4.6348248849325344 -4.5544324294910092
2.2732913507226145 4.6139545113487204 -5.0299757837862327
2.2776546738526 4.5909296597583387 -5.5057981544583514
2.282017996982586 4.5661464031198919 -5.8172655345790005
2.2863813201125716 4.5404772855122149 -5.913637035835154
2.2907446432425576 4.514834355155056 -5.8077517607760942
2.2951079663725436 4.4901091131564037 -5.4859602943649026
2.2994712895025291 4.4672376846522113 -4.973467126018452
2.3038346126325151 4.4466229902831795 -4.5190268978384314
2.3081979357625007 4.4272618756466002 -4.4357669463390472
2.3125612588924866 4.4072276525040062 -4.8241443636726888
2.3169245820224726 4.3845080465145028 -5.6630232064808599
2.3212879051524582 4.3571273856089601 -6.9701689571861438
2.3256512282824442 4.3230436702453785 -8.7160931722732098
2.3300145514124297 4.2809045743224923 -10.572403025762885
2.3343778745424157 4.2312426379460435 -12.11203519302819
2.3387411976724017 4.175873692715717 -13.193371017398919
2.3431045208023873 4.1167432282844709 -13.838475901547797
2.3474678439323733 4.0557570026650449 -14.038878044225404
2.3518311670623593 3.9948607072952593 -13.806260510705217
2.3561944901923448 3.9356745958208585 -13.298661184291594
2.3605578133223308 3.8789004134665341 -12.727519881923978
2.3649211364523164 3.8245917741440763 -12.16618158982075
2.3692844595823024 3.7727301208247734 -11.605069895294942
2.3736477827122884 3.7233159846987927 -11.04564245384055
2.3780111058422739 3.6763384804216752 -10.486370394626292
2.3823744289722599 3.6318516743655556 -9.8951034656865922
2.3867377521022455 3.5900976365290878 -9.2280522629300048
2.3911010752322315 3.5514557835545735 -8.4688302865606087
2.3954643983622175 3.5163230813758903 -7.6202743396255226
2.399827721492203 3.4850895993520155 -6.6800994412701025
2.404191044622189 3.4581574442971794 -5.6510741028921565
2.4085543677521746 3.435833315104416 -4.5817305697714374
2.4129176908821606 3.4181318131620277 -3.541600454721983
2.4172810140121466 3.4048465231836755 -2.5568163838418871
2.4216443371421321 3.3957419336205272 -1.6252812283218814
2.4260076602721181 3.3905878639990914 -0.74559061637630597
2.4303709834021041 3.3891578180680288 0.080739298012042784
2.4347343065320897 3.3911813684766545 0.83069704456610638
2.4390976296620757 3.3962459318231879 1.4699005582743148
2.4434609527920612 3.4038278164895921 1.9847578860120005
2.4478242759220472 3.4133871664258244 2.3765126781738637
2.4521875990520332 3.4243879061615652 2.6452677766668411
2.4565509221820188 3.4362924398940979 2.7909221950596508
2.4609142453120048 3.4485675522028525 2.815743462526382
2.4652775684419903 3.460693627331195 2.7231246178747033
2.4696408915719763 3.4721622690312088 2.514290382828436
2.4740042147019623 3.4824664296164278 2.1895900002105728
2.4783675378319479 3.4911001098055472 1.7480498098535517
2.4827308609619338 3.4975520813533989 1.1903408691671429
2.4870941840919194 3.5013489715900623 0.53718501426543575
2.4914575072219054 3.5021489717787242 -0.17849188316586179
2.4958208303518914 3.4997207587405748 -0.94269417469722083
2.5001841534818769 3.4938511349063233 -1.7559038005647816
2.5045474766118629 3.4843244761190606 -2.6193947958841179
2.5089107997418489 3.4709204963170319 -3.5324627683726866
2.5132741228718345 3.4534570909316589 -4.4736048807385975
2.5176374460018205 3.4318917537696496 -5.407304440685099
2.522000769131806 3.4063032265244786 -6.3177863756845385
2.526364092261792 3.3767916606137187 -7.2055835199271474
2.530727415391778 3.3434539646630812 -8.0718489466523433
2.5350907385217636 3.3063835208106616 -8.9160917424510675
2.5394540616517496 3.2657036142838392 -9.7209872722712234
2.5438173847817351 3.2216523009428997 -10.456854665478277
2.5481807079117211 3.1745707698371581 -11.109922407621017
2.5525440310417071 3.124819713893451 -11.680638391233739
2.5569073541716927 3.0727565897180269 -12.169797812376851
2.5612706773016787 3.018737217088272 -12.577122525021151
2.5656340004316642 2.963133547767443 -12.892963781387833
2.5699973235616502 2.9063828943119079 -13.100164411063266
2.5743606466916362 2.8489832593602817 -13.190335645533626
2.5787239698216218 2.791445073938895 -13.163917172480071
2.5830872929516078 2.7342759346200083 -13.020942706797891
2.5874506160815938 2.6779857287564712 -12.761211503575469
2.5918139392115793 2.6230745771966997 -12.390632756677238
2.5961772623415653 2.5700026813644752 -11.919931963986809
2.6005405854715509 2.5191915749338096 -11.354330501115179
2.6049039086015369 2.4710550109820306 -10.694152898341654
2.6092672317315229 2.4260065370740231 -9.9383705031063325
2.6136305548615084 2.3844658236655838 -9.0867049056349742
2.6179938779914944 2.3468161701150914 -8.1620955324229829
2.62235720112148 2.3132808227136343 -7.2081143948508766
2.626720524251466 2.2839232907150802 -6.2474055007252254
2.631083847381452 2.2587715618641937 -5.2800706948544311
2.6354471705114375 2.2378581297074094 -4.3043834198189197
2.6398104936414235 2.2212212006628063 -3.3201222182459258
2.6441738167714091 2.2088594258411054 -2.3531678218644561
2.6485371399013951 2.2005862020921421 -1.4547864345871402
2.6529004630313811 2.1960238093974782 -0.65280623580931751
2.6572637861613666 2.1947492861198166 0.052843570783517022
2.6616271092913526 2.196346834538061 0.66352767945929247
2.6659904324213386 2.2004011621909525 1.1789894538640022
2.6703537555513241 2.206484016347888 1.5903273114034147
2.6747170786813101 2.214100811728493 1.8788864922354556
2.6790804018112957 2.222686387225719 2.0340563525195843
2.6834437249412817 2.2316576513935904 2.0560818704618029
2.6878070480712677 2.240435479562858 1.9449931389054258
2.6921703712012532 2.2484360728444122 1.6999384062028393
2.6965336943312392 2.2550953043764839 1.3346063189464106
2.7008970174612248 2.259949803566792 0.87789444012123863
2.7052603405912108 2.2626478671087731 0.34657554938437879
2.7096236637211968 2.2628665267847694 -0.25880547288376415
2.7139869868511823 2.2602798055780591 -0.93951283389589368
2.7183503099811683 2.2545570010769427 -1.696352225299733
2.7227136331111539 2.2453959578880682 -2.5084581315296339
2.7270769562411399 2.2326537975395349 -3.3293486946955313
2.7314402793711259 2.2163699579145675 -4.1309546252286369
2.7358036025011114 2.1966335396831886 -4.9125378300893727
2.7401669256310974 2.1735269482952897 -5.6755776482901013
2.7445302487610834 2.1471316425467175 -6.4201489824752471
2.748893571891069 2.117542431147208 -7.1359450297638993
2.753256895021055 2.0849360378183897 -7.7986187608346222
2.7576202181510405 2.0495860552581147 -8.3929422802938802
2.7619835412810265 2.0117938257335082 -8.9184927985640101
2.7663468644110125 1.9718566000831121 -9.3759232299954789
2.7707101875409981 1.9300732596311534 -9.7647367264722646
2.7750735106709841 1.8867397712710796 -10.087150541719923
2.7794368338009696 1.8421355838209832 -10.3481533159979
2.7838001569309556 1.796519718599261 -10.550975140807466
2.7881634800609416 1.7501452564269078 -10.695836309256155
2.7925268031909272 1.7032656114991696 -10.782480731323092
2.7968901263209132 1.6561357646322958 -10.810406133464271
2.8012534494508987 1.6090028052538166 -10.786226289838288
2.8056167725808847 1.5620597088744619 -10.726620085118848
2.8099800957108707 1.5154306975843448 -10.642735564937221
2.8143434188408563 1.4692187346394525 -10.535189529719226
2.8187067419708423 1.4235291068647176 -10.403385661466144
2.8230700651008283 1.3784677077324423 -10.247077763412021
2.8274333882308138 1.3341348632724106 -10.07125773212954
2.8317967113607998 1.2905883318945979 -9.8892994090996886
2.8361600344907854 1.2478299540821718 -9.7104292057985262
2.8405233576207713 1.2058435228048923 -9.5352225254912231
2.8448866807507573 1.1646147963281288 -9.3632086620984243
2.8492500038807429 1.1241295210138109 -9.1943519831566114
2.8536133270107289 1.0843712370398755 -9.0307907691723361
2.8579766501407144 1.04530442630805 -8.8786278964639518
2.8623399732707004 1.0068676897575364 -8.7422115238203233
2.8667032964006864 0.96899090485191364 -8.6218383988646572
2.871066619530672 0.93160493631854646 -8.5172923997757479
2.875429942660658 0.89464022746796923 -8.4287522184984898
2.8797932657906435 0.85802799296884724 -8.355478607161837
2.8841565889206295 0.82170566600347772 -8.2954439834890135
2.8885199120506155 0.78561949968518952 -8.247158251539604
2.8928832351806011 0.74971876093502077 -8.2104730979310876
2.8972465583105871 0.71395263491587324 -8.1854559433361906
2.9016098814405731 0.67826955714280557 -8.1725570510907755
2.9059732045705586 0.64262133703289148 -8.1681036429250931
2.9103365277005446 0.60699334386320436 -8.1609427843549369
2.9146998508305302 0.57141995219329877 -8.142591381200825
2.9190631739605162 0.53595325333150934 -8.1122600551631763
2.9234264970905022 0.50064396143081147 -8.0703551367136228
2.9277898202204877 0.46554238625724903 -8.017265580524068
2.9321531433504737 0.43070206754444817 -7.9490865112763291
2.9365164664804593 0.39621384863554004 -7.8531796408255987
2.9408797896104453 0.36222490609026076 -7.7196230577521776
2.9452431127404313 0.32890364190239557 -7.547417295710674
2.9496064358704168 0.29641671411568526 -7.3370876497640536
2.9539697590004028 0.26493135402646367 -7.0883373182755367
2.9583330821303884 0.23461421890910128 -6.8018287417113799
2.9626964052603744 0.20562626323754843 -6.4795245850196705
2.9670597283903604 0.17811942936863295 -6.123028979992351
2.9714230515203459 0.15224221744061328 -5.7325257049810929
2.9757863746503319 0.12814313589556076 -5.3080365006546293
2.9801496977803179 0.10597152631212044 -4.8487120941918533
2.9845130209103035 0.085873241899166619 -4.3597534400833213
2.9888763440402895 0.067941794463870248 -3.8595917165031097
2.993239667170275 0.052185840737956943 -3.3636306055214753
2.997602990300261 0.038579725906995058 -2.8737571344040553
3.001966313430247 0.027099767694920219 -2.3892541759365429
3.0063296365602326 0.017722254918847692 -1.9097668690986698
3.0106929596902186 0.010421556904595619 -1.4387714050507894
3.0150562828202041 0.0051347590620839526 -0.98967215746984627
3.0194196059501901 0.0017364428321486661 -0.5739845363606495
3.0237829290801761 7.4933415935910194e-05 -0.1932695522434677
3.0281462522101616 0 0.15317259756023449
3.0325095753401476 0.0013607322421377659 0.46462931453337197
3.0368728984701332 0.0040075179406654331 0.74367651618342945
3.0412362216001192 0.0078177805546566607 1.0002040177657414
3.0455995447301052 0.012716013543737085 1.2430279403242508
3.0499628678600907 0.01864712819306491 1.4733951956664808
3.0543261909900767 0.025555303831634211 1.6910370222876365
3.0586895141200627 0.033384491746506054 1.8951215083277622
3.0630528372500483 0.042080307489703664 2.0902325369489971
3.0674161603800343 0.051640519824539752 2.2958686584002557
3.0717794835100198 0.062156770326679114 2.5298518867694191
3.0761428066400058 0.07376296691136959 2.794998001444184
3.0805061297699918 0.086591679367828439 3.0903620375801424
3.0848694528999774 0.10077584072849174 3.416237795122067
3.0892327760299634 0.11644826907808178 3.7725657545466098
3.0935960991599489 0.13374095617843348 4.1586430240098125
3.0979594222899349 0.1527842927110043 4.5756717308632657
3.1023227454199209 0.17370794277273624 5.0179458730498911
3.1066860685499065 0.19607689265234088 5.1183439063803959
3.1110493916798925 0.21749143131964305 4.6119877745945672
3.115412714809878 0.2360515226997407 3.9182360669957745
3.119776037939864 0.25175681343525158 3.2742093009517839
3.12413936106985 0.26460700452007668 2.6182298124099286
3.1285026841998356 0.27460185130510006 1.9599624825148005
3.1328660073298216 0.28174116350284828 1.3225002001589015
3.1372293304598076 0.28602480519110696 0.60388128373837635
3.1415926535897931 0.28745269481551311 0.18893433015761421
3.1459559767197791 0.28888058443991949 0.60387057376717124
3.1503192998497647 0.29316422612817772 1.3225430400438525
3.1546826229797507 0.30030353832592577 1.9598018329460503
3.1590459461097367 0.3102983851109502 2.6188295707998543
3.1634092692397222 0.32314857619577403 3.2719709169609468
3.1677725923697082 0.33885386693128472 3.9265898445690546
3.1721359154996938 0.35741395831138223 4.5808110482920545
3.1764992386296798 0.3788284969786842 5.234697034016941
3.1808625617596658 0.40309707523124111 5.8897983497660755
3.1852258848896513 0.43021923103030252 6.5397755737629941
3.1895892080196373 0.46019444800912324 7.2083611326758925
3.1939525311496229 0.49302215548277428 7.8068900420011271
3.1983158542796088 0.5276266100820447 7.9270181819665169
3.2026791774095948 0.56135941963350589 7.4702790618219419
3.2070425005395804 0.5925829434425306 6.8525506211541911
3.2114058236695664 0.62116728099263108 6.2403749045390802
3.2157691467995524 0.64698253695699681 5.5883551479619191
3.2201324699295379 0.66989777128558936 4.9108216322903226
3.2244957930595239 0.68981756461076693 4.2195539215236231
3.2288591161895095 0.70672544383404412 3.5318051574104361
3.2332224393194955 0.72064878670839383 2.8512122899290393
3.2375857624494815 0.73161638655996919 2.177097278441086
3.241949085579467 0.73965678644171551 1.5093365367681455
3.246312408709453 0.74479813186322785 0.84865704440397238
3.2506757318394386 0.74708051377488227 0.20021421897227604
3.2550390549694246 0.74657157441745226 -0.43018463750142533
3.2594023780994106 0.74335480167498957 -1.0410866170225723
3.2637657012293961 0.73751436956121419 -1.6327442437824946
3.2681290243593821 0.72913433024720464 -2.2052123538288702
3.2724923474893677 0.71829855120069674 -2.7582298442740485
3.2768556706193537 0.70509540212358457 -3.289817775096247
3.2812189937493397 0.68962401148284391 -3.7976603190987968
3.2855823168793252 0.67198993302832566 -4.28118484401831
3.2899456400093112 0.65229901385538147 -4.7403783175010608
3.2943089631392972 0.63065724524941436 -5.1755646739392107
3.2986722862692828 0.60716975916010862 -5.5859529060635964
3.3030356093992688 0.58195602294533055 -5.9651176436354092
3.3073989325292543 0.55517091920963668 -6.3053453442548042
3.3117622556592403 0.526991207748567 -6.6045241692387107
3.3161255787892263 0.49759500949441265 -6.8628375184921078
3.3204889019192119 0.46716045207666995 -7.0807231777307278
3.3248522250491979 0.43586433678458192 -7.2571539239059444
3.3292155481791834 0.40390345947103412 -7.3829655385642967
3.3335788713091694 0.37152588738690651 -7.4468432526711297
3.3379421944391554 0.33901244665358671 -7.4454354039782089
3.342305517569141 0.30664649063895894 -7.3792024635628612
3.346668840699127 0.27471086977878284 -7.2482623933181802
3.351032163829113 0.2434880614023941 -7.0522851943326694
3.3553954869590985 0.21326727930570394 -6.7880977762034327
3.3597588100890845 0.18435578080187412 -6.4516850375714077
3.3641221332190701 0.15707270606298945 -6.0417046136671892
3.3684854563490561 0.13173839795027109 -5.5585441048109718
3.372848779479042 0.10867244037485869 -5.001690381988527
3.3772121026090276 0.088196325608586049 -4.372018084417534
3.3815754257390136 0.070611132955466324 -3.6792646149155606
3.3859387488689991 0.056161775491876863 -2.9362576993733884
3.3903020719989851 0.045054602362882598 -2.1470806910154874
3.3946653951289711 0.037492339666788339 -1.3115780805791017
3.3990287182589567 0.033677658472880262 -0.42881741051941574
3.4033920413889427 0.033816736318914277 0.49968901468847698
3.4077553645189282 0.038077881909382189 1.4554321336790761
3.4121186876489142 0.046520848367554615 2.4132864847757958
3.4164820107789002 0.059128342953557705 3.3646528228468768
3.4208453339088858 0.075874619274587607 4.3102684530398339
3.4252086570388718 0.096735209261897673 5.2508500071612225
3.4295719801688578 0.12168808517549053 6.1853504101730206
3.4339353032988433 0.15068362917106751 7.0999496184870141
3.4382986264288293 0.18358970015188553 7.9752665141741339
3.4426619495588149 0.22021358824065093 8.80426277767104
3.4470252726888009 0.26035508733214624 9.5876747525415045
3.4513885958187869 0.3038156904548589 10.325609595705844
3.4557519189487724 0.35039667135533453 11.017919807051221
3.4601152420787584 0.39989725277522004 11.663527295848562
3.464478565208744 0.45210987918247952 12.260821360344474
3.46884188833873 0.50682189946636946 12.809159038738153
3.473205211468716 0.56381989398635801 13.308691015974077
3.4775685345987015 0.62289087229168738 13.759224201078855
3.4819318577286875 0.68382079721059974 14.160955689793958
3.4862951808586731 0.74640364636726031 14.518081085544475
3.4906585039886591 0.81045915616439479 14.836841878211636
3.4950218271186451 0.87582734276186724 15.119730270327533
3.4993851502486306 0.94235120261296057 15.366528394634157
3.5037484733786166 1.009873057896548 15.577201019498172
3.5081117965086026 1.0782354316791953 15.751781461979359
3.5124751196385882 1.1472806360654344 15.890164758879145
3.5168384427685742 1.2168504478417546 15.99222434153314
3.5212017658985597 1.2867861973408266 16.057896431193395
3.5255650890285457 1.3569291337440721 16.087199956992333
3.5299284121585317 1.4271205641011482 16.080106972922458
3.5342917352885173 1.4972016321386179 16.036637828476035
3.5386550584185033 1.567014600610074 15.957396165300564
3.5430183815484888 1.6364056179487549 15.843388050160987
3.5473817046784748 1.7052241721779469 15.694953303861544
3.5517450278084608 1.7733201243610117 15.512279192859026
3.5561083509384463 1.8405439098074419 15.294928136555724
3.5604716740684323 1.9067434091928201 15.043101576532894
3.5648349971984179 1.9717837246838117 14.766515515244391
3.5691983203284039 2.0355929138225304 14.481230054095688
3.5735616434583899 2.0981540799469869 14.194420414154637
3.5779249665883754 2.159460106628643 13.905896704368461
3.5822882897183614 2.2195025427443111 13.61504999261609
3.5866516128483474 2.2782707882428221 13.322110735944365
3.591014935978333 2.335771192506626 13.036942116391899
3.595378259108319 2.3920755218463108 12.776491887575647
3.5997415822383045 2.4473146503384973 12.548722726046622
3.6041049053682905 2.5016308295777621 12.353298283468133
3.6084682284982765 2.5551641374079987 12.189929320876065
3.6128315516282621 2.6080548659393021 12.058761900185075
3.6171948747582481 2.6604455428424338 11.961185389570314
3.6215581978882336 2.7124884052133988 11.89970902176808
3.6259215210182196 2.7643446103325782 11.875715273720216
3.6302848441482056 2.8161775047958608 11.888803334389566
3.6346481672781912 2.8681488057332385 11.939578895232119
3.6390114904081772 2.9204250737119106 12.028229765348886
3.6433748135381627 2.9731454088532283 12.137848707199758
3.6477381366681487 3.0263334205976227 12.237590906958458
3.6521014597981347 3.0799009718581933 12.311506061692832
3.6564647829281203 3.1337352951732416 12.360474345987665
3.6608281060581063 3.1877298105748597 12.384244973499305
3.6651914291880923 3.2417704482942784 12.382045514632356
3.6695547523180778 3.2957783174941917 12.376254117985663
3.6739180754480638 3.3498290774085744 12.408578672049524
3.6782813985780494 3.4041527499228508 12.502202217271771
3.6826447217080354 3.4590168381021962 12.654586805611631
3.6870080448380214 3.5146743636269444 12.868514682916377
3.6913713679680069 3.5714104897592613 13.147537070884411
3.6957346910979929 3.6293474606521059 13.384750832378195
3.7000980142279785 3.6878486213992914 13.37042180795272
3.7044613373579645 3.7454905121784412 12.98764200256546
3.7088246604879505 3.8006574146630894 12.240623133535852
3.713187983617936 3.8517790909657976 11.128509162802814
3.717551306747922 3.8972279381672297 9.6423412811278073
3.7219146298779076 3.9356291747376577 7.953196656038009
3.7262779530078936 3.9668441235235519 6.4094353753335085
3.7306412761378795 3.9920630074251116 5.2101070594888172
3.7350045992678651 4.0128111622140814 4.3547441508942271
3.7393679223978511 4.0305556813094769 3.836529405905694
3.7437312455278371 4.0467907621405104 3.6617902094111354
3.7480945686578226 4.0629450435182752 3.785594824666028
3.7524578917878086 4.0801261591084073 4.1155611477692826
3.7568212149177942 4.0990820590815504 4.5981422959480875
3.7611845380477802 4.1204695308628478 5.2299288627194569
3.7655478611777662 4.1449480629167716 6.0172835678411092
3.7699111843077517 4.1732182587119375 6.968290631161028
3.7742745074377377 4.2057644439818986 7.9238174310083869
3.7786378305677233 4.2418586667688958 8.5301078734398814
3.7830011536977093 4.2793788946431013 8.569319083963931
3.7873644768276953 4.3158140520826151 8.0405931995813198
3.7917277999576808 4.3487269268655728 6.9485028843294643
3.7960911230876668 4.3756028377693745 5.2731362478635493
3.8004544462176524 4.3942220883257681 3.2391210034414502
3.8048177693476384 4.4040964414769563 1.3611385651243069
3.8091810924776244 4.4068025578488266 -0.033981568368499235
3.8135444156076099 4.4045139134323055 -0.93817971837158642
3.8179077387375959 4.3993112533069869 -1.3639411576802463
3.8222710618675819 4.3933317562591139 -1.2943405934169367
3.8266343849975675 4.3885516421586228 -0.856460164690098
3.8309977081275535 4.3859581696336996 -0.34952346994705158
3.835361031257539 4.3853158551432809 0.02979077189049088
3.839724354387525 4.3860217135568629 0.27404996571656992
3.844087677517511 4.387523605616118 0.39194677698207159
3.8484510006474966 4.3892479011635386 0.37632613171433615
3.8528143237774826 4.3906620684364883 0.2605967813519659
3.8571776469074681 4.3914920816333822 0.12427157553051575
3.8615409700374541 4.3917956008054242 0.021676364703905691
3.8659042931674401 4.3917340454091987 -0.044614996554177409
3.8702676162974257 4.3914554359203146 -0.077096525551181724
3.8746309394274117 4.3911133251694885 -0.073774701165988554
3.8789942625573972 4.3908512792137646 -0.043192223182935363
3.8833575856873832 4.3907452195644723 -0.0065471770927437159
3.8877209088173692 4.3907812054264292 0.021201744328146165
3.8920842319473548 4.3909160437585113 0.039190264066081802
3.8964475550773408 4.3911100470934414 0.048132075181666185
3.9008108782073267 4.3913221139038168 0.047474701354452815
3.9051742013373123 4.3915135516278605 0.039398401439767958
3.9095375244672983 4.3916633535945202 0.029550821842355
3.9139008475972838 4.391774838850969 0.022046172688517111
3.9182641707272698 4.3918595591388465 0.017165482687154766
3.9226274938572558 4.3919281571571949 0.014705798988914567
3.9269908169872414 4.3919916339289911 0.014819258021487964
3.9313541401172274 4.3920604144644519 0.016950595112280378
3.9357174632472129 4.3921403036650988 0.019596142572945275
3.9400807863771989 4.3922305270026234 0.021625600349727079
3.9444441095071849 4.3923279967101516 0.022949687933979262
3.9488074326371705 4.3924298583587351 0.023625793072207597
3.9531707557671565 4.3925331676255217 0.023612270131695142
3.957534078897142 4.3926351164787949 0.023050214283593533
3.961897402027128 4.3927341027738347 0.022339704183964689
3.966260725157114 4.3928303024076776 0.021790928324360522
3.9706240482870996 4.3929245402625439 0.021431754887864467
3.9749873714170856 4.3930175820372428 0.02124604047850864
3.9793506945470716 4.3931102157156143 0.02124512103950113
3.9837140176770571 4.3932031974461916 0.021393229907815173
3.9880773408070431 4.3932969689008576 0.02158399123003403
3.9924406639370287 4.3933914916613901 0.021732371223278115
3.9968039870670147 4.3934865454978933 0.021829790732007873
4.0011673101970002 4.3935819249773909 0.021880769274995573
4.0055306333269867 4.3936774192220165 0.021882237914440359
4.0098939564569722 4.3937728246706955 0.021843239907622523
4.0142572795869578 4.3938680197023645 0.021792039620373488
4.0186206027169442 4.3939630122127227 0.021751923300352888
4.0229839258469298 4.3940578609619791 0.021725502618598704
4.0273472489769153 4.3941526210763175 0.021711517932353711
4.0317105721069009 4.3942473489881717 0.021710795681174039
4.0360738952368873 4.3943420994832989 0.021721055689672714
4.0404372183668729 4.3944369060156188 0.021734793357268623
4.0448005414968584 4.3945317671293447 0.02174563842451098
4.0491638646268449 4.3946266671570298 0.021752803165911275
4.0535271877568304 4.394721591303389 0.021756637179408105
4.057890510886816 4.3948165244671689 0.021756919084583205
4.0622538340168024 4.3949114519073156 0.021754222091816985
4.066617157146788 4.3950063644313833 0.021750537336940087
4.0709804802767735 4.3951012622479979 0.021747605708883355
4.0753438034067591 4.3951961495316683 0.021745662957105814
4.0797071265367455 4.3952910302540218 0.021744612444068126
4.0840704496667311 4.3953859084560287 0.021744513156176461
4.0884337727967166 4.3954807881030264 0.021745221460605278
4.092797095926703 4.3955756717183556 0.021746209456974846
4.0971604190566886 4.3956705592959864 0.021747001868691902
4.1015237421866741 4.3957654497244754 0.021747528609097334
4.1058870653166606 4.3958603419374844 0.021747816287104062
4.1102503884466461 4.3959552348537034 0.02174784927184165
4.1146137115766317 4.3960501274067223 0.021747663428414946
4.1189770347066181 4.3961450189045586 0.021747398609230893
4.1233403578366037 4.3962399093351259 0.021747184439202857
4.1277036809665892 4.3963347989941077 0.021747041635355794
4.1320670040965748 4.39642968816786 0.021746962898364228
4.1364303272265612 4.3965245771457218 0.021746952346514314
4.1407936503565468 4.3966194662144167 0.021747001058829402
4.1451569734865323 4.3967143555635291 0.021747072014532739
4.1495202966165188 4.3968092452000604 0.021747129894971726
4.1538836197465043 4.3969041350454132 0.021747168607266686
4.1582469428764899 4.3969990250226747 0.021747190146428761
4.1626102660064763 4.3970939150544233 0.021747193433775656
4.1669735891364619 4.3971888050635863 0.021747180679145318
4.1713369122664474 4.3972836949982712 0.021747161674255378
4.1757002353964339 4.3973785848555682 0.021747146033010215
4.1800635585264194 4.3974734746563522 0.021747135539410125
4.184426881656405 4.3975683644212848 0.021747129650027713
4.1887902047863905 4.3976632541710829 0.021747128645847102
4.193153527916377 4.3977581439264597 0.02174713198177779
4.1975168510463625 4.3978530337016055 0.021747137070046878
4.2018801741763481 4.3979479234975836 0.021747141296450782
4.2062434973063345 4.3980428133088552 0.021747144140801963
4.2106068204363201 4.3981377031298692 0.021747145750460613
4.2149701435663056 4.3982325929550816 0.021747146052509461
4.2193334666962921 4.3983274827789263 0.021747145180836279
4.2236967898262776 4.3984223725975262 0.021747143819068077
4.2280601129562632 4.39851726241052 0.021747142677314733
4.2324234360862487 4.3986121522193757 0.021747141906474154
4.2367867592162352 4.3987070420255847 0.021747141466695138
4.2411500823462207 4.3988019318306302 0.021747141376892504
4.2455134054762063 4.3988968216360078 0.021747141604311487
4.2498767286061927 4.3989917114427755 0.021747141968507255
4.2542400517361783 4.3990866012510512 0.021747142276909992
4.2586033748661638 4.399181491060447 0.021747142486078723
4.2629666979961502 4.3992763808705631 0.021747142606288759
4.2673300211261358 4.3993712706810006 0.021747142632591705
4.2716933442561213 4.3994661604913583 0.021747142573284434
4.2760566673861078 4.3995610503013474 0.021747142475810704
4.2804199905160933 4.3996559401109305 0.021747142392511711
4.2847833136460789 4.3997508299202108 0.021747142335882836
4.2891466367760644 4.3998457197292957 0.021747142303113431
4.2935099599060509 4.3999406095382918 0.021747142295393363
4.2978732830360364 4.4000354993473065 0.021747142310800389
4.302236606166022 4.400130389156419 0.021747142336902933
4.3065999292960084 4.4002252789656406 0.021747142359357742
4.310963252425994 4.400320168774944 0.021747142374729272
4.3153265755559795 4.4004150585843007 0.021747142383622915
4.319689898685966 4.4005099483936814 0.021747142385791528
4.3240532218159515 4.4006048382030576 0.021747142381658098
4.3284165449459371 4.4006997280124072 0.021747142374663166
4.3327798680759235 4.4007946178217283 0.021747142368901722
4.3371431912059091 4.4008895076310282 0.021747142364745103
4.3415065143358946 4.4009843974403129 0.021747142362108982
4.3458698374658802 4.4010792872495905 0.021747142361543449
4.3502331605958666 4.4011741770588699 0.021747142362764375
4.3545964837258522 4.4012690668681564 0.021747142364552888
4.3589598068558377 4.4013639566774501 0.021747142365961855
4.3633231299858242 4.401458846486749 0.021747142367073508
4.3676864531158097 4.4015537362960524 0.021747142367935277
4.3720497762457953 4.4016486261053585 0.021747142368275161
4.3764130993757817 4.4017435159146645 0.021747142367872573
4.3807764225057673 4.4018384057239679 0.02174714236731104
4.3851397456357528 4.4019332955332695 0.0217471423669197
4.3895030687657384 4.4020281853425693 0.021747142366603939
4.3938663918957248 4.4021230751518683 0.021747142366413022
4.3982297150257104 4.4022179649611664 0.021747142366271139
4.4025930381556959 4.4023128547704644 0.021747142366432194
4.4069563612856824 4.4024077445797634 0.021747142366527233
4.4113196844156679 4.4025026343890623 0.021747142366596705
4.4156830075456535 4.4025975241983621 0.02174714236684773
4.4200463306756399 4.4026924140076629 0.021747142366982199
4.4244096538056255 4.4027873038169636 0.021747142366803966
4.428772976935611 4.4028821936262634 0.021747142366785051
4.4331363000655974 4.4029770834355642 0.02174714236702565
4.437499623195583 4.4030719732448649 0.02174714236669284
4.4418629463255686 4.4031668630541638 0.02174714236657543
4.4462262694555541 4.4032617528634637 0.021747142366767214
4.4505895925855405 4.4033566426727635 0.021747142366714857
4.4549529157155261 4.4034515324820633 0.02174714236673252
4.4593162388455116 4.4035464222913632 0.021747142366727472
4.4636795619754981 4.403641312100663 0.021747142366716741
4.4680428851054836 4.4037362019099628 0.021747142366764734
4.4724062082354692 4.4038310917192627 0.021747142366596747
4.4767695313654556 4.4039259815285616 0.021747142366596778
4.4811328544954412 4.4040208713378615 0.021747142366764626
4.4854961776254267 4.4041157611471613 0.021747142366717119
4.4898595007554132 4.4042106509564611 0.021747142366726046
4.4942228238853987 4.404305540765761 0.021747142366737873
4.4985861470153843 4.4044004305750608 0.021747142366694876
4.5029494701453698 4.4044953203843606 0.02174714236685504
4.5073127932753563 4.4045902101936614 0.021747142366854787
4.5116761164053418 4.4046851000029612 0.021747142366695643
4.5160394395353274 4.404779989812261 0.021747142366735046
4.5204027626653138 4.4048748796215609 0.021747142366723322
4.5247660857952994 4.4049697694308607 0.021747142366730823
4.5291294089252849 4.4050646592401606 0.021747142366725789
4.5334927320552714 4.4051595490494604 0.021747142366725168
4.5378560551852569 4.4052544388587602 0.021747142366732693
4.5422193783152425 4.4053493286680601 0.021747142366716463
4.5465827014452289 4.4054442184773599 0.021747142366760605
4.5509460245752145 4.4055391082866597 0.021747142366600275
4.5553093477052 4.4056339980959587 0.021747142366600063
4.5596726708351856 4.4057288879052585 0.021747142366761237
4.564035993965172 4.4058237777145584 0.021747142366714142
4.5683993170951576 4.4059186675238582 0.021747142366741357
4.5727626402251431 4.406013557333158 0.021747142366692847
4.5771259633551296 4.4061084471424579 0.021747142366846408
4.5814892864851151 4.4062033369517586 0.021747142366891341
4.5858526096151007 4.4062982267610584 0.021747142366571326
4.5902159327450871 4.4063931165703574 0.02174714236657185
4.5945792558750727 4.4064880063796572 0.021747142366889759
4.5989425790050582 4.4065828961889579 0.021747142366852212
4.6033059021350438 4.4066777859982578 0.021747142366684499
4.6076692252650302 4.4067726758075576 0.021747142366768949
4.6120325483950158 4.4068675656168574 0.021747142366598863
4.6163958715250013 4.4069624554261564 0.021747142366597364
4.6207591946549877 4.4070573452354562 0.021747142366760164
4.6251225177849733 4.4071522350447561 0.021747142366721151
4.6294858409149588 4.4072471248540559 0.021747142366727642
4.6338491640449453 4.4073420146633557 0.02174714236672743
4.6382124871749308 4.4074369044726556 0.021747142366721803
4.6425758103049164 4.4075317942819554 0.021747142366757771
4.6469391334349028 4.4076266840912552 0.02174714236660627
4.6513024565648884 4.4077215739005542 0.021747142366565646
4.6556657796948739 4.407816463709854 0.021747142366892912
4.6600291028248595 4.4079113535191548 0.021747142366845818
4.6643924259548459 4.4080062433284546 0.021747142366693631
4.6687557490848315 4.4081011331377544 0.021747142366738824
4.673119072214817 4.4081960229470543 0.021747142366723482
4.6774823953448035 4.4082909127563541 0.02174714236672641
4.681845718474789 4.4083858025656539 0.021747142366730043
4.6862090416047746 4.4084806923749538 0.021747142366725834
4.690572364734761 4.4085755821842536 0.021747142366725775
4.6949356878647466 4.4086704719935534 0.021747142366730227
4.6992990109947321 4.4087653618028533 0.021747142366725723
4.7036623341247186 4.4088602516121531 0.021747142366726029
4.7080256572547041 4.408955141421453 0.021747142366729321
4.7123889803846897 4.4090500312307528 0.021747142366729099
4.7167523035146752 4.4091449210400526 0.021747142366726702
4.7211156266446617 4.4092398108493525 0.021747142366723243
4.7254789497746472 4.4093347006586523 0.021747142366739493
4.7298422729046328 4.4094295904679521 0.021747142366691202
4.7342055960346192 4.409524480277252 0.021747142366854839
4.7385689191646048 4.4096193700865527 0.02174714236685928
4.7429322422945903 4.4097142598958525 0.021747142366691143
4.7472955654245768 4.4098091497051524 0.021747142366735306
4.7516588885545623 4.4099040395144522 0.021747142366726799
4.7560222116845479 4.409998929323752 0.021747142366729907
4.7603855348145334 4.4100938191330519 0.02174714236672599
4.7647488579445199 4.4101887089423517 0.021747142366725272
4.7691121810745054 4.4102835987516515 0.021747142366732079
4.773475504204491 4.4103784885609514 0.021747142366718823
4.7778388273344774 4.4104733783702512 0.021747142366751772
4.782202150464463 4.4105682681795511 0.021747142366633249
4.7865654735944485 4.41066315798885 0.021747142366476999
4.7909287967244349 4.410758047798149 0.021747142366596573
4.7952921198544205 4.4108529376074488 0.02174714236688521
4.7996554429844061 4.4109478274167495 0.021747142366845683
4.8040187661143925 4.4110427172260493 0.021747142366701885
4.808382089244378 4.4111376070353492 0.021747142366705944
4.8127454123743636 4.411232496844649 0.021747142366846762
4.8171087355043491 4.4113273866539497 0.02174714236689013
4.8214720586343356 4.4114222764632496 0.021747142366562545
4.8258353817643211 4.4115171662725485 0.021747142366608192
4.8301987048943067 4.4116120560818484 0.021747142366766465
4.8345620280242931 4.4117069458911482 0.02174714236668511
4.8389253511542787 4.411801835700448 0.021747142366852257
4.8432886742842642 4.4118967255097488 0.021747142366888975
4.8476519974142507 4.4119916153190486 0.021747142366561657
4.8520153205442362 4.4120865051283475 0.021747142366612886
4.8563786436742218 4.4121813949376474 0.021747142366748566
4.8607419668042082 4.4122762847469472 0.021747142366752004
4.8651052899341938 4.4123711745562471 0.021747142366602579
4.8694686130641793 4.412466064365546 0.021747142366599439
4.8738319361941649 4.4125609541748458 0.021747142366761445
4.8781952593241513 4.4126558439841457 0.021747142366713934
4.8825585824541369 4.4127507337934455 0.021747142366741985
4.8869219055841224 4.4128456236027453 0.021747142366690536
4.8912852287141089 4.4129405134120452 0.021747142366855012
4.8956485518440944 4.4130354032213459 0.021747142366859235
4.90001187497408 4.4131302930306457 0.021747142366691157
4.9043751981040664 4.4132251828399456 0.021747142366735302
4.908738521234052 4.4133200726492454 0.021747142366726795
4.9131018443640375 4.4134149624585453 0.021747142366729939
4.9174651674940231 4.4135098522678451 0.021747142366725872
4.9218284906240095 4.4136047420771449 0.021747142366725723
4.9261918137539951 4.4136996318864448 0.02174714236673039
4.9305551368839806 4.4137945216957446 0.021747142366725123
4.9349184600139671 4.4138894115050444 0.021747142366728273
4.9392817831439526 4.4139843013143443 0.021747142366720942
4.9436451062739382 4.4140791911236441 0.021747142366760369
4.9480084294039246 4.4141740809329439 0.021747142366596733
4.9523717525339102 4.4142689707422429 0.021747142366601187
4.9567350756638957 4.4143638605515427 0.021747142366760282
4.9610983987938821 4.4144587503608426 0.021747142366716824
4.9654617219238677 4.4145536401701424 0.02174714236673158
4.9698250450538533 4.4146485299794422 0.021747142366729276
4.9741883681838388 4.4147434197887421 0.021747142366723732
4.9785516913138252 4.4148383095980419 0.021747142366734952
4.9829150144438108 4.4149331994073417 0.021747142366695612
4.9872783375737963 4.4150280892166416 0.021747142366855005
4.9916416607037828 4.4151229790259423 0.02174714236685418
4.9960049838337683 4.4152178688352421 0.02174714236669811
5.0003683069637539 4.415312758644542 0.021747142366725789
5.0047316300937403 4.4154076484538418 0.021747142366757882
5.0090949532237259 4.4155025382631417 0.021747142366601847
5.0134582763537114 4.4155974280724406 0.021747142366596493
5.0178215994836979 4.4156923178817404 0.021747142366760668
5.0221849226136834 4.4157872076910403 0.021747142366719999
5.026548245743669 4.4158820975003401 0.021747142366731764
5.0309115688736545 4.4159769873096399 0.021747142366725369
5.035274892003641 4.4160718771189398 0.021747142366725904
5.0396382151336265 4.4161667669282396 0.021747142366730178
5.0440015382636121 4.4162616567375395 0.0217471423667258
5.0483648613935985 4.4163565465468393 0.021747142366725786
5.0527281845235841 4.4164514363561391 0.021747142366730227
5.0570915076535696 4.416546326165439 0.021747142366725723
5.0614548307835561 4.4166412159747388 0.021747142366726042
5.0658181539135416 4.4167361057840386 0.021747142366729276
5.0701814770435272 4.4168309955933385 0.021747142366729276
5.0745448001735127 4.4169258854026383 0.021747142366726049
5.0789081233034992 4.4170207752119381 0.021747142366725678
5.0832714464334847 4.417115665021238 0.021747142366730404
5.0876347695634703 4.4172105548305378 0.02174714236672512
5.0919980926934567 4.4173054446398377 0.021747142366728273
5.0963614158234423 4.4174003344491375 0.021747142366720942
5.1007247389534278 4.4174952242584373 0.021747142366760355
5.1050880620834143 4.4175901140677372 0.021747142366596781
5.1094513852133998 4.4176850038770361 0.021747142366601004
5.1138147083433854 4.4177798936863359 0.021747142366760962
5.1181780314733718 4.4178747834956358 0.021747142366714291
5.1225413546033574 4.4179696733049356 0.02174714236674102
5.1269046777333429 4.4180645631142355 0.021747142366694033
5.1312680008633285 4.4181594529235353 0.021747142366855269
5.1356313239933149 4.418254342732836 0.021747142366854724
5.1399946471233005 4.4183492325421359 0.021747142366695664
5.144357970253286 4.4184441223514357 0.021747142366735042
5.1487212933832724 4.4185390121607355 0.021747142366723322
5.153084616513258 4.4186339019700354 0.021747142366730837
5.1574479396432436 4.4187287917793352 0.021747142366725741
5.16181126277323 4.418823681588635 0.021747142366725349
5.1661745859032155 4.4189185713979349 0.021747142366732027
5.1705379090332011 4.4190134612072347 0.021747142366718944
5.1749012321631875 4.4191083510165345 0.021747142366751352
5.1792645552931731 4.4192032408258344 0.02174714236663481
5.1836278784231586 4.4192981306351333 0.02174714236647118
5.1879912015531442 4.4193930204444323 0.021747142366631566
5.1923545246831306 4.4194879102537321 0.02174714236675104
5.1967178478131162 4.4195828000630319 0.021747142366723447
5.2010811709431017 4.4196776898723318 0.02174714236672759
5.2054444940730882 4.4197725796816316 0.021747142366725349
5.2098078172030737 4.4198674694909315 0.021747142366730175
5.2141711403330593 4.4199623593002313 0.021747142366726365
5.2185344634630457 4.4200572491095311 0.02174714236672352
5.2228977865930313 4.420152138918831 0.021747142366738713
5.2272611097230168 4.4202470287281308 0.021747142366694037
5.2316244328530024 4.4203419185374306 0.021747142366857569
5.2359877559829888 4.4204368083467314 0.021747142366845513
5.2403510791129744 4.4205316981560312 0.02174714236673022
5.2447144022429599 4.420626587965331 0.021747142366606013
5.2490777253729464 4.42072147777463 0.021747142366594214
5.2534410485029319 4.4208163675839298 0.021747142366765632
5.2578043716329175 4.4209112573932297 0.021747142366715669
5.2621676947629039 4.4210061472025295 0.021747142366730848
5.2665310178928895 4.4211010370118293 0.021747142366720106
5.270894341022875 4.4211959268211292 0.021747142366761146
5.2752576641528615 4.421290816630429 0.021747142366594464
5.279620987282847 4.4213857064397279 0.021747142366609507
5.2839843104128326 4.4214805962490278 0.021747142366729273
5.2883476335428181 4.4215754860583276 0.021747142366845822
5.2927109566728046 4.4216703758676283 0.021747142366857257
5.2970742798027901 4.4217652656769282 0.021747142366694984
5.3014376029327757 4.421860155486228 0.021747142366735226
5.3058009260627621 4.4219550452955279 0.02174714236672326
5.3101642491927477 4.4220499351048277 0.021747142366730886
5.3145275723227332 4.4221448249141275 0.021747142366725609
5.3188908954527196 4.4222397147234274 0.021747142366725834
5.3232542185827052 4.4223346045327272 0.021747142366730213
5.3276175417126908 4.422429494342027 0.021747142366725723
5.3319808648426772 4.4225243841513269 0.021747142366726046
5.3363441879726627 4.4226192739606267 0.021747142366729262
5.3407075111026483 4.4227141637699265 0.021747142366729328
5.3450708342326338 4.4228090535792264 0.021747142366725859
5.3494341573626203 4.4229039433885262 0.021747142366726389
5.3537974804926058 4.4229988331978261 0.021747142366727742
5.3581608036225914 4.4230937230071259 0.021747142366735049
5.3625241267525778 4.4231886128164257 0.021747142366691209
5.3668874498825634 4.4232835026257256 0.02174714236685928
5.3712507730125489 4.4233783924350263 0.021747142366854769
5.3756140961425354 4.4234732822443261 0.021747142366691459
5.3799774192725209 4.423568172053626 0.021747142366738546
5.3843407424025065 4.4236630618629258 0.021747142366726764
5.388704065532492 4.4237579516722256 0.02174714236672683
5.3930673886624785 4.4238528414815255 0.021747142366725061
5.397430711792464 4.4239477312908253 0.021747142366732093
5.4017940349224496 4.4240426211001251 0.021747142366718989
5.406157358052436 4.424137510909425 0.021747142366751109
5.4105206811824216 4.4242324007187248 0.02174714236663574
5.4148840043124071 4.4243272905280238 0.021747142366467694
5.4192473274423936 4.4244221803373227 0.021747142366631316
5.4236106505723791 4.4245170701466225 0.02174714236675554
5.4279739737023647 4.4246119599559224 0.02174714236671894
5.4323372968323511 4.4247068497652222 0.02174714236672786
5.4367006199623367 4.4248017395745221 0.021747142366728787
5.4410639430923222 4.4248966293838219 0.021747142366729408
5.4454272662223078 4.4249915191931217 0.021747142366726001
5.4497905893522942 4.4250864090024216 0.021747142366725734
5.4541539124822798 4.4251812988117214 0.021747142366730223
5.4585172356122653 4.4252761886210212 0.021747142366725786
5.4628805587422518 4.4253710784303211 0.021747142366725789
5.4672438818722373 4.4254659682396209 0.021747142366730209
5.4716072050022229 4.4255608580489207 0.021747142366725793
5.4759705281322093 4.4256557478582206 0.021747142366725786
5.4803338512621949 4.4257506376675204 0.021747142366730227
5.4846971743921804 4.4258455274768203 0.021747142366725723
5.4890604975221668 4.4259404172861201 0.021747142366726046
5.4934238206521524 4.4260353070954199 0.021747142366729262
5.497787143782138 4.4261301969047198 0.021747142366729328
5.5021504669121235 4.4262250867140196 0.021747142366725859
5.5065137900421099 4.4263199765233194 0.021747142366726389
5.5108771131720955 4.4264148663326193 0.021747142366727742
5.5152404363020811 4.4265097561419191 0.021747142366735049
5.5196037594320675 4.4266046459512189 0.021747142366691209
5.523967082562053 4.4266995357605188 0.02174714236685928
5.5283304056920386 4.4267944255698195 0.021747142366854766
5.532693728822025 4.4268893153791193 0.021747142366691462
5.5370570519520106 4.4269842051884192 0.021747142366738539
5.5414203750819961 4.427079094997719 0.021747142366726792
5.5457836982119817 4.4271739848070188 0.021747142366726716
5.5501470213419681 4.4272688746163187 0.021747142366725498
5.5545103444719537 4.4273637644256185 0.021747142366730456
5.5588736676019392 4.4274586542349184 0.021747142366725106
5.5632369907319257 4.4275535440442182 0.021747142366728277
5.5676003138619112 4.427648433853518 0.021747142366720942
5.5719636369918968 4.4277433236628179 0.021747142366760359
5.5763269601218832 4.4278382134721177 0.021747142366596778
5.5806902832518688 4.4279331032814166 0.021747142366601017
5.5850536063818543 4.4280279930907165 0.021747142366760921
5.5894169295118408 4.4281228829000163 0.021747142366714458
5.5937802526418263 4.4282177727093162 0.021747142366740406
5.5981435757718119 4.428312662518616 0.021747142366696341
5.6025068989017974 4.4284075523279158 0.021747142366846661
5.6068702220317839 4.4285024421372166 0.021747142366886834
5.6112335451617694 4.4285973319465164 0.021747142366575836
5.615596868291755 4.4286922217558153 0.021747142366571597
5.6199601914217414 4.4287871115651152 0.021747142366886268
5.624323514551727 4.4288820013744159 0.021747142366853146
5.6286868376817125 4.4289768911837157 0.021747142366684253
5.633050160811699 4.4290717809930156 0.021747142366769012
5.6374134839416845 4.4291666708023154 0.021747142366598863
5.6417768070716701 4.4292615606116144 0.021747142366597305
5.6461401302016565 4.4293564504209142 0.021747142366760411
5.6505034533316421 4.429451340230214 0.021747142366720217
5.6548667764616276 4.4295462300395139 0.021747142366731132
5.6592300995916132 4.4296411198488137 0.02174714236672768
5.6635934227215996 4.4297360096581135 0.021747142366717303
5.6679567458515852 4.4298308994674134 0.021747142366762274
5.6723200689815707 4.4299257892767132 0.021747142366606013
5.6766833921115571 4.4300206790860122 0.02174714236656216
5.6810467152415427 4.430115568895312 0.021747142366893842
5.6854100383715283 4.4302104587046127 0.021747142366845572
5.6897733615015147 4.4303053485139126 0.021747142366693686
5.6941366846315002 4.4304002383232124 0.021747142366738831
5.6985000077614858 4.4304951281325122 0.021747142366723416
5.7028633308914722 4.4305900179418121 0.02174714236672666
5.7072266540214578 4.4306849077511119 0.021747142366729106
5.7115899771514433 4.4307797975604117 0.021747142366729321
5.7159533002814289 4.4308746873697116 0.021747142366726029
5.7203166234114153 4.4309695771790114 0.021747142366725727
5.7246799465414009 4.4310644669883112 0.021747142366730227
5.7290432696713864 4.4311593567976111 0.021747142366725775
5.7334065928013729 4.4312542466069109 0.021747142366725834
5.7377699159313584 4.4313491364162108 0.021747142366730046
5.742133239061344 4.4314440262255106 0.021747142366726386
5.7464965621913304 4.4315389160348104 0.021747142366723558
5.750859885321316 4.4316338058441103 0.021747142366738539
5.7552232084513015 4.4317286956534101 0.021747142366694699
5.7595865315812871 4.4318235854627099 0.021747142366855089
5.7639498547112735 4.4319184752720107 0.021747142366854773
5.7683131778412591 4.4320133650813105 0.021747142366695647
5.7726765009712446 4.4321082548906103 0.021747142366735046
5.7770398241012311 4.4322031446999102 0.021747142366723319
5.7814031472312166 4.43229803450921 0.021747142366730837
5.7857664703612022 4.4323929243185098 0.021747142366725741
5.7901297934911886 4.4324878141278097 0.021747142366725349
5.7944931166211742 4.4325827039371095 0.021747142366732027
5.7988564397511597 4.4326775937464094 0.021747142366718944
5.8032197628811462 4.4327724835557092 0.021747142366751352
5.8075830860111317 4.432867373365009 0.02174714236663481
5.8119464091411173 4.432962263174308 0.02174714236647118
5.8163097322711028 4.4330571529836069 0.021747142366631566
5.8206730554010893 4.4331520427929068 0.02174714236675104
5.8250363785310748 4.4332469326022066 0.02174714236672344
5.8293997016610604 4.4333418224115064 0.021747142366727604
5.8337630247910468 4.4334367122208063 0.021747142366725293
5.8381263479210324 4.4335316020301061 0.021747142366730383
5.8424896710510179 4.4336264918394059 0.021747142366725588
5.8468529941810043 4.4337213816487058 0.021747142366726414
5.8512163173109899 4.4338162714580056 0.021747142366727919
5.8555796404409755 4.4339111612673054 0.021747142366734321
5.8599429635709619 4.4340060510766053 0.021747142366693957
5.8643062867009474 4.4341009408859051 0.021747142366849017
5.868669609830933 4.4341958306952058 0.021747142366893086
5.8730329329609186 4.4342907205045057 0.021747142366561743
5.877396256090905 4.4343856103138046 0.021747142366608425
5.8817595792208905 4.4344805001231045 0.021747142366753059
5.8861229023508761 4.4345753899324043 0.021747142366751755
5.8904862254808625 4.4346702797417041 0.021747142366599085
5.8948495486108481 4.4347651695510031 0.021747142366600389
5.8992128717408336 4.4348600593603029 0.021747142366761129
5.9035761948708201 4.4349549491696028 0.02174714236671425
5.9079395180008056 4.4350498389789026 0.021747142366741034
5.9123028411307912 4.4351447287882024 0.02174714236669403
5.9166661642607767 4.4352396185975023 0.021747142366855269
5.9210294873907632 4.435334508406803 0.021747142366854724
5.9253928105207487 4.4354293982161028 0.021747142366695661
5.9297561336507343 4.4355242880254027 0.021747142366735046
5.9341194567807207 4.4356191778347025 0.021747142366723312
5.9384827799107063 4.4357140676440023 0.021747142366730868
5.9428461030406918 4.4358089574533022 0.021747142366725623
5.9472094261706783 4.435903847262602 0.021747142366725789
5.9515727493006638 4.4359987370719018 0.02174714236673039
5.9559360724306494 4.4360936268812017 0.021747142366725064
5.9602993955606358 4.4361885166905015 0.02174714236672852
5.9646627186906214 4.4362834064998014 0.021747142366720009
5.9690260418206069 4.4363782963091012 0.021747142366763859
5.9733893649505925 4.436473186118401 0.021747142366596986
5.9777526880805789 4.4365680759277 0.021747142366596681
5.9821160112105645 4.4366629657369998 0.021747142366764793
5.98647933434055 4.4367578555462996 0.021747142366716567
5.9908426574705365 4.4368527453555995 0.021747142366728096
5.995205980600522 4.4369476351648993 0.021747142366730209
5.9995693037305076 4.4370425249741992 0.021747142366723482
6.003932626860494 4.437137414783499 0.021747142366735018
6.0082959499904796 4.4372323045927988 0.021747142366695612
6.0126592731204651 4.4373271944020987 0.021747142366854946
6.0170225962504515 4.4374220842113994 0.021747142366854426
6.0213859193804371 4.4375169740206992 0.021747142366697177
6.0257492425104227 4.4376118638299991 0.021747142366729276
6.0301125656404082 4.4377067536392989 0.021747142366758135
6.0344758887703946 4.4378016434485987 0.02174714236659734
6.0388392119003802 4.4378965332578977 0.021747142366601004
6.0432025350303658 4.4379914230671975 0.021747142366760411
6.0475658581603522 4.4380863128764974 0.021747142366716512
6.0519291812903377 4.4381812026857972 0.021747142366732711
6.0562925044203233 4.438276092495097 0.021747142366725057
6.0606558275503097 4.4383709823043969 0.021747142366726219
6.0650191506802953 4.4384658721136967 0.021747142366729224
6.0693824738102808 4.4385607619229965 0.02174714236672929
6.0737457969402664 4.4386556517322964 0.021747142366726036
6.0781091200702528 4.4387505415415962 0.021747142366725723
6.0824724432002384 4.438845431350896 0.021747142366730227
6.0868357663302239 4.4389403211601959 0.021747142366725782
6.0911990894602104 4.4390352109694957 0.021747142366725796
6.0955624125901959 4.4391301007787956 0.021747142366730202
6.0999257357201815 4.4392249905880954 0.021747142366725803
6.1042890588501679 4.4393198803973952 0.021747142366725737
6.1086523819801535 4.4394147702066951 0.021747142366730404
6.113015705110139 4.4395096600159949 0.021747142366725061
6.1173790282401255 4.4396045498252947 0.02174714236672852
6.121742351370111 4.4396994396345946 0.021747142366720009
6.1261056745000966 4.4397943294438944 0.021747142366763846
6.1304689976300821 4.4398892192531942 0.021747142366597038
6.1348323207600686 4.4399841090624932 0.021747142366596486
6.1391956438900541 4.440078998871793 0.021747142366765504
6.1435589670200397 4.4401738886810929 0.021747142366713906
6.1479222901500261 4.4402687784903927 0.021747142366738029
6.1522856132800117 4.4403636682996925 0.021747142366693145
6.1566489364099972 4.4404585581089924 0.021747142366861802
6.1610122595399837 4.4405534479182931 0.021747142366829453
6.1653755826699692 4.4406483377275929 0.021747142366790203
6.1697389057999548 4.4407432275368928 0.021747142366382151
6.1741022289299412 4.4408381173461926 0.021747142368040349
6.1784655520599268 4.4409330071554924 0.021747142361815609
6.1828288751899123 4.4410278969647923 0.021747142385069626
6.1871921983198979 4.4411227867740921 0.021747142298278312
6.1915555214498843 4.4412176765833919 0.021747142622176276
6.1959188445798699 4.4413125663926918 0.021747141413375744
6.2002821677098554 4.4414074562019916 0.021747145924693158
6.2046454908398418 4.4415023460112915 0.021747129088210769
6.2090088139698274 4.4415972358205904 0.021747191922212257
6.213372137099813 4.4416921256298902 0.021746957422701964
6.2177354602297994 4.441787015439191 0.021747832587949698
6.2220987833597849 4.4418819052484908 0.021744566426469065
6.2264621064897705 4.4419767950577906 0.021756755906546441
6.2308254296197561 4.4420716848670905 0.021711264147717589
6.2351887527497425 4.4421665746763903 0.021881041702942354
6.239552075879728 4.4422614644856901 0.021247423240872195
6.2439153990097136 4.44235635429499 0.023612119533941284
6.2482787221397 4.4424512441042898 0.014786952823721158
6.2526420452696856 4.4425461339135897 0.047722923371530779
6.2570053683996711 4.4426410237228895 -0.075195792109471873
6.2613686915296576 4.4427359135321884 0.38354309926613939
6.2657320146596431 4.4428308033414883 -1.3284937507552097
6.2700953377896287 4.4429256931507881 5.0609147579550715
6.2744586609196151 4.4430205829600879 -18.784682426866496
6.2788219840496007 4.4431154727693878 70.208297803704639
6.2831853071795862 4.9262558065683759 70.199557109854581
