# q  U_kJmol  dU_dq   # conservative spline pchip_hermite_v1
0 3.9801374964600638 0.93819430389658476
0.0043633231299858239 3.98156538608447 0.34794769930444308
0.0087266462599716477 3.9848145797268959 0.88574047833453429
0.013089969389957472 3.9883281020462102 0.75879137919909745
0.017453292519943295 3.9915245729646935 0.69254552191459973
0.021816615649929118 3.9943148591608613 0.58721752081556555
0.026179938779914945 3.996638689993687 0.47479225519083629
0.030543261909900768 3.9984358926040202 0.34702734072437269
0.034906585039886591 3.9996464729775245 0.20509762989354216
0.039269908169872414 4.0002096239948086 0.052110011886000639
0.043633231299858237 4.0001160405914051 -0.090686767780888577
0.04799655442984406 3.9994649816159686 -0.20134132741179567
0.05235987755982989 3.9984128809165593 -0.27495425703838305
0.056723200689815713 3.9971172135805708 -0.31304804088286525
0.061086523819801536 3.9957348206318106 -0.31415219860260879
0.065449846949787352 3.9944240410107454 -0.28203222572345343
0.069813170079773182 3.9932891192400315 -0.23925931088216623
0.074176493209759012 3.9923162692833936 -0.21012762059902457
0.078539816339744828 3.9914273119088501 -0.20031463484022
0.082903139469730658 3.9905422205743886 -0.20835988415951742
0.087266462599716474 3.9895817222377268 -0.23517981494138454
0.091629785729702304 3.9884653625328892 -0.2788632611835859
0.09599310885968812 3.9871414525262123 -0.32717300444489411
0.10035643198967395 3.985623247838554 -0.36653884356705596
0.10471975511965978 3.9839607028826229 -0.39359398447183119
0.1090830782496456 3.9822052390655656 -0.40913494291676711
0.11344640137963143 3.9804077287848543 -0.41271129011845575
0.11780972450961724 3.9786197956452276 -0.40518920462919128
0.12217304763960307 3.976879134562735 -0.39261456986495835
0.1265363707695889 3.975190892524568 -0.38189264198734452
0.1308996938995747 3.9735411647976511 -0.37483381836468055
0.13526301702956053 3.9719150764615203 -0.37105730303948403
0.13962634015954636 3.9702980698851498 -0.37072478203746095
0.14398966328953219 3.9686752647667487 -0.37357400714114614
0.14835298641951802 3.9670363132427879 -0.37759786227109621
0.15271630954950383 3.965381818921859 -0.38044110737937692
0.15707963267948966 3.9637190214524476 -0.38143953621018484
0.16144295580947549 3.9620555887309674 -0.3807481673048892
0.16580627893946132 3.9603990032759624 -0.37824414760211178
0.17016960206944712 3.9587570755005097 -0.37416588356614683
0.17453292519943295 3.957133094339635 -0.37056589804073609
0.17889624832941878 3.9555189903211128 -0.36991389807058828
0.18325957145940461 3.9538995843429832 -0.37297621953504428
0.18762289458939044 3.952259107743973 -0.37951138432926079
0.19198621771937624 3.9505821916583876 -0.38984944092668355
0.19634954084936207 3.9488524324219711 -0.40334826942896101
0.2007128639793479 3.9470665882792217 -0.41390831417510698
0.20507618710933373 3.9452557267633601 -0.41393112654140674
0.20943951023931956 3.9434731834906835 -0.40101032124333075
0.21380283336930536 3.9417742880124877 -0.37568855318468136
0.21816615649929119 3.9402134516791283 -0.33746196777775217
0.22252947962927702 3.9388468823074612 -0.28719947755081843
0.22689280275926285 3.9377111917052883 -0.23416735096555583
0.23125612588924865 3.9367900700158787 -0.19029108128666197
0.23561944901923448 3.9360315997875817 -0.15947066215427738
0.23998277214922031 3.9353803833349441 -0.14105543713648622
0.24434609527920614 3.9347821625159005 -0.13535737850381466
0.24870941840919197 3.9341813351680601 -0.14191984159245952
0.2530727415391778 3.9335341885985722 -0.15500691599021094
0.25743606466916363 3.9328302143777796 -0.16701472119216426
0.26179938779914941 3.9320820568285462 -0.17534645987336439
0.26616271092913524 3.9313048560057653 -0.18035860285075905
0.27052603405912107 3.9305130682957747 -0.18197618111031555
0.2748893571891069 3.929721624119316 -0.18028673371691936
0.27925268031909273 3.9289423870250531 -0.17679777729317733
0.28361600344907856 3.9281784113967801 -0.17355706781676139
0.28797932657906439 3.9274263844675343 -0.17130053076210944
0.29234264970905022 3.9266822350652517 -0.16993587958214385
0.29670597283903605 3.9259420940299488 -0.16947888265267091
0.30106929596902182 3.9252019575057857 -0.16991246979111049
0.30543261909900765 3.9244586061889337 -0.17084234517252792
0.30979594222899348 3.9237111574492176 -0.17171676558937299
0.31415926535897931 3.9229604776729152 -0.17232788610266028
0.31852258848896514 3.9222076615391326 -0.17269933195661863
0.32288591161895097 3.9214537446545639 -0.1728280997253491
0.3272492347489368 3.9206998005636819 -0.17271710897159459
0.33161255787892263 3.919946702410718 -0.17246938583181881
0.33597588100890846 3.9191947040436435 -0.17223348799752644
0.34033920413889424 3.9184435792861372 -0.17206799570203302
0.34470252726888007 3.9176930338255622 -0.17196691779287962
0.3490658503988659 3.9169427904579752 -0.17193072265522436
0.35342917352885173 3.9161925613781867 -0.17195905370960188
0.35779249665883756 3.915442109887687 -0.17202501940394649
0.36215581978882339 3.914691363286102 -0.17208864734915552
0.36651914291880922 3.9139403805034729 -0.17213345943441391
0.37088246604879505 3.9131892406576778 -0.17216095795084044
0.37524578917878088 3.91243801795363 -0.17217110961637375
0.37960911230876665 3.9116867895378582 -0.17216390066808884
0.38397243543875248 3.9109356195458704 -0.17214634265285128
0.38833575856873831 3.9101845287200607 -0.17212918377250619
0.39269908169872414 3.9094335017386914 -0.17211705045076539
0.39706240482870997 3.9086825173365081 -0.17210957112250549
0.4014257279586958 3.9079315556482452 -0.17210672952409672
0.40578905108868163 3.9071805959975983 -0.17210855734314193
0.41015237421866746 3.9064296210145155 -0.17211322851021382
0.41451569734865329 3.9056786248008555 -0.17211785489889753
0.41887902047863912 3.9049276113306712 -0.17212113995887446
0.42324234360862489 3.9041765863180826 -0.17212317401503197
0.42760566673861072 3.9034255550811019 -0.1721239682798692
0.43196898986859655 3.9026745231599991 -0.17212350710883617
0.43633231299858238 3.9019234952568298 -0.17212226536822234
0.44069563612856821 3.9011724730443467 -0.17212101834651583
0.44505895925855404 3.9004214554961165 -0.17212012864224563
0.44942228238853987 3.8996704410789675 -0.17211957480406859
0.4537856055185257 3.8989194283709883 -0.17211935194968955
0.45814892864851153 3.8981684158898648 -0.17211946609225784
0.46251225177849731 3.8974174023643346 -0.17211979448297457
0.46687557490848314 3.8966663873184859 -0.17212013015277736
0.47123889803846897 3.8959153710101861 -0.17212037237426381
0.4756022211684548 3.8951643538434655 -0.17212052602263581
0.47996554429844063 3.8944133361915942 -0.17212059297936216
0.48432886742842646 3.8936623184435457 -0.1721205711956896
0.48869219055841229 3.8929113009387888 -0.17212049022529724
0.49305551368839812 3.8921602838225584 -0.17212040148437593
0.49741883681838395 3.8914092670544567 -0.17212033093165935
0.50178215994836972 3.8906582505551301 -0.17212027773160224
0.50614548307835561 3.8899072342525565 -0.17212024101102322
0.51050880620834138 3.8891562180729604 -0.1721202212629222
0.51487212933832727 3.8884052019418061 -0.17212021911666037
0.51923545246831304 3.887654185778751 -0.17212023607706123
0.52359877559829882 3.8869031694981149 -0.17212027315782047
0.5279620987282847 3.8861521530123673 -0.17212032974141664
0.53232542185827048 3.8854011362364833 -0.17212040683360713
0.53668874498825636 3.8846501190768739 -0.17212050519453229
0.54105206811824214 3.8838991014862172 -0.17212059485508041
0.54541539124822802 3.8831480836277499 -0.17212061835123332
0.5497787143782138 3.8823970658787612 -0.17212054356714762
0.55414203750819968 3.8816460486690612 -0.17212037314782563
0.55850536063818546 3.8808950324109115 -0.17212010458380214
0.56286868376817123 3.8801440175515496 -0.17211973328575664
0.56723200689815712 3.8793930043666651 -0.17211937402044714
0.57159533002814289 3.878641992310508 -0.172119255038095
0.57595865315812877 3.8778909799723715 -0.17211950805176909
0.58032197628811455 3.877139965720187 -0.17212012485661796
0.58468529941810043 3.8763889479891116 -0.17212111253526399
0.58904862254808621 3.8756379250874189 -0.17212249197962187
0.59341194567807209 3.8748868959195248 -0.17212384990078872
0.59777526880805787 3.8741358624108 -0.17212433162986177
0.60213859193804364 3.87338482978021 -0.172123427566751
0.60650191506802953 3.8726338041267678 -0.17212116119559756
0.6108652381980153 3.87188279130118 -0.17211751382693097
0.61522856132800119 3.8711317976081672 -0.17211239530014846
0.61959188445798696 3.8703808272979399 -0.17210728536724659
0.62395520758797285 3.8696298735646293 -0.17210536935818718
0.62831853071795862 3.8688789171219353 -0.17210860871373226
0.63268185384794451 3.8681279352064086 -0.17211694396510083
0.63704517697793028 3.8673769059648206 -0.17213041643665117
0.64140850010791606 3.8666258059304579 -0.17214940382853119
0.64577182323790194 3.8658746186833146 -0.17216861840695191
0.65013514636788772 3.8651233682206572 -0.17217619957826341
0.6544984694978736 3.8643721257796138 -0.17216460884497548
0.65886179262785938 3.8636209763031943 -0.17213395758407352
0.66322511575784526 3.862870001416784 -0.17208419634576913
0.66758843888783104 3.8621192884415865 -0.17201377642672769
0.67195176201781692 3.8613689006513536 -0.17194155974356329
0.6763150851478027 3.860618753696107 -0.17191167974357446
0.68067840827778847 3.8598685845674772 -0.17195307578275373
0.68504173140777436 3.8591180763390085 -0.1720657647964762
0.68940505453776013 3.8583669241047156 -0.17224954636613898
0.69376837766774602 3.8576148029950676 -0.17251066648691157
0.69813170079773179 3.8568614697386905 -0.17278196475959959
0.70249502392771768 3.856107219797992 -0.17289932796199128
0.70685834705770345 3.8553530237557427 -0.17275178474886077
0.71122167018768934 3.8546000639197753 -0.17233758372436669
0.71558499331767511 3.8538494793261626 -0.17165888185781711
0.71994831644766089 3.853102478436746 -0.17069082049601886
0.72431163957764677 3.8523599946254019 -0.16967208019284863
0.72867496270763255 3.8516209969170623 -0.16921252078665849
0.73303828583761843 3.8508819052718621 -0.16973721707310374
0.73740160896760421 3.8501383096588309 -0.17125927773473221
0.74176493209759009 3.8493859547064653 -0.17376551707736071
0.74612825522757587 3.8486203456958208 -0.17735379635698045
0.75049157835756175 3.8478379083746281 -0.18117755315443437
0.75485490148754752 3.8470422247535248 -0.18297202568253695
0.7592182246175333 3.8462464934143901 -0.18111067222288291
0.76358154774751918 3.8454671614556197 -0.17551903865690333
0.76794487087750496 3.8447201276452136 -0.16626497195408263
0.77230819400749084 3.8440221078425139 -0.15296675193993028
0.77667151713747662 3.8433867648241113 -0.13862076679202104
0.7810348402674625 3.842801713403051 -0.13163158956145946
0.78539816339744828 3.8422183193435511 -0.13821681048900913
0.78976148652743416 3.8415752529155873 -0.15875328453720972
0.79412480965741994 3.8408131104920922 -0.19292048963839759
0.79848813278740571 3.8398697304283358 -0.24219564151922343
0.8028514559173916 3.8386929729368218 -0.2959961511348474
0.80721477904737737 3.8373254260915948 -0.32315455744649962
0.81157810217736326 3.8359462011255281 -0.29992680395074084
0.81594142530734903 3.8347839553166652 -0.22452481666224502
0.82030474843733492 3.8340606519444624 -0.098382051073206842
0.82466807156732069 3.834007446115411 0.084164621135824041
0.82903139469730658 3.834822986657433 0.28586630608429014
0.83339471782729235 3.8363618139630673 0.39111424763109026
0.83775804095727824 3.8379644322797386 0.30957561212683021
0.84212136408726401 3.8387793348054955 0.032748197734136127
0.84648468721724979 3.8379738934008532 -0.43406341535146387
0.85084801034723567 3.8347005712992881 -1.1008457507802338
0.85521133347722145 3.8281551290002729 -1.9134387037662193
0.85957465660720733 3.8180461677840287 -2.6961238149412838
0.86393797973719311 3.8048762353725287 -3.3074543157133709
0.86830130286717899 3.7894544875662448 -3.7322501902056313
0.87266462599716477 3.7725661279394438 -3.9783384218245277
0.87702794912715065 3.7550067798293614 -4.0388953291791019
0.88139127225713643 3.7375535570697354 -3.9389507503028347
0.8857545953871222 3.7207455973489418 -3.7615555566769872
0.89011791851710809 3.7047398918569758 -3.5758413475456265
0.89448124164709386 3.6895406954067922 -3.3899892299975938
0.89884456477707975 3.6751619753395879 -3.2004791313033643
0.90320788790706552 3.6616157554334858 -3.0078686883083563
0.90757121103705141 3.648912027989534 -2.8161804626477061
0.91193453416703718 3.6370144330084258 -2.6420328058586677
0.91629785729702307 3.6258100650652061 -2.4994280022979138
0.92066118042700884 3.6151542450699963 -2.3902132837672116
0.92502450355699462 3.6049040559137069 -2.313631952746757
0.9293878266869805 3.5949160782587759 -2.2699974256216962
0.93375114981696627 3.5850471425045667 -2.2589863347720156
0.93811447294695216 3.5751565454371499 -2.2797112652429932
0.94247779607693793 3.5651079514571471 -2.3313465313221293
0.94684111920692382 3.5547667174065203 -2.413915703299903
0.95120444233690959 3.5439987110295124 -2.5266352782430834
0.95556776546689548 3.532667605612045 -2.6737732254623174
0.95993108859688125 3.5206454609454787 -2.8347838326515995
0.96429441172686703 3.5080324315655194 -2.9249894491651389
0.96865773485685291 3.4953344358771621 -2.8678373094602385
0.97302105798683869 3.483238433284201 -2.6507588182837685
0.97738438111682457 3.4724234370691613 -2.2815698509371085
0.98174770424681035 3.463576197142519 -1.7417195384634379
0.98611102737679623 3.4573602985303684 -1.1082031691334704
0.99047435050678201 3.453553784023724 -0.71637145192461693
0.99483767363676789 3.4503023965987532 -0.87896693795349257
0.99920099676675367 3.444999260056445 -1.6494182250846265
1.0035643198967394 3.4350574161833833 -3.0050366004315627
1.0079276430267252 3.4178800231498871 -4.9762491935235129
1.0122909661567112 3.3908899006793662 -7.4573133849794297
1.016654289286697 3.3527676261483106 -9.9624837726057525
1.0210176124166828 3.3045954012282865 -12.024478889488622
1.0253809355466685 3.2486015719811632 -13.558903937144587
1.0297442586766545 3.186997987307131 -14.593931353954224
1.0341075818066403 3.1220014871186135 -15.109177230503267
1.0384709049366261 3.0558254440731787 -15.156957107667223
1.0428342280666119 2.990048878195628 -14.986925383157089
1.0471975511965976 2.9249960902238605 -14.846979103580169
1.0515608743265836 2.8603713750768494 -14.784841720528036
1.0559241974565694 2.7958811695344634 -14.786534346332131
1.0602875205865552 2.7312316168490041 -14.858978259689041
1.064650843716541 2.6661278925221228 -14.989334424500257
1.0690141668465269 2.6004324768545124 -15.114548269810831
1.0733774899765127 2.5343299869946541 -15.170037320909968
1.0777408131064985 2.468169859248456 -15.142379760707055
1.0821041362364843 2.4023028560903024 -15.035612220749933
1.08646745936647 2.3370789332412873 -14.846652868364529
1.090830782496456 2.2728499480223987 -14.583039641621802
1.0951941056264418 2.2098655489962309 -14.286668742960314
1.0995574287564276 2.1481587678837641 -14.001625759928743
1.1039207518864134 2.0876478171712551 -13.737550800119683
1.1082840750163994 2.0282488188391135 -13.492179062238289
1.1126473981463851 1.9698784380910297 -13.265993477004482
1.1170107212763709 1.9124532497986337 -13.059015737767405
1.1213740444063567 1.8558877400729479 -12.872174374163169
1.1257373675363425 1.8000916978181865 -12.706399261814154
1.1301006906663285 1.7449723765885783 -12.562015108345031
1.1344640137963142 1.6904368422468543 -12.438665433051842
1.1388273369263 1.6363925969912576 -12.337280496094367
1.1431906600562858 1.5827455846651464 -12.255267181228646
1.1475539831862718 1.5294421532865272 -12.175359274980698
1.1519173063162575 1.4765205080063375 -12.078278570888076
1.1562806294462433 1.4240711020783365 -11.959324646502218
1.1606439525762291 1.3721864188252908 -11.819258476090095
1.1650072757062149 1.3209587164435588 -11.65849559791593
1.1693705988362009 1.2704791596284679 -11.475519506098154
1.1737339219661866 1.2208645231783575 -11.259124312044335
1.1780972450961724 1.1722920281229909 -10.996482098843193
1.1824605682261582 1.1249744302697449 -10.684118741953796
1.1868238913561442 1.0791264732585113 -10.322960010091148
1.19118721448613 1.0349618892585191 -9.9121056559783973
1.1955505376161157 0.99269651758817878 -9.4534775669501485
1.1999138607461015 0.9525122849120139 -8.962156295160451
1.2042771838760873 0.91450846180908285 -8.4560445061166121
1.2086405070060733 0.87873385212383492 -7.939979494599628
1.2130038301360591 0.84523427093005521 -7.41346271410751
1.2173671532660448 0.81405562215243887 -6.8756448938213222
1.2217304763960306 0.78524632220455659 -6.3286331140267436
1.2260937995260166 0.75881470326133404 -5.7906807566889
1.2304571226560024 0.73466751667313812 -5.2840689363757738
1.2348204457859882 0.7126473951136163 -4.8153463979383408
1.2391837689159739 0.6925921653093291 -4.3834261279864197
1.2435470920459597 0.67434095813582817 -3.9885150942498631
1.2479104151759457 0.65773225062664276 -3.6304253210625212
1.2522737383059315 0.64260882536788122 -3.3071910121254322
1.2566370614359172 0.62882448781668709 -3.0163242805443842
1.261000384565903 0.61624032560932274 -2.7571568447828114
1.265363707695889 0.60471787738386706 -2.52953277432368
1.2697270308258748 0.59411915641301705 -2.3341076520396657
1.2740903539558606 0.58430386697086401 -2.1696762927320932
1.2784536770858463 0.57515873451170318 -2.0234130098244623
1.2828170002158321 0.56664406319669269 -1.8786583474408187
1.2871803233458181 0.55876998991866589 -1.73002436079874
1.2915436464758039 0.55155144803834977 -1.578162014022704
1.2959069696057897 0.54500237691242293 -1.423241013836245
1.3002702927357754 0.53913628807426306 -1.2649091456959207
1.3046336158657614 0.53397439077267139 -1.0994071514183625
1.3089969389957472 0.52955992318323208 -0.92168574463051933
1.313360262125733 0.5259515165586689 -0.72997185437978973
1.3177235852557188 0.52320957196326423 -0.52460671780930879
1.3220869083857045 0.52139374650250325 -0.3052931328957576
1.3264502315156905 0.52056506757586274 -0.072448034230874578
1.3308135546456763 0.5207725344275218 0.16797130887126949
1.3351768777756621 0.52202993873052705 0.40773401505845941
1.3395402009056478 0.52432548609663243 0.6439222563429241
1.3439035240356338 0.52764437427126165 0.87677848955787707
1.3482668471656196 0.53197228776186811 1.1065173317248884
1.3526301702956054 0.53729561527124736 1.3328566998962614
1.3569934934255912 0.54359290471970934 1.5518035529596306
1.3613568165555769 0.5508185946235209 1.7576448081992728
1.3657201396855629 0.55890903298119021 1.9482113086098736
1.3700834628155487 0.56779813507029941 2.1237820254261073
1.3744467859455345 0.5774205487680022 2.2842413133753046
1.3788101090755203 0.5877101018513502 2.4297126213796907
1.3831734322055063 0.5986061416579822 2.5630489100443419
1.387536755335492 0.61006539273241012 2.6884575457070867
1.3919000784654778 0.62205814953804095 2.8075337787464729
1.3962634015954636 0.63455652848687938 2.9202719098636671
1.4006267247254494 0.64753263361652746 3.0263436574449303
1.4049900478554354 0.66095709773904721 3.1260477990611708
1.4093533709854211 0.67481264262910368 3.2258177243037145
1.4137166941154069 0.6891220783911397 3.3354955609144472
1.4180800172453927 0.70394053566265102 3.4590640752080293
1.4224433403753787 0.71932803029731263 3.5963308630393582
1.4268066635053644 0.7353438730515145 3.7469568127213195
1.4311699866353502 0.75204619202306044 3.9111928498174073
1.435533309765336 0.76950364239022773 4.0947991349932726
1.4398966328953218 0.78782149040683458 4.3068939087472184
1.4442599560253078 0.80713550591635297 4.5513886931287839
1.4486232791552935 0.82758654619504235 4.8279897439361319
1.4529866022852793 0.84931430622656756 5.1366592435316196
1.4573499254152651 0.87245905047574368 5.4774346195406123
1.4617132485452511 0.89715908317575732 5.8492477695059879
1.4660765716752369 0.92354598218084405 6.2503612021388868
1.4704398948052226 0.95174541957930658 6.680107761995262
1.4748032179352084 0.9818822588425753 7.1382770925771961
1.4791665410651942 1.0140807337972759 7.6253888994341619
1.4835298641951802 1.0484681753588045 8.1412712063699946
1.487893187325166 1.0851516249085416 8.6742715579975158
1.4922565104551517 1.1241616841800544 9.2046656655671004
1.4966198335851375 1.1654605499165076 9.7234153020037351
1.5009831567151235 1.2089977745461922 10.23067226685901
1.5053464798451093 1.2547244955840959 10.727263823814225
1.509709802975095 1.3025949780300345 11.212969244100814
1.5140731261050808 1.3525402071188704 11.673988491923664
1.5184364492350666 1.4043985547504898 12.086060213225704
1.5227997723650526 1.4579227561597974 12.437474187678946
1.5271630954950384 1.5128483930621577 12.728659325674503
1.5315264186250241 1.5689142842516548 12.960041966077641
1.5358897417550099 1.6258588039782587 13.131407848396847
1.5402530648849959 1.6834178948963441 13.241210187733154
1.5446163880149817 1.7413163346303182 13.286502033053598
1.5489797111449675 1.7992683726643426 13.26570284821921
1.5533430342749532 1.8569857463153769 13.179115873851341
1.557706357404939 1.9141815694009541 13.02632785674844
1.562069680534925 1.9705652947606573 12.807117878148681
1.5664330036649108 2.0258663335184894 12.533988068842701
1.5707963267948966 2.0799007543688735 12.230454486567783
1.5751596499248823 2.1325706453119389 11.908674644239007
1.5795229730548683 2.1837970550422328 11.568681363743639
1.5838862961848541 2.2334986020856284 11.209551396920101
1.5882496193148399 2.2815908703900987 10.831187631549648
1.5926129424448257 2.3280106450057039 10.447392146637414
1.5969762655748114 2.3727931405033718 10.085305695933478
1.6013395887047974 2.4160744922209747 9.7596263470669662
1.6057029118347832 2.4580146501408988 9.4701828273630433
1.610066234964769 2.4987693538056761 9.2164410181444598
1.6144295580947547 2.5384956847677294 8.9987364796232523
1.6187928812247407 2.5773492292120643 8.8161556487605903
1.6231562043547265 2.6154798963279475 8.6670858638465464
1.6275195274847123 2.6530313667036052 8.5507056493830813
1.6318828506146981 2.6901460737015577 8.4667735692184625
1.6362461737446838 2.7269657098075939 8.4157099249122371
1.6406094968746698 2.7636356052215763 8.3980666650202505
1.6449728200046556 2.8002824714185333 8.4009155094892538
1.6493361431346414 2.8369374397957032 8.3969003169866649
1.6536994662646272 2.8735263841207508 8.3702880969051154
1.6580627893946132 2.9099483425094861 8.3205463026722466
1.6624261125245989 2.9461050254898042 8.2489246912895329
1.6667894356545847 2.981903219868316 8.1562843886789231
1.6711527587845705 3.0172196231464703 8.0207334439701157
1.6755160819145565 3.0517648533836579 7.7941028392654577
1.6798794050445423 3.0850608351693132 7.4470367105002575
1.684242728174528 3.1165774679047846 6.9796215739605216
1.6886060513045138 3.1457951071790489 6.3922864891467279
1.6929693744344996 3.1721819975563279 5.6820909195746614
1.6973326975644856 3.1952543402615663 4.885013595539009
1.7016960206944713 3.2148040824626301 4.0826416484211476
1.7060593438244571 3.2309484515059519 3.325882944061672
1.7104226669544429 3.2438966242447234 2.6163848883958258
1.7147859900844289 3.2538456723189868 1.9515468843469679
1.7191493132144147 3.260992023342403 1.3313581828816701
1.7235126363444004 3.2655504014102399 0.77059931140000826
1.7278759594743862 3.2678559777795773 0.30555201176049401
1.732239282604372 3.2683902851872855 -0.040247101653364745
1.736602605734358 3.2676788497153271 -0.26634789132529785
1.7409659288643438 3.2662391760444716 -0.37335503490833682
1.7453292519943295 3.2645983608577867 -0.35822009353109169
1.7496925751243153 3.2632471962329817 -0.25089837800795267
1.7540558982543013 3.2624354188125815 -0.12531580069690124
1.7584192213842871 3.2621081850490787 -0.030964823074456072
1.7627825445142729 3.2621165310798057 0.029924038276153211
1.7671458676442586 3.2623239436497031 0.059613356482962385
1.7715091907742444 3.2625887303766881 0.056282857396850294
1.7758725139042304 3.2627787244006585 0.0279394255320469
1.7802358370342162 3.2628246578040638 -0.0058288092049129303
1.7845991601642019 3.262739858859161 -0.031346166668010003
1.7889624832941877 3.2625641912637344 -0.047870125706037929
1.7933258064241737 3.2623342561385793 -0.056045219088067082
1.7976891295541595 3.2620879808745866 -0.055367143443108668
1.8020524526841453 3.2618609894146307 -0.047880437534390363
1.806415775814131 3.2616724558516408 -0.038805067581812694
1.8107790989441168 3.2615191892772435 -0.0319037558496734
1.8151424220741028 3.2613905264951533 -0.027420255990381254
1.8195057452040886 3.261276652958613 -0.025170909422792497
1.8238690683340744 3.2611674170285103 -0.025294876015117776
1.8282323914640601 3.2610532195530513 -0.027271080207812892
1.8325957145940461 3.2609287598156045 -0.029709415751941741
1.8369590377240319 3.2607947879121171 -0.031575764602456285
1.8413223608540177 3.2606541546293677 -0.032792144283497575
1.8456856839840035 3.2605094921403928 -0.033410581856327344
1.8500490071139892 3.2603635174841141 -0.033392909804317659
1.8544123302439752 3.2602188164859021 -0.032871637440641102
1.858775653373961 3.2600768527236967 -0.032216711317657715
1.8631389765039468 3.2599374541239476 -0.031712027534575034
1.8675022996339325 3.2597998589640458 -0.031382059097575292
1.8718656227639185 3.259663361204217 -0.031212146014956116
1.8762289458939043 3.2595272336772076 -0.031212696735020945
1.8805922690238901 3.2593907800065245 -0.031350093473756453
1.8849555921538759 3.2592535965642595 -0.031525949650834571
1.8893189152838616 3.2591157214926452 -0.031662411496016604
1.8936822384138476 3.2589773582008013 -0.031751912754197822
1.8980455615438334 3.2588386961047147 -0.031798564043898782
1.9024088846738192 3.2586999298093033 -0.031799542469411732
1.906772207803805 3.2585612468013112 -0.031763355444807566
1.911135530933791 3.2584227582669985 -0.031716150653777413
1.9154988540637767 3.2582844561789677 -0.031679255569089564
1.9198621771937625 3.2581462862532602 -0.031654981558089254
1.9242255003237483 3.2580081976646906 -0.031642181270102765
1.9285888234537341 3.2578701383349769 -0.031641616229010724
1.9329521465837201 3.2577320578001485 -0.031651139336779648
1.9373154697137058 3.2575939254656339 -0.0316638063504854
1.9416787928436916 3.2574557428789839 -0.031673780851971103
1.9460421159736774 3.2573175245174304 -0.03168036366730731
1.9504054391036634 3.2571792840210962 -0.031683873670414961
1.9547687622336491 3.2570410353262047 -0.031684106509643178
1.9591320853636349 3.2569027920121187 -0.03168160249306437
1.9634954084936207 3.25676456248849 -0.031678204530795236
1.9678587316236065 3.2566263465066014 -0.03167550816178448
1.9722220547535925 3.2564881402081447 -0.031673723148077634
1.9765853778835782 3.256349939931809 -0.031672761229191444
1.980948701013564 3.2562117419483436 -0.031672676951507023
1.9853120241435498 3.2560735426046028 -0.031673334776116432
1.9896753472735358 3.2559353395913542 -0.031674245979587991
1.9940386704035216 3.2557971329296227 -0.031674974820842944
1.9984019935335073 3.2556589236469264 -0.031675458807023722
2.0027653166634933 3.2555207127262262 -0.031675722272242718
2.0071286397934789 3.2553825011654238 -0.031675750735601707
2.0114919629234649 3.2552442899470515 -0.031675578081213185
2.0158552860534504 3.2551060797045821 -0.031675333816406706
2.0202186091834364 3.2549678704449159 -0.031675136822916596
2.0245819323134224 3.2548296618946235 -0.031675005606425603
2.028945255443408 3.2546914537897575 -0.031674933483719546
2.033308578573394 3.2545532458632946 -0.031674924277511278
2.0376719017033795 3.254415037851043 -0.03167496954810662
2.0420352248333655 3.254276829579394 -0.031675035004414945
2.0463985479633515 3.2541386210430554 -0.031675088244252268
2.0507618710933371 3.2540004123147299 -0.031675123816219362
2.0551251942233231 3.2538622034653071 -0.031675143549370476
2.0594885173533091 3.2537239945662368 -0.031675146440232983
2.0638518404832946 3.2535857856885415 -0.03167513458237755
2.0682151636132806 3.2534475768797551 -0.031675117048381843
2.0725784867432662 3.2533093681422409 -0.031675102660726581
2.0769418098732522 3.2531711594566852 -0.031675093018114636
2.0813051330032382 3.2530329508040441 -0.031675087621833353
2.0856684561332237 3.2528947421651995 -0.031675086733407611
2.0900317792632097 3.2527565335210631 -0.031675089835954781
2.0943951023931953 3.252618324858632 -0.031675094531051384
2.0987584255231813 3.2524801161770136 -0.031675098418854714
2.1031217486531673 3.252341907481334 -0.031675101032530177
2.1074850717831528 3.25220369877671 -0.031675102507518357
2.1118483949131388 3.2520654900682571 -0.031675102776190407
2.1162117180431244 3.251927281361104 -0.031675101965386865
2.1205750411731104 3.2517890726588052 -0.031675100708620806
2.1249383643030963 3.2516508639616708 -0.031675099658160816
2.1293016874330819 3.2515126552683418 -0.031675098949655554
2.1336650105630679 3.2513744465774432 -0.031675098546647094
2.1380283336930539 3.2512362378876056 -0.031675098466646505
2.1423916568230394 3.2510980291974509 -0.031675098678233801
2.1467549799530254 3.2509598205060097 -0.031675099014443577
2.151118303083011 3.2508216118131785 -0.031675099298260671
2.155481626212997 3.2506834031193179 -0.03167509949023805
2.159844949342983 3.2505451944247969 -0.031675099600294847
2.1642082724729685 3.2504069857299824 -0.031675099623955746
2.1685715956029545 3.2502687770352439 -0.031675099568868624
2.1729349187329401 3.2501305683408463 -0.031675099478848286
2.1772982418629261 3.2499923596468232 -0.031675099402124901
2.1816615649929121 3.2498541509530785 -0.031675099350189209
2.1860248881228976 3.2497159422595128 -0.031675099320171797
2.1903882112528836 3.2495777335660283 -0.031675099313251853
2.1947515343828692 3.2494395248725256 -0.031675099327591716
2.1991148575128552 3.2493013161789328 -0.031675099351653538
2.2034781806428412 3.2491631074852392 -0.031675099372349996
2.2078415037728267 3.2490248987914705 -0.031675099386423981
2.2122048269028127 3.248886690097653 -0.031675099394619564
2.2165681500327987 3.2487484814038132 -0.031675099396606898
2.2209314731627843 3.2486102727099775 -0.031675099392990305
2.2252947962927703 3.2484720640161653 -0.031675099386538695
2.2296581194227558 3.2483338553223806 -0.0316750993808484
2.2340214425527418 3.2481956466286164 -0.031675099377085229
2.2383847656827278 3.248057437934865 -0.031675099374918511
2.2427480888127134 3.2479192292411199 -0.031675099374228882
2.2471114119426994 3.2477810205473743 -0.031675099375184791
2.2514747350726849 3.247642811853622 -0.031675099376936126
2.2558380582026709 3.2475046031598627 -0.031675099378440222
2.2602013813326569 3.2473663944660975 -0.03167509937951745
2.2645647044626425 3.2472281857723289 -0.031675099380126137
2.2689280275926285 3.2470899770785584 -0.031675099380278182
2.2732913507226145 3.2469517683847884 -0.031675099379967639
2.2776546738526 3.2468135596910201 -0.031675099379540779
2.282017996982586 3.2466753509972537 -0.031675099379116063
2.2863813201125716 3.246537142303489 -0.031675099378799136
2.2907446432425576 3.2463989336097252 -0.031675099378659553
2.2951079663725436 3.2462607249159618 -0.031675099378609149
2.2994712895025291 3.2461225162221985 -0.031675099378654703
2.3038346126325151 3.2459843075284347 -0.031675099378828182
2.3081979357625007 3.24584609883467 -0.031675099379004715
2.3125612588924866 3.2457078901409049 -0.031675099379041116
2.3169245820224726 3.2455696814471398 -0.031675099379014637
2.3212879051524582 3.2454314727533746 -0.031675099379093824
2.3256512282824442 3.2452932640596091 -0.031675099379108902
2.3300145514124297 3.2451550553658439 -0.031675099378969375
2.3343778745424157 3.2450168466720792 -0.031675099378901755
2.3387411976724017 3.2448786379783146 -0.031675099378996735
2.3431045208023873 3.2447404292845494 -0.031675099378999462
2.3474678439323733 3.2446022205907847 -0.031675099378893574
2.3518311670623593 3.2444640118970201 -0.031675099378999386
2.3561944901923448 3.2443258032032549 -0.031675099378997033
2.3605578133223308 3.2441875945094902 -0.031675099378900631
2.3649211364523164 3.2440493858157256 -0.03167509937898326
2.3692844595823024 3.2439111771219604 -0.031675099379054515
2.3736477827122884 3.2437729684281953 -0.031675099378982517
2.3780111058422739 3.2436347597344306 -0.031675099378903594
2.3823744289722599 3.2434965510406659 -0.031675099378985938
2.3867377521022455 3.2433583423469008 -0.031675099379040832
2.3911010752322315 3.2432201336531357 -0.031675099379044239
2.3954643983622175 3.2430819249593705 -0.031675099378966044
2.399827721492203 3.2429437162656058 -0.031675099378979742
2.404191044622189 3.2428055075718407 -0.03167509937900314
2.4085543677521746 3.242667298878076 -0.031675099378895864
2.4129176908821606 3.2425290901843113 -0.031675099378996242
2.4172810140121466 3.2423908814905462 -0.031675099378997644
2.4216443371421321 3.2422526727967815 -0.03167509937890136
2.4260076602721181 3.2421144641030168 -0.031675099378979749
2.4303709834021041 3.2419762554092517 -0.031675099379058116
2.4347343065320897 3.2418380467154866 -0.031675099378981296
2.4390976296620757 3.2416998380217219 -0.031675099378904864
2.4434609527920612 3.2415616293279572 -0.031675099378982094
2.4478242759220472 3.2414234206341921 -0.031675099379054925
2.4521875990520332 3.241285211940427 -0.031675099378982018
2.4565509221820188 3.2411470032466623 -0.031675099378905183
2.4609142453120048 3.2410087945528976 -0.031675099378980082
2.4652775684419903 3.2408705858591325 -0.031675099379062634
2.4696408915719763 3.2407323771653673 -0.031675099378962866
2.4740042147019623 3.2405941684716026 -0.031675099378964386
2.4783675378319479 3.2404559597778375 -0.031675099379067762
2.4827308609619338 3.2403177510840724 -0.031675099378958058
2.4870941840919194 3.2401795423903077 -0.031675099378988179
2.4914575072219054 3.2400413336965426 -0.031675099378977403
2.4958208303518914 3.2399031250027779 -0.031675099378980692
2.5001841534818769 3.2397649163090128 -0.031675099378987992
2.5045474766118629 3.2396267076152481 -0.031675099378955483
2.5089107997418489 3.2394884989214829 -0.031675099379068553
2.5132741228718345 3.2393502902277178 -0.03167509937896381
2.5176374460018205 3.2392120815339531 -0.031675099378964372
2.522000769131806 3.239073872840188 -0.031675099379066859
2.526364092261792 3.2389356641464229 -0.031675099378961707
2.530727415391778 3.2387974554526582 -0.031675099378964802
2.5350907385217636 3.2386592467588931 -0.031675099379067241
2.5394540616517496 3.2385210380651279 -0.031675099378959709
2.5438173847817351 3.2383828293713632 -0.031675099378982087
2.5481807079117211 3.2382446206775981 -0.031675099379000107
2.5525440310417071 3.2381064119838334 -0.031675099378895996
2.5569073541716927 3.2379682032900687 -0.031675099378998754
2.5612706773016787 3.2378299945963036 -0.031675099378997172
2.5656340004316642 3.2376917859025389 -0.031675099378900701
2.5699973235616502 3.2375535772087742 -0.031675099378982836
2.5743606466916362 3.2374153685150091 -0.031675099379046438
2.5787239698216218 3.237277159821244 -0.031675099379024921
2.5830872929516078 3.2371389511274788 -0.031675099379047368
2.5874506160815938 3.2370007424337137 -0.031675099378969424
2.5918139392115793 3.236862533739949 -0.031675099378963102
2.5961772623415653 3.2367243250461839 -0.031675099379066304
2.6005405854715509 3.2365861163524188 -0.031675099378965156
2.6049039086015369 3.2364479076586541 -0.031675099378961222
2.6092672317315229 3.236309698964889 -0.031675099379068442
2.6136305548615084 3.2361714902711238 -0.031675099378958495
2.6179938779914944 3.2360332815773591 -0.03167509937898573
2.62235720112148 3.235895072883594 -0.031675099378986757
2.626720524251466 3.2357568641898293 -0.031675099378955414
2.631083847381452 3.2356186554960642 -0.031675099379070079
2.6354471705114375 3.2354804468022991 -0.031675099378957752
2.6398104936414235 3.2353422381085344 -0.031675099378987083
2.6441738167714091 3.2352040294147693 -0.03167509937898208
2.6485371399013951 3.2350658207210046 -0.031675099378972754
2.6529004630313811 3.2349276120272394 -0.031675099379005402
2.6572637861613666 3.2347894033334748 -0.031675099378893831
2.6616271092913526 3.2346511946397101 -0.03167509937900214
2.6659904324213386 3.2345129859459449 -0.031675099378976092
2.6703537555513241 3.2343747772521803 -0.031675099378981671
2.6747170786813101 3.2342365685584151 -0.031675099378985397
2.6790804018112957 3.2340983598646504 -0.031675099378964913
2.6834437249412817 3.2339601511708853 -0.031675099379043094
2.6878070480712677 3.2338219424771202 -0.031675099379046515
2.6921703712012532 3.2336837337833551 -0.031675099378964372
2.6965336943312392 3.2335455250895904 -0.031675099378984155
2.7008970174612248 3.2334073163958252 -0.031675099378987173
2.7052603405912108 3.2332691077020606 -0.031675099378955324
2.7096236637211968 3.2331308990082954 -0.031675099379070024
2.7139869868511823 3.2329926903145303 -0.031675099378958078
2.7183503099811683 3.2328544816207656 -0.031675099378985841
2.7227136331111539 3.2327162729270005 -0.031675099378986708
2.7270769562411399 3.2325780642332358 -0.031675099378955497
2.7314402793711259 3.2324398555394707 -0.031675099379069808
2.7358036025011114 3.2323016468457055 -0.031675099378958772
2.7401669256310974 3.2321634381519408 -0.03167509937898328
2.7445302487610834 3.2320252294581757 -0.031675099378986604
2.748893571891069 3.231887020764411 -0.031675099378958481
2.753256895021055 3.2317488120706459 -0.031675099379067657
2.7576202181510405 3.2316106033768808 -0.031675099378964393
2.7619835412810265 3.2314723946831161 -0.031675099378962943
2.7663468644110125 3.231334185989351 -0.031675099379062335
2.7707101875409981 3.2311959772955858 -0.031675099378981247
2.7750735106709841 3.2310577686018211 -0.03167509937890086
2.7794368338009696 3.2309195599080565 -0.031675099378998144
2.7838001569309556 3.2307813512142913 -0.03167509937899473
2.7881634800609416 3.2306431425205266 -0.031675099378901436
2.7925268031909272 3.230504933826762 -0.031675099378982371
2.7968901263209132 3.2303667251329968 -0.031675099379057242
2.8012534494508987 3.2302285164392317 -0.03167509937898217
2.8056167725808847 3.230090307745467 -0.031675099378902269
2.8099800957108707 3.2299520990517023 -0.031675099378981907
2.8143434188408563 3.2298138903579372 -0.031675099379058262
2.8187067419708423 3.2296756816641721 -0.031675099378978548
2.8230700651008283 3.2295374729704074 -0.031675099378906051
2.8274333882308138 3.2293992642766427 -0.031675099378980089
2.8317967113607998 3.2292610555828776 -0.031675099379061759
2.8361600344907854 3.2291228468891124 -0.031675099378966384
2.8405233576207713 3.2289846381953478 -0.031675099378960861
2.8448866807507573 3.2288464295015826 -0.031675099379068643
2.8492500038807429 3.2287082208078175 -0.031675099378958058
2.8536133270107289 3.2285700121140528 -0.031675099378987298
2.8579766501407144 3.2284318034202877 -0.03167509937898088
2.8623399732707004 3.228293594726523 -0.031675099378977327
2.8667032964006864 3.2281553860327579 -0.031675099378988297
2.871066619530672 3.2280171773389932 -0.031675099378957662
2.875429942660658 3.2278789686452281 -0.031675099379069233
2.8797932657906435 3.2277407599514629 -0.031675099378958911
2.8841565889206295 3.2276025512576982 -0.031675099378983287
2.8885199120506155 3.2274643425639331 -0.031675099378986431
2.8928832351806011 3.2273261338701684 -0.031675099378959161
2.8972465583105871 3.2271879251764033 -0.031675099379065069
2.9016098814405731 3.2270497164826382 -0.0316750993789644
2.9059732045705586 3.2269115077888735 -0.031675099378965503
2.9103365277005446 3.2267732990951083 -0.031675099379061759
2.9146998508305302 3.2266350904013432 -0.03167509937898097
2.9190631739605162 3.2264968817075785 -0.031675099378902546
2.9234264970905022 3.2263586730138138 -0.031675099378982018
2.9277898202204877 3.2262204643200487 -0.031675099379057568
2.9321531433504737 3.2260822556262836 -0.031675099378981206
2.9365164664804593 3.2259440469325189 -0.031675099378905766
2.9408797896104453 3.2258058382387542 -0.031675099378978576
2.9452431127404313 3.2256676295449891 -0.03167509937905845
2.9496064358704168 3.225529420851224 -0.031675099378981129
2.9539697590004028 3.2253912121574593 -0.03167509937890519
2.9583330821303884 3.2252530034636946 -0.031675099378980949
2.9626964052603744 3.2251147947699295 -0.031675099379059171
2.9670597283903604 3.2249765860761643 -0.031675099378966197
2.9714230515203459 3.2248383773823996 -0.031675099378964226
2.9757863746503319 3.2247001686886345 -0.031675099379065062
2.9801496977803179 3.2245619599948694 -0.031675099378959348
2.9845130209103035 3.2244237513011047 -0.031675099378985737
2.9888763440402895 3.2242855426073396 -0.031675099378985869
2.993239667170275 3.2241473339135749 -0.03167509937895896
2.997602990300261 3.2240091252198098 -0.031675099379066471
3.001966313430247 3.2238709165260446 -0.031675099378958967
3.0063296365602326 3.2237327078322799 -0.031675099378985834
3.0106929596902186 3.2235944991385148 -0.031675099378985848
3.0150562828202041 3.2234562904447501 -0.031675099378958932
3.0194196059501901 3.223318081750985 -0.031675099379066596
3.0237829290801761 3.2231798730572199 -0.031675099378958509
3.0281462522101616 3.2230416643634552 -0.031675099378987541
3.0325095753401476 3.2229034556696901 -0.031675099378979499
3.0368728984701332 3.2227652469759254 -0.031675099378982621
3.0412362216001192 3.2226270382821602 -0.031675099378978167
3.0455995447301052 3.2224888295883956 -0.031675099378983204
3.0499628678600907 3.2223506208946304 -0.031675099378977188
3.0543261909900767 3.2222124122008657 -0.031675099378996228
3.0586895141200627 3.2220742035071011 -0.031675099378611057
3.0630528372500483 3.2219359948133359 -0.031675099380447692
3.0674161603800343 3.2217977861195708 -0.031675099373791656
3.0717794835100198 3.2216595774258061 -0.03167509939827387
3.0761428066400058 3.2215213687320414 -0.031675099306695702
3.0805061297699918 3.2213831600382763 -0.031675099648821814
3.0848694528999774 3.2212449513445112 -0.03167509837221056
3.0892327760299634 3.2211067426507465 -0.031675103136224111
3.0935960991599489 3.2209685339569818 -0.03167508535647582
3.0979594222899349 3.2208303252632167 -0.031675151711760767
3.1023227454199209 3.2206921165694515 -0.031674904070664936
3.1066860685499065 3.2205539078756868 -0.031675828279467667
3.1110493916798925 3.2204156991819217 -0.031672379085352538
3.115412714809878 3.220277490488157 -0.031685251653010345
3.119776037939864 3.2201392817943919 -0.031637210576494233
3.12413936106985 3.2200010731006268 -0.031816502315196525
3.1285026841998356 3.2198628644068621 -0.031147376436607862
3.1328660073298216 3.219724655713097 -0.033644588212260282
3.1372293304598076 3.2195864470193323 -0.024324866988229492
3.1415926535897931 3.2195173426724497 -0.01159389104015781
3.1459559767197791 3.2194482383255671 -0.024324866988236018
3.1503192998497647 3.2193100296318025 -0.03364458821224163
3.1546826229797507 3.2191718209380373 -0.031147376436685976
3.1590459461097367 3.2190336122442722 -0.031816502315198308
3.1634092692397222 3.2188954035505075 -0.031637210576408926
3.1677725923697082 3.2187571948567424 -0.031685251653054143
3.1721359154996938 3.2186189861629777 -0.031672379085262645
3.1764992386296798 3.218480777469213 -0.03167582827947811
3.1808625617596658 3.2183425687754479 -0.031674904070703405
3.1852258848896513 3.2182043600816832 -0.031675151711596433
3.1895892080196373 3.2180661513879185 -0.031675085356493687
3.1939525311496229 3.2179279426941534 -0.031675103136316954
3.1983158542796088 3.2177897340003887 -0.031675098372126662
3.2026791774095948 3.217651525306624 -0.031675099648749566
3.2070425005395804 3.2175133166128589 -0.031675099306763231
3.2114058236695664 3.2173751079190938 -0.03167509939839102
3.2157691467995524 3.2172368992253286 -0.031675099373856513
3.2201324699295379 3.2170986905315635 -0.031675099380376416
3.2244957930595239 3.2169604818377988 -0.03167509937852598
3.2288591161895095 3.2168222731440341 -0.031675099379102505
3.2332224393194955 3.216684064450269 -0.031675099378952173
3.2375857624494815 3.2165458557565043 -0.031675099378967272
3.241949085579467 3.2164076470627392 -0.031675099379066887
3.246312408709453 3.2162694383689741 -0.031675099378958675
3.2506757318394386 3.2161312296752094 -0.031675099378986563
3.2550390549694246 3.2159930209814442 -0.031675099378983246
3.2594023780994106 3.2158548122876796 -0.031675099378958946
3.2637657012293961 3.2157166035939144 -0.031675099379069122
3.2681290243593821 3.2155783949001493 -0.031675099378958078
3.2724923474893677 3.2154401862063846 -0.031675099378986736
3.2768556706193537 3.2153019775126195 -0.031675099378983142
3.2812189937493397 3.2151637688188548 -0.031675099378959196
3.2855823168793252 3.2150255601250897 -0.03167509937906824
3.2899456400093112 3.2148873514313245 -0.03167509937896134
3.2943089631392972 3.2147491427375599 -0.031675099378964899
3.2986722862692828 3.2146109340437947 -0.031675099379067234
3.3030356093992688 3.2144727253500296 -0.03167509937895964
3.3073989325292543 3.2143345166562649 -0.031675099378982392
3.3117622556592403 3.2141963079624998 -0.031675099378998949
3.3161255787892263 3.2140580992687351 -0.031675099378900298
3.3204889019192119 3.2139198905749704 -0.031675099378982698
3.3248522250491979 3.2137816818812053 -0.031675099379057069
3.3292155481791834 3.2136434731874401 -0.031675099378982503
3.3335788713091694 3.2135052644936755 -0.031675099378901103
3.3379421944391554 3.2133670557999108 -0.031675099378986243
3.342305517569141 3.2132288471061456 -0.031675099379042101
3.346668840699127 3.2130906384123805 -0.031675099379038854
3.351032163829113 3.2129524297186154 -0.031675099378986299
3.3553954869590985 3.2128142210248507 -0.031675099378904142
3.3597588100890845 3.212676012331086 -0.031675099378979971
3.3641221332190701 3.2125378036373209 -0.031675099379064132
3.3684854563490561 3.2123995949435558 -0.03167509937895701
3.372848779479042 3.2122613862497911 -0.031675099378986334
3.3772121026090276 3.2121231775560259 -0.031675099378985848
3.3815754257390136 3.2119849688622613 -0.031675099378958446
3.3859387488689991 3.2118467601684961 -0.031675099379068539
3.3903020719989851 3.211708551474731 -0.031675099378960875
3.3946653951289711 3.2115703427809663 -0.031675099378966461
3.3990287182589567 3.2114321340872012 -0.031675099379061454
3.4033920413889427 3.2112939253934361 -0.031675099378981227
3.4077553645189282 3.2111557166996714 -0.031675099378901804
3.4121186876489142 3.2110175080059067 -0.031675099378994369
3.4164820107789002 3.2108792993121416 -0.031675099378999212
3.4208453339088858 3.2107410906183769 -0.031675099378896947
3.4252086570388718 3.2106028819246122 -0.031675099378995833
3.4295719801688578 3.2104646732308471 -0.031675099378998213
3.4339353032988433 3.2103264645370824 -0.031675099378899486
3.4382986264288293 3.2101882558433177 -0.031675099378986667
3.4426619495588149 3.2100500471495526 -0.03167509937904199
3.4470252726888009 3.2099118384557874 -0.031675099379038882
3.4513885958187869 3.2097736297620223 -0.031675099378986313
3.4557519189487724 3.2096354210682576 -0.031675099378904038
3.4601152420787584 3.2094972123744929 -0.031675099378980387
3.464478565208744 3.2093590036807278 -0.031675099379062557
3.46884188833873 3.2092207949869627 -0.031675099378962894
3.473205211468716 3.209082586293198 -0.031675099378964379
3.4775685345987015 3.2089443775994329 -0.031675099379067768
3.4819318577286875 3.2088061689056677 -0.031675099378958051
3.4862951808586731 3.208667960211903 -0.031675099378988179
3.4906585039886591 3.2085297515181379 -0.031675099378977403
3.4950218271186451 3.2083915428243732 -0.031675099378980692
3.4993851502486306 3.2082533341306081 -0.031675099378987992
3.5037484733786166 3.2081151254368434 -0.031675099378955483
3.5081117965086026 3.2079769167430783 -0.031675099379068553
3.5124751196385882 3.2078387080493131 -0.03167509937896381
3.5168384427685742 3.2077004993555485 -0.031675099378964372
3.5212017658985597 3.2075622906617833 -0.031675099379066859
3.5255650890285457 3.2074240819680182 -0.031675099378961707
3.5299284121585317 3.2072858732742535 -0.031675099378964802
3.5342917352885173 3.2071476645804884 -0.031675099379067241
3.5386550584185033 3.2070094558867233 -0.031675099378959709
3.5430183815484888 3.2068712471929586 -0.031675099378982094
3.5473817046784748 3.2067330384991934 -0.0316750993790001
3.5517450278084608 3.2065948298054288 -0.03167509937889601
3.5561083509384463 3.2064566211116641 -0.03167509937899872
3.5604716740684323 3.2063184124178989 -0.03167509937899729
3.5648349971984179 3.2061802037241343 -0.031675099378900284
3.5691983203284039 3.2060419950303696 -0.031675099378984384
3.5735616434583899 3.2059037863366044 -0.031675099379040651
3.5779249665883754 3.2057655776428393 -0.031675099379046508
3.5822882897183614 3.2056273689490742 -0.031675099378966794
3.5866516128483474 3.2054891602553095 -0.031675099378964795
3.591014935978333 3.2053509515615444 -0.031675099379062203
3.595378259108319 3.2052127428677792 -0.031675099378979887
3.5997415822383045 3.2050745341740146 -0.031675099378906432
3.6041049053682905 3.2049363254802499 -0.031675099378977244
3.6084682284982765 3.2047981167864847 -0.031675099379063085
3.6128315516282621 3.2046599080927196 -0.031675099378963921
3.6171948747582481 3.2045216993989549 -0.031675099378969382
3.6215581978882336 3.2043834907051898 -0.031675099379046702
3.6259215210182196 3.2042452820114247 -0.031675099379037286
3.6302848441482056 3.2041070733176595 -0.031675099378987978
3.6346481672781912 3.2039688646238949 -0.031675099378898994
3.6390114904081772 3.2038306559301302 -0.031675099378998865
3.6433748135381627 3.203692447236365 -0.031675099378993689
3.6477381366681487 3.2035542385426004 -0.031675099378914572
3.6521014597981347 3.2034160298488357 -0.031675099378921212
3.6564647829281203 3.203277821155071 -0.031675099378983405
3.6608281060581063 3.2031396124613059 -0.031675099379033331
3.6651914291880923 3.2030014037675407 -0.031675099379067088
3.6695547523180778 3.2028631950737751 -0.031675099379197165
3.6739180754480638 3.2027249863800091 -0.031675099379253731
3.6782813985780494 3.2025867776862431 -0.031675099379202737
3.6826447217080354 3.2024485689924775 -0.031675099379044856
3.6870080448380214 3.2023103602987129 -0.031675099378801697
3.6913713679680069 3.2021721516049495 -0.0316750993784152
3.6957346910979929 3.2020339429111879 -0.031675099378067
3.7000980142279785 3.2018957342174272 -0.031675099378014278
3.7044613373579645 3.2017575255236661 -0.031675099378268061
3.7088246604879505 3.2016193168299032 -0.031675099378822624
3.713187983617936 3.2014811081361372 -0.031675099379718942
3.717551306747922 3.2013428994423663 -0.031675099381075086
3.7219146298779076 3.2012046907485892 -0.031675099382387543
3.7262779530078936 3.201066482054808 -0.031675099382804224
3.7306412761378795 3.2009282733610278 -0.03167509938195269
3.7350045992678651 3.2007900646672542 -0.0316750993797612
3.7393679223978511 3.2006518559734931 -0.031675099376249335
3.7437312455278371 3.2005136472797502 -0.031675099371410616
3.7480945686578226 3.2003754385860295 -0.031675099366501702
3.7524578917878086 3.2002372298923247 -0.031675099364717414
3.7568212149177942 3.2000990211986169 -0.031675099367908834
3.7611845380477802 3.1999608125048846 -0.031675099375858093
3.7655478611777662 3.1998226038111071 -0.031675099388797298
3.7699111843077517 3.1996843951172615 -0.03167509940696088
3.7742745074377377 3.199546186423333 -0.031675099425180618
3.7786378305677233 3.1994079777293449 -0.031675099432150085
3.7830011536977093 3.1992697690353658 -0.031675099420860463
3.7873644768276953 3.1991315603414758 -0.031675099391561157
3.7917277999576808 3.1989933516477529 -0.031675099343880422
3.7960911230876668 3.1988551429542809 -0.031675099276584073
3.8004544462176524 3.1987169342611184 -0.031675099208119624
3.8048177693476384 3.1985787255681828 -0.031675099180431217
3.8091810924776244 3.1984405168752224 -0.031675099220712974
3.8135444156076099 3.1983023081819355 -0.03167509932880265
3.8179077387375959 3.1981640994880318 -0.031675099504689976
3.8222710618675819 3.1980258907932018 -0.031675099754074378
3.8266343849975675 3.1978876820972171 -0.031675100011450748
3.8309977081275535 3.1977494734003686 -0.031675100120300476
3.835361031257539 3.1976112647035855 -0.031675099976514368
3.839724354387525 3.1974730560079929 -0.031675099579326654
3.844087677517511 3.1973348473146741 -0.031675098929949248
3.8484510006474966 3.1971966386247819 -0.031675098005398687
3.8528143237774826 3.1970584299391924 -0.031675097038653108
3.8571776469074681 3.1969202212568906 -0.03167509661143008
3.8615409700374541 3.1967820125744484 -0.031675097123171042
3.8659042931674401 3.196643803887667 -0.031675098583317025
3.8702676162974257 3.1965055951924977 -0.03167510098154739
3.8746309394274117 3.1963673864846558 -0.03167510440860398
3.8789942625573972 3.1962291777607819 -0.031675108037972494
3.8833575856873832 3.1960909690244113 -0.031675109708355138
3.8877209088173692 3.1959527602881845 -0.031675107890596015
3.8920842319473548 3.1958145515677621 -0.031675102526131912
3.8964475550773408 3.1956763428782682 -0.031675093670613608
3.9008108782073267 3.1955381342356421 -0.031675080968251952
3.9051742013373123 3.1953999256527363 -0.031675067348666701
3.9095375244672983 3.1952617171172948 -0.031675060834746922
3.9139008475972838 3.1951235085827276 -0.03167506727479244
3.9182641707272698 3.1949852999906336 -0.031675086979892762
3.9226274938572558 3.1948470912845046 -0.031675119676693189
3.9269908169872414 3.1947088824050667 -0.031675166747531895
3.9313541401172274 3.1945706733032315 -0.031675217834873856
3.9357174632472129 3.1944324640212614 -0.031675243175441938
3.9400807863771989 3.1942942547307864 -0.031675220424980013
3.9444441095071849 3.1941560456495615 -0.031675148064018534
3.9488074326371705 3.19401783698873 -0.031675027347389702
3.9531707557671565 3.1938796289687073 -0.031674852945953673
3.957534078897142 3.1937414217766729 -0.031674661397840163
3.961897402027128 3.1936032152677476 -0.031674563037641087
3.966260725157114 3.1934650088100232 -0.031674643152211988
3.9706240482870996 3.1933268015917049 -0.031674908796828438
3.9749873714170856 3.1931885928238284 -0.031675354447355204
3.9793506945470716 3.1930503816867812 -0.031676000520144215
3.9837140176770571 3.1929121674678926 -0.031676718418310434
3.9880773408070431 3.1927739506604644 -0.031677099419687778
3.9924406639370287 3.1926357335897233 -0.031676818305378641
3.9968039870670147 3.1924975192815519 -0.031675843398838104
4.0011673101970002 3.1923593106841346 -0.031674198310989096
4.0055306333269867 3.192221110845161 -0.031671805281286027
4.0098939564569722 3.1920829224742118 -0.031669115792898557
4.0142572795869578 3.1919447439049753 -0.031667642782176521
4.0186206027169442 3.1918065665864619 -0.031668625218298524
4.0229839258469298 3.1916683792419405 -0.031672201926027758
4.0273472489769153 3.1915301708543238 -0.031678274200909483
4.0317105721069009 3.1913919300907203 -0.031687136649014243
4.0360738952368873 3.191253646663097 -0.031697208289804289
4.0404372183668729 3.1911153261469427 -0.0317028930933244
4.0448005414968584 3.1909769999687105 -0.031699475391964646
4.0491638646268449 3.1908387101465445 -0.031686357762073278
4.0535271877568304 3.1907004978514446 -0.031663945708965302
4.057890510886816 3.1905624052268537 -0.031631128485866689
4.0622538340168024 3.1904244712859309 -0.031593427196698214
4.066617157146788 3.1902866775861205 -0.031571524036707356
4.0709804802767735 3.1901489087051704 -0.031583351088162098
4.0753438034067591 3.1900110081085091 -0.031631442903149995
4.0797071265367455 3.1898728219360559 -0.031714157095196337
4.0840704496667311 3.1897341934583343 -0.031835662664945141
4.0884337727967166 3.1895949749121542 -0.031976734083136178
4.092797095926703 3.1894552264391356 -0.032060994883680423
4.0971604190566886 3.1893153716677016 -0.03202031652567059
4.1015237421866741 3.1891759936409394 -0.031844069072890856
4.1058870653166606 3.1890376673590803 -0.031538825221935789
4.1102503884466461 3.1889009757500082 -0.031089003330726117
4.1146137115766317 3.1887664778279219 -0.030561348457303815
4.1189770347066181 3.1886339809998372 -0.030237670883429806
4.1233403578366037 3.1885019315659271 -0.030376579588133813
4.1277036809665892 3.1883681582995669 -0.031022236655166475
4.1320670040965748 3.1882305123057937 -0.03214861080170528
4.1364303272265612 3.1880868252078618 -0.033813705642822434
4.1407936503565468 3.1879349844731477 -0.035786537098148642
4.1451569734865323 3.1877755921969779 -0.037028201590136749
4.1495202966165188 3.187614342406023 -0.03655790270842852
4.1538836197465043 3.1874593189989451 -0.034193620620788297
4.1582469428764899 3.1873185528912873 -0.030037504631401115
4.1626102660064763 3.1872001112832069 -0.023874458401892229
4.1669735891364619 3.1871119691323728 -0.016501191781987681
4.1713369122664474 3.1870523060141891 -0.011744191724357715
4.1757002353964339 3.1870002710318079 -0.013319998224526857
4.1800635585264194 3.1869257726213265 -0.021973767919517277
4.184426881656405 3.1867987973793932 -0.037308009694817228
4.1887902047863905 3.1865893266225718 -0.060117422453730862
4.193153527916377 3.1862672846272102 -0.087663549979855093
4.1975168510463625 3.1858379077714365 -0.10586592342628436
4.2018801741763481 3.1853774854217747 -0.1006536253416427
4.2062434973063345 3.1849980060560936 -0.068993457146467665
4.2106068204363201 3.1848116366319617 -0.012421516058913923
4.2149701435663056 3.1849301015206399 0.071991801886606352
4.2193334666962921 3.1854667169615158 0.17485436601836249
4.2236967898262776 3.1864076126122511 0.24445253083701299
4.2280601129562632 3.1874739316272431 0.22739465770890133
4.2324234360862487 3.188248900628214 0.11194522451971174
4.2367867592162352 3.1883136733890987 -0.097811649765285474
4.2411500823462207 3.1872510526560132 -0.40676835429217872
4.2455134054762063 3.1846393148032979 -0.80141780567467014
4.2498767286061927 3.180248134964168 -1.2024119592514477
4.2542400517361783 3.17426003604943 -1.5252007611566312
4.2586033748661638 3.1670801571539449 -1.750419635095074
4.2629666979961502 3.159119189913755 -1.8831996804362665
4.2673300211261358 3.1507854661117691 -1.9201859453950338
4.2716933442561213 3.1424912376988261 -1.8685943443118982
4.2760566673861078 3.1345423858023929 -1.7733560535887025
4.2804199905160933 3.1270073968866683 -1.6838861916015448
4.2847833136460789 3.1198221063877853 -1.6120177845295491
4.2891466367760644 3.1129177609168104 -1.5553627816637303
4.2935099599060509 3.1062266585940699 -1.514072438859293
4.2978732830360364 3.0996814203889635 -1.4889848442217779
4.302236606166022 3.0931997145963219 -1.4866551165450073
4.3065999292960084 3.0866643088461161 -1.5143013238720775
4.310963252425994 3.0799379844736414 -1.5742335688195923
4.3153265755559795 3.0728819917622854 -1.6647876106247668
4.319689898685966 3.0653600573817532 -1.7896603456562976
4.3240532218159515 3.0572275134042295 -1.9397974914955458
4.3284165449459371 3.0484957473494836 -2.0461951593524317
4.3327798680759235 3.0395505814378985 -2.0291850280221344
4.3371431912059091 3.031001358677424 -1.8653203614043843
4.3415065143358946 3.0234729760550252 -1.5636807237464532
4.3458698374658802 3.0175770727557278 -1.1098158590913447
4.3502331605958666 3.0139631788530932 -0.53551076424040955
4.3545964837258522 3.012695327545202 -0.10458185060268751
4.3589598068558377 3.0123827975159116 -0.1327520010498221
4.3633231299858242 3.0107335596650748 -0.71322238418518469
4.3676864531158097 3.0053889658256976 -1.8229629238989451
4.3720497762457953 2.9940229617030596 -3.4842867565804037
4.3764130993757817 2.9742429884061123 -5.6542867092017683
4.3807764225057673 2.9445120653797039 -7.9397511974689143
4.3851397456357528 2.9054944802301392 -9.8547008965722291
4.3895030687657384 2.8592682900260509 -11.250747906553315
4.3938663918957248 2.8080280008183567 -12.155322448737827
4.3982297150257104 2.7539284204407641 -12.554321598838014
4.4025930381556959 2.6991732701531008 -12.470390921744304
4.4069563612856824 2.6454630873892344 -12.139384402183774
4.4113196844156679 2.5931597609569215 -11.861591249266599
4.4156830075456535 2.5417342315491314 -11.732958441060417
4.4200463306756399 2.4905749703763345 -11.738681496501412
4.4244096538056255 2.4390938925719703 -11.882614347132584
4.428772976935611 2.3866856512259913 -12.159895400600325
4.4331363000655974 2.3328755578791323 -12.508151468154665
4.437499623195583 2.277546831871156 -12.845823487651337
4.4418629463255686 2.2208296769399611 -13.14562765692264
4.4462262694555541 2.1628796492374036 -13.411013247500863
4.4505895925855405 2.1038463315729974 -13.642142907250406
4.4549529157155261 2.0438801193038354 -13.838465074304329
4.4593162388455116 1.9831393960782417 -13.99597233722587
4.4636795619754981 1.9218069447743416 -14.108977884435561
4.4680428851054836 1.8600828564725125 -14.175560455741529
4.4724062082354692 1.7981691546730829 -14.195863026121211
4.4767695313654556 1.7362676077475763 -14.170081735386965
4.4811328544954412 1.6745792840668803 -14.097945747967856
4.4854961776254267 1.6133127840961372 -13.975644864780138
4.4898595007554132 1.5526994094557136 -13.797903866550651
4.4942228238853987 1.492987104141196 -13.562583210534184
4.4985861470153843 1.4344262835488661 -13.270374622698759
4.5029494701453698 1.3772655152520812 -12.920222001407058
4.5073127932753563 1.3217585513351378 -12.513363889551508
4.5116761164053418 1.2681164024183642 -12.071724476014065
4.5160394395353274 1.2164171837372393 -11.627127464345678
4.5204027626653138 1.166637285593175 -11.191666900180968
4.5247660857952994 1.1187393943430091 -10.764505948412896
4.5291294089252849 1.0726884320328436 -10.34478289536678
4.5334927320552714 1.0284520534881074 -9.9333653634571419
4.5378560551852569 0.98596983927971282 -9.545068091620033
4.5422193783152425 0.94508956284187251 -9.2021888748030474
4.5465827014452289 0.90558642027852831 -8.9137442283606756
4.5509460245752145 0.8672246538009859 -8.6788021343062347
4.5553093477052 0.82977144995277607 -8.4975811173197808
4.5596726708351856 0.79299137741892611 -8.3699146298602098
4.564035993965172 0.75666374448423457 -8.2879160420324336
4.5683993170951576 0.72061696132672837 -8.2394042436877335
4.5727626402251431 0.68471985463001328 -8.2194419880310239
4.5771259633551296 0.64884734598421179 -8.2279804810289381
4.5814892864851151 0.6128743027027892 -8.2659989144665325
4.5858526096151007 0.57667092707462297 -8.3328740677600166
4.5902159327450871 0.54014247435980223 -8.4092264183689771
4.5945792558750727 0.50331809657164406 -8.4639114966722619
4.5989425790050582 0.46633210730660651 -8.4833977924600639
4.6033059021350438 0.42933670174391719 -8.4683575669273772
4.6076692252650302 0.39248091325683521 -8.4195127124710787
4.6120325483950158 0.35591233884933166 -8.336464870746882
4.6163958715250013 0.31979455187122352 -8.2100886312432344
4.6207591946549877 0.28435106225121232 -8.0250901119648184
4.6251225177849733 0.24985789967719207 -7.77445096880371
4.6294858409149588 0.2166008757977412 -7.4587029529228062
4.6338491640449453 0.18486329960912457 -7.0777325199949717
4.6382124871749308 0.15493096201977918 -6.6314763560503742
4.6425758103049164 0.12707725986767276 -6.1271163593312234
4.6469391334349028 0.10152845013609976 -5.5769207626081494
4.6513024565648884 0.078467796428361922 -4.9866057838505089
4.6556657796948739 0.058070449769168954 -4.3561761872290878
4.6600291028248595 0.040512302051932694 -3.6849651124578657
4.6643924259548459 0.025972235682531219 -2.9730697277993623
4.6687557490848315 0.014608664338159374 -2.2327853567651226
4.673119072214817 0.0064968206434088301 -1.4860978772288671
4.6774823953448035 0.001633638514348676 -0.74379375965064431
4.681845718474789 0 -0.0056119216176043424
4.6862090416047746 0.0015794799924284209 0.72900478935269086
4.690572364734761 0.0063563562958059983 1.4599014301794879
4.6949356878647466 0.014306324996997742 2.1817235532770298
4.6992990109947321 0.025367661144497643 2.8844147271127585
4.7036623341247186 0.039442267375562057 3.56281848678013
4.7080256572547041 0.056424051889624141 4.2171127250249247
4.7123889803846897 0.076208583799703231 4.8473877252714637
4.7167523035146752 0.09869032836215394 5.453487465199589
4.7211156266446617 0.1237677656272942 6.0379471637235715
4.7254789497746472 0.15135679980863556 6.605522308660813
4.7298422729046328 0.18139095361237498 7.1587492852446326
4.7342055960346192 0.21380777303468615 7.6976068584051589
4.7385689191646048 0.24854416197356935 8.2219683194419524
4.7429322422945903 0.28553692829820748 8.7318542394905041
4.7472955654245768 0.32472436061018484 9.2282610947497812
4.7516588885545623 0.3660520016212126 9.7131880446430792
4.7560222116845479 0.40947290596952945 10.187794354243106
4.7603855348145334 0.45494208240696665 10.65195217359598
4.7647488579445199 0.50241374731463262 11.105812393003015
4.7691121810745054 0.55184399513083615 11.549645764262792
4.773475504204491 0.60317971662613379 11.977181671075611
4.7778388273344774 0.65632207048540003 12.375460785027263
4.782202150464463 0.71112272991092063 12.737124258526908
4.7865654735944485 0.76742097167787182 13.06201994330484
4.7909287967244349 0.82505759959533376 13.350642035729335
4.7952921198544205 0.88387479944662162 13.603165985287804
4.7996554429844061 0.94370535352983365 13.812880612967142
4.8040187661143925 1.0043314777268455 13.965222918304272
4.808382089244378 1.0654788894813951 14.051543710721347
4.8127454123743636 1.126858224839242 14.071788082900381
4.8171087355043491 1.1881827127472409 14.026238396707793
4.8214720586343356 1.2491639846238798 13.914504479872544
4.8258353817643211 1.3095185032406707 13.740088073683919
4.8301987048943067 1.3689889109463642 13.510693930329731
4.8345620280242931 1.4273483299405438 13.230957452921659
4.8389253511542787 1.4843780524185068 12.901205953881336
4.8432886742842642 1.5398591192972115 12.520939289427586
4.8476519974142507 1.5935692023828325 12.08934152603643
4.8520153205442362 1.6453031312821453 11.619656946386565
4.8563786436742218 1.6949596079672378 11.142938565694548
4.8607419668042082 1.7425619202718967 10.678806346827104
4.8651052899341938 1.7881692529472926 10.228067254233114
4.8694686130641793 1.831836530734414 9.7896254023646865
4.8738319361941649 1.8736171510348592 9.3630782804903276
4.8781952593241513 1.9135771848469327 8.9587954191039376
4.8825585824541369 1.9518671566654064 8.602480877155104
4.8869219055841224 1.9887422602115616 8.3109800943907928
4.8912852287141089 2.0244894004253551 8.0849755398638905
4.8956485518440944 2.0593911419911035 7.9237107855890505
4.90001187497408 2.0937318721156162 7.8277980086554022
4.9043751981040664 2.127792540535014 7.7944345720878765
4.908738521234052 2.1618322790346585 7.8168544980068342
4.9131018443640375 2.1960819780524914 7.8905060967732696
4.9174651674940231 2.2307638847025282 8.0150020728510185
4.9218284906240095 2.2661005162143435 8.1906863040185041
4.9261918137539951 2.3023171418695716 8.4186484641026542
4.9305551368839806 2.3396259764725857 8.6871025542237561
4.9349184600139671 2.3781394746500317 8.9645372528817102
4.9392817831439526 2.417837345545867 9.2289247283157607
4.9436451062739382 2.4586559379455659 9.4788061717080385
4.9480084294039246 2.5005360812579984 9.7153129133250875
4.9523717525339102 2.5434190481410437 9.9387638462277366
4.9567350756638957 2.587238989771778 10.142160453949241
4.9610983987938821 2.631867740251137 10.305435474297736
4.9654617219238677 2.677091463774901 10.414108119112209
4.9698250450538533 2.7226670667630817 10.467150350434341
4.9741883681838388 2.7683547270754594 10.465288219712356
4.9785516913138252 2.8139130516910216 10.407814777337096
4.9829150144438108 2.8591039625479713 10.298030910302732
4.9872783375737963 2.9037177546093074 10.145227073183383
4.9916416607037828 2.94758531986054 9.9563608721516559
4.9960049838337683 2.9905518277363656 9.7320403355371123
5.0003683069637539 3.0324613392824142 9.4719301226291481
5.0047316300937403 3.0731572764934154 9.1755621167018919
5.0090949532237259 3.112487057352137 8.8474521853480894
5.0134582763537114 3.1503401706466412 8.5016781689265812
5.0178215994836979 3.186668221927822 8.1490469335690996
5.0221849226136834 3.221445561374443 7.7905995687753933
5.026548245743669 3.254644826793573 7.4258255645641489
5.0309115688736545 3.2862381729301693 7.0542164022549549
5.035274892003641 3.3162016637881493 6.6806723459823942
5.0396382151336265 3.3445586183666758 6.3212788078316189
5.0440015382636121 3.371404462841479 5.9888612594683037
5.0483648613935985 3.3968623899024197 5.6847004936692631
5.0527281845235841 3.421052522869577 5.4078283733192922
5.0570915076535696 3.4440990417621089 5.1615154917233577
5.0614548307835561 3.4661122718052879 4.9269109390102361
5.0658181539135416 3.4870186521010629 4.6401911214518137
5.0701814770435272 3.5064534992577672 4.2489094560364959
5.0745448001735127 3.5239365488619274 3.7470471291705523
5.0789081233034992 3.5389971266217786 3.1382520033323442
5.0832714464334847 3.5511559088926465 2.4145982671865198
5.0876347695634703 3.5599595437670315 1.6160512977104962
5.0919980926934567 3.5653567761885916 0.88499367976754162
5.0963614158234423 3.5679559549720206 0.34190134278278922
5.1007247389534278 3.568636096261768 0.0020953474879489148
5.1050880620834143 3.5682589288551525 -0.14197323506069387
5.1094513852133998 3.5676960627993171 -0.080521807239289214
5.1138147083433854 3.5677962933791414 0.14597574127628263
5.1181780314733718 3.5689905466753715 0.38664039508189907
5.1225413546033574 3.5709994866781178 0.5098161623473586
5.1269046777333429 3.5732420571450616 0.49721823315593389
5.1312680008633285 3.5751526278013923 0.35680040205927449
5.1356313239933149 3.5761586217047818 0.080862237999773101
5.1399946471233005 3.5757000184530567 -0.30389126503507108
5.144357970253286 3.5735001278153771 -0.69314293455014153
5.1487212933832724 3.5697811787978062 -0.99303137909032979
5.153084616513258 3.5649848753715641 -1.1893878673157594
5.1574479396432436 3.5595441366611666 -1.2878888611714727
5.16181126277323 3.5538954810150472 -1.2835626158133699
5.1661745859032155 3.5484697675257482 -1.1920360223277822
5.1705379090332011 3.5435258850232612 -1.0779023218972958
5.1749012321631875 3.5390091169620388 -1.0010188750661386
5.1792645552931731 3.5347218738732367 -0.97121435802815004
5.1836278784231586 3.5304707748114259 -0.9846553240469047
5.1879912015531442 3.5260606689771437 -1.0451701783146925
5.1923545246831306 3.5212992862956556 -1.1405149683701572
5.1967178478131162 3.5161363731023867 -1.2162131673564569
5.2010811709431017 3.5107897619383883 -1.2204490465407047
5.2054444940730882 3.5056037927950663 -1.1436594343852056
5.2098078172030737 3.500920357969993 -0.99061554030276489
5.2141711403330593 3.4970827056638618 -0.75254635817915638
5.2185344634630457 3.4944311063793148 -0.46087976711358764
5.2228977865930313 3.492917447300381 -0.26775527107449076
5.2272611097230168 3.4917346342684863 -0.32205680689100413
5.2316244328530024 3.489704881640121 -0.65281494626028191
5.2359877559829888 3.4856528837176803 -1.2481870714180519
5.2403510791129744 3.4784032834555947 -2.1248433007803902
5.2447144022429599 3.4667784492542517 -3.2295449508699403
5.2490777253729464 3.4502879465515961 -4.2876586259889802
5.2534410485029319 3.4298320651901713 -5.0222830468680542
5.2578043716329175 3.4070142939937504 -5.3759810547013229
5.2621676947629039 3.3834416650297321 -5.369482403719493
5.2665310178928895 3.3607167992806271 -4.9779019195139131
5.270894341022875 3.340456419232384 -4.2733879044727443
5.2752576641528615 3.3233001972633756 -3.6543070143047163
5.279620987282847 3.3078404397230678 -3.5344796851352207
5.2839843104128326 3.2915974607883829 -4.004970233546147
5.2883476335428181 3.2720740322924535 -5.0368097101162927
5.2927109566728046 3.246784268748018 -6.6590721710529035
5.2970742798027901 3.2132144178692608 -8.7957914882667776
5.3014376029327757 3.1699326304971462 -10.997056121176573
5.3058009260627621 3.1178540876643677 -12.780917471594861
5.3101642491927477 3.0591670305166208 -14.036090721863165
5.3145275723227332 2.9960936208271658 -14.791049976729179
5.3188908954527196 2.9308426188089665 -15.029075763389546
5.3232542185827052 2.8656427067989365 -14.784088659006882
5.3276175417126908 2.8022197239061875 -14.269157920796257
5.3319808648426772 2.7411710263488556 -13.719703162093049
5.3363441879726627 2.6824597602906204 -13.192915068575569
5.3407075111026483 2.6260256686716579 -12.676752868742239
5.3450708342326338 2.5718148660037752 -12.173899064148818
5.3494341573626203 2.5197710512309794 -11.682944472196075
5.3537974804926058 2.4698553008100461 -11.196556246139624
5.3581608036225914 2.4220680367844878 -10.706475025125796
5.3625241267525778 2.3764325661668764 -10.210284520845869
5.3668874498825634 2.3329736528284259 -9.7091730394931162
5.3712507730125489 2.2917144246071635 -9.20092683594617
5.3756140961425354 2.2526831222360202 -8.6908220704506789
5.3799774192725209 2.2158165377343604 -8.2193279835247264
5.3843407424025065 2.1808309232873477 -7.8337989773726333
5.388704065532492 2.1473096893125478 -7.5473154947355479
5.3930673886624785 2.1148281178758084 -7.3571252769366966
5.397430711792464 2.0829644038196613 -7.2647428811969945
5.4017940349224496 2.0512929508987976 -7.2674662195781892
5.406157358052436 2.0194382947729412 -7.3427274876672755
5.4105206811824216 1.9871498334226123 -7.4631828241179949
5.4148840043124071 1.9542550601527178 -7.6212320808615868
5.4192473274423936 1.9205865583997765 -7.8174256049584612
5.4236106505723791 1.8859770874721313 -8.0535415189884709
5.4279739737023647 1.8502538690218 -8.3256034770424741
5.4323372968323511 1.8133234770833022 -8.5969874728524225
5.4367006199623367 1.7752984276296568 -8.8220119512658908
5.4410639430923222 1.7364243618296873 -8.9869017499540256
5.4454272662223078 1.6969576970437312 -9.0934997674611004
5.4497905893522942 1.6571526896034448 -9.1422862222968675
5.4541539124822798 1.6172621229327258 -9.131995852541456
5.4585172356122653 1.5775649596318011 -9.0502227083650517
5.4628805587422518 1.5384111694186313 -8.8810354772745441
5.4672438818722373 1.5001981012744856 -8.6191688792620074
5.4716072050022229 1.4633278427641199 -8.2657817549481329
5.4759705281322093 1.4282002837107244 -7.8197570676203325
5.4803338512621949 1.3952197019334041 -7.2828982155603148
5.4846971743921804 1.3647463403565869 -6.6763678419924224
5.4890604975221668 1.3370178541892619 -6.0282732436969573
5.4934238206521524 1.3121867912906173 -5.3478231983079629
5.497787143782138 1.2903972038421807 -4.6344319995876058
5.5021504669121235 1.2717937338904652 -3.8866693312440503
5.5065137900421099 1.2565263378359253 -3.1067827227743874
5.5108771131720955 1.2446874122630076 -2.3231337061874258
5.5152404363020811 1.2362020637604634 -1.5746239667702118
5.5196037594320675 1.2308753353767476 -0.87485496944634122
5.523967082562053 1.2284985073300829 -0.22253140386393111
5.5283304056920386 1.2288654137959336 0.38306030010709874
5.532693728822025 1.2317719010656321 0.94090995221354778
5.5370570519520106 1.2369878834947676 1.4378986866317347
5.5414203750819961 1.2442043539116865 1.8554202261519752
5.5457836982119817 1.2530537868828284 2.1865219071708166
5.5501470213419681 1.2631610083618223 2.4321276693322074
5.5545103444719537 1.2741531785177487 2.5918405071946338
5.5588736676019392 1.285654805293339 2.6661058546929297
5.5632369907319257 1.2973087511843941 2.6643351061203031
5.5676003138619112 1.3088149138515537 2.6002714022314648
5.5719636369918968 1.31991722883811 2.4790234942398461
5.5763269601218832 1.3303653364629322 2.3006137690720712
5.5806902832518688 1.3399090090041674 2.063856971092489
5.5850536063818543 1.3482926954079286 1.7699024109315271
5.5894169295118408 1.3553051619274874 1.4421483841119824
5.5937802526418263 1.3608800956232461 1.1159629411771144
5.5981435757718119 1.3650666514399952 0.80550566111490518
5.6025068989017974 1.3679311019094895 0.50992923262710843
5.6068702220317839 1.3695368830577883 0.22828227012247868
5.6112335451617694 1.3699446087963123 -0.03867295349154002
5.615596868291755 1.3692428720759464 -0.27573751683678915
5.6199601914217414 1.3676164666201531 -0.45908962876503889
5.624323514551727 1.3653293763087471 -0.57862545533702803
5.6286868376817125 1.3626585604089854 -0.63521376334637436
5.633050160811699 1.3598777520815633 -0.62878020778413601
5.6374134839416845 1.3572630738856692 -0.55932867998564806
5.6417768070716701 1.3550791023141033 -0.4332136207161229
5.6461401302016565 1.3535502254581762 -0.26058337555548089
5.6505034533316421 1.3528663893537958 -0.045802243856075155
5.6548667764616276 1.3532118264002486 0.21112629725435317
5.6592300995916132 1.3547710900832324 0.51087281122522443
5.6635934227215996 1.3577318848854882 0.85314575012280924
5.6679567458515852 1.3622591717804338 1.2249699230690574
5.6723200689815707 1.3684331794726103 1.6046427396208895
5.6766833921115571 1.3762592878341386 1.9822298692945168
5.6810467152415427 1.3857290571131857 2.3582072845566224
5.6854100383715283 1.3968367156300829 2.7329381837934217
5.6897733615015147 1.4095763424640637 3.1062256216624471
5.6941366846315002 1.4239384227072718 3.4759205270292575
5.6985000077614858 1.4398986322399498 3.8381630221933687
5.7028633308914722 1.4574191852453156 4.1911040439116771
5.7072266540214578 1.4764595822814364 4.5348783905490215
5.7115899771514433 1.4969800552401651 4.8694330087412867
5.7159533002814289 1.5189399280550022 5.1947238754683811
5.7203166234114153 1.5423031254959712 5.5135191721750676
5.7246799465414009 1.5670521501049568 5.8307266333340388
5.7290432696713864 1.5931870907289043 6.1488117273407648
5.7334065928013729 1.620711745800351 6.4676468219947063
5.7377699159313584 1.6496290505263971 6.7872339907998454
5.742133239061344 1.6799427376809608 7.1076474283994768
5.7464965621913304 1.7116530150125158 7.4267130202872869
5.750859885321316 1.7447452493175337 7.74042551392614
5.7552232084513015 1.7791902208140498 8.0467471544233167
5.7595865315812871 1.8149555798193022 8.345653260023191
5.7639498547112735 1.8520092907048973 8.6373442792465909
5.7683131778412591 1.8903201866565809 8.9218563802547557
5.7726765009712446 1.9298515255347832 9.1956084831623794
5.7770398241012311 1.9705412570477978 9.4516548243569165
5.7814031472312166 2.0123016527657587 9.6863039472264614
5.7857664703612022 2.0550390857648879 9.899556948843939
5.7901297934911886 2.0986607885684756 10.091636304108977
5.7944931166211742 2.1430744294902264 10.262541556062756
5.7988564397511597 2.1881839714413718 10.40980403798152
5.8032197628811462 2.2338753963454128 10.528388410122067
5.8075830860111317 2.2800157956908951 10.615553775345502
5.8119464091411173 2.3264677623190382 10.671217913533491
5.8163097322711028 2.3730942974500437 10.695638340927241
5.8206730554010893 2.419759576390228 10.688955235535339
5.8250363785310748 2.466320795352182 10.646359139861769
5.8293997016610604 2.512599729830999 10.557795743059321
5.8337630247910468 2.558379671713976 10.417478874867943
5.8381263479210324 2.6034340725843936 10.225382452837328
5.8424896710510179 2.6475379944853246 9.9817385529475544
5.8468529941810043 2.6904660020778106 9.686410249605542
5.8512163173109899 2.7319931228364411 9.3396894016835699
5.8555796404409755 2.7718961956368937 8.94210913408976
5.8599429635709619 2.8099541815628286 8.4939496386781599
5.8643062867009474 2.8459464787083939 7.9953166121474819
5.868669609830933 2.8796528398945327 7.4460514343065904
5.8730329329609186 2.9108513988555726 6.8458135794325532
5.877396256090905 2.9393281171897496 6.2003926114273948
5.8817595792208905 2.9649134775300459 5.5229632518744527
5.8861229023508761 2.9874900047942878 4.8214290985585393
5.8904862254808625 3.0069542286935675 4.0964116646445019
5.8948495486108481 3.0232024669462052 3.3470045307688396
5.8992128717408336 3.0361244820743765 2.5715590848522494
5.9035761948708201 3.045642916727501 1.7956758839441038
5.9079395180008056 3.0518817695041833 1.0796501750003344
5.9123028411307912 3.0552077668509745 0.46202994105757422
5.9166661642607767 3.0560586408601398 -0.055964736045768029
5.9210294873907632 3.0548618721494183 -0.47599067553560148
5.9253928105207487 3.0520493254183387 -0.79667480443382044
5.9297561336507343 3.0480442047242908 -1.024792941732928
5.9341194567807207 3.0432178946977197 -1.1761979168779151
5.9384827799107063 3.0378765512190804 -1.2611789915546479
5.9428461030406918 3.032307249980934 -1.280692845366328
5.9472094261706783 3.0267970555401806 -1.233749725392415
5.9515727493006638 3.0216419461861488 -1.1172309890563594
5.9559360724306494 3.0170958270726351 -0.96739968577286173
5.9602993955606358 3.013113025950799 -0.87722386732322966
5.9646627186906214 3.0092610532580295 -0.91049852113216878
5.9690260418206069 3.0049837948045974 -1.0700296725121989
5.9733893649505925 2.9997434316909994 -1.3532173503415827
5.9777526880805789 2.9929853660477725 -1.7666128687745823
5.9821160112105645 2.9842110837518097 -2.2595869686914138
5.98647933434055 2.9733459850427733 -2.698082982490881
5.9908426574705365 2.9608830686276679 -2.9872428337123718
5.995205980600522 2.9475029695824357 -3.1212942718831238
5.9995693037305076 2.9338636149769082 -3.1047879860108227
6.003932626860494 2.9206347513155948 -2.932779900788363
6.0082959499904796 2.9084586191448913 -2.6312808874990758
6.0126592731204651 2.8977580996882759 -2.2709236008538203
6.0170225962504515 2.8886514828111709 -1.9034085030341541
6.0213859193804371 2.8811526416390469 -1.5325143442372966
6.0257492425104227 2.8752864546931995 -1.1556505708184197
6.0301125656404082 2.8710741771119936 -0.7743251489590639
6.0344758887703946 2.8685408370492436 -0.38499388783721472
6.0388392119003802 2.867739318611858 0.021420892335004941
6.0432025350303658 2.8687627935230466 0.45191634871147135
6.0475658581603522 2.8717188352519272 0.90702780855533438
6.0519291812903377 2.876713359793817 1.3863791217176831
6.0562925044203233 2.8838537849469525 1.8908325301166864
6.0606558275503097 2.8932428178664851 2.4151089802428287
6.0650191506802953 2.9049348728331132 2.9430199099681289
6.0693824738102808 2.9189125550059081 3.4620225714756829
6.0737457969402664 2.9351319954492663 3.9709019562658248
6.0781091200702528 2.95355136755472 4.4702628001604943
6.0824724432002384 2.9741290712585426 4.9604611297704002
6.0868357663302239 2.9968203497400614 5.4374534373214276
6.0911990894602104 3.0215409146700418 5.8877074379109064
6.0955624125901959 3.048145736155802 6.3004530930339904
6.0999257357201815 3.0764665102480255 6.6745379562860876
6.1042890588501679 3.1063366135009938 7.0104952183350449
6.1086523819801535 3.1375892884299188 7.3084078336137477
6.113015705110139 3.1700565682062773 7.5664871517429297
6.1173790282401255 3.2035520461538121 7.7782950308893266
6.121742351370111 3.2378600175533605 7.9385505329010622
6.1261056745000966 3.2727530842781221 8.0466319068718146
6.1304689976300821 3.3080047492883047 8.1028868414907187
6.1348323207600686 3.3433878389320024 8.1067006704761084
6.1391956438900541 3.3786770501335139 8.0610052795148874
6.1435589670200397 3.4136766620143408 7.9763131261839053
6.1479222901500261 3.4482397926077573 7.8615608773024963
6.1522856132800117 3.4822396595907961 7.7178880673631109
6.1566489364099972 3.5155484287856087 7.5448961865173576
6.1610122595399837 3.5480382375356285 7.3422969569835272
6.1653755826699692 3.5795824207872573 7.1124458303739306
6.1697389057999548 3.6100799271484743 6.8646433456437874
6.1741022289299412 3.6394734301822305 6.6070056163732742
6.1784655520599268 3.6677242547190065 6.34065438079476
6.1828288751899123 3.6947929366626555 6.0652678133495979
6.1871921983198979 3.7206399261481913 5.7804100817284549
6.1915555214498843 3.7452268242586628 5.4888787039962725
6.1959188445798699 3.768546632945831 5.2023004207904258
6.2002821677098554 3.7906478595504458 4.9311230928511112
6.2046454908398418 3.8116036225673096 4.6770126139957595
6.2090088139698274 3.8314859590454371 4.4390353839447059
6.213372137099813 3.8503678155095917 4.219141672110049
6.2177354602297994 3.8683195612659764 4.0093173456213984
6.2220987833597849 3.8853202011197818 3.7750790979355111
6.2264621064897705 3.9011813116435867 3.4844415112320735
6.2308254296197561 3.9156376889942281 3.131924064875375
6.2351887527497425 3.9284264021041868 2.7202065794001422
6.239552075879728 3.9392830696293326 2.2446158019854514
6.2439153990097136 3.9479468490485914 1.7226009021400011
6.2482787221397 3.954363703461921 1.2336606413285187
6.2526420452696856 3.9588721356468062 0.85443027712802166
6.2570053683996711 3.9619969119659535 0.59682582725288347
6.2613686915296576 3.9642597477274202 0.46251562033492111
6.2657320146596431 3.9661834147603825 0.43153898389337364
6.2700953377896287 3.9682895095200754 0.58198856203837246
6.2744586609196151 3.9709226480753261 0.49896357284171816
6.2788219840496007 3.9738199767150864 1.2246262947107525
6.2831853071795862 3.9801374964600638 0.93819430389658476
