# q  U_kJmol  dU_dq   # conservative spline pchip_hermite_v1
0 0.47583571749981252 33.178399463109017
0.0043633231299858239 0.47654966231201562 -8.463443444388302
0.0087266462599716477 0.48011935918807108 3.6205893906463178
0.013089969389957472 0.48725867138581891 1.3440581541578018
0.017453292519943295 0.4972535181708429 2.783757935350391
0.021816615649929118 0.51010370925566761 3.2280011375470443
0.026179938779914945 0.52580899999117769 3.9375405976742246
0.030543261909900768 0.54436909137127643 4.5809778152852951
0.034906585039886591 0.56578363003857768 5.2230792129389796
0.039269908169872414 0.58955375317034286 5.5933903707088453
0.043633231299858237 0.6140589774242734 5.5950432209649712
0.04799655442984406 0.63812592472018204 5.422201924525619
0.05235987755982989 0.66116480651787735 5.1037314512693701
0.056723200689815713 0.68250985529647379 4.6790150730748579
0.061086523819801536 0.70196028966719337 4.2291163482657188
0.065449846949787352 0.71936849774988454 3.7466553478081916
0.069813170079773182 0.73465231966057964 3.2616463685351333
0.074176493209759012 0.74786877629329274 2.8021072838658139
0.078539816339744828 0.75915340210427795 2.3756279063134951
0.082903139469730658 0.76864627448196088 1.9809365514969814
0.087266462599716474 0.77648634933240135 1.6178825600319742
0.091629785729702304 0.78281283189105677 1.2877406056268985
0.09599310885968812 0.78778205507378285 0.99751020469466134
0.10035643198967395 0.79158702320836694 0.75490814906091419
0.10471975511965978 0.7944423027750146 0.56210620456912719
0.1090830782496456 0.79656400668707594 0.4185888090989533
0.11344640137963143 0.79816784297439158 0.32503131700260413
0.11780972450961724 0.7994700600359429 0.27934102604985678
0.12217304763960307 0.80065700785936833 0.26902828785398464
0.1265363707695889 0.80184859381057394 0.2799051831223579
0.1308996938995747 0.80312459895902144 0.30794164654661449
0.13526301702956053 0.8045616432465641 0.35368361820219868
0.13962634015954636 0.80623709866319593 0.41732104206357234
0.14398966328953219 0.80822825142823085 0.4980063007952118
0.14835298641951802 0.81060080511423105 0.59091730689545485
0.15271630954950383 0.81339460156661447 0.6904451726175016
0.15707963267948966 0.81663306476283837 0.79477822814176557
0.16144295580947549 0.82033783323362897 0.90425636323359049
0.16580627893946132 0.82453111618799924 1.0184964753918975
0.17016960206944712 0.82923418724279696 1.1384401885542172
0.17453292519943295 0.83448489924052127 1.2714598795715417
0.17889624832941878 0.84036172644020735 1.4264526816956833
0.18325957145940461 0.8469689527192642 1.6061323002167112
0.18762289458939044 0.85441306694620534 1.8100082073762993
0.19198621771937624 0.86279993476729311 2.0384163530712582
0.19634954084936207 0.87223614515720971 2.2905722934042259
0.2007128639793479 0.8828148495153042 2.5605361818140175
0.20507618710933373 0.89459618276100528 2.8409123927552895
0.20943951023931956 0.90761826824683423 3.1293887769136042
0.21380283336930536 0.92191690557270267 3.425877823874961
0.21816615649929119 0.9375278717213732 3.7314284795974557
0.22252947962927702 0.95448946043472482 4.0436473163615707
0.22689280275926285 0.97279571596584424 4.3423657877515378
0.23125612588924865 0.9923265475267472 4.6017543259340208
0.23561944901923448 1.0128836441124742 4.8130460152195962
0.23998277214922031 1.034259614743416 4.9771148958297333
0.24434609527920614 1.0562488791732123 5.0942337603378638
0.24870941840919197 1.0786461146743651 5.1638594236320232
0.2530727415391778 1.1012364543548421 5.1815068063524832
0.25743606466916363 1.1237790349599512 5.1412235445315622
0.26179938779914941 1.1460146555929416 5.0408223570883708
0.26616271092913524 1.1676817693140589 4.8807836780076146
0.27052603405912107 1.1885197458007004 4.6603902516102256
0.2748893571891069 1.2082656551254294 4.3810797943401862
0.27925268031909273 1.2266870676285386 4.0572080436610651
0.28361600344907856 1.2436349819837804 3.7082458694421772
0.28797932657906439 1.2590216910936731 3.3414579589328008
0.29234264970905022 1.2727682187784 2.9564604374698522
0.29670597283903605 1.2847941684124202 2.5525504267179522
0.30106929596902182 1.2950176601626864 2.1309269097782924
0.30543261909900765 1.3033811631521082 1.7032181631607288
0.30979594222899348 1.3098959113367594 1.2857324232981437
0.31415926535897931 1.3146254470254988 0.8848522587542279
0.31852258848896514 1.3176414850794882 0.50032276607342785
0.32288591161895097 1.3190145224736087 0.13156266664635016
0.3272492347489368 1.3188136709648888 -0.22063778419972485
0.33161255787892263 1.3171263392614339 -0.54723067790835211
0.33597588100890846 1.3140945660417866 -0.83505704624478949
0.34033920413889424 1.3099031663580143 -1.078829001822897
0.34470252726888007 1.3047437900478407 -1.2787469419678603
0.3490658503988659 1.2988071087492497 -1.4352704729005117
0.35342917352885173 1.2922825231324055 -1.5479071861153542
0.35779249665883756 1.2853733305175337 -1.6094863297425888
0.36215581978882339 1.2783270526964066 -1.6092221801423165
0.36651914291880922 1.2714268194018727 -1.5425396600040493
0.37088246604879505 1.2649617210594735 -1.4099443149087825
0.37524578917878088 1.2592192062652265 -1.2110196082602656
0.37960911230876665 1.2544892139747283 -0.9463427345711708
0.38397243543875248 1.2510409280294703 -0.62657937256543383
0.38833575856873831 1.2490775336688769 -0.26813707435936768
0.39269908169872414 1.2487469145800725 0.12188020444198081
0.39706240482870997 1.25018684724267 0.54332408781052466
0.4014257279586958 1.2535358986911402 0.9974863769486324
0.40578905108868163 1.2589373143597837 1.4831084193384154
0.41015237421866746 1.2664906397573115 1.9771037990147287
0.41451569734865329 1.2761494480917281 2.4426678156647381
0.41887902047863912 1.2877410942792977 2.8629612204603951
0.42324234360862489 1.3010681923401535 3.2383538169017658
0.42760566673861072 1.3159372287880806 3.5698575831698642
0.43196898986859655 1.3321561959621588 3.8567526627586366
0.43633231299858238 1.3495132771546303 4.0883221353605927
0.44069563612856821 1.3677272211485141 4.2467941893794547
0.44505895925855404 1.3864547763949926 4.3236050514234909
0.44942228238853987 1.4053396526140536 4.3191885673321941
0.4537856055185257 1.4240283068341868 4.2332972661135964
0.45814892864851153 1.4421640233073973 4.0661946556594062
0.46251225177849731 1.4594115955084037 3.8296813871570015
0.46687557490848314 1.4755123210622871 3.5436803793221103
0.47123889803846897 1.4902782687283527 3.2179583329052286
0.4756022211684548 1.5035370737259888 2.8528868833943331
0.47996554429844063 1.5151151081651131 2.4470470475628381
0.48432886742842646 1.5248333405625503 2.0011594357870295
0.48869219055841229 1.532555870898261 1.5397003624701118
0.49305551368839812 1.538309838104319 1.1057962954738265
0.49741883681838395 1.5422780272380634 0.72157676807900895
0.50178215994836972 1.5446792157009948 0.3871580851865663
0.50614548307835561 1.5457271685516203 0.1012457737069639
0.51050880620834138 1.5456340094345089 -0.13567336518364476
0.51487212933832727 1.5446305092635684 -0.31255969820272977
0.51923545246831304 1.5430234528278775 -0.40897435088515477
0.52359877559829882 1.5411945138787591 -0.41395930596871694
0.5279620987282847 1.539543448282886 -0.32786330261221092
0.53232542185827048 1.5384662682914823 -0.15039097509624619
0.53668874498825636 1.5383641150585849 0.11857740629309829
0.54105206811824214 1.5396078367775601 0.46096602525264757
0.54541539124822802 1.5424443275489461 0.84290595526738521
0.5497787143782138 1.5469940461616607 1.2457936453844871
0.55414203750819968 1.5533452822882783 1.6688638539170235
0.55850536063818546 1.5615895117011913 2.1138538442722754
0.56286868376817123 1.5718237382927569 2.5805712606916051
0.56723200689815712 1.5841041390970727 3.0437786380847358
0.57159533002814289 1.598308549664222 3.4539291403899077
0.57595865315812877 1.6141269647679195 3.7826792003141372
0.58032197628811455 1.6311992778147797 4.0293529560225378
0.58468529941810043 1.6491721434048072 4.1951989137040835
0.58904862254808621 1.6676909940047779 4.2797072876744924
0.59341194567807209 1.6864004972740769 4.2823025947420872
0.59777526880805787 1.7049396262333829 4.2013553653656253
0.60213859193804364 1.7229412165629545 4.0358238912952675
0.60650191506802953 1.740036351510053 3.7860798664530191
0.6108652381980153 1.7558575343602452 3.4514496856459589
0.61522856132800119 1.7700317266744914 3.0314222129693107
0.61959188445798696 1.7822184459146599 2.547289176704111
0.62395520758797285 1.792232710378129 2.0436930873001313
0.62831853071795862 1.8000644179845207 1.5479250450316997
0.63268185384794451 1.8057544618847399 1.0614782480146394
0.63704517697793028 1.8093385543928517 0.58258846082154969
0.64140850010791606 1.8108494778505109 0.11124284538459377
0.64577182323790194 1.8103435617637313 -0.33656767358861567
0.65013514636788772 1.8079979488103206 -0.72553910097285768
0.6544984694978736 1.8041301369742919 -1.0333121236020255
0.65886179262785938 1.7991003098528575 -1.258778323344852
0.66322511575784526 1.7932636071107777 -1.4028501726053686
0.66758843888783104 1.7869774260184401 -1.4649019371075369
0.67195176201781692 1.7805916925096759 -1.4501087788845468
0.6763150851478027 1.7744181735524034 -1.3697688690723728
0.68067840827778847 1.7687228459738908 -1.2312335150934437
0.68504173140777436 1.7637571690366156 -1.0352638400484673
0.68940505453776013 1.7597731451775502 -0.78107212713493346
0.69376837766774602 1.7570267506459836 -0.46794246909718118
0.69813170079773179 1.755750997550217 -0.11258299997333483
0.70249502392771768 1.7560483310597144 0.24556271435656163
0.70685834705770345 1.7578593022485061 0.57989567622187843
0.71122167018768934 1.7610711242903707 0.88827282255776907
0.71558499331767511 1.7655754523686826 1.1722470652528163
0.71994831644766089 1.7712656613523068 1.4319862892946666
0.72431163957764677 1.7780211613417509 1.6568469440274258
0.72867496270763255 1.7856349788366406 1.8202408906260352
0.73303828583761843 1.7937894297101433 1.9036522263306679
0.73740160896760421 1.8021289846109423 1.9055932216340512
0.74176493209759009 1.810301603636896 1.8269094061997466
0.74612825522757587 1.8179536495004085 1.6670072780701954
0.75049157835756175 1.8247366334861446 1.4298569316071874
0.75485490148754752 1.8303332592095674 1.1251576557487768
0.7592182246175333 1.8344673601580894 0.75986728417164284
0.76358154774751918 1.8368775257631058 0.33487944988120955
0.76794487087750496 1.8373020668435409 -0.15038433288983707
0.77230819400749084 1.83547597207451 -0.69697945173225218
0.77667151713747662 1.8311516826642991 -1.2903905304362699
0.7810348402674625 1.82420350109327 -1.8918385694275479
0.78539816339744828 1.8146723302207119 -2.4726233213672524
0.78976148652743416 1.8026604417147496 -3.0295847073707436
0.79412480965741994 1.7882665427831999 -3.5643199478179248
0.79848813278740571 1.7715872956997982 -4.0774569755633943
0.8028514559173916 1.7527328842147598 -4.5569961494943065
0.80721477904737737 1.7319183777923655 -4.9688973138213264
0.81157810217736326 1.7095072150474067 -5.2871955142376139
0.81594142530734903 1.6859192943015777 -5.5089607751326612
0.82030474843733492 1.6615709445526115 -5.6355132046228071
0.82466807156732069 1.6368795651720309 -5.6662204974295962
0.82903139469730658 1.6122604540302594 -5.6030007174661716
0.83339471782729235 1.5881134161088397 -5.4509109258261743
0.83775804095727824 1.5648157562929188 -5.2139268667111427
0.84212136408726401 1.5427358594298721 -4.8926913951754765
0.84648468721724979 1.5222418516475256 -4.4869681954685872
0.85084801034723567 1.5037047377313233 -3.9952583388102032
0.85521133347722145 1.487481843617287 -3.4312195209728014
0.85957465660720733 1.4738062390394016 -2.8365570431929279
0.86393797973719311 1.4627236338339693 -2.2450434528587122
0.86830130286717899 1.4542031118405048 -1.6613865904310008
0.87266462599716477 1.4482163589373771 -1.0838776711470948
0.87702794912715065 1.4447370574447973 -0.51148231116422516
0.88139127225713643 1.4437274426223063 0.043455402512364787
0.8857545953871222 1.4450325428555066 0.54082150441078713
0.89011791851710809 1.4483146308336183 0.94717687192856448
0.89448124164709386 1.4531586937959375 1.2576008387504285
0.89884456477707975 1.4591522443522598 1.4738139484146542
0.90320788790706552 1.465882459126769 1.5953600032491642
0.90757121103705141 1.4729362552985863 1.6219338624283282
0.91193453416703718 1.4798959364269377 1.5518618142621579
0.91629785729702307 1.4863361886441244 1.3837343979944607
0.92066118042700884 1.4918284306984029 1.1173793235877938
0.92502450355699462 1.4959445949841184 0.75300188119517608
0.9293878266869805 1.4982550053506107 0.28920040319870144
0.93375114981696627 1.4983368383688584 -0.26501809982563512
0.93811447294695216 1.4958571376507679 -0.87778039227698124
0.94247779607693793 1.4906325872371651 -1.5209132209254876
0.94684111920692382 1.4825474456709533 -2.189636848770975
0.95120444233690959 1.4714853169892448 -2.8852326768175329
0.95556776546689548 1.4573286449778715 -3.6086025731010225
0.95993108859688125 1.4399652118796036 -4.3519849418725691
0.96429441172686703 1.4193640171992545 -5.0860129694075402
0.96865773485685291 1.3956337952986226 -5.7840000196150294
0.97302105798683869 1.3689485579075966 -6.4411034276396437
0.97738438111682457 1.339482163355294 -7.0586045473227914
0.98174770424681035 1.3074079740350202 -7.6366670791030415
0.98611102737679623 1.2729012325672695 -8.1724030987423237
0.99047435050678201 1.2361687334025886 -8.6542144133902088
0.99483767363676789 1.197473156457425 -9.0712642623244353
0.99920099676675367 1.1571043084164843 -9.4214228733016334
1.0035643198967394 1.115352278376502 -9.7052009318130565
1.0079276430267252 1.0725069490818027 -9.9226331733937627
1.0122909661567112 1.0288586268054927 -10.072920650938022
1.016654289286697 0.98470685752532805 -10.152580467431843
1.0210176124166828 0.94036823853706242 -10.158266782395609
1.0253809355466685 0.89616785440332347 -10.089286817224183
1.0297442586766545 0.85243085377227701 -9.9458780499895774
1.0341075818066403 0.80948254211606774 -9.7276314608161325
1.0384709049366261 0.76764749661221487 -9.4363385654085068
1.0428342280666119 0.72722992584242629 -9.0797474742152033
1.0471975511965976 0.68849554222735676 -8.66554665530386
1.0515608743265836 0.65169015440679157 -8.1953869683058169
1.0559241974565694 0.61705888913612983 -7.6691301674819963
1.0602875205865552 0.58484737500445461 -7.0858021699015019
1.064650843716541 0.55530000314199679 -6.4499433316336869
1.0690141668465269 0.52860633221204756 -5.7829171525982588
1.0733774899765127 0.50484818570863621 -5.1065025503260522
1.0777408131064985 0.48405011055446562 -4.4256740704439368
1.0821041362364843 0.46623454389996527 -3.7395856550994675
1.08646745936647 0.45142464830792645 -3.0475988058396473
1.090830782496456 0.43964286772098476 -2.3531089043515609
1.0951941056264418 0.43086890735302413 -1.6730519945152702
1.0995574287564276 0.42499593169507838 -1.0251745225781272
1.1039207518864134 0.42186942434356828 -0.41383864607044873
1.1082840750163994 0.42133253561780942 0.16176349991238484
1.1126473981463851 0.42322905825191887 0.70160006199734104
1.1170107212763709 0.42740243686291829 1.2051929329695952
1.1213740444063567 0.43369039998856784 1.6703169607729051
1.1257373675363425 0.44191927513742962 2.0945820039806078
1.1301006906663285 0.4519086374562058 2.4772924280575594
1.1344640137963142 0.46347744341028946 2.8185529566014269
1.1388273369263 0.47644481047484027 3.1183256579831697
1.1431906600562858 0.49062975139672688 3.3766962314127751
1.1475539831862718 0.5058527653036784 3.5943097660109435
1.1519173063162575 0.5219377753580654 3.7718763590929734
1.1562806294462433 0.53871062452903307 3.9095846869912445
1.1606439525762291 0.55599723345506147 4.0073433104689471
1.1650072757062149 0.57362343131240567 4.0653198268487793
1.1693705988362009 0.59141534507232263 4.0830771500436027
1.1737339219661866 0.60919210154560888 4.0575878200382069
1.1780972450961724 0.62675652631775736 3.985377910247542
1.1824605682261582 0.64390177346173505 3.8655130479053845
1.1868238913561442 0.66042046486503969 3.6981891046951025
1.19118721448613 0.67610530903870258 3.483250620829486
1.1955505376161157 0.69074902198740118 3.2211882739801458
1.1999138607461015 0.70415074563809132 2.9146181042106245
1.2042771838760873 0.71612359450964536 2.5666102588561879
1.2086405070060733 0.72648973910998993 2.1781013944854992
1.2130038301360591 0.73507243317938586 1.7492459526066348
1.2173671532660448 0.74169490855118292 1.2792192242278873
1.2217304763960306 0.74617917413079415 0.77030971841164053
1.2260937995260166 0.74838349953529215 0.23827831347009371
1.2304571226560024 0.74825269452788878 -0.29777536243833574
1.2348204457859882 0.74578774589400776 -0.83188560333250539
1.2391837689159739 0.74099535365780644 -1.3644622523539247
1.2435470920459597 0.73388135982786706 -1.8964934373706825
1.2479104151759457 0.72444979923169928 -2.4254492580024052
1.2522737383059315 0.71274767582894794 -2.9321603150342606
1.2566370614359172 0.69892905674579275 -3.3926794956525792
1.261000384565903 0.68321956702152065 -3.7991538423795488
1.265363707695889 0.66585267796033021 -4.1523480066255365
1.2697270308258748 0.64706036648932386 -4.4526891038629
1.2740903539558606 0.62707395049659687 -4.6991846006428704
1.2784536770858463 0.60614208520127477 -4.8839103663780437
1.2828170002158321 0.5845584924393632 -4.9966496627848018
1.2871803233458181 0.56264796175370579 -5.0338474684826746
1.2915436464758039 0.54073902687185438 -4.9960057137291329
1.2959069696057897 0.51915923497052197 -4.8827756894888736
1.3002702927357754 0.49823731380032232 -4.6949169012131744
1.3046336158657614 0.47828643528845599 -4.4396237296504513
1.3089969389957472 0.45957851615651019 -4.1264195326733351
1.313360262125733 0.44235597540751043 -3.75866262536417
1.3177235852557188 0.42685735958237064 -3.3363400356895578
1.3220869083857045 0.41332155329739551 -2.8585754020087082
1.3264502315156905 0.40198975104436407 -2.3270665460106321
1.3308135546456763 0.39306846074772689 -1.7581591161548695
1.3351768777756621 0.38666885145394425 -1.174171607867218
1.3395402009056478 0.38283161178733199 -0.58349334369848049
1.3439035240356338 0.38158718388932383 0.014247730565847163
1.3482668471656196 0.38296758110995577 0.61998804139029107
1.3526301702956054 0.38700694607197395 1.2321540922385816
1.3569934934255912 0.39370662441107013 1.8350178756005704
1.3613568165555769 0.40297476681177208 2.406439242302024
1.3657201396855629 0.41464826973221552 2.937639870729301
1.3700834628155487 0.4285527121845758 3.4291010965144939
1.3744467859455345 0.44451566328684244 3.8812628920492771
1.3788101090755203 0.46236517143929023 4.2935818583270349
1.3831734322055063 0.48191878401529492 4.6609011749455265
1.387536755335492 0.50296280827360362 4.9756924276226204
1.3919000784654778 0.52525890101517358 5.2347985669191957
1.3962634015954636 0.54856451557222907 5.4385377063268789
1.4006267247254494 0.57263813391197516 5.5866115864230901
1.4049900478554354 0.59723670518725658 5.6795484831988912
1.4093533709854211 0.62213225644603898 5.7248464636432779
1.4137166941154069 0.64714235734001291 5.7336645686392886
1.4180800172453927 0.67212180421616685 5.7107765457512691
1.4224433403753787 0.69693219141955287 5.6561975133264433
1.4268066635053644 0.72143433257546341 5.5692304262249657
1.4311699866353502 0.74548699102471994 5.4507018915286549
1.435533309765336 0.76897158098799656 5.3121664520982508
1.4398966328953218 0.79184123602731249 5.171463514045997
1.4442599560253078 0.81410958532970434 5.0365852247938454
1.4486232791552935 0.83580195152283288 4.9073571340023125
1.4529866022852793 0.85694185767203579 4.7832874252434374
1.4573499254152651 0.87755209407789347 4.6647767147183545
1.4617132485452511 0.89766545830704536 4.5570910314306934
1.4660765716752369 0.91734827184936918 4.4686954842532787
1.4704398948052226 0.93669601944117664 4.4035641317132894
1.4748032179352084 0.95581010842456149 4.361458885858954
1.4791665410651942 0.97479067424206434 4.3425556300349264
1.4835298641951802 0.99373945247829465 4.3466146017433909
1.487893187325166 1.0127460347364576 4.3671695577069043
1.4922565104551517 1.0318587911339461 4.3936338410139264
1.4966198335851375 1.0510889550111515 4.4209451495963403
1.5009831567151235 1.0704397824414482 4.4489212168097945
1.5053464798451093 1.0899151981886184 4.4783284041736033
1.509709802975095 1.1095219061309918 4.5086540683252831
1.5140731261050808 1.1292429879305916 4.5268517600410991
1.5184364492350666 1.148976107620415 4.5106496443432507
1.5227997723650526 1.1685395691539937 4.4488887033132327
1.5271630954950384 1.1877338532989601 4.3416585522678819
1.5315264186250241 1.2063622217973835 4.189417485082279
1.5358897417550099 1.2242276211426244 3.9919380190697389
1.5402530648849959 1.2411310590086901 3.7481220080617721
1.5446163880149817 1.2568658069522591 3.4559375229529601
1.5489797111449675 1.2712177576400165 3.1142181128110211
1.5533430342749532 1.2839708888630053 2.7232715879089144
1.557706357404939 1.2949102770543557 2.2824719572342791
1.562069680534925 1.3038169679141511 1.7919994173177032
1.5664330036649108 1.3104996704614513 1.2680077422425191
1.5707963267948966 1.314876586894411 0.74000350081234212
1.5751596499248823 1.3169745390953373 0.22377000198783431
1.5795229730548683 1.3168470205063156 -0.28031315148939612
1.5838862961848541 1.3145442737504422 -0.77344476434301201
1.5882496193148399 1.3101139344184114 -1.2552367823605672
1.5926129424448257 1.303626868463408 -1.7118630603852669
1.5969762655748114 1.2952499317214283 -2.1170464305969161
1.6013395887047974 1.2852483096315126 -2.4561174724327621
1.6057029118347832 1.2739128693841617 -2.7287671092669155
1.610066234964769 1.2615309873425784 -2.9356437125895996
1.6144295580947547 1.2483906304965113 -3.0764569042192575
1.6187928812247407 1.2347805274146506 -3.1507901173822379
1.6231562043547265 1.22099291611991 -3.1576634512613908
1.6275195274847123 1.207323714792697 -3.0964698630060785
1.6318828506146981 1.1940699846267331 -2.9673012568611297
1.6362461737446838 1.1815283277662265 -2.7699267998288994
1.6406094968746698 1.1699971256734405 -2.5042701698716394
1.6449728200046556 1.159763477564387 -2.1774012202826274
1.6493361431346414 1.1510639750920988 -1.8036004033564867
1.6536994662646272 1.1440799901485912 -1.3913688099512227
1.6580627893946132 1.138977129299402 -0.94122737540234813
1.6624261125245989 1.1359223867073946 -0.4524766659027587
1.6667894356545847 1.1350847662402415 0.074942331543019922
1.6711527587845705 1.1366192716881098 0.63185015814311452
1.6755160819145565 1.1406132285259987 1.1987477099380444
1.6798794050445423 1.1470774462112832 1.7636701411735483
1.684242728174528 1.1560002581347038 2.3259139952275119
1.6886060513045138 1.1673721651536355 2.8862947795285079
1.6929693744344996 1.1811853231237208 3.4448820542591054
1.6973326975644856 1.1974196028519279 3.9932733869680161
1.7016960206944713 1.2159912330926996 4.5128053178861958
1.7060593438244571 1.2367420735705879 4.99164468795919
1.7104226669544429 1.2594913182345886 5.4290713753571245
1.7147859900844289 1.2840604396955451 5.8257818795900373
1.7191493132144147 1.3102715928540345 6.1817461247967804
1.7235126363444004 1.3379403153417135 6.492307323805214
1.7278759594743862 1.3668459400106385 6.7466804293591238
1.732239282604372 1.3967241479771784 6.9377571221450571
1.736602605734358 1.4272966164868364 7.0651146516228849
1.7409659288643438 1.4582866113667732 7.1290162151919372
1.7453292519943295 1.4894162609510531 7.1291419194437466
1.7496925751243153 1.5204123426259053 7.0689225107804425
1.7540558982543013 1.5510281932553864 6.9564123016423638
1.7584192213842871 1.5810503073698627 6.7970217797516428
1.7627825445142729 1.6102760376869223 6.591317753447691
1.7671458676442586 1.6385023021255134 6.3387890957363036
1.7715091907742444 1.6655234174405733 6.038826132096129
1.7758725139042304 1.6911483311900364 5.7026496581214943
1.7802358370342162 1.7152762237842576 5.3580851045152027
1.7845991601642019 1.7379225370011524 5.0245849204569097
1.7889624832941877 1.7591426681860451 4.703920731269946
1.7933258064241737 1.7789890221690816 4.3949675091701899
1.7976891295541595 1.7975127224428724 4.0975152552990615
1.8020524526841453 1.8147747569854562 3.8194303306654316
1.806415775814131 1.8309015766404531 3.5812485616278749
1.8107790989441168 1.8461066851273931 3.3978223813051556
1.8151424220741028 1.8606348255337548 3.2705379867298294
1.8195057452040886 1.8747281491020158 3.1986947425545948
1.8238690683340744 1.8886303361127812 3.1829782609567188
1.8282323914640601 1.9025797853537449 3.2187667307104744
1.8325957145940461 1.9167763361132415 3.2937189386201648
1.8369590377240319 1.9313665603991375 3.3986861055307105
1.8413223608540177 1.9464776523260885 3.5326574190126467
1.8456856839840035 1.9622378013875656 3.6961860220374794
1.8500490071139892 1.9787769547680965 3.8899630265614813
1.8544123302439752 1.9962152053011417 4.1051039884265839
1.858775653373961 2.0145951300447735 4.3163842982929728
1.8631389765039468 2.0338490374866929 4.5044758320299847
1.8675022996339325 2.0538670868670463 4.6671209232221704
1.8718656227639185 2.0745418512183882 4.8053582751386337
1.8762289458939043 2.0957661623030899 4.9191282320495535
1.8805922690238901 2.1174291049088629 5.0052323731162911
1.8849555921538759 2.139391227065655 5.0543273780440332
1.8893189152838616 2.1614717836733988 5.0589734546082132
1.8936822384138476 2.1834729722902888 5.0181542628325531
1.8980455615438334 2.2051978403013099 4.9322314884133558
1.9024088846738192 2.2264479419477659 4.8003324164288497
1.906772207803805 2.2470317512130169 4.6293172750766587
1.911135530933791 2.2668196205495414 4.439920032148442
1.9154988540637767 2.2857753050978573 4.2491080475976624
1.9198621771937625 2.3039014391611685 4.0592282148519612
1.9242255003237483 2.3211989185985065 3.8694616772728501
1.9285888234537341 2.3376707502989205 3.6809931391446296
1.9329521465837201 2.353310506522357 3.484867304147079
1.9373154697137058 2.3680316770289087 3.2541732090777882
1.9416787928436916 2.381625041726259 2.9660802522401295
1.9460421159736774 2.3938266545157005 2.6168258934996556
1.9504054391036634 2.404373993735796 2.2076434356665211
1.9547687622336491 2.4129999802505409 1.7352080898650453
1.9591320853636349 2.4194594490066601 1.2235192335201783
1.9634954084936207 2.4237339655519041 0.75085963753724161
1.9678587316236065 2.4261673883900978 0.38508160713773676
1.9722220547535925 2.4272668113974398 0.13781981334607901
1.9765853778835782 2.4275371613676304 0.0054256655221490936
1.980948701013564 2.4274864238008758 -0.0085281092874351528
1.9853120241435498 2.4276079609337322 0.077364967575470581
1.9896753472735358 2.4282137472839169 0.19913903001369773
1.9940386704035216 2.4293151061067628 0.29982547353914957
1.9984019935335073 2.4307846792643208 0.36920169853798723
2.0027653166634933 2.4324957747090115 0.41023437557232506
2.0071286397934789 2.4343214718204789 0.42158023694643393
2.0114919629234649 2.4361367623783177 0.40680339716700648
2.0158552860534504 2.4378522918502923 0.3788192055283362
2.0202186091834364 2.439440563474641 0.34944609075993671
2.0245819323134224 2.4409028945175253 0.32083632507747095
2.028945255443408 2.4422405814611947 0.29235916721315219
2.033308578573394 2.4434540761470993 0.26379028782073355
2.0376719017033795 2.4445475437952684 0.23863014436078273
2.0420352248333655 2.4455580658908715 0.22828592421968547
2.0463985479633515 2.4465770034952228 0.24357986475169086
2.0507618710933371 2.4477249201933176 0.28721389297261768
2.0551251942233231 2.4491241076820676 0.35882440199353766
2.0594885173533091 2.4508973531765395 0.45869274777368602
2.0638518404832946 2.4531629892298583 0.58333500661187943
2.0682151636132806 2.4560098007953637 0.7230272842628418
2.0725784867432662 2.4594806959115414 0.86829100508131907
2.0769418098732522 2.4635906535463823 1.0160191083339798
2.0813051330032382 2.4683510855219044 1.1664632093084681
2.0856684561332237 2.4737738576349981 1.3195834488088745
2.0900317792632097 2.4798729391613343 1.4770460239374759
2.0943951023931953 2.4866765371930963 1.6434614525063467
2.0987584255231813 2.4942344856288439 1.8233801644689653
2.1031217486531673 2.502610683390623 2.0185298167698269
2.1074850717831528 2.5118713223149727 2.2286962413720381
2.1118483949131388 2.5220821653410535 2.4542900572400446
2.1162117180431244 2.5333084249246691 2.6932095839618677
2.1205750411731104 2.5455899971347962 2.9356661743315282
2.1249383643030963 2.5589174893003781 3.1716213907947561
2.1293016874330819 2.5732548889357054 3.3988267530278145
2.1336650105630679 2.5885648125803598 3.6170695707289848
2.1380283336930539 2.6048106110121143 3.8290112976477229
2.1423916568230394 2.6219544714260312 4.0239236135439995
2.1467549799530254 2.6398218079477322 4.1472200895237474
2.151118303083011 2.6579581443488176 4.1414980937025172
2.155481626212997 2.6757545700887815 3.9923349388215472
2.159844949342983 2.6925952554373875 3.70388550982045
2.1642082724729685 2.7078657008996188 3.2701102721385551
2.1685715956029545 2.7209509513376595 2.7116138045296037
2.1729349187329401 2.7315078405051945 2.138572326446015
2.1772982418629261 2.7397659348031955 1.6703266198902786
2.1816615649929121 2.7462820621353488 1.3381277339772542
2.1860248881228976 2.7516322139759648 1.1358150256847772
2.1903882112528836 2.756387981039905 1.0669301792742898
2.1947515343828692 2.7611225830651134 1.1215613951736814
2.1991148575128552 2.7662753807470093 1.2448995229425832
2.2034781806428412 2.771997495026679 1.3758792087442526
2.2078415037728267 2.7782687194160975 1.4975958981981792
2.2122048269028127 2.7850560566361389 1.6121427992664583
2.2165681500327987 2.7923289343895203 1.7209246290208635
2.2209314731627843 2.8000585155270472 1.8190896058610173
2.2252947962927703 2.8081418271398269 1.8748611453621296
2.2296581194227558 2.8163049708753825 1.8517056947788313
2.2340214425527418 2.8241710743001467 1.7392146082233209
2.2383847656827278 2.8313560938333562 1.5398257414197252
2.2427480888127134 2.8374781601237142 1.2507606898033083
2.2471114119426994 2.8421517750573679 0.87969515262119413
2.2514747350726849 2.8451085813595594 0.47674989236297016
2.2558380582026709 2.8463519187382125 0.10111135305825357
2.2602013813326569 2.8460567834163535 -0.22925959283687586
2.2645647044626425 2.8444139603264884 -0.51651503607480842
2.2689280275926285 2.8416114170072349 -0.76108906644455598
2.2732913507226145 2.8378355787559895 -0.9620906983415719
2.2776546738526 2.833293610277658 -1.1094507851124522
2.282017996982586 2.8282497686933481 -1.1908236788492952
2.2863813201125716 2.8230033200663232 -1.2023368883817234
2.2907446432425576 2.8178556075515391 -1.146327547678349
2.2951079663725436 2.8131048470880691 -1.0180416242436003
2.2994712895025291 2.8090610469973236 -0.82820038449264444
2.3038346126325151 2.8058366760717379 -0.66638312596693772
2.3081979357625007 2.8030418759588618 -0.64474427169451121
2.3125612588924866 2.7999516006683463 -0.80091958002216712
2.3169245820224726 2.7958047942644675 -1.1274282531787825
2.3212879051524582 2.7898530328685021 -1.6326311759562946
2.3256512282824442 2.7813235951877888 -2.2985861155852172
2.3300145514124297 2.7697956660354484 -2.9634539738589982
2.3343778745424157 2.7557675627111253 -3.4186316131238628
2.3387411976724017 2.7403737982643492 -3.5910057577562466
2.3431045208023873 2.7248256316045278 -3.4914501045625141
2.3474678439323733 2.7103127194136492 -3.1116691730551076
2.3518311670623593 2.6980539137210617 -2.4687505436665305
2.3561944901923448 2.6889040760680056 -1.7328275579532857
2.3605578133223308 2.682739248552787 -1.1295273700983943
2.3649211364523164 2.6787337115378356 -0.74169052591267992
2.3692844595823024 2.6759681425543707 -0.55918008239066486
2.3736477827122884 2.6735466733491333 -0.58793390115438582
2.3780111058422739 2.6705480806883983 -0.81564434843205258
2.3823744289722599 2.6663352646526683 -1.1076880969339795
2.3867377521022455 2.6610548669349208 -1.2806562489098845
2.3911010752322315 2.6554359330601738 -1.2635153045890435
2.3954643983622175 2.650293768330271 -1.064068928380282
2.399827721492203 2.6464229921328344 -0.67705069553712649
2.404191044622189 2.6446422375896237 -0.11343460020175555
2.4085543677521746 2.6455051750380991 0.49974454562479403
2.4129176908821606 2.6488164964440601 0.98446539715436776
2.4172810140121466 2.6538041252835383 1.2683317471901658
2.4216443371421321 2.6596016386100367 1.3575251447935939
2.4260076602721181 2.6653629217239199 1.2488107010520118
2.4303709834021041 2.6702224477260716 0.94956249935252335
2.4347343065320897 2.6735112452894931 0.55531390650994739
2.4390976296620757 2.6751303992133746 0.20364074993676967
2.4434609527920612 2.6754353331502094 -0.046971540280283643
2.4478242759220472 2.674862439078507 -0.19999040648365365
2.4521875990520332 2.673832654950858 -0.25498719467063058
2.4565509221820188 2.6727764331274777 -0.21429285923164029
2.4609142453120048 2.6720445654712965 -0.11724113525020959
2.4652775684419903 2.6717509054717872 -0.021843477107660807
2.4696408915719763 2.6718140251030653 0.046107162396341737
2.4740042147019623 2.6721148829807051 0.087667328706471315
2.4783675378319479 2.6725410765949871 0.10310730648746483
2.4827308609619338 2.6729771607308455 0.092761955556621395
2.4870941840919194 2.6733280691847576 0.066941118109130018
2.4914575072219054 2.6735614888134074 0.041227967788111025
2.4958208303518914 2.6736984907470611 0.022830116666003659
2.5001841534818769 2.6737710354451205 0.011525216848008477
2.5045474766118629 2.67380922864742 0.0072067878144071468
2.5089107997418489 2.6738440157095975 0.0098251656017257962
2.5132741228718345 2.6739011489267361 0.016692278456439561
2.5176374460018205 2.6739897735279476 0.023621414442481805
2.522000769131806 2.6741044509795198 0.028602258863808728
2.526364092261792 2.674236602504835 0.031676653748395171
2.530727415391778 2.6743781640008608 0.032882337189999097
2.5350907385217636 2.6745208415794557 0.032222389673265225
2.5394540616517496 2.6746576621943596 0.030396906545099054
2.5438173847817351 2.6747860444420577 0.028530041048936416
2.5481807079117211 2.6749073879327665 0.027181699417177668
2.5525440310417071 2.6750239948182659 0.026345788765719018
2.5569073541716927 2.6751380253009098 0.02600971903135995
2.5612706773016787 2.6752517020141169 0.026175270553074774
2.5656340004316642 2.6753669123032759 0.026660309408096348
2.5699973235616502 2.6754843830358785 0.02716317805135918
2.5743606466916362 2.6756037551846648 0.027528148522016974
2.5787239698216218 2.6757244111192309 0.027755381549007828
2.5830872929516078 2.6758457721229267 0.027848914879029296
2.5874506160815938 2.6759672426335221 0.027807609754797954
2.5918139392115793 2.6760883120190928 0.02767879506806634
2.5961772623415653 2.6762087760716708 0.027543369379394056
2.6005405854715509 2.6763287265571267 0.027444587769529728
2.6049039086015369 2.6764483291284882 0.027382829043577823
2.6092672317315229 2.6765677388359257 0.027356833979972017
2.6136305548615084 2.676687115244849 0.027367075122098027
2.6179938779914944 2.6768065964564647 0.027401268268695371
2.62235720112148 2.6769262397211695 0.027437731060384298
2.626720524251466 2.6770460216788368 0.027464464500586466
2.631083847381452 2.6771658979138295 0.027481246519098276
2.6354471705114375 2.6772858268815263 0.027488461655682975
2.6398104936414235 2.6774057658349619 0.027485941115730769
2.6441738167714091 2.6775256774383931 0.027476869349369298
2.6485371399013951 2.6776455456728452 0.027467054163295406
2.6529004630313811 2.6777653764576925 0.027459819908831121
2.6572637861613666 2.6778851816978952 0.027455260457298951
2.6616271092913526 2.6780049725260162 0.027453260296480587
2.6659904324213386 2.6781247603926857 0.027453875229692656
2.6703537555513241 2.6782445553879834 0.027456280797406397
2.6747170786813101 2.678364361985913 0.027458922259122658
2.6790804018112957 2.6784841786943776 0.02746087971836772
2.6834437249412817 2.678604002323564 0.027462118249318414
2.6878070480712677 2.6787238298900489 0.027462672091079828
2.6921703712012532 2.678843658326834 0.027462523654516797
2.6965336943312392 2.6789634849080111 0.027461886111241673
2.7008970174612248 2.6790833083861605 0.027461175414115503
2.7052603405912108 2.6792031291351219 0.027460645809826666
2.7096236637211968 2.6793229480092462 0.027460309429573757
2.7139869868511823 2.679442765808139 0.027460156237098705
2.7183503099811683 2.6795625833532113 0.02746019159842163
2.7227136331111539 2.6796824013806346 0.027460360471621769
2.7270769562411399 2.6798022202376459 0.027460551640311737
2.7314402793711259 2.6799220398312444 0.02746069491508342
2.7358036025011114 2.6800418599326945 0.027460786260390616
2.7401669256310974 2.6801616803276698 0.027460828590452048
2.7445302487610834 2.6802815007961942 0.027460820306637379
2.748893571891069 2.680401321139521 0.027460775600975443
2.753256895021055 2.6805211412611389 0.027460724192095394
2.7576202181510405 2.6806409611839896 0.027460685435207664
2.7619835412810265 2.6807607809692859 0.0274606606339142
2.7663468644110125 2.6808806006744832 0.027460648948477832
2.7707101875409981 2.681000420358485 0.027460650846537631
2.7750735106709841 2.6811202400749319 0.027460662674436684
2.7794368338009696 2.6812400598506083 0.027460676495639352
2.7838001569309556 2.6813598796799138 0.027460686978794953
2.7881634800609416 2.6814796995464736 0.027460693711716343
2.7925268031909272 2.6815995194348843 0.027460696934601719
2.7968901263209132 2.6817193393293728 0.027460696512546869
2.8012534494508987 2.6818391592154671 0.027460693385262681
2.8056167725808847 2.6819589790857452 0.027460689670601519
2.8099800957108707 2.6820787989415562 0.027460686835237048
2.8143434188408563 2.6821986187872779 0.027460685007657117
2.8187067419708423 2.6823184386270409 0.027460684119513669
2.8230700651008283 2.6824382584650679 0.027460684209149787
2.8274333882308138 2.6825580783052625 0.027460685035541062
2.8317967113607998 2.6826778981496795 0.027460686033779973
2.8361600344907854 2.6827977179979987 0.027460686800504862
2.8405233576207713 2.6829175378490495 0.027460687296434486
2.8448866807507573 2.6830373577017248 0.027460687540996551
2.8492500038807429 2.6831571775548939 0.027460687523266657
2.8536133270107289 2.6832769974075044 0.0274606873050455
2.8579766501407144 2.6833968172589882 0.027460687036920353
2.8623399732707004 2.6835166371094199 0.027460686829677162
2.8667032964006864 2.6836364569591122 0.027460686695052368
2.871066619530672 2.6837562768083614 0.027460686627700674
2.875429942660658 2.6838760966574706 0.027460686630829671
2.8797932657906435 2.6839959165067238 0.02746068668841338
2.8841565889206295 2.6841157363562771 0.02746068676028281
2.8885199120506155 2.6842355562061138 0.027460686816420863
2.8928832351806011 2.6843553760561516 0.027460686853126193
2.8972465583105871 2.6844751959063102 0.027460686871533416
2.9016098814405731 2.6845950157565079 0.027460686871110761
2.9059732045705586 2.6847148356066688 0.027460686855929232
2.9103365277005446 2.6848346554567493 0.027460686836470034
2.9146998508305302 2.6849544753067529 0.027460686821400387
2.9190631739605162 2.6850742951567033 0.027460686811675523
2.9234264970905022 2.6851941150066208 0.027460686806401596
2.9277898202204877 2.6853139348565263 0.027460686806391899
2.9321531433504737 2.685433754706442 0.027460686810483269
2.9365164664804593 2.6855535745563786 0.027460686815500835
2.9408797896104453 2.6856733944063356 0.027460686819735184
2.9452431127404313 2.6857932142563081 0.027460686822503817
2.9496064358704168 2.6859130341062891 0.027460686823691339
2.9539697590004028 2.6860328539562728 0.027460686823805935
2.9583330821303884 2.6861526738062547 0.027460686822770711
2.9626964052603744 2.6862724936562303 0.027460686821301011
2.9670597283903604 2.6863923135062007 0.027460686820267963
2.9714230515203459 2.686512133356167 0.027460686819466257
2.9757863746503319 2.6866319532061307 0.027460686819126123
2.9801496977803179 2.6867517730560939 0.027460686819142641
2.9845130209103035 2.6868715929060576 0.027460686819425085
2.9888763440402895 2.686991412756023 0.027460686819805461
2.993239667170275 2.6871112326059898 0.027460686820138847
2.997602990300261 2.6872310524559579 0.02746068682025694
3.001966313430247 2.6873508723059261 0.0274606868203588
3.0063296365602326 2.6874706921558951 0.027460686820452322
3.0106929596902186 2.6875905120058636 0.027460686820281695
3.0150562828202041 2.6877103318558317 0.027460686820260014
3.0194196059501901 2.6878301517057999 0.027460686820212032
3.0237829290801761 2.6879499715557675 0.027460686820111914
3.0281462522101616 2.6880697914057348 0.027460686819958089
3.0325095753401476 2.6881896112557015 0.027460686820062852
3.0368728984701332 2.6883094311056692 0.027460686820102949
3.0412362216001192 2.6884292509556365 0.027460686820143135
3.0455995447301052 2.6885490708056046 0.027460686820239236
3.0499628678600907 2.6886688906555722 0.027460686820128376
3.0543261909900767 2.6887887105055395 0.027460686819865038
3.0586895141200627 2.6889085303555071 0.027460686821020871
3.0630528372500483 2.6890283502054753 0.027460686817279933
3.0674161603800343 2.6891481700554412 0.02746068682986651
3.0717794835100198 2.689267989905415 0.02746068678723048
3.0761428066400058 2.6893878097553587 0.027460686929921346
3.0805061297699918 2.6895076296054148 0.027460686458272175
3.0848694528999774 2.6896274494550525 0.02746068799181179
3.0892327760299634 2.6897472693062516 0.027460683115230273
3.0935960991599489 2.6898670891516216 0.027460698153764205
3.0979594222899349 2.6899869090187472 0.02746065382637632
3.1023227454199209 2.6901067288046812 0.02746077523219409
3.1066860685499065 2.690226548893627 0.02746048644875072
3.1110493916798925 2.6903463678517148 0.027460950991561525
3.115412714809878 2.690466191030223 0.027461505830383214
3.119776037939864 2.6905859984579084 0.027450894211555055
3.12413936106985 2.6907058646684652 0.027522372505254487
3.1285026841998356 2.6908255114983577 0.027136652040545734
3.1328660073298216 2.6909459770680373 0.029020144583454793
3.1372293304598076 2.6910633870592311 0.020333957873867273
3.1415926535897931 2.6911200050559101 0.0092968545882611466
3.1459559767197791 2.6911766230525895 0.02033395787400967
3.1503192998497647 2.6912940330437838 0.029020144583502348
3.1546826229797507 2.6914144986134634 0.027136652040526892
3.1590459461097367 2.6915341454433559 0.027522372505273895
3.1634092692397222 2.6916540116539127 0.027450894211496234
3.1677725923697082 2.6917738190815976 0.02746150583030213
3.1721359154996938 2.6918936422601059 0.027460950991639324
3.1764992386296798 2.6920134612181941 0.027460486448825931
3.1808625617596658 2.6921332813071399 0.027460775232112381
3.1852258848896513 2.6922531010930735 0.027460653826322595
3.1895892080196373 2.692372920960199 0.027460698153763861
3.1939525311496229 2.692492740805569 0.027460683115285364
3.1983158542796088 2.6926125606567686 0.027460687991897114
3.2026791774095948 2.6927323805064063 0.027460686458172713
3.2070425005395804 2.6928522003564619 0.027460686929928532
3.2114058236695664 2.692972020206406 0.027460686787309598
3.2157691467995524 2.6930918400563799 0.027460686829839803
3.2201324699295379 2.6932116599063458 0.027460686817307629
3.2244957930595239 2.6933314797563139 0.027460686820936789
3.2288591161895095 2.6934512996062812 0.027460686819868338
3.2332224393194955 2.6935711194562488 0.02746068682020766
3.2375857624494815 2.6936909393062165 0.027460686820215741
3.241949085579467 2.6938107591561846 0.027460686820157825
3.246312408709453 2.6939305790061518 0.027460686820076061
3.2506757318394386 2.6940503988561195 0.027460686820155702
3.2550390549694246 2.6941702187060872 0.027460686820224265
3.2594023780994106 2.6942900385560553 0.02746068682016729
3.2637657012293961 2.6944098584060225 0.027460686820029705
3.2681290243593821 2.6945296782559898 0.027460686820026343
3.2724923474893677 2.694649498105957 0.027460686820177375
3.2768556706193537 2.6947693179559251 0.027460686820187277
3.2812189937493397 2.6948891378058923 0.027460686819988242
3.2855823168793252 2.6950089576558596 0.027460686820172213
3.2899456400093112 2.6951287775058277 0.027460686820246015
3.2943089631392972 2.6952485973557954 0.027460686820063782
3.2986722862692828 2.6953684172057626 0.027460686820116646
3.3030356093992688 2.6954882370557303 0.027460686820087413
3.3073989325292543 2.6956080569056975 0.027460686820151469
3.3117622556592403 2.6957278767556656 0.02746068682022982
3.3161255787892263 2.6958476966056333 0.027460686820149328
3.3204889019192119 2.695967516455601 0.027460686820095982
3.3248522250491979 2.6960873363055682 0.027460686820084523
3.3292155481791834 2.6962071561555359 0.027460686820183697
3.3335788713091694 2.6963269760055035 0.027460686820103799
3.3379421944391554 2.6964467958554708 0.027460686820010505
3.342305517569141 2.696566615705438 0.027460686820166624
3.346668840699127 2.6966864355554061 0.027460686820246102
3.351032163829113 2.6968062554053738 0.027460686820069028
3.3553954869590985 2.696926075255341 0.027460686820095576
3.3597588100890845 2.6970458951053087 0.027460686820166443
3.3641221332190701 2.6971657149552763 0.027460686820161766
3.3684854563490561 2.697285534805244 0.027460686820109614
3.372848779479042 2.6974053546552113 0.027460686820009177
3.3772121026090276 2.6975251745051785 0.027460686820166134
3.3815754257390136 2.6976449943551466 0.027460686820249394
3.3859387488689991 2.6977648142051143 0.027460686820064743
3.3903020719989851 2.6978846340550815 0.027460686820109416
3.3946653951289711 2.6980044539050492 0.02746068682010698
3.3990287182589567 2.6981242737550164 0.027460686820080446
3.4033920413889427 2.6982440936049841 0.027460686820189022
3.4077553645189282 2.6983639134549517 0.027460686820086566
3.4121186876489142 2.698483733304919 0.02746068682008249
3.4164820107789002 2.6986035531548866 0.027460686820192853
3.4208453339088858 2.6987233730048543 0.027460686820069226
3.4252086570388718 2.6988431928548215 0.027460686820148027
3.4295719801688578 2.6989630127047897 0.02746068682025337
3.4339353032988433 2.6990828325547573 0.02746068682006695
3.4382986264288293 2.6992026524047246 0.027460686820096607
3.4426619495588149 2.6993224722546922 0.027460686820164403
3.4470252726888009 2.6994422921046599 0.027460686820168903
3.4513885958187869 2.6995621119546276 0.027460686820074708
3.4557519189487724 2.6996819318045948 0.02746068682015004
3.4601152420787584 2.6998017516545629 0.027460686820248246
3.464478565208744 2.6999215715045306 0.027460686820085428
3.46884188833873 2.7000413913544978 0.027460686820027832
3.473205211468716 2.7001612112044651 0.027460686820107313
3.4775685345987015 2.7002810310544327 0.027460686820160708
3.4819318577286875 2.7004008509044004 0.027460686820172969
3.4862951808586731 2.7005206707543681 0.027460686820070523
3.4906585039886591 2.7006404906043353 0.027460686820162714
3.4950218271186451 2.7007603104543034 0.027460686820193359
3.4993851502486306 2.7008801303042707 0.027460686819986983
3.5037484733786166 2.7009999501542379 0.027460686820171155
3.5081117965086026 2.701119770004206 0.027460686820243128
3.5124751196385882 2.7012395898541737 0.027460686820084776
3.5168384427685742 2.7013594097041409 0.027460686820035562
3.5212017658985597 2.7014792295541081 0.027460686820085432
3.5255650890285457 2.7015990494040758 0.027460686820240488
3.5299284121585317 2.7017188692540439 0.027460686820172671
3.5342917352885173 2.7018386891040111 0.027460686819991944
3.5386550584185033 2.7019585089539784 0.02746068682017198
3.5430183815484888 2.7020783288039465 0.027460686820243246
3.5473817046784748 2.7021981486539142 0.027460686820083471
3.5517450278084608 2.7023179685038814 0.027460686820032252
3.5561083509384463 2.7024377883538486 0.027460686820099976
3.5604716740684323 2.7025576082038163 0.02746068682018564
3.5648349971984179 2.702677428053784 0.027460686820080585
3.5691983203284039 2.7027972479037512 0.027460686820109811
3.5735616434583899 2.7029170677537189 0.027460686820089553
3.5779249665883754 2.7030368876036861 0.027460686820149762
3.5822882897183614 2.7031567074536542 0.027460686820234521
3.5866516128483474 2.7032765273036219 0.027460686820132234
3.591014935978333 2.7033963471535896 0.027460686820159657
3.595378259108319 2.7035161670035572 0.027460686820152243
3.5997415822383045 2.7036359868535249 0.027460686820154477
3.6041049053682905 2.7037558067034926 0.027460686820152957
3.6084682284982765 2.7038756265534603 0.027460686820148402
3.6128315516282621 2.7039954464034279 0.027460686820176543
3.6171948747582481 2.7041152662533956 0.027460686820068525
3.6215581978882336 2.7042350861033628 0.027460686820167127
3.6259215210182196 2.7043549059533309 0.027460686820186094
3.6302848441482056 2.7044747258032982 0.027460686820003216
3.6346481672781912 2.7045945456532654 0.027460686820113489
3.6390114904081772 2.7047143655032331 0.027460686820160601
3.6433748135381627 2.7048341853532007 0.02746068682016722
3.6477381366681487 2.7049540052031684 0.02746068682009363
3.6521014597981347 2.7050738250531356 0.027460686820067654
3.6564647829281203 2.7051936449031033 0.027460686820253551
3.6608281060581063 2.7053134647530714 0.027460686820146584
3.6651914291880923 2.7054332846030387 0.027460686820074846
3.6695547523180778 2.7055531044530063 0.027460686820171821
3.6739180754480638 2.705672924302974 0.027460686820160986
3.6782813985780494 2.7057927441529417 0.027460686820107348
3.6826447217080354 2.7059125640029089 0.027460686820027398
3.6870080448380214 2.7060323838528761 0.027460686820087114
3.6913713679680069 2.7061522037028438 0.027460686820241938
3.6957346910979929 2.7062720235528119 0.02746068682017359
3.7000980142279785 2.7063918434027792 0.02746068681998683
3.7044613373579645 2.7065116632527464 0.027460686820191552
3.7088246604879505 2.7066314831027145 0.02746068682016168
3.713187983617936 2.7067513029526817 0.027460686820084856
3.717551306747922 2.7068711228026494 0.027460686820116691
3.7219146298779076 2.7069909426526166 0.027460686820066152
3.7262779530078936 2.7071107625025843 0.027460686820236474
3.7306412761378795 2.7072305823525524 0.027460686820208004
3.7350045992678651 2.7073504022025201 0.027460686820159962
3.7393679223978511 2.7074702220524878 0.027460686820075263
3.7437312455278371 2.707590041902455 0.027460686820148367
3.7480945686578226 2.7077098617524231 0.02746068682025438
3.7524578917878086 2.7078296816023908 0.027460686820062565
3.7568212149177942 2.707949501452358 0.027460686820113135
3.7611845380477802 2.7080693213023257 0.027460686820102678
3.7655478611777662 2.7081891411522929 0.027460686820085539
3.7699111843077517 2.7083089610022606 0.027460686820172966
3.7742745074377377 2.7084287808522283 0.02746068682014571
3.7786378305677233 2.7085486007021959 0.027460686820167318
3.7830011536977093 2.7086684205521636 0.027460686820108146
3.7873644768276953 2.7087882404021308 0.027460686820009492
3.7917277999576808 2.7089080602520981 0.027460686820166339
3.7960911230876668 2.7090278801020662 0.027460686820248267
3.8004544462176524 2.7091476999520339 0.027460686820069052
3.8048177693476384 2.7092675198020011 0.027460686820093318
3.8091810924776244 2.7093873396519688 0.02746068682016705
3.8135444156076099 2.7095071595019364 0.027460686820161596
3.8179077387375959 2.7096269793519041 0.02746068682010968
3.8222710618675819 2.7097467992018713 0.02746068682000908
3.8266343849975675 2.7098666190518386 0.02746068682016645
3.8309977081275535 2.7099864389018067 0.027460686820248235
3.835361031257539 2.7101062587517744 0.02746068682006907
3.839724354387525 2.7102260786017416 0.027460686820093276
3.844087677517511 2.7103458984517093 0.027460686820167213
3.8484510006474966 2.7104657183016769 0.027460686820160993
3.8528143237774826 2.7105855381516446 0.027460686820111924
3.8571776469074681 2.7107053580016118 0.027460686820009083
3.8615409700374541 2.7108251778515791 0.027460686820164178
3.8659042931674401 2.7109449977015472 0.02746068682024894
3.8702676162974257 2.7110648175515148 0.027460686820068501
3.8746309394274117 2.7111846374014821 0.027460686820094834
3.8789942625573972 2.7113044572514498 0.027460686820169951
3.8833575856873832 2.7114242771014174 0.027460686820148485
3.8877209088173692 2.7115440969513851 0.027460686820150834
3.8920842319473548 2.7116639168013528 0.027460686820171297
3.8964475550773408 2.7117837366513204 0.027460686820087097
3.9008108782073267 2.7119035565012877 0.027460686820089716
3.9051742013373123 2.7120233763512553 0.027460686820171842
3.9095375244672983 2.712143196201223 0.027460686820146036
3.9139008475972838 2.7122630160511907 0.027460686820167144
3.9182641707272698 2.7123828359011584 0.0274606868201085
3.9226274938572558 2.7125026557511256 0.027460686820008247
3.9269908169872414 2.7126224756010928 0.027460686820170985
3.9313541401172274 2.7127422954510609 0.027460686820230919
3.9357174632472129 2.7128621153010286 0.027460686820133782
3.9400807863771989 2.7129819351509963 0.027460686820157072
3.9444441095071849 2.713101755000964 0.027460686820152652
3.9488074326371705 2.7132215748509316 0.027460686820155449
3.9531707557671565 2.7133413947008993 0.027460686820148662
3.957534078897142 2.713461214550867 0.027460686820173021
3.961897402027128 2.7135810344008346 0.027460686820082368
3.966260725157114 2.7137008542508019 0.027460686820106883
3.9706240482870996 2.7138206741007695 0.027460686820107889
3.9749873714170856 2.7139404939507368 0.027460686820079346
3.9793506945470716 2.7140603138007044 0.02746068682018411
3.9837140176770571 2.7141801336506721 0.027460686820107348
3.9880773408070431 2.7142999535006394 0.027460686820004288
3.9924406639370287 2.7144197733506066 0.027460686820187947
3.9968039870670147 2.7145395932005747 0.027460686820167026
4.0011673101970002 2.7146594130505419 0.027460686820067054
4.0055306333269867 2.7147792329005096 0.027460686820174152
4.0098939564569722 2.7148990527504773 0.027460686820151074
4.0142572795869578 2.7150188726004449 0.027460686820153065
4.0186206027169442 2.7151386924504126 0.027460686820151393
4.0229839258469298 2.7152585123003803 0.027460686820156108
4.0273472489769153 2.715378332150348 0.02746068682015566
4.0317105721069009 2.7154981520003156 0.02746068682015276
4.0360738952368873 2.7156179718502833 0.027460686820148024
4.0404372183668729 2.715737791700251 0.027460686820169878
4.0448005414968584 2.7158576115502187 0.027460686820103945
4.0491638646268449 2.7159774314001859 0.027460686820023741
4.0535271877568304 2.7160972512501531 0.027460686820105155
4.057890510886816 2.7162170711001208 0.027460686820181802
4.0622538340168024 2.7163368909500885 0.027460686820082361
4.066617157146788 2.7164567108000557 0.027460686820098161
4.0709804802767735 2.7165765306500234 0.027460686820151153
4.0753438034067591 2.716696350499991 0.027460686820228723
4.0797071265367455 2.7168161703499591 0.027460686820153998
4.0840704496667311 2.7169359901999264 0.027460686820070027
4.0884337727967166 2.717055810049894 0.027460686820192058
4.092797095926703 2.7171756298998617 0.027460686820076453
4.0971604190566886 2.717295449749829 0.027460686820111515
4.1015237421866741 2.7174152695997966 0.027460686820103653
4.1058870653166606 2.7175350894497639 0.02746068682008327
4.1102503884466461 2.7176549092997315 0.027460686820172664
4.1146137115766317 2.7177747291496992 0.027460686820157558
4.1189770347066181 2.7178945489996669 0.027460686820111817
4.1233403578366037 2.7180143688496341 0.02746068682000458
4.1277036809665892 2.7181341886996013 0.027460686820190691
4.1320670040965748 2.7182540085495694 0.02746068682016416
4.1364303272265612 2.7183738283995367 0.027460686820067377
4.1407936503565468 2.7184936482495043 0.027460686820175727
4.1451569734865323 2.718613468099472 0.027460686820161208
4.1495202966165188 2.7187332879494397 0.027460686820094178
4.1538836197465043 2.7188531077994069 0.027460686820071471
4.1582469428764899 2.7189729276493746 0.027460686820246084
4.1626102660064763 2.7190927474993427 0.027460686820164233
4.1669735891364619 2.7192125673493099 0.027460686820011723
4.1713369122664474 2.7193323871992772 0.027460686820109714
4.1757002353964339 2.7194522070492448 0.027460686820158807
4.1800635585264194 2.7195720268992125 0.027460686820169777
4.184426881656405 2.7196918467491802 0.027460686820093564
4.1887902047863905 2.7198116665991474 0.027460686820082129
4.193153527916377 2.7199314864491151 0.027460686820187319
4.1975168510463625 2.7200513062990828 0.027460686820083326
4.2018801741763481 2.72017112614905 0.02746068682010553
4.2062434973063345 2.7202909459990177 0.027460686820103948
4.2106068204363201 2.7204107658489849 0.027460686820088065
4.2149701435663056 2.7205305856989526 0.027460686820169951
4.2193334666962921 2.7206504055489202 0.027460686820146858
4.2236967898262776 2.7207702253988879 0.02746068682015735
4.2280601129562632 2.7208900452488556 0.027460686820155223
4.2324234360862487 2.7210098650988233 0.027460686820153259
4.2367867592162352 2.7211296849487909 0.027460686820146449
4.2411500823462207 2.7212495047987586 0.027460686820175675
4.2455134054762063 2.7213693246487263 0.027460686820082333
4.2498767286061927 2.7214891444986935 0.027460686820104378
4.2542400517361783 2.7216089643486612 0.027460686820109544
4.2586033748661638 2.7217287841986284 0.027460686820083603
4.2629666979961502 2.7218486040485961 0.027460686820165423
4.2673300211261358 2.7219684238985637 0.027460686820169434
4.2716933442561213 2.7220882437485314 0.027460686820088339
4.2760566673861078 2.7222080635984987 0.027460686820086604
4.2804199905160933 2.7223278834484663 0.027460686820174638
4.2847833136460789 2.722447703298434 0.027460686820146338
4.2891466367760644 2.7225675231484017 0.027460686820171509
4.2935099599060509 2.7226873429983693 0.02746068682008234
4.2978732830360364 2.7228071628483366 0.027460686820108524
4.302236606166022 2.7229269826983042 0.027460686820109718
4.3065999292960084 2.7230468025482715 0.027460686820062002
4.310963252425994 2.7231666223982391 0.027460686820251674
4.3153265755559795 2.7232864422482073 0.027460686820168126
4.319689898685966 2.7234062620981745 0.027460686819990549
4.3240532218159515 2.7235260819481417 0.027460686820173733
4.3284165449459371 2.7236459017981098 0.027460686820246005
4.3327798680759235 2.7237657216480775 0.027460686820062304
4.3371431912059091 2.7238855414980447 0.027460686820114179
4.3415065143358946 2.7240053613480124 0.027460686820107143
4.3458698374658802 2.7241251811979796 0.027460686820083416
4.3502331605958666 2.7242450010479473 0.027460686820168594
4.3545964837258522 2.724364820897915 0.027460686820156923
4.3589598068558377 2.7244846407478827 0.027460686820135194
4.3633231299858242 2.7246044605978503 0.027460686820217028
4.3676864531158097 2.7247242804478184 0.027460686820216768
4.3720497762457953 2.7248441002977861 0.027460686820152742
4.3764130993757817 2.7249639201477538 0.027460686820086969
4.3807764225057673 2.725083739997721 0.027460686820108778
4.3851397456357528 2.7252035598476887 0.027460686820104073
4.3895030687657384 2.7253233796976559 0.027460686820101124
4.3938663918957248 2.7254431995476236 0.027460686820100822
4.3982297150257104 2.7255630193975908 0.027460686820104989
4.4025930381556959 2.7256828392475585 0.027460686820105395
4.4069563612856824 2.7258026590975257 0.027460686820082833
4.4113196844156679 2.7259224789474934 0.027460686820172654
4.4156830075456535 2.7260422987974611 0.027460686820158044
4.4200463306756399 2.7261621186474287 0.027460686820109902
4.4244096538056255 2.726281938497396 0.027460686820011748
4.428772976935611 2.7264017583473632 0.027460686820163945
4.4331363000655974 2.7265215781973313 0.027460686820247195
4.437499623195583 2.726641398047299 0.027460686820067345
4.4418629463255686 2.7267612178972662 0.027460686820109586
4.4462262694555541 2.7268810377472339 0.027460686820120501
4.4505895925855405 2.7270008575972011 0.027460686820017795
4.4549529157155261 2.7271206774471684 0.027460686820112382
4.4593162388455116 2.727240497297136 0.027460686820158824
4.4636795619754981 2.7273603171471037 0.027460686820167057
4.4680428851054836 2.7274801369970714 0.02746068682008768
4.4724062082354692 2.7275999568470386 0.027460686820108382
4.4767695313654556 2.7277197766970063 0.02746068682008819
4.4811328544954412 2.7278395965469735 0.027460686820148274
4.4854961776254267 2.7279594163969416 0.027460686820250206
4.4898595007554132 2.7280792362469093 0.027460686820070947
4.4942228238853987 2.7281990560968765 0.027460686820075419
4.4985861470153843 2.7283188759468442 0.027460686820253533
4.5029494701453698 2.7284386957968123 0.027460686820147278
4.5073127932753563 2.7285585156467795 0.027460686820072081
4.5116761164053418 2.7286783354967472 0.027460686820173795
4.5160394395353274 2.7287981553467149 0.027460686820164223
4.5204027626653138 2.7289179751966826 0.027460686820084037
4.5247660857952994 2.7290377950466498 0.027460686820109027
4.5291294089252849 2.7291576148966175 0.02746068682010603
4.5334927320552714 2.7292774347465847 0.027460686820076234
4.5378560551852569 2.7293972545965524 0.027460686820198425
4.5422193783152425 2.72951707444652 0.027460686820061576
4.5465827014452289 2.7296368942964873 0.027460686820164663
4.5509460245752145 2.7297567141464554 0.02746068682019448
4.5553093477052 2.7298765339964226 0.027460686819988901
4.5596726708351856 2.7299963538463898 0.027460686820170766
4.564035993965172 2.730116173696358 0.027460686820242747
4.5683993170951576 2.7302359935463256 0.027460686820078312
4.5727626402251431 2.7303558133962929 0.027460686820070173
4.5771259633551296 2.7304756332462605 0.027460686820250386
4.5814892864851151 2.7305954530962286 0.027460686820148343
4.5858526096151007 2.7307152729461959 0.027460686820087742
4.5902159327450871 2.7308350927961635 0.027460686820110072
4.5945792558750727 2.7309549126461308 0.027460686820081369
4.5989425790050582 2.7310747324960984 0.027460686820190604
4.6033059021350438 2.7311945523460661 0.027460686820087721
4.6076692252650302 2.7313143721960333 0.027460686820067901
4.6120325483950158 2.731434192046001 0.027460686820250081
4.6163958715250013 2.7315540118959691 0.027460686820168601
4.6207591946549877 2.7316738317459364 0.02746068681999024
4.6251225177849733 2.7317936515959036 0.027460686820174499
4.6294858409149588 2.7319134714458717 0.027460686820243246
4.6338491640449453 2.7320332912958394 0.027460686820072581
4.6382124871749308 2.7321531111458066 0.027460686820075825
4.6425758103049164 2.7322729309957743 0.027460686820250293
4.6469391334349028 2.7323927508457424 0.027460686820143066
4.6513024565648884 2.7325125706957096 0.027460686820092187
4.6556657796948739 2.7326323905456773 0.027460686820114356
4.6600291028248595 2.7327522103956445 0.02746068682007656
4.6643924259548459 2.7328720302456122 0.027460686820188776
4.6687557490848315 2.7329918500955799 0.027460686820083055
4.673119072214817 2.7331116699455471 0.027460686820105183
4.6774823953448035 2.7332314897955148 0.027460686820105613
4.681845718474789 2.733351309645482 0.027460686820081751
4.6862090416047746 2.7334711294954497 0.027460686820193529
4.690572364734761 2.7335909493454174 0.027460686820058856
4.6949356878647466 2.7337107691953846 0.027460686820180442
4.6992990109947321 2.7338305890453527 0.027460686820150869
4.7036623341247186 2.7339504088953199 0.027460686820130815
4.7080256572547041 2.734070228745288 0.027460686820240606
4.7123889803846897 2.7341900485952557 0.027460686820143587
4.7167523035146752 2.7343098684452234 0.027460686820116549
4.7211156266446617 2.7344296882951906 0.027460686819999608
4.7254789497746472 2.7345495081451578 0.027460686820189078
4.7298422729046328 2.734669327995126 0.027460686820175557
4.7342055960346192 2.7347891478450932 0.027460686820023415
4.7385689191646048 2.7349089676950604 0.02746068682003484
4.7429322422945903 2.7350287875450277 0.027460686820158044
4.7472955654245768 2.7351486073949958 0.027460686820247708
4.7516588885545623 2.7352684272449634 0.027460686820071193
4.7560222116845479 2.7353882470949307 0.027460686820093685
4.7603855348145334 2.7355080669448983 0.027460686820180238
4.7647488579445199 2.735627886794866 0.027460686820100087
4.7691121810745054 2.7357477066448332 0.027460686820028796
4.773475504204491 2.7358675264948005 0.027460686820105558
4.7778388273344774 2.7359873463447681 0.027460686820158356
4.782202150464463 2.7361071661947358 0.027460686820175738
4.7865654735944485 2.7362269860447035 0.027460686820070183
4.7909287967244349 2.7363468058946707 0.027460686820152919
4.7952921198544205 2.7364666257446388 0.027460686820232876
4.7996554429844061 2.7365864455946065 0.027460686820152409
4.8040187661143925 2.7367062654445742 0.027460686820072223
4.808382089244378 2.7368260852945414 0.027460686820168095
4.8127454123743636 2.7369459051445095 0.027460686820186896
4.8171087355043491 2.7370657249944768 0.027460686820015814
4.8214720586343356 2.737185544844444 0.027460686820053908
4.8258353817643211 2.7373053646944112 0.027460686820072626
4.8301987048943067 2.7374251845443784 0.027460686819976418
4.8345620280242931 2.7375450043943452 0.027460686820020421
4.8389253511542787 2.7376648242443129 0.027460686820245959
4.8432886742842642 2.737784644094281 0.027460686820232564
4.8476519974142507 2.7379044639442491 0.027460686820349182
4.8520153205442362 2.7380242837942181 0.027460686820506768
4.8563786436742218 2.7381441036441876 0.027460686820692571
4.8607419668042082 2.7382639234941579 0.027460686820690999
4.8651052899341938 2.7383837433441269 0.027460686820206172
4.8694686130641793 2.7385035631940937 0.027460686819721136
4.8738319361941649 2.7386233830440583 0.027460686819092785
4.8781952593241513 2.7387432028940197 0.027460686818410449
4.8825585824541369 2.738863022743979 0.027460686818104169
4.8869219055841224 2.7389828425939382 0.027460686818501705
4.8912852287141089 2.739102662443901 0.027460686819643733
4.8956485518440944 2.73922248229387 0.027460686821395415
4.90001187497408 2.7393423021438483 0.027460686823950104
4.9043751981040664 2.7394621219938387 0.027460686826618872
4.908738521234052 2.7395819418438379 0.027460686827739781
4.9131018443640375 2.7397017616938366 0.027460686826405487
4.9174651674940231 2.7398215815438238 0.027460686822377758
4.9218284906240095 2.7399414013937875 0.027460686815684851
4.9261918137539951 2.7400612212437161 0.027460686806180253
4.9305551368839806 2.7401810410936003 0.027460686796253665
4.9349184600139671 2.7403008609434507 0.027460686791709175
4.9392817831439526 2.7404206807933011 0.027460686796608406
4.9436451062739382 2.7405405006431951 0.027460686811495393
4.9480084294039246 2.7406603204931752 0.027460686836188755
4.9523717525339102 2.7407801403432854 0.027460686871225617
4.9567350756638957 2.7408999601935595 0.027460686908532185
4.9610983987938821 2.7410197800439637 0.027460686926382899
4.9654617219238677 2.7411395998943702 0.027460686908662796
4.9698250450538533 2.7412594197446181 0.027460686854231933
4.9741883681838388 2.7413792395945498 0.027460686763274254
4.9785516913138252 2.7414990594440001 0.027460686633140545
4.9829150144438108 2.7416188792928389 0.027460686493207948
4.9872783375737963 2.7417386991411847 0.027460686423724998
4.9916416607037828 2.7418585189895066 0.027460686486164738
4.9960049838337683 2.7419783388384058 0.02746068668633395
5.0003683069637539 2.7420981586884712 0.02746068702197247
5.0047316300937403 2.742217978540316 0.02746068750450785
5.0090949532237259 2.7423377983944399 0.02746068802916838
5.0134582763537114 2.7424576182504308 0.027460688298598875
5.0178215994836979 2.7425774381065655 0.027460688078748546
5.0221849226136834 2.7426972579606006 0.027460687344031731
5.026548245743669 2.7428170778103391 0.027460686105051316
5.0309115688736545 2.7429368976534967 0.027460684316857168
5.035274892003641 2.7430567174881695 0.027460682350166913
5.0396382151336265 2.743176537315767 0.027460681306855698
5.0440015382636121 2.7432963571426314 0.027460682078133052
5.0483648613935985 2.7434161769771199 0.027460684774174109
5.0527281845235841 2.7435359968274429 0.027460689347656102
5.0570915076535696 2.7436558167020952 0.027460695972348247
5.0614548307835561 2.743775636608329 0.027460703341537017
5.0658181539135416 2.7438954565413551 0.027460707374924103
5.0701814770435272 2.7440152764778527 0.027460704680054016
5.0745448001735127 2.7441350963866835 0.027460694790675876
5.0789081233034992 2.7442549162371761 0.027460677910372659
5.0832714464334847 2.7443747359977242 0.027460653369275678
5.0876347695634703 2.7444945556407485 0.027460625769312113
5.0919980926934567 2.7446143751823948 0.027460610204465285
5.0963614158234423 2.744734194708355 0.027460619576444946
5.1007247389534278 2.7448540143346296 0.027460655839525901
5.1050880620834143 2.7449738341758003 0.027460718137998101
5.1094513852133998 2.7450936543494655 0.027460809039066256
5.1138147083433854 2.7452134749603738 0.027460912368932749
5.1181780314733718 2.7453332959546128 0.027460972333389472
5.1225413546033574 2.7454531170175125 0.02746093991204536
5.1269046777333429 2.745572937717017 0.02746080698849487
5.1312680008633285 2.7456927576250671 0.027460577087979166
5.1356313239933149 2.7458125763040875 0.027460240430952142
5.1399946471233005 2.7459323933567381 0.027459853731512815
5.144357970253286 2.7460522089609012 0.027459623070192268
5.1487212933832724 2.7461720242713166 0.02745973454217954
5.153084616513258 2.7462918408969013 0.027460221593321999
5.1574479396432436 2.7464116604368543 0.027461069932633125
5.16181126277323 2.7465314845194801 0.027462316608095023
5.1661745859032155 2.746651314650169 0.027463763220525808
5.1705379090332011 2.7467711502506731 0.027464649205079843
5.1749012321631875 2.7468909870863976 0.02746426869733851
5.1792645552931731 2.7470108191672105 0.027462484782334883
5.1836278784231586 2.7471306405184812 0.027459354623953342
5.1879912015531442 2.7472504450804132 0.02745473858365766
5.1923545246831306 2.7473702271561078 0.02744932900620646
5.1967178478131162 2.7474899885897464 0.027445930526046925
5.2010811709431017 2.7476097448988743 0.027447218237888406
5.2054444940730882 2.7477295183804462 0.027453749419436731
5.2098078172030737 2.747849331356166 0.027465298060039851
5.2141711403330593 2.7479692063804966 0.027482387974222144
5.2185344634630457 2.7480891649887291 0.027502609216935071
5.2228977865930313 2.7482092014473607 0.027515628381318637
5.2272611097230168 2.7483292589363288 0.027511315866988243
5.2316244328530024 2.7484492544786465 0.027487414774734931
5.2359877559829888 2.7485691046774678 0.027444809451488954
5.2403510791129744 2.748688725573166 0.027381543795448094
5.2447144022429599 2.7488080358442066 0.027305984745957617
5.2490777253729464 2.7489270526876539 0.027256170864970359
5.2534410485029319 2.7490459839920263 0.02727042715039478
5.2578043716329175 2.7491651384804023 0.02735785357159233
5.2621676947629039 2.7492848277381881 0.027515021981201957
5.2665310178928895 2.7494053643580312 0.027749205519098791
5.270894341022875 2.7495270551177944 0.028031434349885049
5.2752576641528615 2.7496498511767906 0.028221811419301961
5.279620987282847 2.7497729925684049 0.028175455303181492
5.2839843104128326 2.7498953309362517 0.027855817444073241
5.2883476335428181 2.750015702129267 0.027276076739027894
5.2927109566728046 2.7501329421386584 0.026409304355020816
5.2970742798027901 2.7502458947711594 0.025355508105686094
5.3014376029327757 2.7503546863107595 0.024628725538417353
5.3058009260627621 2.7504620925291281 0.024776218602180631
5.3101642491927477 2.7505723839247902 0.0259442539811632
5.3145275723227332 2.7506899100432292 0.028082550159009588
5.3188908954527196 2.7508190060101092 0.031290400864721235
5.3232542185827052 2.7509640254170522 0.035223694618636996
5.3276175417126908 2.7511247012647089 0.03799539552960253
5.3319808648426772 2.7512909040625066 0.037539924832856425
5.3363441879726627 2.7514467566318843 0.033273864843230493
5.3407075111026483 2.7515760080962135 0.025387710036931358
5.3450708342326338 2.7516625104889711 0.013516720105983118
5.3494341573626203 2.7516898849026967 -0.0011586657098588368
5.3537974804926058 2.7516583814062585 -0.011721005418885553
5.3581608036225914 2.7516049343816911 -0.010364988467340717
5.3625241267525778 2.7515885529429376 0.0051704444301657153
5.3668874498825634 2.7516699511661229 0.034385458892151381
5.3712507730125489 2.7519093807754818 0.077872689062571623
5.3756140961425354 2.7523677528838504 0.13389690521069272
5.3799774192725209 2.7530801963010818 0.19153314855794193
5.3843407424025065 2.7540230800982255 0.23808965771970517
5.388704065532492 2.7551362441173848 0.26974256877832103
5.3930673886624785 2.756356295645964 0.28714091012356174
5.397430711792464 2.7576206500148293 0.28984546097912939
5.4017940349224496 2.7588659849763553 0.27901252420525441
5.406157358052436 2.7600473240792245 0.2625626279242454
5.4105206811824216 2.7611628627989431 0.24995382759545001
5.4148840043124071 2.7622385314856905 0.24418529883379322
5.4192473274423936 2.7633030274727095 0.24477381630703079
5.4236106505723791 2.7643843443482088 0.25207168370420585
5.4279739737023647 2.7655112237320281 0.26518336082259425
5.4323372968323511 2.7666972569745432 0.27743645546308954
5.4367006199623367 2.767919171123252 0.28065349100502551
5.4410639430923222 2.7691292202079074 0.2720443309500451
5.4454272662223078 2.7702769108825884 0.25223163399688675
5.4497905893522942 2.771312682392995 0.22026714824553056
5.4541539124822798 2.772184800774617 0.17846823608784207
5.4585172356122653 2.7728827337691926 0.14534771710111108
5.4628805587422518 2.7734997918928257 0.14426218955421996
5.4672438818722373 2.7742005020102449 0.18363422774610835
5.4716072050022229 2.7751582569968942 0.26147751065563668
5.4759705281322093 2.7765431350586049 0.38113156905798984
5.4803338512621949 2.7785340256472648 0.53500376845807651
5.4846971743921804 2.7811657595223385 0.65713582166017315
5.4890604975221668 2.7840972513877573 0.6614452098062038
5.4934238206521524 2.7867210788076875 0.51663952589241358
5.497787143782138 2.7883942641493329 0.22640503564994327
5.5021504669121235 2.7884822888526606 -0.21134083953606095
5.5065137900421099 2.7863422690479145 -0.79188958421896094
5.5108771131720955 2.7814333808928482 -1.4675729388692234
5.5152404363020811 2.7734898777101713 -2.1744720239428874
5.5196037594320675 2.7624474097901124 -2.8883311350876606
5.523967082562053 2.7482707558030213 -3.6115944153734247
5.5283304056920386 2.7309181141705987 -4.3432380436413638
5.532693728822025 2.7103532754958137 -5.0855925065406398
5.5370570519520106 2.6864820335367861 -5.8663904712409058
5.5414203750819961 2.6590485053094941 -6.7234072152746753
5.5457836982119817 2.627674559409265 -7.6730215236437971
5.5501470213419681 2.5919619022680918 -8.709857283850301
5.5545103444719537 2.5515234279789052 -9.8452105742211433
5.5588736676019392 2.505931493760404 -11.059452226591338
5.5632369907319257 2.4552324670195409 -12.121768538177051
5.5676003138619112 2.4008491550292712 -12.702767748594143
5.5719636369918968 2.3452797438672337 -12.665084258621985
5.5763269601218832 2.2912035366626253 -12.023669311046005
5.5806902832518688 2.2412533064362097 -10.763548368143665
5.5850536063818543 2.1981361673821649 -8.9105468582537846
5.5894169295118408 2.1638262071528018 -6.8292163053959714
5.5937802526418263 2.1380920336816156 -5.0558932668883818
5.5981435757718119 2.1189218190589982 -3.8211936597618195
5.6025068989017974 2.1039857187743936 -3.1091068812011677
5.6068702220317839 2.0910209038571095 -2.925635042880435
5.6112335451617694 2.0777045119355089 -3.2579797358177887
5.615596868291755 2.0621968786676281 -3.8603859170822936
5.6199601914217414 2.0441637562173862 -4.3614015277844072
5.624323514551727 2.0245265467349665 -4.5942203629600895
5.6286868376817125 2.004445634732563 -4.5698857955959298
5.633050160811699 1.9850300626037545 -4.2820186105416962
5.6374134839416845 1.9674458128532899 -3.7412433992539058
5.6417768070716701 1.9524089563028246 -3.181628361534842
5.6461401302016565 1.9391766306207951 -2.9687011411040918
5.6505034533316421 1.9257490131289197 -3.2735937851284378
5.6548667764616276 1.9098721077449281 -4.085229495564473
5.6592300995916132 1.8893481854056462 -5.4128538245316813
5.6635934227215996 1.8619030306517028 -7.2444631812606577
5.6679567458515852 1.825850874769146 -9.2668283692561282
5.6723200689815707 1.7814937667427539 -10.973560810554854
5.6766833921115571 1.7309030662546865 -12.120232811259262
5.6810467152415427 1.6765264183653192 -12.71574052888238
5.6854100383715283 1.6207405977856817 -12.758939121419719
5.6897733615015147 1.5659816131089892 -12.253512444835545
5.6941366846315002 1.514302960983168 -11.408139540799265
5.6985000077614858 1.4664161472546731 -10.570101136446342
5.7028633308914722 1.4217984911601407 -9.9128443968701383
5.7072266540214578 1.3796514435427369 -9.4335372768346009
5.7115899771514433 1.339222406836357 -9.1281399414254505
5.7159533002814289 1.2997380876370888 -8.9982791989129378
5.7203166234114153 1.2605179760477514 -8.9919238209197836
5.7246799465414009 1.2212172780206327 -9.0209574570839433
5.7290432696713864 1.1818102946722067 -9.0396618476975732
5.7334065928013729 1.1423462185904127 -9.0481411250487707
5.7377699159313584 1.1028627895275218 -9.0480798266387463
5.742133239061344 1.0634004301829529 -9.0386654013628291
5.7464965621913304 1.023996435118494 -9.0217696065509507
5.750859885321316 0.98467754534753593 -9.0001247983971098
5.7552232084513015 0.94546010784682966 -8.9753322933586404
5.7595865315812871 0.90635784828545141 -8.9472031609788356
5.7639498547112735 0.86738538512227203 -8.9160802479794032
5.7683131778412591 0.8285547854335088 -8.8819214623900926
5.7726765009712446 0.78989493858180271 -8.8347403746998179
5.7770398241012311 0.75150310029367839 -8.7559533934065357
5.7814031472312166 0.71354580687905234 -8.6352422443447541
5.7857664703612022 0.67620740159255721 -8.4725866419726898
5.7901297934911886 0.63966929335838285 -8.2681603462688358
5.7944931166211742 0.60411527049018854 -8.0216701521843969
5.7988564397511597 0.56971783940200649 -7.7402360350454025
5.8032197628811462 0.53659979182358419 -7.437609460455973
5.8075830860111317 0.50483184877093079 -7.1216470753612713
5.8119464091411173 0.47447110356520422 -6.7923417247715845
5.8163097322711028 0.44557718069264257 -6.4494947935686779
5.8206730554010893 0.41820751872043754 -6.0936705235285373
5.8250363785310748 0.39242668978957823 -5.7194088058443313
5.8293997016610604 0.36833986832365645 -5.315165076729568
5.8337630247910468 0.34609647476397815 -4.8742403060420179
5.8381263479210324 0.32585658247636134 -4.397229445875471
5.8424896710510179 0.30777652769850689 -3.883696766652466
5.8468529941810043 0.2920197448234883 -3.3324793624616684
5.8512163173109899 0.27871609766987643 -2.7668656812090475
5.8555796404409755 0.26782301425376953 -2.2365043886239619
5.8599429635709619 0.25910416776244438 -1.771286505921793
5.8643062867009474 0.25227006551888853 -1.3717694455924407
5.868669609830933 0.24703939378470882 -1.0367632681510772
5.8730329329609186 0.2431271683248348 -0.76737054269901894
5.877396256090905 0.24025619169336707 -0.55754077807111246
5.8817595792208905 0.23819449491537847 -0.3939227619553678
5.8861229023508761 0.23676325421406227 -0.26833508211431267
5.8904862254808625 0.23579768824050065 -0.18065979093876364
5.8948495486108481 0.2351308955463681 -0.13135290185625387
5.8992128717408336 0.23459556219361347 -0.1204495887888502
5.9035761948708201 0.23402994452979395 -0.14380690339234689
5.9079395180008056 0.23330493437204866 -0.19169312281566397
5.9123028411307912 0.23233047733310366 -0.25788817884046222
5.9166661642607767 0.23102837741616597 -0.34199942654132742
5.9210294873907632 0.22931927171262576 -0.44446659458758525
5.9253928105207487 0.22712285100665491 -0.56537635561065713
5.9297561336507343 0.22436600832318623 -0.69964102734859368
5.9341194567807207 0.22101517405229656 -0.83538888036334735
5.9384827799107063 0.21708534879151689 -0.96461621003404696
5.9428461030406918 0.21260776141687107 -1.086657407118921
5.9472094261706783 0.20761226415489684 -1.2019673852725647
5.9515727493006638 0.20212858773840917 -1.3104221465159711
5.9559360724306494 0.19618889273513429 -1.4104756706171717
5.9602993955606358 0.18983732236723919 -1.4985267387350383
5.9646627186906214 0.18313295782384148 -1.5720169906173964
5.9690260418206069 0.17614051945161946 -1.6306332974458537
5.9733893649505925 0.1689244602957323 -1.6744931185924228
5.9777526880805789 0.16154936990999272 -1.7035296719375381
5.9821160112105645 0.15407897228263326 -1.718393889208581
5.98647933434055 0.14657187592236329 -1.7206610893135634
5.9908426574705365 0.13908005623858671 -1.7114567926758444
5.995205980600522 0.13165304793130603 -1.6909422900132578
5.9995693037305076 0.1243403947228592 -1.6590188029028172
6.003932626860494 0.11719223682386051 -1.6155038358854561
6.0082959499904796 0.11025564691387559 -1.5629251130856872
6.0126592731204651 0.10355658384925934 -1.507980107968226
6.0170225962504515 0.097092293906759927 -1.4556093136238857
6.0213859193804371 0.090849500135188221 -1.4063298383642386
6.0257492425104227 0.084815619925384639 -1.3598906000101603
6.0301125656404082 0.078978066988754952 -1.3163039543436814
6.0344758887703946 0.073323755486270972 -1.276117555787075
6.0388392119003802 0.067834385474878356 -1.2410568503047199
6.0432025350303658 0.06248414584970341 -1.2124216479303984
6.0475658581603522 0.057244560818115922 -1.1902836613661658
6.0519291812903377 0.052087583262927332 -1.1745935985952431
6.0562925044203233 0.046984394565887336 -1.1657126245163876
6.0606558275503097 0.041909441947288649 -1.1605303914248652
6.0650191506802953 0.036864658164026828 -1.1499840371220249
6.0693824738102808 0.031892047936709141 -1.126986242397483
6.0737457969402664 0.027049195859431691 -1.0906857615651102
6.0781091200702528 0.022392845004422016 -1.0414415524420126
6.0824724432002384 0.017979689956692677 -0.97928095461776898
6.0868357663302239 0.013867355248702792 -0.90312960450404534
6.0911990894602104 0.010123916382975592 -0.80943267437858346
6.0955624125901959 0.0068333915647760162 -0.69533688602894983
6.0999257357201815 0.0040860629790824077 -0.56054198984720394
6.1042890588501679 0.0019716147570381409 -0.40520665879775875
6.1086523819801535 0.0005806778495373241 -0.22875665685182939
6.113015705110139 0 -0.035349166642968492
6.1173790282401255 0.00027772586612940375 0.16185888289093711
6.121742351370111 0.0014021208231341854 0.35194090147523421
6.1261056745000966 0.0033362992378015801 0.53329765754322256
6.1304689976300821 0.0060441198760163581 0.70647191915856178
6.1348323207600686 0.0094898626347670878 0.8716932051700087
6.1391956438900541 0.013635296100180862 1.0260635703774494
6.1435589670200397 0.018413857267904857 1.1597392598348744
6.1479222901500261 0.023713597316821683 1.2643088827837115
6.1522856132800117 0.02940279507369754 1.3384623002740841
6.1566489364099972 0.035350337668352383 1.3826752293079423
6.1610122595399837 0.041424530177580805 1.3963729890151364
6.1653755826699692 0.047495910241009569 1.3825133928284565
6.1697389057999548 0.053464140040719782 1.3513994253748574
6.1741022289299412 0.059277184448226938 1.3120963779904877
6.1784655520599268 0.064904627653447469 1.2661149320348051
6.1828288751899123 0.070315857860618558 1.2130766693105353
6.1871921983198979 0.075479553363043433 1.1523617326143385
6.1915555214498843 0.08036764348833654 1.0885751166938538
6.1959188445798699 0.084999560504975993 1.0388125626156068
6.2002821677098554 0.089475893978593485 1.0185463749203389
6.2046454908398418 0.093935022810380811 1.0305732748779881
6.2090088139698274 0.09851519697161043 1.0741274604456026
6.213372137099813 0.10335447609522697 1.1492559058478957
6.2177354602297994 0.10859160588736545 1.2568773584115835
6.2220987833597849 0.11437543642849926 1.4006888198366687
6.2264621064897705 0.12087252999687587 1.5841088021871321
6.2308254296197561 0.12825804658280099 1.8078556170187916
6.2351887527497425 0.13670732565825952 2.0716722599293753
6.239552075879728 0.14639544616055059 2.3758127090322869
6.2439153990097136 0.15749816778558592 2.7198069809655308
6.2482787221397 0.17014411756545542 3.0733430536336401
6.2526420452696856 0.18442636335668505 3.5012842780215938
6.2570053683996711 0.20027706971488715 3.6394116234664828
6.2613686915296576 0.21570328267863043 3.4454949079354305
6.2657320146596431 0.22855347376345417 2.0200320862651222
6.2700953377896287 0.23854832054847766 4.1814677801104549
6.2744586609196151 0.24425975671430025 -7.9470585076466538
6.2788219840496007 0.24711552237063242 33.497140330227609
6.2831853071795862 0.47583571749981252 33.178399463109017
