# q  U_kJmol  dU_dq   # conservative spline pchip_hermite_v1
0 4.6630056869291492 -0.03726892422046757
0.0043633231299858239 4.6629631455873524 -0.0075839576023218423
0.0087266462599716477 4.6628699203351394 -0.025741479397792796
0.013089969389957472 4.6627707346573244 -0.021742135479986748
0.017453292519943295 4.6626731466932299 -0.022581569092261517
0.021816615649929118 4.6625751308962835 -0.022418827725305901
0.026179938779914945 4.6624772294092969 -0.022445922042825202
0.030543261909900768 4.662379296315196 -0.022443423851720028
0.034906585039886591 4.6622813700596355 -0.022443351915581347
0.039269908169872414 4.6621834396953661 -0.022444260957375711
0.043633231299858237 4.6620855080944503 -0.022444371921900238
0.04799655442984406 4.6619875757576255 -0.022444375251235046
0.05235987755982989 4.6618896447793885 -0.022443822846966187
0.056723200689815713 4.6617917170261221 -0.022442877712074226
0.061086523819801536 4.6616937944299854 -0.022441447548230881
0.065449846949787352 4.6615958789003313 -0.022439709001723391
0.069813170079773182 4.6614979702511308 -0.022438504144722583
0.074176493209759012 4.6614000639162896 -0.022438740231554507
0.078539816339744828 4.6613021528539065 -0.022440659923326497
0.082903139469730658 4.6612042298895044 -0.02244417871322172
0.087266462599716474 4.6611062878807807 -0.022449460998362702
0.091629785729702304 4.6610083196253527 -0.022455952883606922
0.09599310885968812 4.660910325485224 -0.022460545971307904
0.10035643198967395 4.6608123221193853 -0.022459821875377498
0.10471975511965978 4.66071433570841 -0.022452810997026378
0.1090830782496456 4.6606163930582065 -0.022439833610601975
0.11344640137963143 4.6605185207733344 -0.022420286706079418
0.11780972450961724 4.6604207459447222 -0.022396066083888739
0.12217304763960307 4.6603230684470693 -0.022378569650385351
0.1265363707695889 4.6602254275538479 -0.022380688815161132
0.1308996938995747 4.6601277259557774 -0.022406278816159912
0.13526301702956053 4.6600298634988322 -0.022454135642600796
0.13962634015954636 4.6599317410679122 -0.022526461689690271
0.14398966328953219 4.6598332568442959 -0.022616795948000298
0.14835298641951802 4.6597344068278632 -0.022683383817040527
0.15271630954950383 4.659635412172956 -0.022677644787046852
0.15707963267948966 4.6595366344706495 -0.02258429350718677
0.16144295580947549 4.659438447917692 -0.02240782768294183
0.16580627893946132 4.6593412218218626 -0.022140236228560001
0.17016960206944712 4.6592453385721635 -0.021803433202630472
0.17453292519943295 4.6591508293751129 -0.021550234760027102
0.17889624832941878 4.6590568896198148 -0.02156358323617584
0.18325957145940461 4.6589621760240014 -0.021903922011540788
0.18762289458939044 4.6588652905373982 -0.022554554090276513
0.19198621771937624 4.6587648569000217 -0.023544497882411197
0.19634954084936207 4.6586594400385035 -0.024799831947992852
0.2007128639793479 4.6585488642084121 -0.02576180994446604
0.20507618710933373 4.6584360537959908 -0.02574199504132256
0.20943951023931956 4.6583259976539413 -0.024501965479828903
0.21380283336930536 4.6582239189525687 -0.022103317628410262
0.21816615649929119 4.6581349471844176 -0.018441390938955769
0.22252947962927702 4.6580644644245508 -0.013763976371888181
0.22689280275926285 4.6580133423414791 -0.010112034798176829
0.23125612588924865 4.6579709633564832 -0.01007448339827356
0.23561944901923448 4.6579188042935096 -0.014589605433455546
0.23998277214922031 4.6578373518099498 -0.023431627394826657
0.24434609527920614 4.65770748499164 -0.036976334508567736
0.24870941840919197 4.657509031907062 -0.054399171758322408
0.2530727415391778 4.6572379543922615 -0.068252438817764341
0.25743606466916363 4.6569327594675221 -0.06880681659478334
0.26179938779914941 4.6566622029615692 -0.052377819130576216
0.26616271092913524 4.6564991821531523 -0.019787709354971046
0.27052603405912107 4.6565149832786181 0.030307858618262178
0.2748893571891069 4.6567851628532253 0.095182120518489233
0.27925268031909273 4.6573276495890683 0.14771185620294564
0.28361600344907856 4.6580029468280717 0.15125704007809768
0.28797932657906439 4.6585558795507138 0.091728700370295277
0.29234264970905022 4.658714412241701 -0.029004255913406496
0.29670597283903605 4.6582111322367643 -0.21274246977001202
0.30106929596902182 4.6567713140861811 -0.45600174689794221
0.30543261909900765 4.6542031041200946 -0.71896768569750702
0.30979594222899348 4.6505491626471116 -0.94616371371120145
0.31415926535897931 4.6460302270799341 -1.1156337900245499
0.31852258848896514 4.6408947232277411 -1.2292047137265405
0.32288591161895097 4.6353851353178364 -1.2865733210414325
0.3272492347489368 4.6297477696976426 -1.2885827025449226
0.33161255787892263 4.6241996108326129 -1.2496960045014411
0.33597588100890846 4.6188713959297178 -1.1906770391559469
0.34033920413889424 4.6138262721090966 -1.1197781786801182
0.34470252726888007 4.6091165337383755 -1.0371594456714754
0.3490658503988659 4.6047953746895214 -0.94077172692090161
0.35342917352885173 4.6009223510727102 -0.83365864626746955
0.35779249665883756 4.5974811842051908 -0.75346063169188526
0.36215581978882339 4.5942270429111334 -0.75585362933913436
0.36651914291880922 4.5907294052125547 -0.86530613674925771
0.37088246604879505 4.5865234541084616 -1.0795193296317895
0.37524578917878088 4.581152906422969 -1.4009321025883743
0.37960911230876665 4.5741475031106198 -1.8258293756594475
0.38397243543875248 4.5651620219195008 -2.2902727075324227
0.38833575856873831 4.5542454985193785 -2.6966901973481714
0.39269908169872414 4.5417773831570081 -3.0010597814212234
0.39706240482870997 4.5282004953865789 -3.2062957599400495
0.4014257279586958 4.5139437720660851 -3.3107385082394156
0.40578905108868163 4.4994518643534276 -3.3168529068429642
0.41015237421866746 4.4850512877690436 -3.286858782810496
0.41451569734865329 4.4706783079362831 -3.3189520933223906
0.41887902047863912 4.4559315147178982 -3.4586139984130178
0.42324234360862489 4.4403423673633959 -3.7040482616589574
0.42760566673861072 4.4234546922553992 -4.0546112641135643
0.43196898986859655 4.4048063356040581 -4.5102823673216905
0.43633231299858238 4.3839661289528866 -5.054595461829507
0.44069563612856821 4.3606060800959732 -5.6611929135178789
0.44505895925855404 4.3344907170839466 -6.3174203612395994
0.44942228238853987 4.3054042932488201 -7.0230785365954489
0.4537856055185257 4.2731289234344905 -7.7795270859764845
0.45814892864851153 4.2374424317329948 -8.5859471120108743
0.46251225177849731 4.1981596409128317 -9.4217662453595583
0.46687557490848314 4.1552304209412485 -10.251802830363667
0.47123889803846897 4.1087293496589163 -11.058761426886496
0.4756022211684548 4.0587580934449772 -11.842637926173033
0.47996554429844063 4.0054145678058815 -12.604698406345497
0.48432886742842646 3.9487940258642018 -13.34429209408235
0.48869219055841229 3.8890182203386607 -14.046366744644946
0.49305551368839812 3.82630965935404 -14.684288015727299
0.49741883681838395 3.7609869596575161 -15.24429178567171
0.50178215994836972 3.6933911534762034 -15.726577713404687
0.50614548307835561 3.6238593725018822 -16.131381346671532
0.51050880620834138 3.5527312922114938 -16.458493668271707
0.51487212933832727 3.480334541228661 -16.715049027635352
0.51923545246831304 3.4069488793667353 -16.913914020047809
0.52359877559829882 3.332806820446331 -17.061884036317981
0.5279620987282847 3.2581296678774434 -17.159102580294963
0.53232542185827048 3.1831400996228325 -17.204962883492637
0.53668874498825636 3.108062418334284 -17.199686389249138
0.54105206811824214 3.0331067983955498 -17.151590920369749
0.54541539124822802 2.9584260920145482 -17.07630944883034
0.5497787143782138 2.8841147673477776 -16.982546005742364
0.55414203750819968 2.8102520040194126 -16.870505032056254
0.55850536063818546 2.7369190303874862 -16.739767747742711
0.56286868376817123 2.6641968543721131 -16.590547788277014
0.56723200689815712 2.5921647825937515 -16.423730681211996
0.57159533002814289 2.5208958382119087 -16.241050597863499
0.57595865315812877 2.4504564615540771 -16.043531536833097
0.58032197628811455 2.3809110363330377 -15.831283378415584
0.58468529941810043 2.3123240004671408 -15.604219357942769
0.58904862254808621 2.244760159251499 -15.362286795132581
0.59341194567807209 2.1782826237842534 -15.10669543015957
0.59777526880805787 2.1129454672891681 -14.84003781133188
0.60213859193804364 2.0487928376837354 -14.563772127851552
0.60650191506802953 1.9858664818472234 -14.277948044796194
0.6108652381980153 1.924208377871591 -13.982400574800621
0.61522856132800119 1.8638612697429562 -13.677054442076445
0.61959188445798696 1.804862936957121 -13.365262479218321
0.62395520758797285 1.7472263335998126 -13.054170658410062
0.62831853071795862 1.6909364637686428 -12.74812794926285
0.63268185384794451 1.6359703465996123 -12.447299552624431
0.63704517697793028 1.5823060291785704 -12.151458984436484
0.64140850010791606 1.5299214421997585 -11.860720238806095
0.64577182323790194 1.478793472025892 -11.575651877801446
0.65013514636788772 1.4288948717414329 -11.297425521305149
0.6544984694978736 1.3801937298335969 -11.026835101335854
0.65886179262785938 1.3326563709486599 -10.76395313845922
0.66322511575784526 1.2862492990449548 -10.508785060203936
0.66758843888783104 1.2409385414644547 -10.261441047270925
0.67195176201781692 1.1966927220388783 -10.020017431750707
0.6763150851478027 1.1534951368204349 -9.7801456140101006
0.68067840827778847 1.1113467365877019 -9.5389772890575983
0.68504173140777436 1.0702539533377717 -9.2963671725278427
0.68940505453776013 1.030222533980641 -9.0524471298162794
0.69376837766774602 0.99125855402152718 -8.8070800894642769
0.69813170079773179 0.95336741360181865 -8.5609208924433968
0.70249502392771768 0.91654915085163524 -8.3156382396753035
0.70685834705770345 0.88079694796515162 -8.072302928217594
0.71122167018768934 0.84610211524253354 -7.8309638827664667
0.71558499331767511 0.81245614079642559 -7.5915193721412892
0.71994831644766089 0.77985109529012464 -7.3538046091893428
0.72431163957764677 0.74827563265751318 -7.1205291114778229
0.72867496270763255 0.71769644698182777 -6.8984672471235209
0.73303828583761843 0.68805200015179002 -6.6923215343257798
0.73740160896760421 0.65927126072395847 -6.5024456936730477
0.74176493209759009 0.63128414424557122 -6.328598356179671
0.74612825522757587 0.6040202688822236 -6.170944638926029
0.75049157835756175 0.57740948513746082 -6.0291101633253588
0.75485490148754752 0.55138493231271724 -5.9020063719722646
0.7592182246175333 0.52588440172655371 -5.7889021708400996
0.76358154774751918 0.5008469063610439 -5.6897720481093979
0.76794487087750496 0.47621135072217269 -5.604683773791538
0.77230819400749084 0.45191600141879879 -5.5339049480820037
0.77667151713747662 0.42790255005222788 -5.474381134599601
0.7810348402674625 0.4041388240913929 -5.4177379284213512
0.78539816339744828 0.3806286424452211 -5.357811795389571
0.78976148652743416 0.35738874082709449 -5.2940044451741093
0.79412480965741994 0.33443488801441373 -5.2266564489020402
0.79848813278740571 0.31178266008859412 -5.1558011166054527
0.8028514559173916 0.28944977285228118 -5.0796259610780687
0.80721477904737737 0.26746968582704866 -4.9930518733830267
0.81157810217736326 0.24589794665137987 -4.8921965221768744
0.81594142530734903 0.22479869330833521 -4.7765753853885249
0.82030474843733492 0.2042356374882566 -4.6463956940631546
0.82466807156732069 0.18427248679842931 -4.5016089506773369
0.82903139469730658 0.16497331908464011 -4.3419501643400036
0.83339471782729235 0.14640454920671217 -4.1666664264048476
0.83775804095727824 0.12863589450239951 -3.9751569332883601
0.84212136408726401 0.11173849950238593 -3.7673259258252152
0.84648468721724979 0.095783470038352372 -3.5432025861578729
0.85084801034723567 0.080842027790841084 -3.3027129005455804
0.85521133347722145 0.066984801123113072 -3.046452024913469
0.85957465660720733 0.054277027066855943 -2.7762280907564287
0.86393797973719311 0.042775824701154229 -2.4935017157803285
0.86830130286717899 0.032534997875151045 -2.1984831749413298
0.87266462599716477 0.023608403733078532 -1.891113491909872
0.87702794912715065 0.016050206925794036 -1.5711702280625524
0.88139127225713643 0.0099131654717971394 -1.2403578174099792
0.8857545953871222 0.0052335725741197436 -0.90436846494356427
0.89011791851710809 0.0020217162363871262 -0.56792914798458438
0.89448124164709386 0.00027718413665188749 -0.23167661225026354
0.89884456477707975 0 0.10460590436895832
0.90320788790706552 0.0011903649925130398 0.44110990245030712
0.90757121103705141 0.0038472884691080332 0.77615518802064654
0.91193453416703718 0.0079526925545288629 1.1037032933290942
0.91629785729702307 0.013460509110546803 1.4185952820528021
0.92066118042700884 0.020312795508867405 1.7200963820290436
0.92502450355699462 0.028452105136960875 2.0084813555745997
0.9293878266869805 0.037820859045895758 2.2836359730958802
0.93375114981696627 0.048361565268241716 2.5457112069183165
0.93811447294695216 0.06001804825647053 2.7951823050619637
0.94247779607693793 0.072736420121467388 3.0324752848394501
0.94684111920692382 0.086463750011921456 3.2576417177688066
0.95120444233690959 0.10114713238401309 3.4707247113386175
0.95556776546689548 0.11673337953286826 3.6713236645749547
0.95993108859688125 0.13317050490805321 3.8616297271939626
0.96429441172686703 0.15042997628958835 4.0502307640208013
0.96865773485685291 0.16852429584376327 4.2449233415714183
0.97302105798683869 0.18748466490735127 4.4470030973246928
0.97738438111682457 0.20734199728858665 4.6561498273768605
0.98174770424681035 0.22812699594561489 4.8720060499604907
0.98611102737679623 0.24987151835569796 5.0969707150795136
0.99047435050678201 0.27263420816434281 5.341016106035803
0.99483767363676789 0.29652197392135932 5.6134554560769434
0.99920099676675367 0.32166462778450455 5.9159954135447013
1.0035643198967394 0.34819183810858256 6.2481446410492714
1.0079276430267252 0.37623335732904495 6.6101207777747302
1.0122909661567112 0.40591865745852795 7.0014096094432716
1.016654289286697 0.43737204765188337 7.4201078299232623
1.0210176124166828 0.47070848388124992 7.8643623837500156
1.0253809355466685 0.50603820661982646 8.3338158859275371
1.0297442586766545 0.54347122693007177 8.8283510624474015
1.0341075818066403 0.58311798379147228 9.3489308772117852
1.0384709049366261 0.62508742116524219 9.8910870638487811
1.0428342280666119 0.66943617541436351 10.434737769711743
1.0471975511965976 0.71612090917791527 10.959977747076232
1.0515608743265836 0.76504713328134188 11.462603573754309
1.0559241974565694 0.81611919781447773 11.943366726778187
1.0602875205865552 0.86924199312136918 12.403038108622384
1.064650843716541 0.92431949367346966 12.837524376178033
1.0690141668465269 0.98120497194932044 13.226938169314769
1.0733774899765127 1.039651291764528 13.551026237833083
1.0777408131064985 1.0993582943127453 13.805197361828998
1.0821041362364843 1.160024220669873 13.990513841706838
1.08646745936647 1.2213476873308293 14.106475654931206
1.090830782496456 1.2830273096420304 14.154277920688454
1.0951941056264418 1.3447764571919059 14.139783664688444
1.0995574287564276 1.4063385862399673 14.069176005743971
1.1039207518864134 1.4674735926015303 13.94384852013641
1.1082840750163994 1.5279420827619958 13.763835410661455
1.1126473981463851 1.5875044926076953 13.527977615337313
1.1170107212763709 1.6459210368200361 13.24060779471273
1.1213740444063567 1.7030101789946206 12.925451282602708
1.1257373675363425 1.7587137222148244 12.608125071696307
1.1301006906663285 1.813043032903136 12.295066071460971
1.1344640137963142 1.8660130550763239 11.985197652858391
1.1388273369263 1.9176379064712024 11.678281086962132
1.1431906600562858 1.9679316362447865 11.3757326582669
1.1475539831862718 2.0169284404069003 11.085930761360975
1.1519173063162575 2.0647066780536085 10.818161790459317
1.1562806294462433 2.1113704719553725 10.574979873228422
1.1606439525762291 2.1570255956530588 10.355730888601958
1.1650072757062149 2.2017772741474468 10.161235030923702
1.1693705988362009 2.2457316924557844 9.9891485542036094
1.1737339219661866 2.2889601718398835 9.8247157542305974
1.1780972450961724 2.33145507933054 9.651047710762457
1.1824605682261582 2.3731612067443679 9.4634605706484543
1.1868238913561442 2.4140199151180926 9.2625095284524779
1.19118721448613 2.4539731954320581 9.0487319459039828
1.1955505376161157 2.4929637700877039 8.8203591869513822
1.1999138607461015 2.5309068546410813 8.5655190083888488
1.2042771838760873 2.5676532051675083 8.2702376309636065
1.2086405070060733 2.603013386559669 7.9303299188812195
1.2130038301360591 2.6367945451766839 7.5465263623681968
1.2173671532660448 2.6688047156238976 7.1183504388868002
1.2217304763960306 2.6988510716100671 6.6469965525837553
1.2260937995260166 2.7267601259397809 6.1408682833664239
1.2304571226560024 2.7524044743343787 5.6101377699595174
1.2348204457859882 2.7756866122127755 5.0579546749640318
1.2391837689159739 2.7965120761323683 4.484196659806015
1.2435470920459597 2.8147859908421839 3.8880112104015527
1.2479104151759457 2.8304120426312682 3.2716585708496777
1.2522737383059315 2.8433313313585109 2.6516849423912943
1.2566370614359172 2.8535770766206161 2.0487058179861344
1.261000384565903 2.8612443615620458 1.4695841330993105
1.265363707695889 2.8664353909619091 0.91368337052011583
1.2697270308258748 2.8692509998372486 0.38064135990444586
1.2740903539558606 2.8697915887998064 -0.1286971542684974
1.2784536770858463 2.8681716628489355 -0.60795019206287415
1.2828170002158321 2.8645419347034786 -1.0488983609578306
1.2871803233458181 2.8590782107806936 -1.4486534606829635
1.2915436464758039 2.8519594077437791 -1.8075960811145284
1.2959069696057897 2.8433637486143075 -2.1254305282821986
1.3002702927357754 2.8334701850977009 -2.4029348949326543
1.3046336158657614 2.8224438440347233 -2.6462967747059269
1.3089969389957472 2.8104147729660802 -2.8636117271624046
1.313360262125733 2.7974875792164537 -3.0579200746166095
1.3177235852557188 2.7837629969888305 -3.2291193346661653
1.3220869083857045 2.7693423528490437 -3.376834798233932
1.3264502315156905 2.7543276736909736 -3.5017789952413914
1.3308135546456763 2.738807738491186 -3.6101036019780066
1.3351768777756621 2.722835588808679 -3.7101692187255226
1.3395402009056478 2.7064376908611876 -3.8052248651564886
1.3439035240356338 2.6896364412483371 -3.8949837843238244
1.3482668471656196 2.6724550429637648 -3.9795876119652482
1.3526301702956054 2.6549160903271614 -4.0586206197738219
1.3569934934255912 2.6370507292480201 -4.1281429385713988
1.3613568165555769 2.6189129860669267 -4.1827187077119143
1.3657201396855629 2.6005746135041781 -4.2201120524147013
1.3700834628155487 2.5821105498137857 -4.2403243598796996
1.3744467859455345 2.5635953209748452 -4.2436792037919151
1.3788101090755203 2.545102718251937 -4.2296695140526088
1.3831734322055063 2.5267172523566952 -4.193135000963423
1.387536755335492 2.5085542775613292 -4.1266472743657179
1.3919000784654778 2.4907536335638278 -4.0270387757580499
1.3962634015954636 2.4734595364145209 -3.8945642323970886
1.4006267247254494 2.4568152731206578 -3.7290020985024599
1.4049900478554354 2.4409653061796077 -3.5308143854357867
1.4093533709854211 2.4260417057836809 -3.3060867073991136
1.4137166941154069 2.4121397611845916 -3.0638236295144985
1.4180800172453927 2.3993246202629583 -2.8079336692729386
1.4224433403753787 2.3876557057861265 -2.5384381697521254
1.4268066635053644 2.3771931511849815 -2.2547909228266154
1.4311699866353502 2.3679985197886322 -1.9576836760625773
1.435533309765336 2.3601160640414807 -1.6558146093198307
1.4398966328953218 2.3535363228017023 -1.3625320847129694
1.4442599560253078 2.3482044050523108 -1.0839104967702515
1.4486232791552935 2.3440563153946745 -0.81979889831133901
1.4529866022852793 2.3410295293755889 -0.56997504767121321
1.4573499254152651 2.3390613860408518 -0.33456136228444561
1.4617132485452511 2.338088133973625 -0.11413401213162581
1.4660765716752369 2.3380421436448886 0.09031795973707353
1.4704398948052226 2.3388524114804543 0.27834067940052243
1.4748032179352084 2.3404472990939591 0.44998239831643444
1.4791665410651942 2.3427553080215939 0.60516372353585934
1.4835298641951802 2.3457046073975789 0.74402163629803364
1.487893187325166 2.3492270794096313 0.86841196936870269
1.4922565104551517 2.3532661717093513 0.98127914520282222
1.4966198335851375 2.3577758065860221 1.0841432988119144
1.5009831567151235 2.3627125208007063 1.1769788764519982
1.5053464798451093 2.3680323586866328 1.2598269680323211
1.509709802975095 2.3736920510881192 1.3326822094766579
1.5140731261050808 2.3796440662357918 1.3930662201452817
1.5184364492350666 2.3858244958774684 1.4367074892046392
1.5227997723650526 2.3921542695255811 1.4614860153032558
1.5271630954950384 2.3985511354574145 1.467541273362938
1.5315264186250241 2.4049335968111185 1.4547671129771265
1.5358897417550099 2.4112190953734558 1.4232379334894643
1.5402530648849959 2.4173321865434794 1.3769235160070663
1.5446163880149817 2.4232236539361454 1.3227944891990944
1.5489797111449675 2.4288695107715323 1.2643783488942408
1.5533430342749532 2.4342516748024079 1.202000739452618
1.557706357404939 2.4393520065317129 1.1348518831608807
1.562069680534925 2.444148570665694 1.0631960868651116
1.5664330036649108 2.4486469929363532 1.0031256687870143
1.5707963267948966 2.4529621623780637 0.98408052763008758
1.5751596499248823 2.4573173524150502 1.0218522805797343
1.5795229730548683 2.4619624980998722 1.1166853627763638
1.5838862961848541 2.4671439570460905 1.2676819359425093
1.5882496193148399 2.4731072373700109 1.4751451808855718
1.5926129424448257 2.4801086420130396 1.7455981163899925
1.5969762655748114 2.4884502929075318 2.0915702791718767
1.6013395887047974 2.498481206571745 2.5201656634677447
1.6057029118347832 2.5105626591859509 3.0311102205667582
1.610066234964769 2.5250531095651896 3.6248881961303865
1.6144295580947547 2.5423166259123731 4.3017563095859845
1.6187928812247407 2.5626837383571428 5.0410010879540312
1.6231562043547265 2.586339416108911 5.8020803064158102
1.6275195274847123 2.6133144278400842 6.5617755409024534
1.6318828506146981 2.6435980946568129 7.3189849854673454
1.6362461737446838 2.6771838678888225 8.0756767731071282
1.6406094968746698 2.7140708013744415 8.8317719115036812
1.6449728200046556 2.7542164132742579 9.5609124097024889
1.6493361431346414 2.7973880064351686 10.209268979355286
1.6536994662646272 2.8431448590492003 10.744707131623427
1.6580627893946132 2.8909872460302393 11.165999227326049
1.6624261125245989 2.9404227569386943 11.474651826742431
1.6667894356545847 2.9909576502525383 11.669980323559749
1.6711527587845705 3.0420967573854378 11.751320220735197
1.6755160819145565 3.0933391382286768 11.717064729123878
1.6798794050445423 3.1441775856938081 11.566028437998632
1.684242728174528 3.1941022381014559 11.298425759267714
1.6886060513045138 3.2426045166036781 10.913641303666846
1.6929693744344996 3.2891701403398024 10.410883811100431
1.6973326975644856 3.3333175471075727 9.8125089885064529
1.7016960206944713 3.374732754008738 9.16760000293338
1.7060593438244571 3.4132975675556181 8.5073024042769578
1.7104226669544429 3.4489535700972542 7.833664546623301
1.7147859900844289 3.4816367675285411 7.1446122142177213
1.7191493132144147 3.5112793793269215 6.4399564796744899
1.7235126363444004 3.5378425944118597 5.739841840569885
1.7278759594743862 3.5614426165497761 5.0903775130438502
1.732239282604372 3.5823823733415399 4.5219443446517005
1.736602605734358 3.6010250397227748 4.036714596912832
1.7409659288643438 3.6177280734730246 3.6331105653254832
1.7453292519943295 3.6328493273042639 3.3116115149445915
1.7496925751243153 3.6467506875442792 3.0749229355349947
1.7540558982543013 3.6598161121315034 2.9296922345741403
1.7584192213842871 3.6724568074024266 2.8805342325195618
1.7627825445142729 3.6850935953608066 2.9276881043693392
1.7671458676442586 3.6981458854992684 3.071222404375237
1.7715091907742444 3.7120366061288106 3.3120719307158324
1.7758725139042304 3.7271706231136834 3.636429474128215
1.7802358370342162 3.7438424405635526 4.0102910968020247
1.7845991601642019 3.7622044553581526 4.4098948719930213
1.7889624832941877 3.782360146518851 4.8329532684003409
1.7933258064241737 3.804416231405531 5.2809714135995662
1.7976891295541595 3.8284827358272464 5.754717568236253
1.8020524526841453 3.8546488508383145 6.2375633620799089
1.806415775814131 3.8828662424544671 6.6863738417823875
1.8107790989441168 3.9129036414164293 7.0699849093243943
1.8151424220741028 3.9444642633660134 7.3853660160017114
1.8195057452040886 3.9772562118199906 7.6341192459787957
1.8238690683340744 4.0109868863824225 7.8157434918444704
1.8282323914640601 4.045362645593821 7.9294413417766147
1.8325957145940461 4.0800817206606412 7.9725998246217804
1.8369590377240319 4.1148312530383633 7.943255542415967
1.8413223608540177 4.149294096310892 7.8413021837156132
1.8456856839840035 4.1831539108957321 7.6667350068448812
1.8500490071139892 4.2160917736585724 7.4184577084898953
1.8544123302439752 4.247800997970038 7.10749712526452
1.858775653373961 4.2780704271943177 6.7649370004728437
1.8631389765039468 4.3068248406969785 6.4145598196161258
1.8675022996339325 4.3340408452522521 6.059248508692459
1.8718656227639185 4.3596926862828376 5.6976992338423562
1.8762289458939043 4.3837516619220072 5.3285944518441237
1.8805922690238901 4.4062056151265248 4.9678571452085647
1.8849555921538759 4.4271854789169458 4.6628697907648231
1.8893189152838616 4.4470325558240793 4.451200400541734
1.8936822384138476 4.4661717252331767 4.3372970827977078
1.8980455615438334 4.4850219584476241 4.3192005068950516
1.9024088846738192 4.5040100144267106 4.401592187041893
1.906772207803805 4.5235307166758991 4.5511025941757719
1.911135530933791 4.5436738935107162 4.6648718838235279
1.9154988540637767 4.5640653925222132 4.6590000696258427
1.9198621771937625 4.5841411652376056 4.5223743779915999
1.9242255003237483 4.6033469441937322 4.2595079004453185
1.9285888234537341 4.6211206545893271 3.8648180410587165
1.9329521465837201 4.6369284394124106 3.3701552845478235
1.9373154697137058 4.6505338356756729 2.8775744803692591
1.9416787928436916 4.6621676740198659 2.4727662477478924
1.9460421159736774 4.6722586724229362 2.1682580033862418
1.9504054391036634 4.6812287100825891 1.9596047731954049
1.9547687622336491 4.6895014156181896 1.848559851623172
1.9591320853636349 4.6974976310566019 1.8318419288255929
1.9634954084936207 4.7056107681383414 1.9000473541922556
1.9678587316236065 4.7141902692950808 2.0449812944479122
1.9722220547535925 4.7235661177191668 2.2652164759753082
1.9765853778835782 4.734067327900723 2.5606116085006221
1.980948701013564 4.7460279539509314 2.9359580843521353
1.9853120241435498 4.759760553739782 3.3609168859456684
1.9896753472735358 4.7752695457586425 3.7254119337789207
1.9940386704035216 4.7920407999623276 3.9316978212781049
1.9984019935335073 4.8093262073018792 3.9634324299044579
2.0027653166634933 4.8263826646731731 3.8262993615922469
2.0071286397934789 4.8424624698861063 3.5141860626884629
2.0114919629234649 4.8568346747653708 3.0542162593268039
2.0158552860534504 4.8690485282384044 2.5481761497069821
2.0202186091834364 4.879140152903596 2.0891962299451254
2.0245819323134224 4.8873729582570675 1.6939889551387723
2.028945255443408 4.8940087551528499 1.3577458231914856
2.033308578573394 4.8993098229765222 1.0822113806158207
2.0376719017033795 4.9035367349058445 0.86436497993753414
2.0420352248333655 4.9069219752088591 0.69405905072205754
2.0463985479633515 4.9096486482557911 0.56164089359328551
2.0507618710933371 4.911875444124493 0.4651317286855936
2.0551251942233231 4.913760519061757 0.4049463086832692
2.0594885173533091 4.9154624713832638 0.38134131169260799
2.0638518404832946 4.9171387427960083 0.39238399122856471
2.0682151636132806 4.918925576186469 0.43017819421486558
2.0725784867432662 4.9209205427737723 0.48707736417460717
2.0769418098732522 4.9232015285109387 0.56144060818197727
2.0813051330032382 4.9258458534437031 0.65355437323074994
2.0856684561332237 4.9289310757851208 0.76368842687089933
2.0900317792632097 4.9325344270478384 0.89041638104040333
2.0943951023931953 4.9367156392666693 1.0269176431003502
2.0987584255231813 4.9415002681441189 1.1663713017800845
2.1031217486531673 4.9468965740527793 1.307492286683329
2.1074850717831528 4.9529125279351671 1.450151400293674
2.1118483949131388 4.9595564154313765 1.5961678757264703
2.1162117180431244 4.9668356528720441 1.7380126549973989
2.1205750411731104 4.9746627050957715 1.8381012067471749
2.1249383643030963 4.9827594974877147 1.8580115992140496
2.1293016874330819 4.9907474809989472 1.7889296803850798
2.1336650105630679 4.9982455846642653 1.6337189159019074
2.1380283336930539 5.0048730162158872 1.3881972715358204
2.1423916568230394 5.0102497256401 1.0669313730994192
2.1467549799530254 5.014182140501636 0.74455962650037366
2.151118303083011 5.0168599313192797 0.49967276646392983
2.155481626212997 5.0186833558444466 0.35155700951490754
2.159844949342983 5.020061693207011 0.29546851355050602
2.1642082724729685 5.0214021364775672 0.33586480467967439
2.1685715956029545 5.0231128202117565 0.45887266929453274
2.1729349187329401 5.0254181532239155 0.58985423837769513
2.1772982418629261 5.0281542957276093 0.64797361211754312
2.1816615649929121 5.0309360834551748 0.61210067993766681
2.1860248881228976 5.0333657573463748 0.48676073832797184
2.1903882112528836 5.0350487057212261 0.26848714966569559
2.1947515343828692 5.0355880685910304 -0.032760675992054802
2.1991148575128552 5.0347253018019691 -0.35980060151440435
2.2034781806428412 5.0325033833881658 -0.64891023695737138
2.2078415037728267 5.0291431208929298 -0.88258332945363116
2.2122048269028127 5.0248775356941007 -1.0639031021821752
2.2165681500327987 5.0199367581581962 -1.1916330142184861
2.2209314731627843 5.0145522097250375 -1.2687360424337704
2.2252947962927703 5.0089127068739021 -1.3130021567564056
2.2296581194227558 5.0031122622646116 -1.3447838185463856
2.2340214425527418 4.9971867379565795 -1.3700449250281945
2.2383847656827278 4.991167058230003 -1.3879538006091239
2.2427480888127134 4.9850852112251181 -1.3985367610652697
2.2471114119426994 4.9789730811930921 -1.4018601914630713
2.2514747350726849 4.9728614344654369 -1.3984722895604889
2.2558380582026709 4.9667778592658909 -1.3890676101434194
2.2602013813326569 4.9607480895304237 -1.3737797566146901
2.2645647044626425 4.9547978587644321 -1.3526549709762674
2.2689280275926285 4.9489527903427346 -1.3254506980643979
2.2732913507226145 4.9432390622941407 -1.2927852847467867
2.2776546738526 4.9376720394823828 -1.2594811313893384
2.282017996982586 4.9322403916334627 -1.2314190990304836
2.2863813201125716 4.9269155983805701 -1.210426605067753
2.2907446432425576 4.9216675540889963 -1.1962221060032665
2.2951079663725436 4.9164665806547001 -1.188900359915757
2.2994712895025291 4.9112826621096586 -1.1883022277174855
2.3038346126325151 4.9060891972846115 -1.1928539631582955
2.3081979357625007 4.9008684565021801 -1.2005622591293537
2.3125612588924866 4.8956085761332444 -1.2108413041108534
2.3169245820224726 4.8902981961335925 -1.2236482141205178
2.3212879051524582 4.8849260209922214 -1.239349727363942
2.3256512282824442 4.8794798286858674 -1.2571144281401896
2.3300145514124297 4.8739630967506153 -1.2697440420636157
2.3343778745424157 4.86842017377265 -1.2679679963871882
2.3387411976724017 4.8629237392641516 -1.2484870825136154
2.3431045208023873 4.8575499879889863 -1.2118728886828916
2.3474678439323733 4.8523739834360748 -1.1574991688629708
2.3518311670623593 4.8474728655256074 -1.0866494773219777
2.3561944901923448 4.8428967331852517 -1.0119802109867735
2.3605578133223308 4.8386227864868827 -0.95029580604447617
2.3649211364523164 4.8345759950542488 -0.90775469291582167
2.3692844595823024 4.8306743806719972 -0.88360670689450449
2.3736477827122884 4.8268377257133226 -0.87826056715261391
2.3780111058422739 4.8229839498855362 -0.89090174491532448
2.3823744289722599 4.8190506019932409 -0.91216433766889438
2.3867377521022455 4.8150298641344875 -0.92926742545201357
2.3911010752322315 4.8109544084552924 -0.93729859866953924
2.3954643983622175 4.8068627756194626 -0.93681461371793062
2.399827721492203 4.8027920385150011 -0.92747512729649062
2.404191044622189 4.798780953948568 -0.90993614733174666
2.4085543677521746 4.794851273156314 -0.89244837725411319
2.4129176908821606 4.7909759950908697 -0.88656476548417351
2.4172810140121466 4.7870907229582658 -0.89705383737992106
2.4216443371421321 4.7831250168946848 -0.92315487328369683
2.4260076602721181 4.7790104280634891 -0.96592820578706295
2.4303709834021041 4.7746740084077581 -1.0236177307294998
2.4347343065320897 4.7700897090773964 -1.0730354487990363
2.4390976296620757 4.7653709447850652 -1.080555859538328
2.4434609527920612 4.7607417391078162 -1.0319318283115066
2.4478242759220472 4.75644515399269 -0.92863852185369555
2.4521875990520332 4.7527193576488589 -0.76929727518056745
2.4565509221820188 4.749810084642661 -0.55611002382331165
2.4609142453120048 4.74789385451413 -0.32403419329161054
2.4652775684419903 4.7469337413481485 -0.12538117748605762
2.4696408915719763 4.7467178553501252 0.017001437535144048
2.4740042147019623 4.7470024242092226 0.10459828411862254
2.4783675378319479 4.7475503459865065 0.13698382537604911
2.4827308609619338 4.7481188721864802 0.11507950009054674
2.4870941840919194 4.7485070245287071 0.06046188808763809
2.4914575072219054 4.7486472016798507 0.0063255495078581468
2.4958208303518914 4.7485848009872091 -0.032288932307375007
2.5001841534818769 4.748387031984235 -0.056049326470166909
2.5045474766118629 4.7481170201577259 -0.065136169010212713
2.5089107997418489 4.7478399054252742 -0.059582509744545487
2.5132741228718345 4.7476101113142013 -0.045058639993381236
2.5176374460018205 4.7474467928619584 -0.030467219300758311
2.522000769131806 4.7473382168960425 -0.020013314407544353
2.526364092261792 4.7472663369001404 -0.013551903070761102
2.530727415391778 4.747214246510457 -0.011014831853336415
2.5350907385217636 4.7471644880229871 -0.012414899224304719
2.5394540616517496 4.7471023266219428 -0.01627601831472076
2.5438173847817351 4.7470223501392335 -0.020207837692851473
2.5481807079117211 4.7469275825848438 -0.023037780764034586
2.5525440310417071 4.7468228684991898 -0.024794512029217838
2.5569073541716927 4.7467127361371553 -0.02550170747027727
2.5612706773016787 4.74660186364087 -0.025150405692991467
2.5656340004316642 4.7464942387215885 -0.024124426715674045
2.5699973235616502 4.7463913866884653 -0.023065180135114414
2.5743606466916362 4.7462925305705168 -0.022299161741395051
2.5787239698216218 4.7461963701932488 -0.021821638235350896
2.5830872929516078 4.7461016925960591 -0.021624811404247053
2.5874506160815938 4.7460072443222243 -0.02171248662491955
2.5918139392115793 4.7459119466011987 -0.021984978316167293
2.5961772623415653 4.745815370561 -0.022270280719862517
2.6005405854715509 4.7457177151450258 -0.022477611053047963
2.6049039086015369 4.7456193291965141 -0.022607388608297165
2.6092672317315229 4.7455205376527543 -0.022662091979356463
2.6136305548615084 4.7454216763267185 -0.022640346449492064
2.6179938779914944 4.7453230369384194 -0.02256801080917158
2.62235720112148 4.7452247398125484 -0.02249118344138757
2.626720524251466 4.7451267342059094 -0.022435072381805626
2.631083847381452 4.7450289265502912 -0.022399809031737015
2.6354471705114375 4.7449312297911836 -0.02238462557075049
2.6398104936414235 4.74483355397048 -0.022389979754417384
2.6441738167714091 4.7447358202311856 -0.022409172184364761
2.6485371399013951 4.7446379948830408 -0.022429855776462431
2.6529004630313811 4.7445400908125004 -0.022445040116295265
2.6572637861613666 4.7444421331086843 -0.022454620221202516
2.6616271092913526 4.7443441450966981 -0.022458829348583523
2.6659904324213386 4.744246150872292 -0.022457522442287312
2.6703537555513241 4.7441481717441123 -0.022452432884621985
2.6747170786813101 4.7440502171274588 -0.022446865736836914
2.6790804018112957 4.7439522837659638 -0.022442757031159697
2.6834437249412817 4.7438543649346467 -0.022440154816674111
2.6878070480712677 4.7437564543832416 -0.022438989317764894
2.6921703712012532 4.7436585456581737 -0.022439304982803835
2.6965336943312392 4.7435606330034847 -0.022440653932954528
2.7008970174612248 4.7434627137925647 -0.022442152008211463
2.7052603405912108 4.7433647888436008 -0.02244326367782197
2.7096236637211968 4.7432668599585091 -0.022443970394610824
2.7139869868511823 4.7431689288123007 -0.022444292769302092
2.7183503099811683 4.7430709971332901 -0.022444217510865571
2.7227136331111539 4.7429730664757592 -0.0224438601799914
2.7270769562411399 4.7428751375712421 -0.022443457160694187
2.7314402793711259 4.7427772102155243 -0.022443156409323574
2.7358036025011114 4.7426792839259866 -0.022442964506750887
2.7401669256310974 4.7425813582536955 -0.022442875429450344
2.7445302487610834 4.7424834327358312 -0.022442893077676156
2.748893571891069 4.7423855069528331 -0.022442987678606065
2.753256895021055 4.742287580701281 -0.022443096073217969
2.7576202181510405 4.7421896540317467 -0.022443177431216939
2.7619835412810265 4.7420917270734408 -0.022443229532704941
2.7663468644110125 4.7419937999466972 -0.022443254122762046
2.7707101875409981 4.7418958727754434 -0.022443250073230905
2.7750735106709841 4.7417979456728991 -0.022443225043078937
2.7794368338009696 4.7417000186955454 -0.022443195897393253
2.7838001569309556 4.741602091830976 -0.02244317389074894
2.7881634800609416 4.7415041650446135 -0.022443159747113087
2.7925268031909272 4.7414062383041999 -0.022443152965069796
2.7968901263209132 4.7413083115765531 -0.022443153866937904
2.8012534494508987 4.7412103848311302 -0.022443160485667833
2.8056167725808847 4.7411124580522701 -0.022443168320521002
2.8099800957108707 4.7410145312429828 -0.022443174272346142
2.8143434188408563 4.7409166044125177 -0.022443178111144178
2.8187067419708423 4.7408186775695222 -0.022443179980141843
2.8230700651008283 4.7407207507228799 -0.022443179788025895
2.8274333882308138 4.7406228238808277 -0.022443178038971074
2.8317967113607998 4.7405248970477025 -0.022443175933572857
2.8361600344907854 4.7404269702227841 -0.022443174323853118
2.8405233576207713 4.7403290434036016 -0.022443173281887583
2.8448866807507573 4.740231116587835 -0.022443172767155007
2.8492500038807429 4.7401331897731067 -0.022443172805565216
2.8536133270107289 4.7400352629571936 -0.022443173267416933
2.8579766501407144 4.7399373361389001 -0.022443173832815189
2.8623399732707004 4.7398394093183924 -0.022443174268348239
2.8667032964006864 4.7397414824963313 -0.022443174551258202
2.871066619530672 4.7396435556733385 -0.022443174692737027
2.875429942660658 4.7395456288500526 -0.022443174686020865
2.8797932657906435 4.7394477020270704 -0.02244317456407869
2.8841565889206295 4.7393497752047251 -0.022443174411867734
2.8885199120506155 4.7392518483829766 -0.022443174294431104
2.8928832351806011 4.7391539215616474 -0.022443174217792961
2.8972465583105871 4.7390559947405722 -0.022443174178896949
2.9016098814405731 4.7389580679195795 -0.022443174179669685
2.9059732045705586 4.7388601410985096 -0.022443174211817619
2.9103365277005446 4.7387622142772692 -0.022443174252829091
2.9146998508305302 4.738664287455868 -0.022443174284413874
2.9190631739605162 4.738566360634354 -0.022443174305148559
2.9234264970905022 4.7384684338127707 -0.022443174315804795
2.9277898202204877 4.7383705069911644 -0.022443174315961347
2.9321531433504737 4.7382725801695766 -0.022443174307732239
2.9365164664804593 4.7381746533480342 -0.022443174296524135
2.9408797896104453 4.7380767265265362 -0.022443174287908346
2.9452431127404313 4.7379787997050684 -0.022443174282276764
2.9496064358704168 4.7378808728836201 -0.022443174279228418
2.9539697590004028 4.7377829460621781 -0.022443174279344055
2.9583330821303884 4.7376850192407307 -0.022443174281319176
2.9626964052603744 4.7375870924192727 -0.022443174284295056
2.9670597283903604 4.7374891655978013 -0.022443174286897547
2.9714230515203459 4.737391238776322 -0.022443174288174567
2.9757863746503319 4.7372933119548382 -0.022443174289013306
2.9801496977803179 4.7371953851333517 -0.022443174289259817
2.9845130209103035 4.7370974583118661 -0.022443174288663222
2.9888763440402895 4.7369995314903841 -0.022443174287749754
2.993239667170275 4.7369016046689056 -0.022443174287114898
2.997602990300261 4.736803677847429 -0.022443174286903792
3.001966313430247 4.7367057510259531 -0.022443174286544212
3.0063296365602326 4.7366078242044791 -0.022443174286368495
3.0106929596902186 4.7365098973830042 -0.022443174286820283
3.0150562828202041 4.7364119705615275 -0.022443174287020844
3.0194196059501901 4.7363140437400508 -0.022443174286988148
3.0237829290801761 4.7362161169185741 -0.022443174286911512
3.0281462522101616 4.7361181900970974 -0.02244317428725762
3.0325095753401476 4.736020263275619 -0.022443174287171137
3.0368728984701332 4.7359223364541423 -0.022443174287170974
3.0412362216001192 4.7358244096326638 -0.022443174287258099
3.0455995447301052 4.7357264828111871 -0.022443174286902897
3.0499628678600907 4.7356285559897104 -0.022443174287022104
3.0543261909900767 4.7355306291682338 -0.022443174286900493
3.0586895141200627 4.7354327023467562 -0.022443174287871532
3.0630528372500483 4.7353347755252786 -0.022443174284726516
3.0674161603800343 4.7352368487038037 -0.022443174294503536
3.0717794835100198 4.7351389218823217 -0.022443174261593805
3.0761428066400058 4.7350409950608627 -0.022443174372463716
3.0805061297699918 4.7349430682393159 -0.022443174006465609
3.0848694528999774 4.7348451414181003 -0.022443175192272354
3.0892327760299634 4.7347472145956484 -0.022443171437312649
3.0935960991599489 4.7346492877778106 -0.022443182948980012
3.0979594222899349 4.7345513609427501 -0.022443149326291895
3.1023227454199209 4.7344534341719688 -0.022443239951648375
3.1066860685499065 4.7343555071612915 -0.02244303181817224
3.1110493916798925 4.7342575810459175 -0.022443323101865479
3.115412714809878 4.734159651589227 -0.022444047855343808
3.119776037939864 4.7340617346024993 -0.022434581162880815
3.12413936106985 4.7339637710772395 -0.02249514700206617
3.1285026841998356 4.7338659812361428 -0.022174931441376736
3.1328660073298216 4.7337675431969277 -0.02372147960841272
3.1372293304598076 4.7336715242660246 -0.016637914341072226
3.1415926535897931 4.7336251670822778 -0.0076174687022552189
3.1459559767197791 4.733578809898531 -0.01663791434119552
3.1503192998497647 4.7334827909676269 -0.023721479608535503
3.1546826229797507 4.7333843529284119 -0.022174931441379903
3.1590459461097367 4.7332865630873151 -0.02249514700192384
3.1634092692397222 4.7331885995620562 -0.022434581162836285
3.1677725923697082 4.7330906825753276 -0.022444047855671126
3.1721359154996938 4.7329927531186362 -0.022443323101822062
3.1764992386296798 4.7328948270032631 -0.022443031818018596
3.1808625617596658 4.7327968999925858 -0.022443239951688839
3.1852258848896513 4.7326989732218046 -0.022443149326283687
3.1895892080196373 4.7326010463867441 -0.022443182948979224
3.1939525311496229 4.7325031195689062 -0.022443171437324008
3.1983158542796088 4.7324051927464543 -0.022443175192227709
3.2026791774095948 4.7323072659252388 -0.022443174006625956
3.2070425005395804 4.732209339103691 -0.022443174372477642
3.2114058236695664 4.732111412282233 -0.022443174261384612
3.2157691467995524 4.732013485460751 -0.022443174294708847
3.2201324699295379 4.7319155586392752 -0.022443174284725129
3.2244957930595239 4.7318176318177985 -0.022443174287671772
3.2288591161895095 4.7317197049963209 -0.022443174287090244
3.2332224393194955 4.7316217781748433 -0.02244317428708039
3.2375857624494815 4.7315238513533666 -0.022443174287083808
3.241949085579467 4.731425924531889 -0.022443174287086851
3.246312408709453 4.7313279977104123 -0.022443174287071252
3.2506757318394386 4.7312300708889348 -0.022443174287130604
3.2550390549694246 4.7311321440674581 -0.022443174286908802
3.2594023780994106 4.7310342172459814 -0.02244317428711913
3.2637657012293961 4.7309362904245038 -0.022443174287117149
3.2681290243593821 4.7308383636030271 -0.022443174286914745
3.2724923474893677 4.7307404367815504 -0.022443174287115671
3.2768556706193537 4.7306425099600729 -0.022443174287125042
3.2812189937493397 4.7305445831385962 -0.02244317428687977
3.2855823168793252 4.7304466563171195 -0.022443174287247677
3.2899456400093112 4.730348729495641 -0.022443174287242653
3.2943089631392972 4.7302508026741643 -0.022443174286887996
3.2986722862692828 4.7301528758526876 -0.022443174287097158
3.3030356093992688 4.73005494903121 -0.022443174287225826
3.3073989325292543 4.7299570222097325 -0.022443174287112681
3.3117622556592403 4.7298590953882558 -0.022443174286825917
3.3161255787892263 4.72976116856678 -0.022443174286857926
3.3204889019192119 4.7296632417453033 -0.022443174287023509
3.3248522250491979 4.7295653149238266 -0.022443174286939833
3.3292155481791834 4.7294673881023499 -0.022443174287108961
3.3335788713091694 4.7293694612808723 -0.022443174287126787
3.3379421944391554 4.7292715344593956 -0.022443174286879503
3.342305517569141 4.7291736076379189 -0.022443174287247014
3.346668840699127 4.7290756808164405 -0.022443174287245574
3.351032163829113 4.7289777539949638 -0.02244317428687697
3.3553954869590985 4.7288798271734871 -0.022443174287138344
3.3597588100890845 4.7287819003520095 -0.02244317428707213
3.3641221332190701 4.7286839735305328 -0.022443174287075613
3.3684854563490561 4.7285860467090552 -0.022443174287127891
3.372848779479042 4.7284881198875786 -0.022443174286908448
3.3772121026090276 4.7283901930661019 -0.022443174287130125
3.3815754257390136 4.7282922662446243 -0.022443174287073535
3.3859387488689991 4.7281943394231476 -0.022443174287078205
3.3903020719989851 4.72809641260167 -0.022443174287116108
3.3946653951289711 4.7279984857801933 -0.022443174286952972
3.3990287182589567 4.7279005589587166 -0.022443174286963803
3.4033920413889427 4.7278026321372399 -0.022443174287083614
3.4077553645189282 4.7277047053157624 -0.022443174287204215
3.4121186876489142 4.7276067784942848 -0.022443174287212674
3.4164820107789002 4.7275088516728072 -0.022443174287051375
3.4208453339088858 4.7274109248513305 -0.022443174287084307
3.4252086570388718 4.7273129980298529 -0.022443174287113867
3.4295719801688578 4.7272150712083763 -0.022443174286955837
3.4339353032988433 4.7271171443868996 -0.022443174286954595
3.4382986264288293 4.7270192175654229 -0.02244317428711759
3.4426619495588149 4.7269212907439453 -0.022443174287077518
3.4470252726888009 4.7268233639224686 -0.022443174287074815
3.4513885958187869 4.726725437100991 -0.022443174287118846
3.4557519189487724 4.7266275102795143 -0.022443174286952281
3.4601152420787584 4.7265295834580376 -0.022443174286963824
3.464478565208744 4.726431656636561 -0.022443174287084214
3.46884188833873 4.7263337298150834 -0.02244317428720179
3.473205211468716 4.7262358029936058 -0.022443174287214908
3.4775685345987015 4.7261378761721282 -0.022443174287051722
3.4819318577286875 4.7260399493506515 -0.022443174287080671
3.4862951808586731 4.7259420225291739 -0.022443174287128068
3.4906585039886591 4.7258440957076973 -0.022443174286909531
3.4950218271186451 4.7257461688862206 -0.022443174287118763
3.4993851502486306 4.725648242064743 -0.022443174287117895
3.5037484733786166 4.7255503152432663 -0.022443174286912112
3.5081117965086026 4.7254523884217896 -0.022443174287118596
3.5124751196385882 4.725354461600312 -0.02244317428711598
3.5168384427685742 4.7252565347788353 -0.022443174286919963
3.5212017658985597 4.7251586079573586 -0.022443174287095968
3.5255650890285457 4.7250606811358811 -0.02244317428719864
3.5299284121585317 4.7249627543144035 -0.022443174287215747
3.5342917352885173 4.7248648274929259 -0.0224431742870515
3.5386550584185033 4.7247669006714492 -0.022443174287080727
3.5430183815484888 4.7246689738499716 -0.022443174287128061
3.5473817046784748 4.724571047028495 -0.022443174286909496
3.5517450278084608 4.7244731202070183 -0.022443174287118905
3.5561083509384463 4.7243751933855407 -0.022443174287117364
3.5604716740684323 4.724277266564064 -0.02244317428691411
3.5648349971984179 4.7241793397425873 -0.022443174287117996
3.5691983203284039 4.7240814129211097 -0.022443174287116383
3.5735616434583899 4.723983486099633 -0.022443174286912081
3.5779249665883754 4.7238855592781563 -0.0224431742871271
3.5822882897183614 4.7237876324566788 -0.022443174287081983
3.5866516128483474 4.7236897056352021 -0.022443174287040589
3.591014935978333 4.7235917788137245 -0.022443174287258127
3.595378259108319 4.7234938519922469 -0.02244317428704003
3.5997415822383045 4.7233959251707702 -0.022443174287084214
3.6041049053682905 4.7232979983492926 -0.02244317428712557
3.6084682284982765 4.723200071527816 -0.022443174286909128
3.6128315516282621 4.7231021447063393 -0.022443174287129723
3.6171948747582481 4.7230042178848617 -0.022443174287074433
3.6215581978882336 4.722906291063385 -0.022443174287074999
3.6259215210182196 4.7228083642419074 -0.022443174287128036
3.6302848441482056 4.7227104374204307 -0.022443174286908469
3.6346481672781912 4.722612510598954 -0.022443174287129903
3.6390114904081772 4.7225145837774765 -0.022443174287074392
3.6433748135381627 4.7224166569559998 -0.022443174287074999
3.6477381366681487 4.7223187301345222 -0.022443174287128088
3.6521014597981347 4.7222208033130455 -0.022443174286908257
3.6564647829281203 4.7221228764915688 -0.022443174287130684
3.6608281060581063 4.7220249496700912 -0.022443174287071484
3.6651914291880923 4.7219270228486145 -0.022443174287078989
3.6695547523180778 4.721829096027137 -0.022443174287115029
3.6739180754480638 4.7217311692056603 -0.022443174286963359
3.6782813985780494 4.7216332423841836 -0.022443174286923339
3.6826447217080354 4.7215353155627069 -0.022443174287235083
3.6870080448380214 4.7214373887412284 -0.022443174287242615
3.6913713679680069 4.7213394619197517 -0.022443174286907602
3.6957346910979929 4.721241535098275 -0.022443174287018784
3.7000980142279785 4.7211436082767984 -0.022443174286909066
3.7044613373579645 4.7210456814553217 -0.022443174287236762
3.7088246604879505 4.7209477546338432 -0.022443174287250161
3.713187983617936 4.7208498278123665 -0.022443174286875724
3.717551306747922 4.7207519009908898 -0.02244317428713874
3.7219146298779076 4.7206539741694122 -0.022443174287071797
3.7262779530078936 4.7205560473479355 -0.022443174287076539
3.7306412761378795 4.720458120526458 -0.022443174287117659
3.7350045992678651 4.7203601937049813 -0.022443174286955293
3.7393679223978511 4.7202622668835046 -0.022443174286952965
3.7437312455278371 4.7201643400620279 -0.022443174287117784
3.7480945686578226 4.7200664132405503 -0.022443174287078361
3.7524578917878086 4.7199684864190736 -0.022443174287071228
3.7568212149177942 4.719870559597596 -0.022443174287139194
3.7611845380477802 4.7197726327761194 -0.022443174286874475
3.7655478611777662 4.7196747059546427 -0.022443174287247861
3.7699111843077517 4.7195767791331642 -0.022443174287247219
3.7742745074377377 4.7194788523116875 -0.022443174286876404
3.7786378305677233 4.7193809254902108 -0.022443174287138969
3.7830011536977093 4.7192829986687332 -0.022443174287070204
3.7873644768276953 4.7191850718472566 -0.022443174287075835
3.7917277999576808 4.719087145025779 -0.022443174287128918
3.7960911230876668 4.7189892182043023 -0.02244317428691096
3.8004544462176524 4.7188912913828256 -0.022443174287119044
3.8048177693476384 4.718793364561348 -0.022443174287115335
3.8091810924776244 4.7186954377398713 -0.022443174286915227
3.8135444156076099 4.7185975109183946 -0.022443174287115564
3.8179077387375959 4.7184995840969171 -0.022443174287124987
3.8222710618675819 4.7184016572754404 -0.022443174286880106
3.8266343849975675 4.7183037304539637 -0.022443174287246393
3.8309977081275535 4.7182058036324852 -0.022443174287247458
3.835361031257539 4.7181078768110085 -0.022443174286876914
3.839724354387525 4.7180099499895318 -0.022443174287136696
3.844087677517511 4.7179120231680542 -0.022443174287071908
3.8484510006474966 4.7178140963465776 -0.022443174287078142
3.8528143237774826 4.7177161695251 -0.022443174287117999
3.8571776469074681 4.7176182427036233 -0.022443174286952337
3.8615409700374541 4.7175203158821466 -0.022443174286964459
3.8659042931674401 4.7174223890606699 -0.022443174287074777
3.8702676162974257 4.7173244622391923 -0.022443174287238906
3.8746309394274117 4.7172265354177148 -0.022443174287082732
3.8789942625573972 4.7171286085962381 -0.022443174286932616
3.8833575856873832 4.7170306817747614 -0.022443174287078607
3.8877209088173692 4.7169327549532838 -0.022443174287248572
3.8920842319473548 4.7168348281318062 -0.022443174287040239
3.8964475550773408 4.7167369013103295 -0.02244317428709295
3.9008108782073267 4.7166389744888519 -0.022443174287083575
3.9051742013373123 4.7165410476673753 -0.022443174287075221
3.9095375244672983 4.7164431208458977 -0.02244317428711801
3.9139008475972838 4.716345194024421 -0.022443174286955216
3.9182641707272698 4.7162472672029443 -0.02244317428695293
3.9226274938572558 4.7161493403814676 -0.022443174287118006
3.9269908169872414 4.71605141355999 -0.022443174287077521
3.9313541401172274 4.7159534867385133 -0.022443174287074374
3.9357174632472129 4.7158555599170358 -0.022443174287127447
3.9400807863771989 4.7157576330955591 -0.022443174286918319
3.9444441095071849 4.7156597062740824 -0.022443174287084228
3.9488074326371705 4.7155617794526048 -0.022443174287247233
3.9531707557671565 4.7154638526311272 -0.022443174287039975
3.957534078897142 4.7153659258096505 -0.02244317428709534
3.961897402027128 4.7152679989881729 -0.02244317428708114
3.966260725157114 4.7151700721666963 -0.022443174287075721
3.9706240482870996 4.7150721453452187 -0.022443174287118457
3.9749873714170856 4.714974218523742 -0.02244317428695293
3.9793506945470716 4.7148762917022653 -0.022443174286954776
3.9837140176770571 4.7147783648807886 -0.022443174287119772
3.9880773408070431 4.714680438059311 -0.022443174287068601
3.9924406639370287 4.7145825112378343 -0.022443174287108278
3.9968039870670147 4.7144845844163568 -0.022443174287000763
4.0011673101970002 4.714386657594881 -0.022443174286780474
4.0055306333269867 4.7142887307734043 -0.022443174287151625
4.0098939564569722 4.7141908039519267 -0.022443174287108649
4.0142572795869578 4.71409287713045 -0.022443174286923093
4.0186206027169442 4.7139949503089733 -0.022443174287083919
4.0229839258469298 4.7138970234874957 -0.022443174287236849
4.0273472489769153 4.7137990966660182 -0.022443174287088662
4.0317105721069009 4.7137011698445415 -0.022443174286917836
4.0360738952368873 4.7136032430230648 -0.022443174287124945
4.0404372183668729 4.7135053162015872 -0.02244317428707799
4.0448005414968584 4.7134073893801105 -0.022443174287072407
4.0491638646268449 4.7133094625586329 -0.022443174287127984
4.0535271877568304 4.7132115357371562 -0.022443174286911265
4.057890510886816 4.7131136089156795 -0.022443174287125573
4.0622538340168024 4.713015682094202 -0.022443174287082052
4.066617157146788 4.7129177552727253 -0.022443174287041838
4.0709804802767735 4.7128198284512477 -0.022443174287259914
4.0753438034067591 4.7127219016297701 -0.022443174287038493
4.0797071265367455 4.7126239748082934 -0.022443174287081723
4.0840704496667311 4.7125260479868158 -0.022443174287130239
4.0884337727967166 4.7124281211653392 -0.022443174286906634
4.092797095926703 4.7123301943438625 -0.022443174287128168
4.0971604190566886 4.7122322675223849 -0.022443174287076303
4.1015237421866741 4.7121343407009082 -0.022443174287075936
4.1058870653166606 4.7120364138794306 -0.022443174287115578
4.1102503884466461 4.7119384870579539 -0.022443174286957371
4.1146137115766317 4.7118405602364772 -0.022443174286953565
4.1189770347066181 4.7117426334150005 -0.022443174287113316
4.1233403578366037 4.711644706593523 -0.02244317428708878
4.1277036809665892 4.7115467797720463 -0.022443174287040877
4.1320670040965748 4.7114488529505687 -0.022443174287257048
4.1364303272265612 4.7113509261290911 -0.022443174287037203
4.1407936503565468 4.7112529993076144 -0.022443174287089765
4.1451569734865323 4.7111550724861369 -0.022443174287113052
4.1495202966165188 4.7110571456646602 -0.022443174286953641
4.1538836197465043 4.7109592188431835 -0.022443174286957333
4.1582469428764899 4.7108612920217068 -0.022443174287115644
4.1626102660064763 4.7107633652002292 -0.022443174287075703
4.1669735891364619 4.7106654383787525 -0.022443174287077164
4.1713369122664474 4.7105675115572749 -0.022443174287124949
4.1757002353964339 4.7104695847357982 -0.022443174286918648
4.1800635585264194 4.7103716579143216 -0.022443174287085407
4.184426881656405 4.710273731092844 -0.02244317428724904
4.1887902047863905 4.7101758042713664 -0.022443174287038431
4.193153527916377 4.7100778774498897 -0.022443174287092856
4.1975168510463625 4.7099799506284121 -0.022443174287085765
4.2018801741763481 4.7098820238069354 -0.02244317428707341
4.2062434973063345 4.7097840969854579 -0.022443174287116209
4.2106068204363201 4.7096861701639812 -0.022443174286957371
4.2149701435663056 4.7095882433425045 -0.02244317428695293
4.2193334666962921 4.7094903165210278 -0.022443174287115841
4.2236967898262776 4.7093923896995502 -0.022443174287079325
4.2280601129562632 4.7092944628780735 -0.022443174287076182
4.2324234360862487 4.7091965360565959 -0.022443174287125278
4.2367867592162352 4.7090986092351192 -0.022443174286918319
4.2411500823462207 4.7090006824136426 -0.022443174287086393
4.2455134054762063 4.708902755592165 -0.022443174287245429
4.2498767286061927 4.7088048287706874 -0.022443174287038171
4.2542400517361783 4.7087069019492107 -0.022443174287097495
4.2586033748661638 4.7086089751277331 -0.022443174287081178
4.2629666979961502 4.7085110483062564 -0.02244317428707341
4.2673300211261358 4.7084131214847789 -0.022443174287120803
4.2716933442561213 4.7083151946633022 -0.022443174286952708
4.2760566673861078 4.7082172678418255 -0.022443174286953322
4.2804199905160933 4.7081193410203488 -0.022443174287118953
4.2847833136460789 4.7080214141988712 -0.022443174287080175
4.2891466367760644 4.7079234873773945 -0.022443174287069684
4.2935099599060509 4.7078255605559169 -0.022443174287136703
4.2978732830360364 4.7077276337344403 -0.022443174286879124
4.302236606166022 4.7076297069129636 -0.022443174287245436
4.3065999292960084 4.7075317800914851 -0.022443174287245418
4.310963252425994 4.7074338532700084 -0.022443174286879169
4.3153265755559795 4.7073359264485317 -0.02244317428713653
4.319689898685966 4.7072379996270541 -0.022443174287070326
4.3240532218159515 4.7071400728055774 -0.022443174287077778
4.3284165449459371 4.7070421459840999 -0.022443174287127891
4.3327798680759235 4.7069442191626232 -0.022443174286906283
4.3371431912059091 4.7068462923411465 -0.022443174287131922
4.3415065143358946 4.7067483655196689 -0.022443174287075342
4.3458698374658802 4.7066504386981922 -0.022443174287076036
4.3502331605958666 4.7065525118767146 -0.022443174287116126
4.3545964837258522 4.7064545850552379 -0.022443174286955071
4.3589598068558377 4.7063566582337613 -0.022443174286962228
4.3633231299858242 4.7062587314122846 -0.022443174287080966
4.3676864531158097 4.706160804590807 -0.022443174287209534
4.3720497762457953 4.7060628777693294 -0.022443174287200888
4.3764130993757817 4.7059649509478518 -0.022443174287093186
4.3807764225057673 4.7058670241263751 -0.022443174286921982
4.3851397456357528 4.7057690973048985 -0.022443174287117507
4.3895030687657384 4.7056711704834209 -0.022443174287117309
4.3938663918957248 4.7055732436619442 -0.022443174286908878
4.3982297150257104 4.7054753168404675 -0.022443174287132123
4.4025930381556959 4.7053773900189899 -0.022443174287071939
4.4069563612856824 4.7052794631975132 -0.022443174287075731
4.4113196844156679 4.7051815363760356 -0.022443174287120761
4.4156830075456535 4.705083609554559 -0.022443174286950543
4.4200463306756399 4.7049856827330823 -0.022443174286962003
4.4244096538056255 4.7048877559116056 -0.0224431742870864
4.428772976935611 4.704789829090128 -0.022443174287201727
4.4331363000655974 4.7046919022686504 -0.022443174287212968
4.437499623195583 4.7045939754471728 -0.022443174287052683
4.4418629463255686 4.7044960486256961 -0.022443174287085622
4.4462262694555541 4.7043981218042186 -0.022443174287114162
4.4505895925855405 4.7043001949827419 -0.022443174286953343
4.4549529157155261 4.7042022681612652 -0.022443174286957416
4.4593162388455116 4.7041043413397885 -0.022443174287115619
4.4636795619754981 4.7040064145183109 -0.022443174287075714
4.4680428851054836 4.7039084876968342 -0.022443174287077147
4.4724062082354692 4.7038105608753567 -0.022443174287125021
4.4767695313654556 4.70371263405388 -0.022443174286918385
4.4811328544954412 4.7036147072324033 -0.0224431742870864
4.4854961776254267 4.7035167804109257 -0.022443174287245345
4.4898595007554132 4.7034188535894481 -0.022443174287038493
4.4942228238853987 4.7033209267679714 -0.022443174287096301
4.4985861470153843 4.7032229999464938 -0.022443174287085622
4.5029494701453698 4.7031250731250172 -0.02244317428707052
4.5073127932753563 4.7030271463035396 -0.022443174287127894
4.5116761164053418 4.7029292194820629 -0.02244317428691351
4.5160394395353274 4.7028312926605862 -0.022443174287116691
4.5204027626653138 4.7027333658391086 -0.022443174287115342
4.5247660857952994 4.7026354390176319 -0.022443174286917562
4.5291294089252849 4.7025375121961552 -0.022443174287113045
4.5334927320552714 4.7024395853746777 -0.022443174287125861
4.5378560551852569 4.702341658553201 -0.022443174286879121
4.5422193783152425 4.7022437317317243 -0.022443174287256274
4.5465827014452289 4.7021458049102458 -0.022443174287202057
4.5509460245752145 4.7020478780887691 -0.022443174287041776
4.5553093477052 4.7019499512672915 -0.022443174287140148
4.5596726708351856 4.7018520244458148 -0.022443174286906956
4.564035993965172 4.7017540976243382 -0.022443174287116969
4.5683993170951576 4.7016561708028606 -0.022443174287120785
4.5727626402251431 4.7015582439813839 -0.022443174286909215
4.5771259633551296 4.7014603171599072 -0.022443174287127308
4.5814892864851151 4.7013623903384296 -0.022443174287077167
4.5858526096151007 4.7012644635169529 -0.022443174287073347
4.5902159327450871 4.7011665366954754 -0.02244317428712506
4.5945792558750727 4.7010686098739987 -0.022443174286922041
4.5989425790050582 4.700970683052522 -0.022443174287085397
4.6033059021350438 4.7008727562310444 -0.022443174287245692
4.6076692252650302 4.7007748294095668 -0.022443174287038105
4.6120325483950158 4.7006769025880901 -0.022443174287097495
4.6163958715250013 4.7005789757666125 -0.022443174287081234
4.6207591946549877 4.7004810489451359 -0.022443174287073188
4.6251225177849733 4.7003831221236583 -0.022443174287121625
4.6294858409149588 4.7002851953021816 -0.022443174286949644
4.6338491640449453 4.7001872684807049 -0.022443174286964747
4.6382124871749308 4.7000893416592282 -0.022443174287076317
4.6425758103049164 4.6999914148377506 -0.022443174287239291
4.6469391334349028 4.699893488016273 -0.022443174287072785
4.6513024565648884 4.6997955611947964 -0.022443174286965167
4.6556657796948739 4.6996976343733197 -0.02244317428696517
4.6600291028248595 4.699599707551843 -0.022443174287072785
4.6643924259548459 4.6995017807303654 -0.022443174287239295
4.6687557490848315 4.6994038539088878 -0.022443174287076331
4.673119072214817 4.6993059270874111 -0.022443174286964698
4.6774823953448035 4.6992080002659344 -0.022443174286949811
4.681845718474789 4.6991100734444577 -0.022443174287121004
4.6862090416047746 4.6990121466229802 -0.022443174287075492
4.690572364734761 4.6989142198015035 -0.022443174287072633
4.6949356878647466 4.6988162929800259 -0.022443174287129594
4.6992990109947321 4.6987183661585492 -0.022443174286918322
4.7036623341247186 4.6986204393370725 -0.022443174287082066
4.7080256572547041 4.6985225125155949 -0.02244317428724903
4.7123889803846897 4.6984245856941174 -0.022443174287041782
4.7167523035146752 4.6983266588726407 -0.022443174287093179
4.7211156266446617 4.6982287320511631 -0.022443174287081112
4.7254789497746472 4.6981308052296864 -0.022443174287078
4.7298422729046328 4.6980328784082088 -0.022443174287116206
4.7342055960346192 4.6979349515867321 -0.022443174286952788
4.7385689191646048 4.6978370247652554 -0.022443174286957596
4.7429322422945903 4.6977390979437788 -0.022443174287115446
4.7472955654245768 4.6976411711223012 -0.022443174287076227
4.7516588885545623 4.6975432443008245 -0.022443174287075273
4.7560222116845479 4.6974453174793469 -0.022443174287132002
4.7603855348145334 4.6973473906578702 -0.022443174286906051
4.7647488579445199 4.6972494638363935 -0.022443174287128734
4.7691121810745054 4.6971515370149159 -0.022443174287074628
4.773475504204491 4.6970536101934393 -0.022443174287082073
4.7778388273344774 4.6969556833719617 -0.022443174287092686
4.782202150464463 4.696857756550485 -0.022443174287042802
4.7865654735944485 4.6967598297290074 -0.022443174287245418
4.7909287967244349 4.6966619029075298 -0.022443174287081809
4.7952921198544205 4.6965639760860531 -0.022443174286922964
4.7996554429844061 4.6964660492645764 -0.022443174287124952
4.8040187661143925 4.6963681224430989 -0.022443174287072837
4.808382089244378 4.6962701956216222 -0.022443174287079322
4.8127454123743636 4.6961722688001446 -0.022443174287119186
4.8171087355043491 4.6960743419786679 -0.02244317428695326
4.8214720586343356 4.6959764151571912 -0.022443174286952725
4.8258353817643211 4.6958784883357145 -0.022443174287120799
4.8301987048943067 4.695780561514237 -0.02244317428707341
4.8345620280242931 4.6956826346927603 -0.022443174287081178
4.8389253511542787 4.6955847078712827 -0.022443174287097491
4.8432886742842642 4.695486781049806 -0.022443174287038174
4.8476519974142507 4.6953888542283284 -0.022443174287245429
4.8520153205442362 4.6952909274068508 -0.022443174287086393
4.8563786436742218 4.6951930005853741 -0.022443174286918322
4.8607419668042082 4.6950950737638975 -0.022443174287125264
4.8651052899341938 4.6949971469424199 -0.022443174287076234
4.8694686130641793 4.6948992201209432 -0.02244317428707911
4.8738319361941649 4.6948012932994656 -0.02244317428711666
4.8781952593241513 4.6947033664779889 -0.022443174286949849
4.8825585824541369 4.6946054396565122 -0.022443174286968893
4.8869219055841224 4.6945075128350355 -0.022443174287073209
4.8912852287141089 4.694409586013558 -0.022443174287233889
4.8956485518440944 4.6943116591920804 -0.022443174287097512
4.90001187497408 4.6942137323706037 -0.02244317428688538
4.9043751981040664 4.694115805549127 -0.0224431742872459
4.908738521234052 4.6940178787276485 -0.022443174287237296
4.9131018443640375 4.6939199519061718 -0.022443174286924907
4.9174651674940231 4.6938220250846951 -0.022443174286961715
4.9218284906240095 4.6937240982632185 -0.022443174287113187
4.9261918137539951 4.6936261714417409 -0.022443174287081154
4.9305551368839806 4.6935282446202642 -0.022443174287071516
4.9349184600139671 4.6934303177987866 -0.022443174287128383
4.9392817831439526 4.6933323909773099 -0.022443174286910571
4.9436451062739382 4.6932344641558332 -0.02244317428712796
4.9480084294039246 4.6931365373343557 -0.022443174287073202
4.9523717525339102 4.693038610512879 -0.022443174287074853
4.9567350756638957 4.6929406836914014 -0.0224431742871367
4.9610983987938821 4.6928427568699247 -0.022443174286873965
4.9654617219238677 4.692744830048448 -0.022443174287252392
4.9698250450538533 4.6926469032269695 -0.022443174287236453
4.9741883681838388 4.6925489764054928 -0.022443174286921792
4.9785516913138252 4.6924510495840162 -0.022443174286961326
4.9829150144438108 4.6923531227625395 -0.022443174287117864
4.9872783375737963 4.6922551959410619 -0.022443174287076543
4.9916416607037828 4.6921572691195852 -0.022443174287071571
4.9960049838337683 4.6920593422981076 -0.022443174287132779
5.0003683069637539 4.6919614154766309 -0.022443174286906627
5.0047316300937403 4.6918634886551542 -0.022443174287125649
5.0090949532237259 4.6917655618336767 -0.022443174287086393
5.0134582763537114 4.6916676350122 -0.022443174287038101
5.0178215994836979 4.6915697081907224 -0.022443174287256822
5.0221849226136834 4.6914717813692448 -0.022443174287040898
5.026548245743669 4.6913738545477681 -0.022443174287088901
5.0309115688736545 4.6912759277262905 -0.022443174287112833
5.035274892003641 4.6911780009048138 -0.022443174286955383
5.0396382151336265 4.6910800740833372 -0.022443174286950588
5.0440015382636121 4.6909821472618605 -0.022443174287140891
5.0483648613935985 4.6908842204403829 -0.022443174286981456
5.0527281845235841 4.6907862936189071 -0.022443174286818229
5.0570915076535696 4.6906883667974304 -0.022443174287033622
5.0614548307835561 4.6905904399759537 -0.022443174286932214
5.0658181539135416 4.690492513154477 -0.022443174287122471
5.0701814770435272 4.6903945863329994 -0.022443174287087215
5.0745448001735127 4.6902966595115227 -0.022443174287038004
5.0789081233034992 4.6901987326900452 -0.022443174287256375
5.0832714464334847 4.6901008058685676 -0.022443174287042789
5.0876347695634703 4.6900028790470909 -0.022443174287081796
5.0919980926934567 4.6899049522256133 -0.022443174287125639
5.0963614158234423 4.6898070254041366 -0.022443174286911265
5.1007247389534278 4.6897090985826599 -0.022443174287127929
5.1050880620834143 4.6896111717611824 -0.022443174287072629
5.1094513852133998 4.6895132449397057 -0.022443174287077167
5.1138147083433854 4.6894153181182281 -0.022443174287128026
5.1181780314733718 4.6893173912967514 -0.022443174286906346
5.1225413546033574 4.6892194644752747 -0.022443174287131541
5.1269046777333429 4.6891215376537971 -0.022443174287076817
5.1312680008633285 4.6890236108323204 -0.022443174287070523
5.1356313239933149 4.6889256840108429 -0.0224431742871367
5.1399946471233005 4.6888277571893662 -0.022443174286878285
5.144357970253286 4.6887298303678895 -0.022443174287248787
5.1487212933832724 4.688631903546411 -0.022443174287232848
5.153084616513258 4.6885339767249343 -0.022443174286926097
5.1574479396432436 4.6884360499034576 -0.022443174286961395
5.16181126277323 4.6883381230819809 -0.022443174287113267
5.1661745859032155 4.6882401962605034 -0.022443174287081154
5.1705379090332011 4.6881422694390267 -0.022443174287071439
5.1749012321631875 4.6880443426175491 -0.022443174287128699
5.1792645552931731 4.6879464157960724 -0.022443174286909378
5.1836278784231586 4.6878484889745957 -0.022443174287132411
5.1879912015531442 4.6877505621531181 -0.022443174287070315
5.1923545246831306 4.6876526353316414 -0.022443174287081948
5.1967178478131162 4.6875547085101639 -0.022443174287097512
5.2010811709431017 4.6874567816886872 -0.022443174287037328
5.2054444940730882 4.6873588548672096 -0.022443174287248787
5.2098078172030737 4.687260928045732 -0.022443174287073802
5.2141711403330593 4.6871630012242553 -0.022443174286965312
5.2185344634630457 4.6870650744027786 -0.022443174286949905
5.2228977865930313 4.686967147581302 -0.022443174287120018
5.2272611097230168 4.6868692207598244 -0.022443174287079329
5.2316244328530024 4.6867712939383477 -0.022443174287071994
5.2359877559829888 4.6866733671168701 -0.02244317428712831
5.2403510791129744 4.6865754402953934 -0.022443174286910377
5.2447144022429599 4.6864775134739167 -0.0224431742871288
5.2490777253729464 4.6863795866524391 -0.022443174287070041
5.2534410485029319 4.6862816598309625 -0.022443174287086649
5.2578043716329175 4.6861837330094849 -0.022443174287092683
5.2621676947629039 4.6860858061880082 -0.02244317428703823
5.2665310178928895 4.6859878793665306 -0.022443174287250008
5.270894341022875 4.685889952545053 -0.022443174287081737
5.2752576641528615 4.6857920257235763 -0.022443174286918648
5.279620987282847 4.6856940989020996 -0.022443174287128623
5.2839843104128326 4.6855961720806221 -0.022443174287076182
5.2883476335428181 4.6854982452591454 -0.022443174287075977
5.2927109566728046 4.6854003184376678 -0.022443174287115515
5.2970742798027901 4.6853023916161911 -0.022443174286957582
5.3014376029327757 4.6852044647947144 -0.022443174286952788
5.3058009260627621 4.6851065379732377 -0.022443174287116209
5.3101642491927477 4.6850086111517601 -0.022443174287078
5.3145275723227332 4.6849106843302835 -0.022443174287081112
5.3188908954527196 4.6848127575088059 -0.022443174287093165
5.3232542185827052 4.6847148306873292 -0.022443174287041852
5.3276175417126908 4.6846169038658516 -0.022443174287248738
5.3319808648426772 4.684518977044374 -0.022443174287069472
5.3363441879726627 4.6844210502228973 -0.022443174286968993
5.3407075111026483 4.6843231234014207 -0.022443174286953183
5.3450708342326338 4.684225196579944 -0.022443174287116917
5.3494341573626203 4.6841272697584664 -0.022443174287074746
5.3537974804926058 4.6840293429369897 -0.022443174287079704
5.3581608036225914 4.6839314161155121 -0.022443174287115744
5.3625241267525778 4.6838334892940354 -0.022443174286952913
5.3668874498825634 4.6837355624725587 -0.022443174286957562
5.3712507730125489 4.683637635651082 -0.022443174287115456
5.3756140961425354 4.6835397088296045 -0.02244317428707622
5.3799774192725209 4.6834417820081278 -0.022443174287075283
5.3843407424025065 4.6833438551866502 -0.022443174287131957
5.388704065532492 4.6832459283651735 -0.022443174286906217
5.3930673886624785 4.6831480015436968 -0.022443174287128113
5.397430711792464 4.6830500747222192 -0.022443174287076945
5.4017940349224496 4.6829521479007425 -0.022443174287073427
5.406157358052436 4.682854221079265 -0.022443174287124949
5.4105206811824216 4.6827562942577883 -0.022443174286922395
5.4148840043124071 4.6826583674363116 -0.022443174287084096
5.4192473274423936 4.682560440614834 -0.022443174287236835
5.4236106505723791 4.6824625137933564 -0.022443174287074853
5.4279739737023647 4.6823645869718797 -0.02244317428697307
5.4323372968323511 4.682266660150403 -0.022443174286917812
5.4367006199623367 4.6821687333289264 -0.022443174287240644
5.4410639430923222 4.6820708065074479 -0.022443174287239596
5.4454272662223078 4.6819728796859712 -0.022443174286920962
5.4497905893522942 4.6818749528644945 -0.022443174286961489
5.4541539124822798 4.6817770260430178 -0.022443174287118041
5.4585172356122653 4.6816790992215402 -0.022443174287075672
5.4628805587422518 4.6815811724000636 -0.022443174287074891
5.4672438818722373 4.681483245578586 -0.022443174287120386
5.4716072050022229 4.6813853187571093 -0.022443174286952881
5.4759705281322093 4.6812873919356326 -0.022443174286953027
5.4803338512621949 4.6811894651141559 -0.022443174287119946
5.4846971743921804 4.6810915382926783 -0.022443174287076498
5.4890604975221668 4.6809936114712016 -0.022443174287069684
5.4934238206521524 4.6808956846497241 -0.022443174287140384
5.497787143782138 4.6807977578282474 -0.022443174286878084
5.5021504669121235 4.6806998310067707 -0.022443174287245918
5.5065137900421099 4.6806019041852922 -0.022443174287244527
5.5108771131720955 4.6805039773638155 -0.022443174286882271
5.5152404363020811 4.6804060505423388 -0.022443174287125018
5.5196037594320675 4.6803081237208612 -0.02244317428711327
5.523967082562053 4.6802101968993846 -0.022443174286917514
5.5283304056920386 4.6801122700779079 -0.0224431742871153
5.532693728822025 4.6800143432564303 -0.022443174287116889
5.5370570519520106 4.6799164164349536 -0.02244317428691275
5.5414203750819961 4.6798184896134769 -0.022443174287130725
5.5457836982119817 4.6797205627919993 -0.022443174287073667
5.5501470213419681 4.6796226359705226 -0.022443174287070208
5.5545103444719537 4.6795247091490451 -0.022443174287141127
5.5588736676019392 4.6794267823275684 -0.0224431742868746
5.5632369907319257 4.6793288555060917 -0.022443174287245418
5.5676003138619112 4.6792309286846132 -0.022443174287250008
5.5719636369918968 4.6791330018631365 -0.022443174286874541
5.5763269601218832 4.6790350750416598 -0.022443174287136766
5.5806902832518688 4.6789371482201823 -0.02244317428707401
5.5850536063818543 4.6788392213987056 -0.022443174287076494
5.5894169295118408 4.678741294577228 -0.02244317428711563
5.5937802526418263 4.6786433677557513 -0.022443174286956597
5.5981435757718119 4.6785454409342746 -0.022443174286956604
5.6025068989017974 4.6784475141127979 -0.02244317428711563
5.6068702220317839 4.6783495872913203 -0.022443174287076491
5.6112335451617694 4.6782516604698436 -0.022443174287074017
5.615596868291755 4.6781537336483661 -0.022443174287136762
5.6199601914217414 4.6780558068268894 -0.022443174286874545
5.624323514551727 4.6779578800054127 -0.022443174287250008
5.6286868376817125 4.6778599531839342 -0.022443174287245415
5.633050160811699 4.6777620263624575 -0.022443174286874604
5.6374134839416845 4.6776640995409808 -0.022443174287141127
5.6417768070716701 4.6775661727195033 -0.022443174287070204
5.6461401302016565 4.6774682458980266 -0.022443174287073674
5.6505034533316421 4.677370319076549 -0.022443174287130725
5.6548667764616276 4.6772723922550723 -0.022443174286912754
5.6592300995916132 4.6771744654335956 -0.022443174287116889
5.6635934227215996 4.677076538612118 -0.022443174287115304
5.6679567458515852 4.6769786117906413 -0.022443174286917514
5.6723200689815707 4.6768806849691646 -0.022443174287113267
5.6766833921115571 4.6767827581476871 -0.022443174287125025
5.6810467152415427 4.6766848313262104 -0.02244317428688225
5.6854100383715283 4.6765869045047337 -0.022443174287244596
5.6897733615015147 4.6764889776832552 -0.022443174287245644
5.6941366846315002 4.6763910508617785 -0.022443174286879128
5.6985000077614858 4.6762931240403018 -0.022443174287136471
5.7028633308914722 4.6761951972188243 -0.022443174287070589
5.7072266540214578 4.6760972703973476 -0.022443174287076793
5.7115899771514433 4.67599934357587 -0.022443174287131561
5.7159533002814289 4.6759014167543933 -0.02244317428690629
5.7203166234114153 4.6758034899329166 -0.022443174287128217
5.7246799465414009 4.675705563111439 -0.02244317428707646
5.7290432696713864 4.6756076362899623 -0.022443174287075273
5.7334065928013729 4.6755097094684848 -0.022443174287118062
5.7377699159313584 4.6754117826470081 -0.022443174286948104
5.742133239061344 4.6753138558255314 -0.022443174286988145
5.7464965621913304 4.6752159290040547 -0.022443174286984259
5.750859885321316 4.675118002182578 -0.022443174286959768
5.7552232084513015 4.6750200753611013 -0.02244317428707529
5.7595865315812871 4.6749221485396237 -0.022443174287248402
5.7639498547112735 4.6748242217181462 -0.02244317428703738
5.7683131778412591 4.6747262948966695 -0.022443174287097703
5.7726765009712446 4.6746283680751919 -0.022443174287081119
5.7770398241012311 4.6745304412537152 -0.02244317428707342
5.7814031472312166 4.6744325144322376 -0.022443174287120823
5.7857664703612022 4.6743345876107609 -0.022443174286952611
5.7901297934911886 4.6742366607892842 -0.022443174286953676
5.7944931166211742 4.6741387339678075 -0.022443174287117635
5.7988564397511597 4.67404080714633 -0.022443174287085095
5.8032197628811462 4.6739428803248533 -0.022443174287037588
5.8075830860111317 4.6738449535033757 -0.02244317428726017
5.8119464091411173 4.6737470266818981 -0.022443174287041717
5.8163097322711028 4.6736490998604214 -0.022443174287082285
5.8206730554010893 4.6735511730389439 -0.02244317428712474
5.8250363785310748 4.6734532462174672 -0.022443174286914374
5.8293997016610604 4.6733553193959905 -0.0224431742871164
5.8337630247910468 4.6732573925745129 -0.022443174287115647
5.8381263479210324 4.6731594657530362 -0.022443174286916636
5.8424896710510179 4.6730615389315595 -0.022443174287116428
5.8468529941810043 4.6729636121100819 -0.022443174287113267
5.8512163173109899 4.6728656852886052 -0.022443174286926118
5.8555796404409755 4.6727677584671286 -0.02244317428708089
5.8599429635709619 4.672669831645651 -0.022443174287245921
5.8643062867009474 4.6725719048241734 -0.02244317428704171
5.868669609830933 4.6724739780026967 -0.022443174287096548
5.8730329329609186 4.6723760511812191 -0.022443174287081431
5.877396256090905 4.6722781243597424 -0.022443174287073347
5.8817595792208905 4.6721801975382649 -0.022443174287120792
5.8861229023508761 4.6720822707167882 -0.022443174286952802
5.8904862254808625 4.6719843438953115 -0.022443174286952944
5.8948495486108481 4.6718864170738348 -0.02244317428712039
5.8992128717408336 4.6717884902523572 -0.022443174287074825
5.9035761948708201 4.6716905634308805 -0.022443174287075918
5.9079395180008056 4.6715926366094029 -0.022443174287117115
5.9123028411307912 4.6714947097879262 -0.022443174286964927
5.9166661642607767 4.6713967829664496 -0.022443174286921812
5.9210294873907632 4.6712988561449729 -0.022443174287232776
5.9253928105207487 4.6712009293234944 -0.022443174287253377
5.9297561336507343 4.6711030025020177 -0.022443174286873702
5.9341194567807207 4.671005075680541 -0.022443174287136772
5.9384827799107063 4.6709071488590634 -0.022443174287074825
5.9428461030406918 4.6708092220375867 -0.02244317428707325
5.9472094261706783 4.6707112952161092 -0.02244317428712779
5.9515727493006638 4.6706133683946325 -0.02244317428691122
5.9559360724306494 4.6705154415731558 -0.022443174287125958
5.9602993955606358 4.6704175147516782 -0.02244317428708055
5.9646627186906214 4.6703195879302015 -0.022443174287047452
5.9690260418206069 4.6702216611087239 -0.022443174287238951
5.9733893649505925 4.6701237342872464 -0.022443174287116729
5.9777526880805789 4.6700258074657697 -0.022443174286789744
5.9821160112105645 4.6699278806442939 -0.022443174286998584
5.98647933434055 4.6698299538228163 -0.022443174287114582
5.9908426574705365 4.6697320270013396 -0.022443174287038705
5.995205980600522 4.669634100179862 -0.022443174287226211
5.9995693037305076 4.6695361733583844 -0.022443174287176442
6.003932626860494 4.6694382465369069 -0.022443174287174295
6.0082959499904796 4.6693403197154293 -0.022443174287232658
6.0126592731204651 4.6692423928939517 -0.022443174287015047
6.0170225962504515 4.669144466072475 -0.022443174287202765
6.0213859193804371 4.6690465392509966 -0.022443174287280179
6.0257492425104227 4.6689486124295199 -0.022443174286796517
6.0301125656404082 4.6688506856080441 -0.022443174286821764
6.0344758887703946 4.6687527587865683 -0.022443174286580037
6.0388392119003802 4.6686548319650942 -0.022443174286300379
6.0432025350303658 4.6685569051436202 -0.022443174286453101
6.0475658581603522 4.6684589783221453 -0.022443174286718832
6.0519291812903377 4.6683610515006686 -0.022443174287335183
6.0562925044203233 4.6682631246791884 -0.022443174288281756
6.0606558275503097 4.6681651978577037 -0.02244317428936141
6.0650191506802953 4.6680672710362154 -0.022443174289592221
6.0693824738102808 4.667969344214729 -0.022443174288824353
6.0737457969402664 4.6678714173932461 -0.022443174288001022
6.0781091200702528 4.6677734905717685 -0.022443174285941826
6.0824724432002384 4.6676755637503033 -0.022443174282788636
6.0868357663302239 4.6675776369288515 -0.022443174279764961
6.0911990894602104 4.6674797101074113 -0.022443174277900473
6.0955624125901959 4.6673817832859728 -0.022443174279222107
6.0999257357201815 4.6672838564645209 -0.022443174283752428
6.1042890588501679 4.6671859296430434 -0.022443174291165123
6.1086523819801535 4.6670880028215258 -0.022443174302173356
6.113015705110139 4.6669900759999559 -0.02244317431425075
6.1173790282401255 4.6668921491783424 -0.022443174320871211
6.121742351370111 4.6667942223567227 -0.022443174316509291
6.1261056745000966 4.6666962955351483 -0.02244317430048089
6.1304689976300821 4.666598368713669 -0.022443174272471136
6.1348323207600686 4.6665004418923397 -0.022443174231980875
6.1391956438900541 4.6664025150712023 -0.02244317418684507
6.1435589670200397 4.6663045882502328 -0.022443174160572305
6.1479222901500261 4.6662066614292916 -0.022443174175828182
6.1522856132800117 4.6661087346081844 -0.022443174235730751
6.1566489364099972 4.6660108077867237 -0.02244317433811821
6.1610122595399837 4.6659128809647159 -0.022443174487867923
6.1653755826699692 4.6658149541419869 -0.022443174658513379
6.1697389057999548 4.6657170273186237 -0.022443174758072625
6.1741022289299412 4.6656191004951442 -0.02244317470518967
6.1784655520599268 4.6655211736722615 -0.022443174486791662
6.1828288751899123 4.66542324685068 -0.022443174108286043
6.1871921983198979 4.6653253200311235 -0.022443173553760496
6.1915555214498843 4.6652273932142476 -0.022443172915043476
6.1959188445798699 4.6651294663997689 -0.022443172533256742
6.2002821677098554 4.6650315395857849 -0.022443172710804277
6.2046454908398418 4.6649336127696452 -0.022443173524333521
6.2090088139698274 4.6648356859487023 -0.022443174877241043
6.213372137099813 4.6647377591203094 -0.022443177076850424
6.2177354602297994 4.6646398322818383 -0.022443178976995017
6.2220987833597849 4.6645419054347155 -0.022443182054542408
6.2264621064897705 4.6644439785840337 -0.022443176239664974
6.2308254296197561 4.6643460517466719 -0.022443189710402496
6.2351887527497425 4.6642481249063623 -0.022443134510952759
6.239552075879728 4.6641501981705789 -0.022443271997918735
6.2439153990097136 4.6640522711849188 -0.02244287718509079
6.2482787221397 4.6639543453043233 -0.022443730965520478
6.2526420452696856 4.6638564154356077 -0.022442692899626231
6.2570053683996711 4.6637585004547155 -0.022438497298780134
6.2613686915296576 4.6636605297416205 -0.022484400294745986
6.2657320146596431 4.6635627666792923 -0.022200532401199773
6.2700953377896287 4.6634642281347638 -0.023680513114756618
6.2744586609196151 4.6633685830861484 -0.016588219193689351
6.2788219840496007 4.6632621388479532 -0.048912968739186165
6.2831853071795862 4.6630056869291492 -0.03726892422046757
