# q  U_kJmol  dU_dq   # conservative spline pchip_hermite_v1
0 3.8413525099533086 415.48957822751538
0.0043633231299858239 3.8420664547655115 -110.84509886147596
0.0087266462599716477 3.8456361516415667 30.836032294590225
0.013089969389957472 3.8506336837723665 -6.6086375463067588
0.017453292519943295 3.8584867504904428 4.433938829712087
0.021816615649929118 3.8702701731426221 2.3739378118882346
0.026179938779914945 3.8839340666155837 3.566595689604334
0.030543261909900768 3.900354447423652 4.0441027818982072
0.034906585039886591 3.9195146549657518 4.7204037234865588
0.039269908169872414 3.9420234603977793 5.7237852828759248
0.043633231299858237 3.9675919358245491 5.4399585490999174
0.04799655442984406 3.9851748847866162 2.1851144902233193
0.05235987755982989 3.9863217285019825 -1.3027596511295314
0.056723200689815713 3.9762811581472142 -3.0889518926748556
0.061086523819801536 3.9613876342010723 -3.4848532112512918
0.065449846949787352 3.9477844957574755 -2.5644970840145596
0.069813170079773182 3.9398437373990545 -1.0696507849426482
0.074176493209759012 3.9381467872220917 0.2166999447287298
0.078539816339744828 3.9411365535460456 1.0917259129352415
0.082903139469730658 3.9471308517113943 1.5933841408550793
0.087266462599716474 3.9544769771727859 1.7069371723903333
0.091629785729702304 3.9615133526100741 1.4675463736331575
0.09599310885968812 3.9670507219657378 1.0679474448059212
0.10035643198967395 3.9709088652295685 0.72054248065040161
0.10471975511965978 3.9734990421309107 0.48342099755452494
0.1090830782496456 3.9752732390166603 0.34649590774612327
0.11344640137963143 3.9766738536696935 0.31343499452128526
0.11780972450961724 3.9781470971487685 0.3756834168385122
0.12217304763960307 3.9800170833744524 0.48246676243008119
0.1265363707695889 3.9823385366136677 0.5762710305207106
0.1308996938995747 3.98500302078202 0.64052715992734399
0.13526301702956053 3.9878890676016523 0.67788432578710345
0.13962634015954636 3.9908782566360417 0.6874501538768496
0.14398966328953219 3.9938507825287486 0.67128830649862425
0.14835298641951802 3.9967183720366561 0.64276419202340185
0.15271630954950383 3.9994646108471157 0.61743896004928167
0.15707963267948966 4.0021180541798627 0.60002793799413989
0.16144295580947549 4.0047113472515994 0.58983951430887682
0.16580627893946132 4.0072761896167046 0.5870866930253098
0.17016960206944712 4.0098447421183616 0.59127603886505908
0.17453292519943295 4.0124410308945224 0.59889243640144063
0.17889624832941878 4.0150699300387611 0.60572879554874337
0.18325957145940461 4.0177239298734317 0.61044616242929628
0.18762289458939044 4.0203942566689808 0.61322389066243455
0.19198621771937624 4.0230724245982108 0.61401236865486575
0.19634954084936207 4.0257498019485611 0.6129283328521018
0.2007128639793479 4.0284198532876951 0.61089544179223176
0.20507618710933373 4.031081143416948 0.60905028335872891
0.20943951023931956 4.0337356445233654 0.60777225569132176
0.21380283336930536 4.0363857146182838 0.60701519743415067
0.21816615649929119 4.0390336254045174 0.60679028774418453
0.22252947962927702 4.0416816931450876 0.60707026732237412
0.22689280275926285 4.0443316945285233 0.60761264745563326
0.23125612588924865 4.0469840491463449 0.60811058702997112
0.23561944901923448 4.0496382398336745 0.60845680178605377
0.23998277214922031 4.0522936328759025 0.60866306992557884
0.24434609527920614 4.054949620100099 0.6087269903739021
0.24870941840919197 4.0576055800604953 0.60865482466163412
0.2530727415391778 4.0602610300259583 0.60851017516714867
0.25743606466916363 4.0629158480788945 0.60837582112062816
0.26179938779914941 4.0655701696212665 0.60828204023380827
0.26616271092913524 4.0682241649548105 0.60822585764087056
0.27052603405912107 4.0708779969059394 0.60820775075642197
0.2748893571891069 4.0735318321794853 0.60822631173880393
0.27925268031909273 4.0761858018645851 0.60826487359645898
0.28361600344907856 4.0788399411946505 0.60830111904707851
0.28797932657906439 4.081494214776054 0.60832651909426916
0.29234264970905022 4.0841485768430061 0.60834181605749338
0.29670597283903605 4.0868029837964448 0.60834692801406576
0.30106929596902182 4.0894573909209777 0.60834216253513895
0.30543261909900765 4.0921117626358594 0.60833188424719331
0.30979594222899348 4.0947660888129969 0.60832210754841509
0.31415926535897931 4.0974203786991312 0.60831523132909304
0.31852258848896514 4.1000746446043514 0.60831107298739051
0.32288591161895097 4.1027288982158696 0.60830964198458215
0.3272492347489368 4.1053831515389412 0.60831087348933599
0.33161255787892263 4.1080374142301475 0.60831362120682653
0.33597588100890846 4.1106916891665053 0.60831625903312769
0.34033920413889424 4.1133459738934794 0.60831811068842834
0.34470252726888007 4.1160002650533034 0.60831922067458144
0.3490658503988659 4.1186545594669752 0.6083195891573695
0.35342917352885173 4.1213088538629332 0.60831923024192491
0.35779249665883756 4.1239631456053614 0.60831846080905472
0.36215581978882339 4.1266174339602086 0.6083177438942039
0.36651914291880922 4.1292717197387132 0.60831728049467371
0.37088246604879505 4.1319260040320716 0.60831705853355933
0.37524578917878088 4.1345802878761768 0.60831707978255234
0.37960911230876665 4.1372345723448722 0.60831733730061333
0.38397243543875248 4.1398888582241398 0.60831768525387431
0.38833575856873831 4.1425431454092232 0.6083179035735633
0.39269908169872414 4.1451974330469001 0.6083178913348064
0.39706240482870997 4.1478517201372673 0.6083176568480585
0.4014257279586958 4.1505060057143242 0.60831719025577546
0.40578905108868163 4.1531602887548518 0.60831650664707115
0.41015237421866746 4.1558145687546872 0.60831587305923362
0.41451569734865329 4.1584688468724407 0.60831570636907417
0.41887902047863912 4.1611231257109687 0.60831620826133137
0.42324234360862489 4.1637774081783663 0.60831735797754583
0.42760566673861072 4.1664316971022162 0.60831919137699741
0.43196898986859655 4.1690859955037611 0.60832166357566242
0.43633231299858238 4.1717403046934072 0.60832387511660702
0.44069563612856821 4.1743946202848576 0.60832437566258724
0.44505895925855404 4.1770489327826672 0.608322436463414
0.44942228238853987 4.1797032315497029 0.60831812509863159
0.4537856055185257 4.1823575062441654 0.60831131809003758
0.45814892864851153 4.1850117457991187 0.60830214626021928
0.46251225177849731 4.187665945163757 0.60829384761616168
0.46687557490848314 4.1903201201437978 0.60829181558280698
0.47123889803846897 4.1929743058567857 0.60829885617679158
0.4756022211684548 4.1956285419590387 0.60831475037171723
0.47996554429844063 4.1982828669839085 0.60833991679254629
0.48432886742842646 4.2009373221824893 0.60837399645294488
0.48869219055841229 4.2035919275883762 0.60840528717772657
0.49305551368839812 4.2062466265491096 0.60841364312884749
0.49741883681838395 4.2089012891047135 0.60838822185056762
0.50178215994836972 4.2115557672196102 0.6083297086001781
0.50614548307835561 4.2142099171131751 0.6082367024261478
0.51050880620834138 4.2168635848830061 0.60811008814608147
0.51487212933832727 4.2195166913172937 0.60799212168824546
0.51923545246831304 4.2221694390561408 0.6079580350909104
0.52359877559829882 4.2248223089049368 0.60804968373615176
0.5279620987282847 4.2274758534779879 0.60826503859477354
0.53232542185827048 4.230130609368195 0.60860871706912434
0.53668874498825636 4.2327871506215109 0.60907901389379226
0.54105206811824214 4.2354457889725774 0.6095235315772396
0.54541539124822802 4.2381058009920078 0.6096614870192445
0.5497787143782138 4.2407654085187563 0.60933150368195321
0.55414203750819968 4.2434225488461426 0.60853905157881394
0.55850536063818546 4.2460752192090156 0.60726920078648949
0.56286868376817123 4.2487212791224902 0.60552272463016743
0.56723200689815712 4.2513595069789725 0.60384854410631661
0.57159533002814289 4.2539924801741797 0.60329397766534276
0.57595865315812877 4.2566267723829432 0.60448047190581566
0.58032197628811455 4.2592700821145515 0.60739594031164901
0.58468529941810043 4.2619298850592342 0.61208746245321077
0.58904862254808621 4.2646141602352596 0.61857167033287452
0.59341194567807209 4.2673276767216484 0.62487402758211874
0.59777526880805787 4.2700612720107296 0.62709040258394677
0.60213859193804364 4.2727906534186628 0.62283046188909963
0.60650191506802953 4.2754870915307839 0.6121064566453458
0.6108652381980153 4.2781226797466747 0.59477496970213817
0.61522856132800119 4.2806676830273673 0.57070600217323386
0.61959188445798696 4.2831035461023488 0.54699246759089948
0.62395520758797285 4.2854627642491669 0.53817912464178841
0.62831853071795862 4.2878350736395454 0.55344973621749127
0.63268185384794451 4.2903276743853294 0.59288775263849225
0.63704517697793028 4.2930447491127381 0.65690826018970028
0.64140850010791606 4.2960970824397924 0.74623198831692539
0.64577182323790194 4.2995566484773802 0.83541598903751235
0.65013514636788772 4.3033084964386612 0.87030709301394105
0.6544984694978736 4.307021282408245 0.81565987709116772
0.65886179262785938 4.3102950539118217 0.67065647707352705
0.66322511575784526 4.3127408395276197 0.43419201810477931
0.66758843888783104 4.3139459862717384 0.10277163663895218
0.67195176201781692 4.3136320670922403 -0.23251562819871846
0.6763150851478027 4.3122046050097964 -0.36999468583339962
0.68067840827778847 4.310886585958114 -0.17515940908644695
0.68504173140777436 4.3111692879218309 0.35880072700075605
0.68940505453776013 4.3145096266295901 1.2309757748413599
0.69376837766774602 4.322420077937779 2.4527695828548106
0.69813170079773179 4.3361200634297914 3.8161877587682174
0.70249502392771768 4.3552298491951911 4.8408164201443631
0.70685834705770345 4.3773943198949459 5.1986349365811702
0.71122167018768934 4.3995914961355425 4.8654655367098272
0.71558499331767511 4.4188656917239886 3.8531178336420626
0.71994831644766089 4.4322044973653023 2.1451110613646143
0.72431163957764677 4.4368528541041501 -0.066500201503514392
0.72867496270763255 4.4315613850851596 -2.3212816882132059
0.73303828583761843 4.4170031901921911 -4.2959966485441932
0.73740160896760421 4.3945204747554927 -5.9621856921594869
0.74176493209759009 4.3653997582326385 -7.3351668988922132
0.74612825522757587 4.3309493354741164 -8.4054424682058304
0.75049157835756175 4.2924114607902339 -9.2261199958277125
0.75485490148754752 4.2506100497393016 -9.9273015688889483
0.7592182246175333 4.205816097014921 -10.603260165323015
0.76358154774751918 4.1581029675811934 -11.262842362573585
0.76794487087750496 4.1075598076831437 -11.901418656308227
0.77230819400749084 4.0542694879312897 -12.522124885357377
0.77667151713747662 3.9983314733328319 -13.109952540462583
0.7810348402674625 3.9399687359929363 -13.625473127665131
0.78539816339744828 3.8795745599379781 -14.039394055185902
0.78976148652743416 3.8176033781856336 -14.349173383190854
0.79412480965741994 3.7545038498188559 -14.556198378408887
0.79848813278740571 3.6907288071361868 -14.658562487166593
0.8028514559173916 3.6267168702758728 -14.669406927374904
0.80721477904737737 3.5627937986013007 -14.625442295563293
0.81157810217736326 3.4991247759478359 -14.554685941151028
0.81594142530734903 3.4358148265724671 -14.460124149775307
0.82030474843733492 3.3729731562090626 -14.34028213699913
0.82466807156732069 3.3107082349764143 -14.195703554876165
0.82903139469730658 3.2491274951628162 -14.026907910988051
0.83339471782729235 3.1883333441920549 -13.835441924989711
0.83775804095727824 3.1284216945072103 -13.62251967281696
0.84212136408726401 3.0694851191557477 -13.388499750159687
0.84648468721724979 3.0116157707188256 -13.13331878895946
0.85084801034723567 2.9549066973937332 -12.856544976802414
0.85521133347722145 2.8994474486220891 -12.561758718314893
0.85957465660720733 2.8452948185003111 -12.259996691044307
0.86393797973719311 2.7924559421270372 -11.960195708463903
0.86830130286717899 2.7409178500779867 -11.663537702733425
0.87266462599716477 2.6906684627435409 -11.369569191992884
0.87702794912715065 2.6416957560984606 -11.078272163022076
0.88139127225713643 2.59398668628672 -10.790835117556156
0.8857545953871222 2.5475164169777447 -10.511331154134227
0.89011791851710809 2.5022415648775813 -10.243139237814631
0.89448124164709386 2.4581110397841366 -9.9867212422342746
0.89884456477707975 2.4150741111194858 -9.7419023281358967
0.90320788790706552 2.3730798441355212 -9.5088130966240261
0.90757121103705141 2.3320779531035214 -9.2868001267555549
0.91193453416703718 2.2920240352189123 -9.0738554676403353
0.91629785729702307 2.2528829615433708 -8.8682433023327221
0.92066118042700884 2.2146238076885023 -8.6696477731659893
0.92502450355699462 2.1772157175251134 -8.4781303605959177
0.9293878266869805 2.1406274981788487 -8.2939455978132219
0.93375114981696627 2.1048293479256239 -8.1152889160491597
0.93811447294695216 2.0698095148753026 -7.9357574210435189
0.94247779607693793 2.0355863040850566 -7.7496914722227599
0.94684111920692382 2.0021915915258788 -7.5561362183984686
0.95120444233690959 1.9696571511708889 -7.35531016043657
0.95556776546689548 1.9380144306109663 -7.147588678532335
0.95993108859688125 1.9072962889439364 -6.9305056742480922
0.96429441172686703 1.8775620524383598 -6.6943821943053612
0.96865773485685291 1.8489172568094683 -6.4304313888940401
0.97302105798683869 1.8214885838899906 -6.1371693358918664
0.97738438111682457 1.7954023349793644 -5.815041209588057
0.98174770424681035 1.7707849633001673 -5.463907415709766
0.98611102737679623 1.7477625613991099 -5.0840246848619701
0.99047435050678201 1.7264595479477769 -4.6759045431185715
0.99483767363676789 1.7069979322404445 -4.240051593153245
0.99920099676675367 1.6894982343381189 -3.7766163853826598
1.0035643198967394 1.6740806159978723 -3.2857623884782234
1.0079276430267252 1.6608657939908675 -2.7665499293957967
1.0122909661567112 1.6499725527224096 -2.2235212289585653
1.016654289286697 1.6414684027170461 -1.6760289974160305
1.0210176124166828 1.6353258216209403 -1.1427132907037127
1.0253809355466685 1.6314703672369999 -0.62726067691360043
1.0297442586766545 1.6298271137966756 -0.12887701491309508
1.0341075818066403 1.6303214783754343 0.35285094179844878
1.0384709049366261 1.6328780747153229 0.81515945689349611
1.0428342280666119 1.6373879539911187 1.2450619763575399
1.0471975511965976 1.6436774866570152 1.6297213434622435
1.0515608743265836 1.6515401974779482 1.966418519035394
1.0559241974565694 1.6607691471906936 2.2559647417971003
1.0602875205865552 1.6711573774244481 2.4975019163737886
1.064650843716541 1.6824984474167686 2.6939939294290696
1.0690141668465269 1.6946219081783123 2.8595453313257422
1.0733774899765127 1.7074286340893641 3.00855849102392
1.0777408131064985 1.7208571038157723 3.1442125212966427
1.0821041362364843 1.7348469357124214 3.2660269968043023
1.08646745936647 1.749337378127364 3.3732737006351141
1.090830782496456 1.7642679513277817 3.4692784856385468
1.0951941056264418 1.7796213162864689 3.5713144794331542
1.0995574287564276 1.7954686515962353 3.6974849154500848
1.1039207518864134 1.8119293639212477 3.852123144132114
1.1082840750163994 1.8291247734611524 4.0342673596737981
1.1126473981463851 1.8471757074287392 4.2444081321434588
1.1170107212763709 1.8662032347038633 4.4813721923134118
1.1213740444063567 1.8863128124138726 4.7387943547059352
1.1257373675363425 1.9075767335834199 5.0097728227172142
1.1301006906663285 1.9300486602007931 5.2926682538302847
1.1344640137963142 1.9537813631472676 5.5875173776475435
1.1388273369263 1.9788277292447027 5.895279653099089
1.1431906600562858 2.0052412684833967 6.2125886887917927
1.1475539831862718 2.0330280200030644 6.519740497765679
1.1519173063162575 2.0620901182425362 6.7948392566089728
1.1562806294462433 2.0922691024717359 7.032070466694865
1.1606439525762291 2.1234027093023649 7.2323112614887508
1.1650072757062149 2.1553295554061274 7.3958581752385886
1.1693705988362009 2.1878883321785518 7.5213043984896943
1.1737339219661866 2.2208977167146502 7.6002711917380861
1.1780972450961724 2.2541317156361109 7.6232063479769216
1.1824605682261582 2.2873371462253851 7.5872902670192355
1.1868238913561442 2.3202585473783559 7.4930930407738447
1.19118721448613 2.3526411505564844 7.3400635715971969
1.1955505376161157 2.3842292008597781 7.1296341589901404
1.1999138607461015 2.4147899813898572 6.8717882935401233
1.2042771838760873 2.4441450442738475 6.5783121099644717
1.2086405070060733 2.4721496391328888 6.2525589024886665
1.2130038301360591 2.4986617044296215 5.8943467609787463
1.2173671532660448 2.5235388383934225 5.5026648158214888
1.2217304763960306 2.5466370708830701 5.0804261962490598
1.2260937995260166 2.5678590440822036 4.647959196608145
1.2304571226560024 2.5872191154033368 4.2298955175974244
1.2348204457859882 2.6048040174169715 3.8339512886693115
1.2391837689159739 2.6207077822104181 3.4594105625128893
1.2435470920459597 2.6350230722676535 3.1054981071003627
1.2479104151759457 2.6478414504091994 2.7743330550674923
1.2522737383059315 2.6592889721892261 2.4811734917447281
1.2566370614359172 2.6695767010954099 2.2450305496980301
1.261000384565903 2.6789727888186983 2.0722997204014666
1.265363707695889 2.6877520162660926 1.962196775898547
1.2697270308258748 2.6961876304902144 1.9149664491698701
1.2740903539558606 2.7045538756469041 1.9300449933355559
1.2784536770858463 2.713113347880252 2.0021196376521382
1.2828170002158321 2.722098622112922 2.1243555576147246
1.2871803233458181 2.7317215679200069 2.2945278022333118
1.2915436464758039 2.7421916783531226 2.5125010744418339
1.2959069696057897 2.7537184291500232 2.7793956321781299
1.3002702927357754 2.7665141066141725 3.09278623926037
1.3046336158657614 2.7807444260225056 3.4311661059041545
1.3089969389957472 2.7964516336235015 3.7660766974442534
1.313360262125733 2.8135896317212419 4.087227069638633
1.3177235852557188 2.8321004234971463 4.3953174781041673
1.3220869083857045 2.8519281002419712 4.6910922887404434
1.3264502315156905 2.8730180589092487 4.9732071681557048
1.3308135546456763 2.895290136407767 5.2296189993612048
1.3351768777756621 2.9185937567074558 5.4438584208112015
1.3395402009056478 2.942726288401841 5.6096429846126643
1.3439035240356338 2.9674774523790477 5.7275230285474086
1.3482668471656196 2.9926385704562182 5.797422192185647
1.3526301702956054 3.0180001119861486 5.8196101858659537
1.3569934934255912 3.0433599690237516 5.797601891397715
1.3613568165555769 3.0685366360259825 5.7363367134704593
1.3657201396855629 3.0933644259595923 5.6375833259281274
1.3700834628155487 3.1176800692932107 5.5018657867563601
1.3744467859455345 3.1413209455507287 5.3274275995496048
1.3788101090755203 3.1641185126427045 5.1171455480458867
1.3831734322055063 3.1859741248122311 4.9052547705685852
1.387536755335492 3.2069944456698458 4.741155431368627
1.3919000784654778 3.2274483559828671 4.6457043594856104
1.3962634015954636 3.2476326698604021 4.6168119269931065
1.4006267247254494 3.2678373673430863 4.6564866083002494
1.4049900478554354 3.2883627772022037 4.7612006374059739
1.4093533709854211 3.3094076757188153 4.880349517914806
1.4137166941154069 3.3308636750037319 4.9388661254680013
1.4180800172453927 3.3523714137212233 4.9038762959391349
1.4224433403753787 3.3735251358325802 4.7774885310433044
1.4268066635053644 3.3939286653059182 4.5588310674836787
1.4311699866353502 3.4131769269192782 4.249750551849325
1.435533309765336 3.4309364786428382 3.8868648836810475
1.4398966328953218 3.4470996874822322 3.5263620297078822
1.4442599560253078 3.4617493990558845 3.1930905271677981
1.4486232791552935 3.4750048855574698 2.8874767758730631
1.4529866022852793 3.4869817264071123 2.605472743554536
1.4573499254152651 3.4977824581414625 2.3513375692970717
1.4617132485452511 3.5076420809818805 2.1941904237931866
1.4660765716752369 3.5172308983840059 2.2436632636515026
1.4704398948052226 3.5275984524043893 2.5521468044638751
1.4748032179352084 3.5398733720861633 3.1155676889280235
1.4791665410651942 3.5551651579681915 3.9390530464523295
1.4835298641951802 3.5746178162648423 5.0167402808565278
1.487893187325166 3.5991002144185957 6.2015055174474547
1.4922565104551517 3.6285420138212121 7.2527848526699472
1.4966198335851375 3.662027541995573 8.05299850624918
1.5009831567151235 3.6984572616092612 8.6054045847315486
1.5053464798451093 3.7367644302444951 8.9106824020733129
1.509709802975095 3.7758592663212198 8.9695641571390468
1.5140731261050808 3.8147919025312542 8.8587991466346008
1.5184364492350666 3.8531072514698157 8.7070415551688392
1.5227997723650526 3.8908103311816822 8.579456155320127
1.5271630954950384 3.9280113368685052 8.4753893631387669
1.5315264186250241 3.9648035943180817 8.3930066735249333
1.5358897417550099 4.0012868793632803 8.3331358605475927
1.5402530648849959 4.0375361882411731 8.2816978622679418
1.5446163880149817 4.0735358765781813 8.2148240639751045
1.5489797111449675 4.1091832123694276 8.11987104848372
1.5533430342749532 4.1443546420292101 7.9970881901406417
1.557706357404939 4.1789303476138198 7.8463739825361536
1.562069680534925 4.2127866122471547 7.6677728067521
1.5664330036649108 4.2458240601387951 7.4752636341647927
1.5707963267948966 4.2780366815423934 7.2938156592292982
1.5751596499248823 4.3095110281347724 7.1374074427694456
1.5795229730548683 4.3403576247741613 7.0052788391486924
1.5838862961848541 4.3706811244016182 6.8989373826257658
1.5882496193148399 4.4005996828523619 6.8183597551032902
1.5926129424448257 4.4301440217729722 6.7113002809392421
1.5969762655748114 4.4589858406095297 6.4798041787889415
1.6013395887047974 4.4864291156364153 6.0682629383802658
1.6057029118347832 4.5116808478301182 5.4775622495028777
1.610066234964769 4.5339668169445693 4.7060038961376298
1.6144295580947547 4.5524830865066406 3.7519750161491174
1.6187928812247407 4.5666000232317634 2.7230359460977644
1.6231562043547265 4.5764415620966776 1.8285156179754298
1.6275195274847123 4.582929439503407 1.1901811933298347
1.6318828506146981 4.5872028750838458 0.80969340291401959
1.6362461737446838 4.5903675549427483 0.68511666147834338
1.6406094968746698 4.5935592706113111 0.82017559084764458
1.6449728200046556 4.5977626917821102 1.1187025329368419
1.6493361431346414 4.6032787564954596 1.3876405197893276
1.6536994662646272 4.6096603618999801 1.5109707934202889
1.6580627893946132 4.6162478166955099 1.4853452710970569
1.6624261125245989 4.6224107067087941 1.3141394607703081
1.6667894356545847 4.627498904367485 0.99377494825195212
1.6711527587845705 4.630949028540619 0.58127840727767033
1.6755160819145565 4.632609322330361 0.19477599248504687
1.6798794050445423 4.6327933337773075 -0.092331502864348283
1.684242728174528 4.6319524866187152 -0.27705695035702615
1.6886060513045138 4.630520743954806 -0.36195836043225499
1.6929693744344996 4.6289424062569271 -0.34468841662199728
1.6973326975644856 4.6276201204289764 -0.25360980491639751
1.7016960206944713 4.6267481411419364 -0.14953792637341506
1.7060593438244571 4.6262773277811524 -0.071474707368094165
1.7104226669544429 4.6260835284547213 -0.021517268013552401
1.7147859900844289 4.6260510895507165 0.0019938302004915017
1.7191493132144147 4.626060916935848 -0.0020045879862469382
1.7235126363444004 4.6260043655110188 -0.026100561573292831
1.7278759594743862 4.6258274879354397 -0.0540871241927776
1.732239282604372 4.6255423612197832 -0.075201693712360768
1.736602605734358 4.6251822173964454 -0.088761443299850723
1.7409659288643438 4.6247780661131364 -0.095243140048641095
1.7453292519943295 4.6243618013691385 -0.094342506220471092
1.7496925751243153 4.6239627381952246 -0.087965018455847893
1.7540558982543013 4.6235958318006789 -0.08043930205446663
1.7584192213842871 4.6232581291278256 -0.074731282549616682
1.7627825445142729 4.6229407176726873 -0.071058863346796675
1.7671458676442586 4.6226352609762786 -0.069285859384295267
1.7715091907742444 4.6223331961268315 -0.069498745605678633
1.7758725139042304 4.6220265993935321 -0.071204036310529586
1.7802358370342162 4.6217113492534372 -0.073235525338978535
1.7845991601642019 4.6213882231221977 -0.074769055398709039
1.7889624832941877 4.6210596903851755 -0.075735887070184957
1.7933258064241737 4.6207280706945379 -0.076174771603146216
1.7976891295541595 4.6203957451898399 -0.076060116765875194
1.8020524526841453 4.6200649174809021 -0.075535325075823778
1.806415775814131 4.6197366565649185 -0.074954541327737711
1.8107790989441168 4.6194105216179508 -0.074575962548360492
1.8151424220741028 4.6190855300341145 -0.074423234207593836
1.8195057452040886 4.618760744813863 -0.074484722618045757
1.8238690683340744 4.618435198398374 -0.074772971461441892
1.8282323914640601 4.6181080392604157 -0.075190673263575369
1.8325957145940461 4.6177792185466293 -0.075482858891317839
1.8369590377240319 4.6174497889228805 -0.075457485617088454
1.8413223608540177 4.6171212161045068 -0.075096352755414597
1.8456856839840035 4.6167949276523812 -0.074406546955473898
1.8500490071139892 4.6164724110959048 -0.073362924060806953
1.8544123302439752 4.6161548807796411 -0.072205570783952941
1.858775653373961 4.615841498919484 -0.071598052231241563
1.8631389765039468 4.6155285213130073 -0.072055267045275706
1.8675022996339325 4.6152110711916947 -0.07363105667186326
1.8718656227639185 4.6148843722114288 -0.076304805038370727
1.8762289458939043 4.6145434546491648 -0.080169045815595988
1.8805922690238901 4.6141842316328638 -0.084400214310670935
1.8849555921538759 4.6138098576960571 -0.086614208262463965
1.8893189152838616 4.6134340814101344 -0.084908253797795513
1.8936822384138476 4.6130749217681473 -0.07905749912753271
1.8980455615438334 4.6127500706966211 -0.069152874004607554
1.9024088846738192 4.6124778690930279 -0.054834186030043142
1.906772207803805 4.6122737479176203 -0.03900580094747276
1.911135530933791 4.6121268626592524 -0.030476857027358091
1.9154988540637767 4.6119866563247074 -0.036476410234297117
1.9198621771937625 4.6117860261682662 -0.057959411286195008
1.9242255003237483 4.6114589251085532 -0.094527201456254276
1.9285888234537341 4.6109371490597759 -0.14757669058991196
1.9329521465837201 4.6101620026802115 -0.20686421418210924
1.9373154697137058 4.6091702517511424 -0.23979555609435843
1.9416787928436916 4.6081477190996845 -0.21887293632085084
1.9460421159736774 4.6073443938447962 -0.1400801229129785
1.9504054391036634 4.6070069890289007 -0.0051147954620549326
1.9547687622336491 4.6073892745206848 0.19139698448254522
1.9591320853636349 4.6087143413098284 0.41341581560216356
1.9634954084936207 4.610858723885273 0.54035742301178247
1.9678587316236065 4.6131397442973077 0.46783745827653006
1.9722220547535925 4.614626698930441 0.17896155266699507
1.9765853778835782 4.6143957397475059 -0.32012480833662155
1.980948701013564 4.611512322261258 -1.0397499868189071
1.9853120241435498 4.6050869269291814 -1.9211434855951355
1.9896753472735358 4.5948116431775601 -2.7582171887798883
1.9940386704035216 4.5813481648169656 -3.3675583180255098
1.9984019935335073 4.5658019696274854 -3.7171318527771895
2.0027653166634933 4.5492732178446653 -3.817023346290096
2.0071286397934789 4.5328681240379867 -3.6584190270285037
2.0114919629234649 4.5176667775486985 -3.280288158289578
2.0158552860534504 4.5043545144883703 -2.8249421703365556
2.0202186091834364 4.4929372435296768 -2.4227183037460942
2.0245819323134224 4.4830996773945779 -2.0979341312274351
2.028945255443408 4.4745258447390501 -1.8442905189663827
2.033308578573394 4.4669015961569309 -1.6618840864338145
2.0376719017033795 4.4599081150741249 -1.5585837256592421
2.0420352248333655 4.4531365525556037 -1.5679278489646609
2.0463985479633515 4.4460158099552416 -1.7213502907217564
2.0507618710933371 4.4378965061764077 -2.0249550334872026
2.0551251942233231 4.4281298488463223 -2.4763105842439432
2.0594885173533091 4.4160641382443764 -3.0806331009223245
2.0638518404832946 4.4010597270327692 -3.813201781926578
2.0682151636132806 4.3827500778270583 -4.571620495645405
2.0725784867432662 4.3612713743787621 -5.2567724057252763
2.0769418098732522 4.3370130319403675 -5.8477662418964984
2.0813051330032382 4.3103691018415553 -6.3499872347668642
2.0856684561332237 4.2817337400797735 -6.7595262360436035
2.0900317792632097 4.2514953245834057 -7.0905353516822034
2.0943951023931953 4.2198842956314548 -7.4028779426381019
2.0987584255231813 4.1868334737493473 -7.7561666573181736
2.1031217486531673 4.1521194949930349 -8.164100341610034
2.1074850717831528 4.1155135594788286 -8.6233929714692543
2.1118483949131388 4.0767877071512899 -9.1366498505964326
2.1162117180431244 4.0357159323606036 -9.6948146145415048
2.1205750411731104 3.9921804969539774 -10.25572441942484
2.1249383643030963 3.9462766427394769 -10.776213523022141
2.1293016874330819 3.8982138069094443 -11.246158540876003
2.1336650105630679 3.8482059744816515 -11.667576935886594
2.1380283336930539 3.7964657854068924 -12.040320186405731
2.1423916568230394 3.7432068075559775 -12.363251725260302
2.1467549799530254 3.6886559249205977 -12.631272861660722
2.151118303083011 3.6330657877430612 -12.839043866660283
2.155481626212997 3.5767039790346034 -12.985039762232445
2.159844949342983 3.5198393856258199 -13.069536733635545
2.1642082724729685 3.4627404737195411 -13.092347780063809
2.1685715956029545 3.4056761844271763 -13.053907398731742
2.1729349187329401 3.3489080992891971 -12.957398146749524
2.1772982418629261 3.2926809574531477 -12.806295343086715
2.1816615649929121 3.2372304668512957 -12.601304537361175
2.1860248881228976 3.1827922183006105 -12.342418140922021
2.1903882112528836 3.1296019007025295 -12.028974043378454
2.1947515343828692 3.0778952824317232 -11.663506195265402
2.1991148575128552 3.0278738650182015 -11.260046409979523
2.2034781806428412 2.979665352805279 -10.83423283836189
2.2078415037728267 2.9333535644219317 -10.390393866263237
2.2122048269028127 2.8890189108280717 -9.9280943346437045
2.2165681500327987 2.8467425948093537 -9.4465450151981507
2.2209314731627843 2.8066060719061632 -8.9486197795663234
2.2252947962927703 2.7686506977525851 -8.4510092528124741
2.2296581194227558 2.7328288126158986 -7.9728501856782881
2.2340214425527418 2.6990379519666172 -7.5197884107117998
2.2383847656827278 2.667170787322799 -7.0911290569665333
2.2427480888127134 2.6371209813535108 -6.6866685178209764
2.2471114119426994 2.6087823823330574 -6.3071070127036037
2.2514747350726849 2.5820380268916212 -5.9571531966959324
2.2558380582026709 2.5567452374772079 -5.6423855383260406
2.2602013813326569 2.5327452592925797 -5.3645151773300812
2.2645647044626425 2.5098780014239006 -5.1230916319285056
2.2689280275926285 2.4879838060655159 -4.9188265523521597
2.2732913507226145 2.4669019645166097 -4.7497485784964208
2.2776546738526 2.4465027914159152 -4.6024239657719948
2.282017996982586 2.4267303283008754 -4.4605380939735086
2.2863813201125716 2.4075769510012468 -4.3188600954574792
2.2907446432425576 2.3890402503403627 -4.1778102840739395
2.2951079663725436 2.3711169652882065 -4.0379383978196506
2.2994712895025291 2.3538028039830334 -3.8979196097709563
2.3038346126325151 2.3371165417804569 -3.7473523869141054
2.3081979357625007 2.3211353266730423 -3.5731737689952734
2.3125612588924866 2.3059753934701033 -3.3710289455956994
2.3169245820224726 2.2917572056185453 -3.1416186059863458
2.3212879051524582 2.2786001051208484 -2.8843584548505641
2.3256512282824442 2.2666248985616853 -2.6006490600309125
2.3300145514124297 2.2559270581589352 -2.3018841004603714
2.3343778745424157 2.2465377542516345 -2.0027176353614369
2.3387411976724017 2.2384431689597459 -1.7082820851483493
2.3431045208023873 2.231623661714039 -1.4183287161065325
2.3474678439323733 2.2260603923815632 -1.1321730894255111
2.3518311670623593 2.2217361396012398 -0.85113836905917717
2.3561944901923448 2.2186075708423973 -0.58745607023853152
2.3605578133223308 2.2165606711133026 -0.35742736632789551
2.3649211364523164 2.2154307947898175 -0.1670247877025102
2.3692844595823024 2.2150466047693578 -0.01546881979218772
2.3736477827122884 2.2152384694871525 0.096666929235900145
2.3780111058422739 2.2158346404734797 0.17061454227026626
2.3823744289722599 2.2166899273150462 0.21882379383744321
2.3867377521022455 2.2177315246081664 0.25829174409445738
2.3911010752322315 2.2189406208242493 0.29547209844261119
2.3954643983622175 2.2203065033269462 0.33024481720011861
2.399827721492203 2.2218175381689589 0.36157129507508529
2.404191044622189 2.2234591911958042 0.39109851059139067
2.4085543677521746 2.2252544125760734 0.43705544148963216
2.4129176908821606 2.227334668690292 0.52526177183512623
2.4172810140121466 2.2299145943206655 0.66600241991825482
2.4216443371421321 2.2332218046596539 0.858425082061128
2.4260076602721181 2.2374811822916221 1.1026999244404578
2.4303709834021041 2.2429193336296449 1.39830500041276
2.4347343065320897 2.2497477509550121 1.7379514361448347
2.4390976296620757 2.258134598504733 2.1111347932022482
2.4434609527920612 2.2682134147973319 2.5135646399133731
2.4478242759220472 2.2801116924809497 2.9449434167395823
2.4521875990520332 2.2939569667730502 3.4066242277395746
2.4565509221820188 2.3098816328247667 3.8968629289858647
2.4609142453120048 2.3279683413043974 4.3904226493363767
2.4652775684419903 2.3481447982895585 4.8492611769885867
2.4696408915719763 2.3702118222684336 5.2570106968756054
2.4740042147019623 2.393947615335446 5.6143933139783782
2.4783675378319479 2.4191342976887191 5.9220324261897357
2.4827308609619338 2.4455541725688623 6.1795320773640556
2.4870941840919194 2.4729818000037938 6.3826547040509691
2.4914575072219054 2.501164313944864 6.524565894081249
2.4958208303518914 2.5298258750342058 6.6021887944336246
2.5001841534818769 2.5586866070692267 6.6160944154691927
2.5045474766118629 2.5874682665618218 6.5654226105667259
2.5089107997418489 2.6158882344671128 6.451157116407626
2.5132741228718345 2.6437012469425003 6.2928982668612372
2.5176374460018205 2.6707858161595532 6.1220466535657723
2.522000769131806 2.697128978243863 5.953117269201055
2.526364092261792 2.7227397028071065 5.7863454801010699
2.530727415391778 2.7476249517111935 5.6199747553847583
2.5350907385217636 2.7717852282480147 5.4549748395467441
2.5394540616517496 2.7952726018944016 5.3202369969915235
2.5438173847817351 2.8183275785774011 5.2642400824054514
2.5481807079117211 2.8413603585101903 5.3104099691169795
2.5525440310417071 2.8648160120167643 5.457212428129619
2.5569073541716927 2.8891311272006415 5.7055014790675065
2.5612706773016787 2.9147531648136793 6.0550388095584227
2.5656340004316642 2.9420644051009601 6.4685843164757442
2.5699973235616502 2.9712021242930189 6.8820695573928727
2.5743606466916362 3.0020750850552123 7.263441699018883
2.5787239698216218 3.0345424768871951 7.6137821647339416
2.5830872929516078 3.0684731655370165 7.9333869945740441
2.5874506160815938 3.1037290725544997 8.221869024343901
2.5918139392115793 3.1402058567844962 8.4989024471981764
2.5961772623415653 3.1779293605439269 8.7988812722571108
2.6005405854715509 3.2170510165360744 9.1404124210622246
2.6049039086015369 3.2577519944397748 9.5214694256944252
2.6092672317315229 3.3002040007194067 9.9454904476341515
2.6136305548615084 3.3446036606405531 10.411375787573169
2.6179938779914944 3.3909774808562823 10.820254044764775
2.62235720112148 3.4386834839198399 10.992129768245713
2.626720524251466 3.4864131058690622 10.827929223358428
2.631083847381452 3.532688385079886 10.329162418499205
2.6354471705114375 3.5760625241800787 9.4938207629344156
2.6398104936414235 3.6150467681179634 8.3210075970079238
2.6441738167714091 3.6484077583476946 6.963067877314506
2.6485371399013951 3.6759587294302105 5.7067005544057077
2.6529004630313811 3.6985912282805193 4.7137422467315675
2.6572637861613666 3.7174820552263066 3.9876662922242283
2.6616271092913526 3.7337692653626804 3.5222292607223169
2.6659904324213386 3.7486024868790686 3.3202493488288631
2.6703537555513241 3.763099932438164 3.3630545487048185
2.6747170786813101 3.7782571436824584 3.6165725892698064
2.6790804018112957 3.7949389668979507 4.061562674024735
2.6834437249412817 3.8139740240153044 4.6942947199821354
2.6878070480712677 3.8361867784434565 5.5211646345472056
2.6921703712012532 3.8624408306065448 6.544368311688566
2.6965336943312392 3.8933563073132191 7.6082347705633593
2.7008970174612248 3.9284323876219429 8.3951450118097544
2.7052603405912108 3.9659354937560818 8.7129579462279061
2.7096236637211968 4.0037787166387533 8.5573430568844664
2.7139869868511823 4.0399278987627874 7.9311001011174111
2.7183503099811683 4.0722942637398321 6.8260766977059921
2.7227136331111539 4.0990631830944384 5.4230196581753392
2.7270769562411399 4.1197373389747955 4.1013004066138512
2.7314402793711259 4.1353162633409424 3.0975606250535352
2.7358036025011114 4.147246383660419 2.4222830002481617
2.7401669256310974 4.1569194646816312 2.06657450346807
2.7445302487610834 4.1657554580841527 2.0373211519608034
2.748893571891069 4.1750677528648419 2.2619847081102802
2.753256895021055 4.185638240342163 2.5851341159371835
2.7576202181510405 4.1976249492347577 2.9066646238692058
2.7619835412810265 4.2109918255637444 3.2200485332485531
2.7663468644110125 4.2257214513224381 3.5308731075909661
2.7707101875409981 4.241800183583659 3.8387256956173932
2.7750735106709841 4.2591739387196101 4.1144602148100411
2.7794368338009696 4.2775587676990723 4.2892248592635278
2.7838001569309556 4.2963914082745642 4.317487504002159
2.7881634800609416 4.3150195483029234 4.196960635121302
2.7925268031909272 4.332802304880758 3.9289584013782797
2.7968901263209132 4.3490872317009241 3.5104194772860358
2.8012534494508987 4.363272820843564 2.9793472605351923
2.8056167725808847 4.3750543791315826 2.4258869258219962
2.8099800957108707 4.3844997589111401 1.9116725952685258
2.8143434188408563 4.3918006334788418 1.4412990541106341
2.8187067419708423 4.3971368914867011 1.0117835290123134
2.8230700651008283 4.4006915044544765 0.62447942703067927
2.8274333882308138 4.4026431268836657 0.27610735388429331
2.8317967113607998 4.4031475501062776 -0.040256240891896528
2.8361600344907854 4.4023310287958308 -0.32966522904124196
2.8405233576207713 4.4003092859080821 -0.59252955933927687
2.8448866807507573 4.3971990810195409 -0.82868391275701536
2.8492500038807429 4.3931158061419717 -1.0386071569633293
2.8536133270107289 4.3881811395336809 -1.2171673038182431
2.8579766501407144 4.3825588971755254 -1.3511195695381097
2.8623399732707004 4.3764693047661716 -1.4308188484238094
2.8667032964006864 4.3701528645812129 -1.4553647346364154
2.871066619530672 4.3638484017321817 -1.4252159429283398
2.875429942660658 4.3577956693418329 -1.3399530996778199
2.8797932657906435 4.352231345223629 -1.2022713580211002
2.8841565889206295 4.3473696231244423 -1.0193828114157255
2.8885199120506155 4.3433934845024078 -0.79666282732078364
2.8928832351806011 4.3404744662602193 -0.53472652810881693
2.8972465583105871 4.3387846211063801 -0.23325211158068868
2.9016098814405731 4.338497199455893 0.10826646012102291
2.9059732045705586 4.3397790293232203 0.48389099835360777
2.9103365277005446 4.3427447029165966 0.87653780765088851
2.9146998508305302 4.3474339301771563 1.2730799093024099
2.9190631739605162 4.3538578366004659 1.6719704421440387
2.9234264970905022 4.3620290720557096 2.0739186945499406
2.9277898202204877 4.3719611156953571 2.4792526294725517
2.9321531433504737 4.3836618503882354 2.8826735587093739
2.9365164664804593 4.3970912958203447 3.2682922504742868
2.9408797896104453 4.4121388908462444 3.6235282146001464
2.9452431127404313 4.42866589606205 3.9466908950737665
2.9496064358704168 4.4465344070379365 4.2383231485991804
2.9539697590004028 4.4656081310381328 4.4996263094511892
2.9583330821303884 4.4857433499650599 4.7212550003183056
2.9626964052603744 4.506705898523335 4.8720971810207088
2.9670597283903604 4.5281206411784076 4.9268354802575614
2.9714230515203459 4.5495566720277942 4.8825825460676748
2.9757863746503319 4.5705876358088267 4.7409890666049614
2.9801496977803179 4.5907828577343333 4.4984985443983039
2.9845130209103035 4.6097254943802337 4.1742261396605276
2.9888763440402895 4.6271866612283006 3.8340084780950723
2.993239667170275 4.6432406381958726 3.5330554328804826
2.997602990300261 4.6580858066931157 3.2784572987197342
3.001966313430247 4.6719134645791636 3.0670986339269293
3.0063296365602326 4.6849173626045371 2.9011671034976061
3.0106929596902186 4.6972885374932671 2.7748479458612576
3.0150562828202041 4.7091587755365873 2.6666089183415633
3.0194196059501901 4.7205583143412237 2.5578364239624918
3.0237829290801761 4.7314761634437135 2.4463510278233964
3.0281462522101616 4.7419043730132486 2.3332283184919471
3.0325095753401476 4.7518338953701251 2.2176811363144271
3.0368728984701332 4.7612567565352277 2.1017659281855381
3.0412362216001192 4.7701858773990145 1.9931485424070878
3.0455995447301052 4.7786708606986714 1.8986959729838591
3.0499628678600907 4.7867771324607764 1.8193742680258753
3.0543261909900767 4.7945692035881011 1.7547023407065134
3.0586895141200627 4.8021124843873269 1.7056276820175309
3.0630528372500483 4.8094694242710139 1.6674240385567223
3.0674161603800343 4.8166532260640116 1.6221537125238865
3.0717794835100198 4.8235911265650619 1.553328403217842
3.0761428066400058 4.8301699278184635 1.4579322362109428
3.0805061297699918 4.8362766408114171 1.336859779168768
3.0848694528999774 4.8417980606181805 1.1895438436111394
3.0892327760299634 4.8466219391007987 1.0178680038125569
3.0935960991599489 4.8506558717809902 0.82916648537303494
3.0979594222899349 4.8538431312287056 0.6303920384812709
3.1023227454199209 4.8561444520756778 0.42293519755294301
3.1066860685499065 4.8575204151736857 0.20618137272988823
3.1110493916798925 4.8579326704739456 -0.018172283651757149
3.115412714809878 4.857338495702118 -0.25857085330790153
3.119776037939864 4.855614915877438 -0.54111497903981054
3.12413936106985 4.8524704677591233 -0.92397869875688599
3.1285026841998356 4.847584237600576 -1.2844578886318063
3.1328660073298216 4.8418580754318095 -1.2347332374211131
3.1372293304598076 4.8376423975472091 -0.6121148695079196
3.1415926535897931 4.836242294114621 -0.17793410226689146
3.1459559767197791 4.8348512890126463 -0.59517359174530149
3.1503192998497647 4.8306065195072394 -1.316244722231678
3.1546826229797507 4.8234826256923808 -1.9563646428046733
3.1590459461097367 4.8135031311393677 -2.6177203327755105
3.1634092692397222 4.8013450199998919 -2.7934505225463733
3.1677725923697082 4.7904411979542383 -2.0646948440865565
3.1721359154996938 4.7837530315955856 -1.0431303668253602
3.1764992386296798 4.7809829414201124 -0.26580186010163864
3.1808625617596658 4.7810892324074885 0.27484439585190673
3.1852258848896513 4.7830376488384889 0.57913703518047921
3.1895892080196373 4.7857904298611578 0.6409127364609507
3.1939525311496229 4.7883137279213406 0.48477678487159903
3.1983158542796088 4.7898834231220073 0.2341149971187457
3.2026791774095948 4.7904092498932807 0.019538005082536097
3.2070425005395804 4.7901541312095608 -0.12614184668646072
3.2114058236695664 4.789399283925742 -0.20937206703842226
3.2157691467995524 4.7884216118736429 -0.22756243563464376
3.2201324699295379 4.7874990668577784 -0.18687120825948444
3.2244957930595239 4.786829145902364 -0.11985168139725401
3.2288591161895095 4.7864399739267061 -0.061900726902495255
3.2332224393194955 4.7862620965055784 -0.022419857527783339
3.2375857624494815 4.7862199473930858 0.00030105592559731824
3.241949085579467 4.7862394083981963 0.0056164402477540164
3.246312408709453 4.7862458285013849 -0.0049722776206629713
3.2506757318394386 4.7861853644530692 -0.022885209333333104
3.2550390549694246 4.7860494106049449 -0.038533882888186398
3.2594023780994106 4.7858562917901724 -0.049232955959351003
3.2637657012293961 4.7856263155331629 -0.055433036625177658
3.2681290243593821 4.7853793212597164 -0.056975677706826641
3.2724923474893677 4.7851353542928434 -0.054224336245266208
3.2768556706193537 4.7849090837901915 -0.049438445784376686
3.2812189937493397 4.7847031068744466 -0.045213313972008159
3.2855823168793252 4.7845125946440268 -0.042314154703420287
3.2899456400093112 4.7843320893774024 -0.04062290768796642
3.2943089631392972 4.784156280455214 -0.040177804939893626
3.2986722862692828 4.7839797863668583 -0.0408915799196337
3.3030356093992688 4.7837986132242181 -0.042169749055958161
3.3073989325292543 4.7836119859244208 -0.043310380513059417
3.3117622556592403 4.7834211753250662 -0.044095912688066133
3.3161255787892263 4.7832276482560143 -0.044557084425763553
3.3204889019192119 4.7830328263087498 -0.04468486496468884
3.3248522250491979 4.7828381539656801 -0.04450000348259172
3.3292155481791834 4.7826447179423797 -0.044158777745670633
3.3335788713091694 4.7824527474418543 -0.043850892079042643
3.3379421944391554 4.7822619084579934 -0.043638067693113534
3.342305517569141 4.7820718067596388 -0.043512357177897268
3.346668840699127 4.7818820617897169 -0.043475835047496136
3.351032163829113 4.7816922858978153 -0.043523626068013049
3.3553954869590985 4.7815021835708285 -0.043614684735486089
3.3597588100890845 4.7813116875565944 -0.043697778689654361
3.3641221332190701 4.7811208855119869 -0.043755434603735835
3.3684854563490561 4.7809298833901837 -0.043789690925570154
3.372848779479042 4.7807387830695358 -0.043800089223014677
3.3772121026090276 4.7805476885638845 -0.043787758166529925
3.3815754257390136 4.7803566801868582 -0.043763468317370956
3.3859387488689991 4.780165777540673 -0.043741045918490991
3.3903020719989851 4.7799749576557806 -0.04372542771824238
3.3946653951289711 4.7797841920575603 -0.043716095678295333
3.3990287182589567 4.7795934534711231 -0.043713145338061872
3.4033920413889427 4.7794027139923854 -0.043716320305566145
3.4077553645189282 4.7792119518059337 -0.043722796950432533
3.4121186876489142 4.7790211612310607 -0.043728846518303874
3.4164820107789002 4.7788303482768706 -0.043733076927727266
3.4208453339088858 4.7786395205953118 -0.043735618399980226
3.4252086570388718 4.7784486854887733 -0.043736452934380513
3.4295719801688578 4.7782578504419302 -0.043735637321033333
3.4339353032988433 4.7780670213773329 -0.043733911107286125
3.4382986264288293 4.7778761999329564 -0.043732279208421744
3.4426619495588149 4.7776853845394935 -0.043731133437967029
3.4470252726888009 4.7774945731408369 -0.043730441490481782
3.4513885958187869 4.7773037637817977 -0.043730206086796335
3.4557519189487724 4.7771129544550837 -0.043730415086228235
3.4601152420787584 4.7769221435536311 -0.043730874977459998
3.464478565208744 4.7767313306072507 -0.043731315112358414
3.46884188833873 4.7765405160250047 -0.043731625408690807
3.473205211468716 4.7763497003593125 -0.043731813749580961
3.4775685345987015 4.7761588841336993 -0.043731879985772139
3.4819318577286875 4.77596806788641 -0.043731826576754014
3.4862951808586731 4.7757772520533068 -0.043731704106621541
3.4906585039886591 4.7755864367688217 -0.043731585420860822
3.4950218271186451 4.7753956219265419 -0.043731501394018012
3.4993851502486306 4.7752048073780688 -0.043731450142491746
3.5037484733786166 4.7750139929832152 -0.043731431547916123
3.5081117965086026 4.7748231785976722 -0.043731445155237011
3.5124751196385882 4.7746323641032848 -0.043731477754883653
3.5168384427685742 4.7744415494617538 -0.043731509753442477
3.5212017658985597 4.7742507347007006 -0.043731532505459469
3.5255650890285457 4.774059919859984 -0.043731546448733734
3.5299284121585317 4.7738691049771438 -0.04373155165819665
3.5342917352885173 4.7736782900908654 -0.043731548203054145
3.5386550584185033 4.7734874752331651 -0.043731539529245959
3.5430183815484888 4.7732966604149194 -0.043731530903788722
3.5473817046784748 4.773105845628975 -0.043731524743679431
3.5517450278084608 4.7729150308646284 -0.043731520951264001
3.5561083509384463 4.7727242161118255 -0.043731519494638639
3.5604716740684323 4.7725334013601977 -0.043731520368811248
3.5648349971984179 4.7723425866010727 -0.043731522675470293
3.5691983203284039 4.7721517718313731 -0.04373152499989276
3.5735616434583899 4.7719609570529444 -0.043731526667756176
3.5779249665883754 4.7717701422686609 -0.043731527699037327
3.5822882897183614 4.7715793274812155 -0.0437315281055356
3.5866516128483474 4.7713885126933873 -0.043731527885417988
3.591014935978333 4.7711976979075228 -0.043731527272417137
3.595378259108319 4.7710068831244925 -0.043731526645717757
3.5997415822383045 4.7708160683438221 -0.043731526194338441
3.6041049053682905 4.7706252535647371 -0.043731525913974501
3.6084682284982765 4.770434438786519 -0.043731525800746018
3.6128315516282621 4.7702436240084198 -0.04373152585619746
3.6171948747582481 4.7700528092298073 -0.043731526018756052
3.6215581978882336 4.7698619944504363 -0.043731526187544688
3.6259215210182196 4.7696711796704276 -0.043731526309799283
3.6302848441482056 4.7694803648899891 -0.043731526386000016
3.6346481672781912 4.7692895501093133 -0.043731526417566405
3.6390114904081772 4.7690987353286003 -0.043731526403796073
3.6433748135381627 4.7689079205480214 -0.043731526360748382
3.6477381366681487 4.768717105767645 -0.043731526315266868
3.6521014597981347 4.7685262909874417 -0.043731526281915324
3.6564647829281203 4.7683354762073558 -0.043731526261128431
3.6608281060581063 4.7681446614273346 -0.043731526252440887
3.6651914291880923 4.7679538466473241 -0.043731526256057966
3.6695547523180778 4.7677630318672781 -0.043731526267389215
3.6739180754480638 4.7675722170871788 -0.043731526279513766
3.6782813985780494 4.7673814023070324 -0.043731526288689662
3.6826447217080354 4.7671905875268541 -0.043731526294210829
3.6870080448380214 4.7669997727466589 -0.043731526296523562
3.6913713679680069 4.7668089579664601 -0.043731526295810161
3.6957346910979929 4.7666181431862702 -0.04373152629268702
3.7000980142279785 4.7664273284060954 -0.043731526289404965
3.7044613373579645 4.7662365136259321 -0.043731526287336342
3.7088246604879505 4.7660456988457769 -0.043731526285444869
3.713187983617936 4.7658548840656287 -0.043731526284711421
3.717551306747922 4.7656640692854797 -0.043731526285262015
3.7219146298779076 4.7654732545053289 -0.043731526285625086
3.7262779530078936 4.7652824397251754 -0.043731526286675544
3.7306412761378795 4.7650916249450166 -0.043731526287593289
3.7350045992678651 4.764900810164856 -0.043731526287770557
3.7393679223978511 4.7647099953846945 -0.043731526287975719
3.7437312455278371 4.7645191806045322 -0.043731526288185753
3.7480945686578226 4.7643283658243698 -0.043731526287764527
3.7524578917878086 4.7641375510442101 -0.043731526287407362
3.7568212149177942 4.7639467362640504 -0.043731526287425257
3.7611845380477802 4.7637559214838916 -0.043731526287100191
3.7655478611777662 4.7635651067037337 -0.04373152628714784
3.7699111843077517 4.7633742919235749 -0.043731526287295687
3.7742745074377377 4.7631834771434161 -0.043731526287267293
3.7786378305677233 4.7629926623632572 -0.043731526287233063
3.7830011536977093 4.7628018475830984 -0.043731526287398341
3.7873644768276953 4.7626110328029387 -0.043731526287368781
3.7917277999576808 4.7624202180227799 -0.0437315262873351
3.7960911230876668 4.7622294032426202 -0.043731526287499406
3.8004544462176524 4.7620385884624605 -0.043731526287486527
3.8048177693476384 4.7618477736823008 -0.043731526287373715
3.8091810924776244 4.761656958902142 -0.043731526287213836
3.8135444156076099 4.7614661441219832 -0.043731526287368858
3.8179077387375959 4.7612753293418235 -0.043731526287519286
3.8222710618675819 4.7610845145616638 -0.043731526287359879
3.8266343849975675 4.760893699781505 -0.043731526287249751
3.8309977081275535 4.7607028850013462 -0.04373152628723901
3.835361031257539 4.7605120702211874 -0.043731526287392117
3.839724354387525 4.7603212554410277 -0.043731526287401082
3.844087677517511 4.7601304406608689 -0.043731526287198758
3.8484510006474966 4.7599396258807101 -0.04373152628740179
3.8528143237774826 4.7597488111005504 -0.04373152628740265
3.8571776469074681 4.7595579963203916 -0.043731526287196176
3.8615409700374541 4.7593671815402327 -0.04373152628741054
3.8659042931674401 4.7591763667600731 -0.043731526287356874
3.8702676162974257 4.7589855519799142 -0.043731526287370551
3.8746309394274117 4.7587947371997545 -0.043731526287369489
3.8789942625573972 4.7586039224195957 -0.043731526287360059
3.8833575856873832 4.758413107639436 -0.043731526287398848
3.8877209088173692 4.7582222928592772 -0.043731526287239746
3.8920842319473548 4.7580314780791184 -0.043731526287240093
3.8964475550773408 4.7578406632989596 -0.043731526287397779
3.9008108782073267 4.7576498485187999 -0.043731526287363993
3.9051742013373123 4.7574590337386411 -0.04373152628735482
3.9095375244672983 4.7572682189584814 -0.043731526287425319
3.9139008475972838 4.7570774041783226 -0.043731526287152482
3.9182641707272698 4.7568865893981638 -0.04373152628756264
3.9226274938572558 4.7566957746180032 -0.043731526287402844
3.9269908169872414 4.7565049598378453 -0.043731526287034535
3.9313541401172274 4.7563141450576865 -0.043731526287446254
3.9357174632472129 4.7561233302775268 -0.043731526287389029
3.9400807863771989 4.755932515497368 -0.043731526287206203
3.9444441095071849 4.7557417007172091 -0.04373152628737071
3.9488074326371705 4.7555508859370494 -0.043731526287519563
3.9531707557671565 4.7553600711568897 -0.043731526287370273
3.957534078897142 4.7551692563767309 -0.043731526287207917
3.961897402027128 4.7549784415965721 -0.043731526287395975
3.966260725157114 4.7547876268164124 -0.043731526287403386
3.9706240482870996 4.7545968120362536 -0.043731526287199063
3.9749873714170856 4.7544059972560948 -0.043731526287398285
3.9793506945470716 4.7542151824759351 -0.043731526287403025
3.9837140176770571 4.7540243676957763 -0.043731526287198189
3.9880773408070431 4.7538335529156175 -0.04373152628740213
3.9924406639370287 4.7536427381354578 -0.043731526287401866
3.9968039870670147 4.753451923355299 -0.043731526287198973
4.0011673101970002 4.7532611085751402 -0.043731526287400131
4.0055306333269867 4.7530702937949805 -0.043731526287395718
4.0098939564569722 4.7528794790148217 -0.043731526287212212
4.0142572795869578 4.7526886642346629 -0.043731526287366658
4.0186206027169442 4.7524978494545032 -0.043731526287516351
4.0229839258469298 4.7523070346743435 -0.043731526287373826
4.0273472489769153 4.7521162198941846 -0.043731526287210283
4.0317105721069009 4.7519254051140258 -0.043731526287396322
4.0360738952368873 4.7517345903338661 -0.043731526287399618
4.0404372183668729 4.7515437755537073 -0.043731526287200437
4.0448005414968584 4.7513529607735485 -0.043731526287409866
4.0491638646268449 4.7511621459933888 -0.043731526287355306
4.0535271877568304 4.75097133121323 -0.043731526287364132
4.057890510886816 4.7507805164330703 -0.043731526287410089
4.0622538340168024 4.7505897016529115 -0.043731526287190722
4.066617157146788 4.7503988868727527 -0.043731526287411567
4.0709804802767735 4.750208072092593 -0.043731526287384935
4.0753438034067591 4.7500172573124342 -0.043731526287270631
4.0797071265367455 4.7498264425322754 -0.043731526287117073
4.0840704496667311 4.7496356277521175 -0.043731526287234965
4.0884337727967166 4.7494448129719578 -0.043731526287554313
4.092797095926703 4.7492539981917981 -0.043731526287353648
4.0971604190566886 4.7490631834116392 -0.043731526287226326
4.1015237421866741 4.7488723686314804 -0.043731526287352315
4.1058870653166606 4.7486815538513207 -0.043731526287559636
4.1102503884466461 4.748490739071161 -0.043731526287215002
4.1146137115766317 4.7482999242910031 -0.04373152628719159
4.1189770347066181 4.7481091095108434 -0.04373152628760317
4.1233403578366037 4.7479182947306837 -0.043731526287201623
4.1277036809665892 4.7477274799505258 -0.043731526287201609
4.1320670040965748 4.7475366651703661 -0.043731526287603184
4.1364303272265612 4.7473458503902064 -0.043731526287191541
4.1407936503565468 4.7471550356100485 -0.043731526287215217
4.1451569734865323 4.7469642208298888 -0.043731526287558838
4.1495202966165188 4.7467734060497291 -0.043731526287355285
4.1538836197465043 4.7465825912695703 -0.043731526287215244
4.1582469428764899 4.7463917764894115 -0.043731526287394983
4.1626102660064763 4.7462009617092518 -0.04373152628740002
4.1669735891364619 4.746010146929093 -0.043731526287200166
4.1713369122664474 4.7458193321489341 -0.043731526287410581
4.1757002353964339 4.7456285173687744 -0.043731526287352704
4.1800635585264194 4.7454377025886156 -0.04373152628737384
4.184426881656405 4.7452468878084559 -0.043731526287373847
4.1887902047863905 4.7450560730282971 -0.043731526287352704
4.193153527916377 4.7448652582481374 -0.043731526287410512
4.1975168510463625 4.7446744434679786 -0.043731526287200444
4.2018801741763481 4.7444836286878198 -0.043731526287398965
4.2062434973063345 4.7442928139076601 -0.043731526287398896
4.2106068204363201 4.7441019991275013 -0.043731526287200673
4.2149701435663056 4.7439111843473425 -0.043731526287409679
4.2193334666962921 4.7437203695671828 -0.043731526287355806
4.2236967898262776 4.743529554787024 -0.043731526287362321
4.2280601129562632 4.7433387400068643 -0.043731526287416847
4.2324234360862487 4.7431479252267055 -0.043731526287192228
4.2367867592162352 4.7429571104465467 -0.043731526287398771
4.2411500823462207 4.742766295666387 -0.043731526287407917
4.2455134054762063 4.7425754808862282 -0.043731526287191493
4.2498767286061927 4.7423846661060693 -0.043731526287410658
4.2542400517361783 4.7421938513259096 -0.0437315262873611
4.2586033748661638 4.7420030365457508 -0.043731526287366831
4.2629666979961502 4.7418122217655911 -0.043731526287366769
4.2673300211261358 4.7416214069854323 -0.043731526287361308
4.2716933442561213 4.7414305922052726 -0.043731526287409915
4.2760566673861078 4.7412397774251138 -0.04373152628719422
4.2804199905160933 4.741048962644955 -0.043731526287397737
4.2847833136460789 4.7408581478647953 -0.043731526287436762
4.2891466367760644 4.7406673330846365 -0.043731526287077174
4.2935099599060509 4.7404765183044786 -0.043731526287228407
4.2978732830360364 4.7402857035243189 -0.04373152628759374
4.302236606166022 4.7400948887441592 -0.043731526287229219
4.3065999292960084 4.7399040739640013 -0.043731526287073927
4.310963252425994 4.7397132591838425 -0.043731526287448953
4.3153265755559795 4.7395224444036828 -0.043731526287352163
4.319689898685966 4.7393316296235239 -0.043731526287337591
4.3240532218159515 4.7391408148433642 -0.043731526287492668
4.3284165449459371 4.7389500000632045 -0.043731526287524296
4.3327798680759235 4.7387591852830449 -0.043731526287216008
4.3371431912059091 4.7385683705028869 -0.043731526287196218
4.3415065143358946 4.7383775557227272 -0.043731526287610366
4.3458698374658802 4.7381867409425675 -0.043731526287194913
4.3502331605958666 4.7379959261624096 -0.043731526287194511
4.3545964837258522 4.7378051113822499 -0.043731526287611601
4.3589598068558377 4.7376142966020902 -0.043731526287191666
4.3633231299858242 4.7374234818219323 -0.043731526287206279
4.3676864531158097 4.7372326670417726 -0.043731526287567789
4.3720497762457953 4.7370418522616129 -0.043731526287355153
4.3764130993757817 4.7368510374814541 -0.0437315262872068
4.3807764225057673 4.7366602227012953 -0.04373152628740222
4.3851397456357528 4.7364694079211356 -0.043731526287406224
4.3895030687657384 4.7362785931409768 -0.043731526287194809
4.3938663918957248 4.736087778360818 -0.04373152628739907
4.3982297150257104 4.7358969635806583 -0.043731526287404135
4.4025930381556959 4.7357061488004994 -0.043731526287206328
4.4069563612856824 4.7355153340203406 -0.043731526287355077
4.4113196844156679 4.7353245192401809 -0.04373152628756858
4.4156830075456535 4.7351337044600212 -0.043731526287203192
4.4200463306756399 4.7349428896798633 -0.043731526287203185
4.4244096538056255 4.7347520748997036 -0.043731526287568621
4.428772976935611 4.7345612601195439 -0.043731526287354917
4.4331363000655974 4.7343704453393851 -0.043731526287206911
4.437499623195583 4.7341796305592263 -0.043731526287401991
4.4418629463255686 4.7339888157790666 -0.043731526287407056
4.4462262694555541 4.7337980009989078 -0.043731526287191722
4.4505895925855405 4.733607186218749 -0.043731526287410602
4.4549529157155261 4.7334163714385893 -0.043731526287361065
4.4593162388455116 4.7332255566584305 -0.043731526287367033
4.4636795619754981 4.7330347418782708 -0.043731526287365999
4.4680428851054836 4.732843927098112 -0.043731526287364209
4.4724062082354692 4.7326531123179523 -0.043731526287399076
4.4767695313654556 4.7324622975377935 -0.043731526287234673
4.4811328544954412 4.7322714827576347 -0.043731526287246768
4.4854961776254267 4.7320806679774758 -0.043731526287389508
4.4898595007554132 4.7318898531973161 -0.043731526287390396
4.4942228238853987 4.7316990384171573 -0.04373152628724411
4.4985861470153843 4.7315082236369985 -0.043731526287244409
4.5029494701453698 4.7313174088568397 -0.043731526287389536
4.5073127932753563 4.73112659407668 -0.043731526287392623
4.5116761164053418 4.7309357792965212 -0.043731526287235201
4.5160394395353274 4.7307449645163624 -0.043731526287277833
4.5204027626653138 4.7305541497362036 -0.043731526287237997
4.5247660857952994 4.7303633349560448 -0.04373152628735473
4.5291294089252849 4.7301725201758851 -0.043731526287565013
4.5334927320552714 4.7299817053957254 -0.043731526287191055
4.5378560551852569 4.7297908906155675 -0.043731526287255303
4.5422193783152425 4.7296000758354078 -0.043731526287398959
4.5465827014452289 4.7294092610552489 -0.043731526287344058
4.5509460245752145 4.7292184462750892 -0.043731526287420039
4.5553093477052 4.7290276314949304 -0.043731526287197689
4.5596726708351856 4.7288368167147716 -0.043731526287400471
4.564035993965172 4.7286460019346119 -0.043731526287395635
4.5683993170951576 4.7284551871544531 -0.043731526287212205
4.5727626402251431 4.7282643723742943 -0.043731526287366797
4.5771259633551296 4.7280735575941346 -0.043731526287515837
4.5814892864851151 4.7278827428139749 -0.043731526287375755
4.5858526096151007 4.7276919280338161 -0.043731526287203053
4.5902159327450871 4.7275011132536573 -0.043731526287396565
4.5945792558750727 4.7273102984734976 -0.043731526287405932
4.5989425790050582 4.7271194836933388 -0.043731526287201623
4.6033059021350438 4.72692866891318 -0.043731526287398848
4.6076692252650302 4.7267378541330203 -0.043731526287398209
4.6120325483950158 4.7265470393528615 -0.043731526287203532
4.6163958715250013 4.7263562245727027 -0.043731526287398896
4.6207591946549877 4.726165409792543 -0.043731526287396051
4.6251225177849733 4.7259745950123841 -0.043731526287212094
4.6294858409149588 4.7257837802322253 -0.043731526287366818
4.6338491640449453 4.7255929654520656 -0.04373152628751583
4.6382124871749308 4.7254021506719059 -0.043731526287375762
4.6425758103049164 4.7252113358917471 -0.043731526287203053
4.6469391334349028 4.7250205211115883 -0.043731526287396565
4.6513024565648884 4.7248297063314286 -0.043731526287405918
4.6556657796948739 4.7246388915512698 -0.043731526287201686
4.6600291028248595 4.724448076771111 -0.043731526287398632
4.6643924259548459 4.7242572619909513 -0.043731526287398993
4.6687557490848315 4.7240664472107925 -0.043731526287200603
4.673119072214817 4.7238756324306337 -0.043731526287409818
4.6774823953448035 4.723684817650474 -0.043731526287355313
4.681845718474789 4.7234940028703152 -0.043731526287364153
4.6862090416047746 4.7233031880901555 -0.043731526287410005
4.690572364734761 4.7231123733099967 -0.043731526287191048
4.6949356878647466 4.7229215585298379 -0.043731526287410338
4.6992990109947321 4.7227307437496782 -0.043731526287389508
4.7036623341247186 4.7225399289695194 -0.043731526287226818
4.7080256572547041 4.7223491141893605 -0.043731526287287777
4.7123889803846897 4.7221582994092017 -0.043731526287233334
4.7167523035146752 4.7219674846290429 -0.04373152628739016
4.7211156266446617 4.7217766698488832 -0.043731526287401221
4.7254789497746472 4.7215858550687244 -0.043731526287200173
4.7298422729046328 4.7213950402885656 -0.043731526287409353
4.7342055960346192 4.7212042255084059 -0.04373152628735763
4.7385689191646048 4.7210134107282471 -0.043731526287355355
4.7429322422945903 4.7208225959480874 -0.04373152628744284
4.7472955654245768 4.7206317811679286 -0.043731526287068473
4.7516588885545623 4.7204409663877707 -0.043731526287257134
4.7560222116845479 4.720250151607611 -0.043731526287514207
4.7603855348145334 4.7200593368274513 -0.043731526287518641
4.7647488579445199 4.7198685220472916 -0.043731526287217111
4.7691121810745054 4.7196777072671336 -0.04373152628719746
4.773475504204491 4.719486892486974 -0.043731526287604294
4.7778388273344774 4.7192960777068143 -0.043731526287191236
4.782202150464463 4.7191052629266563 -0.0437315262872153
4.7865654735944485 4.7189144481464966 -0.043731526287558824
4.7909287967244349 4.7187236333663369 -0.043731526287355285
4.7952921198544205 4.7185328185861781 -0.043731526287215272
4.7996554429844061 4.7183420038060193 -0.043731526287394872
4.8040187661143925 4.7181511890258596 -0.043731526287400471
4.808382089244378 4.7179603742457008 -0.043731526287198466
4.8127454123743636 4.717769559465542 -0.043731526287416909
4.8171087355043491 4.7175787446853823 -0.043731526287355833
4.8214720586343356 4.7173879299052235 -0.043731526287354945
4.8258353817643211 4.7171971151250638 -0.043731526287419602
4.8301987048943067 4.717006300344905 -0.043731526287188571
4.8345620280242931 4.7168154855647462 -0.043731526287410651
4.8389253511542787 4.7166246707845865 -0.043731526287364028
4.8432886742842642 4.7164338560044277 -0.043731526287355126
4.8476519974142507 4.716243041224268 -0.043731526287410637
4.8520153205442362 4.7160522264441092 -0.043731526287197522
4.8563786436742218 4.7158614116639503 -0.043731526287410526
4.8607419668042082 4.7156705968837906 -0.04373152628735559
4.8651052899341938 4.7154797821036318 -0.043731526287362342
4.8694686130641793 4.7152889673234721 -0.043731526287416965
4.8738319361941649 4.7150981525433133 -0.043731526287191735
4.8781952593241513 4.7149073377631545 -0.043731526287400631
4.8825585824541369 4.7147165229829948 -0.043731526287400957
4.8869219055841224 4.714525708202836 -0.043731526287217458
4.8912852287141089 4.7143348934226772 -0.043731526287313749
4.8956485518440944 4.7141440786425184 -0.043731526287112084
4.90001187497408 4.7139532638623605 -0.043731526287238483
4.9043751981040664 4.7137624490822008 -0.043731526287518536
4.908738521234052 4.7135716343020411 -0.043731526287493244
4.9131018443640375 4.7133808195218814 -0.043731526287341081
4.9174651674940231 4.7131900047417226 -0.043731526287364354
4.9218284906240095 4.7129991899615629 -0.043731526287396696
4.9261918137539951 4.7128083751814041 -0.043731526287244075
4.9305551368839806 4.7126175604012452 -0.043731526287238261
4.9349184600139671 4.7124267456210864 -0.043731526287387419
4.9392817831439526 4.7122359308409267 -0.043731526287407271
4.9436451062739382 4.7120451160607679 -0.04373152628720544
4.9480084294039246 4.7118543012806091 -0.043731526287355507
4.9523717525339102 4.7116634865004494 -0.043731526287567726
4.9567350756638957 4.7114726717202897 -0.043731526287206154
4.9610983987938821 4.7112818569401318 -0.043731526287192179
4.9654617219238677 4.7110910421599721 -0.043731526287609679
4.9698250450538533 4.7109002273798124 -0.043731526287201679
4.9741883681838388 4.7107094125996545 -0.043731526287194872
4.9785516913138252 4.7105185978194948 -0.043731526287603378
4.9829150144438108 4.7103277830393351 -0.043731526287197516
4.9872783375737963 4.7101369682591772 -0.043731526287217798
4.9916416607037828 4.7099461534790175 -0.043731526287515837
4.9960049838337683 4.7097553386988578 -0.043731526287524733
5.0003683069637539 4.7095645239186981 -0.043731526287217805
5.0047316300937403 4.7093737091385401 -0.043731526287188578
5.0090949532237259 4.7091828943583804 -0.043731526287612441
5.0134582763537114 4.7089920795782207 -0.043731526287194233
5.0178215994836979 4.7088012647980628 -0.043731526287195156
5.0221849226136834 4.7086104500179031 -0.043731526287609679
5.026548245743669 4.7084196352377434 -0.043731526287198702
5.0309115688736545 4.7082288204575855 -0.043731526287206786
5.035274892003641 4.7080380056774258 -0.043731526287558699
5.0396382151336265 4.7078471908972661 -0.043731526287364292
5.0440015382636121 4.7076563761171073 -0.043731526287206043
5.0483648613935985 4.7074655613369485 -0.043731526287396051
5.0527281845235841 4.7072747465567888 -0.043731526287404988
5.0570915076535696 4.70708393177663 -0.043731526287205919
5.0614548307835561 4.7068931169964712 -0.043731526287355875
5.0658181539135416 4.7067023022163115 -0.043731526287565797
5.0701814770435272 4.7065114874361518 -0.043731526287213537
5.0745448001735127 4.7063206726559939 -0.04373152628719134
5.0789081233034992 4.7061298578758342 -0.04373152628760564
5.0832714464334847 4.7059390430956745 -0.043731526287192006
5.0876347695634703 4.7057482283155165 -0.043731526287237581
5.0919980926934567 4.7055574135353568 -0.043731526287442202
5.0963614158234423 4.705366598755198 -0.043731526287188821
5.1007247389534278 4.7051757839750392 -0.043731526287413752
5.1050880620834143 4.7049849691948795 -0.043731526287351358
5.1094513852133998 4.7047941544147207 -0.043731526287376025
5.1138147083433854 4.704603339634561 -0.043731526287366457
5.1181780314733718 4.7044125248544022 -0.043731526287353342
5.1225413546033574 4.7042217100742425 -0.043731526287415411
5.1269046777333429 4.7040308952940837 -0.043731526287206911
5.1312680008633285 4.7038400805139249 -0.043731526287368205
5.1356313239933149 4.7036492657337652 -0.043731526287515469
5.1399946471233005 4.7034584509536055 -0.04373152628737581
5.144357970253286 4.7032676361734467 -0.043731526287203226
5.1487212933832724 4.7030768213932879 -0.043731526287395822
5.153084616513258 4.7028860066131282 -0.043731526287408694
5.1574479396432436 4.7026951918329694 -0.043731526287191305
5.16181126277323 4.7025043770528105 -0.043731526287410588
5.1661745859032155 4.7023135622726508 -0.043731526287361558
5.1705379090332011 4.702122747492492 -0.04373152628736509
5.1749012321631875 4.7019319327123323 -0.043731526287373271
5.1792645552931731 4.7017411179321735 -0.04373152628733705
5.1836278784231586 4.7015503031520138 -0.043731526287500412
5.1879912015531442 4.7013594883718541 -0.04373152628749391
5.1923545246831306 4.7011686735916944 -0.043731526287329812
5.1967178478131162 4.7009778588115356 -0.043731526287382055
5.2010811709431017 4.7007870440313759 -0.043731526287363875
5.2054444940730882 4.7005962292512171 -0.043731526287357658
5.2098078172030737 4.7004054144710574 -0.043731526287400707
5.2141711403330593 4.7002145996908986 -0.043731526287261423
5.2185344634630457 4.7000237849107398 -0.043731526287138139
5.2228977865930313 4.6998329701305819 -0.0437315262871599
5.2272611097230168 4.6996421553504231 -0.043731526287222815
5.2316244328530024 4.6994513405702651 -0.043731526286949422
5.2359877559829888 4.6992605257901072 -0.043731526287342684
5.2403510791129744 4.6990697110099466 -0.043731526287875057
5.2447144022429599 4.6988788962297852 -0.04373152628782169
5.2490777253729464 4.6986880814496237 -0.043731526288086707
5.2534410485029319 4.6984972666694604 -0.043731526288301376
5.2578043716329175 4.6983064518892981 -0.043731526287815063
5.2621676947629039 4.6981156371091384 -0.043731526287076231
5.2665310178928895 4.6979248223289822 -0.043731526286243223
5.270894341022875 4.6977340075488305 -0.043731526284844793
5.2752576641528615 4.697543192768685 -0.0437315262839168
5.279620987282847 4.6973523779885404 -0.043731526284141904
5.2839843104128326 4.6971615632083932 -0.043731526285417509
5.2883476335428181 4.696970748428237 -0.043731526288028663
5.2927109566728046 4.6967799336480667 -0.043731526292159033
5.2970742798027901 4.6965891188678759 -0.043731526296842411
5.3014376029327757 4.6963983040876682 -0.043731526299653212
5.3058009260627621 4.6962074893074552 -0.043731526298966601
5.3101642491927477 4.6960166745272547 -0.043731526294016936
5.3145275723227332 4.6958258597470852 -0.043731526284606248
5.3188908954527196 4.6956350449669673 -0.043731526270379947
5.3232542185827052 4.6954442301869195 -0.043731526253034531
5.3276175417126908 4.695253415406941 -0.043731526240794572
5.3319808648426772 4.6950626006269864 -0.043731526242953137
5.3363441879726627 4.6948717858469857 -0.043731526261825526
5.3407075111026483 4.6946809710668678 -0.043731526296566722
5.3450708342326338 4.6944901562865615 -0.043731526348798823
5.3494341573626203 4.694299341505995 -0.043731526413489083
5.3537974804926058 4.6941085267251683 -0.043731526460346511
5.3581608036225914 4.6939177119442439 -0.043731526454351848
5.3625241267525778 4.6937268971634838 -0.043731526385646355
5.3668874498825634 4.6935360823831545 -0.043731526257316473
5.3712507730125489 4.6933452676035232 -0.043731526063211054
5.3756140961425354 4.693154452824861 -0.043731525821714884
5.3799774192725209 4.6929636380471749 -0.043731525644445379
5.3843407424025065 4.6927728232698716 -0.043731525660726522
5.388704065532492 4.6925820084919838 -0.043731525911492757
5.3930673886624785 4.6923911937125098 -0.04373152638458886
5.397430711792464 4.6922003789304618 -0.043731527101800151
5.4017940349224496 4.6920095641448167 -0.043731528002796366
5.406157358052436 4.6918187493555026 -0.043731528677436154
5.4105206811824216 4.6916279345646794 -0.043731528638066501
5.4148840043124071 4.6914371197759426 -0.043731527723998784
5.4192473274423936 4.6912463049930322 -0.043731525979184754
5.4236106505723791 4.6910554902196351 -0.043731523325687506
5.4279739737023647 4.6908646754595837 -0.043731519967793522
5.4323372968323511 4.6906738607133107 -0.043731517403695797
5.4367006199623367 4.6904830459729636 -0.043731517470344414
5.4410639430923222 4.6902922312251869 -0.043731520801732766
5.4454272662223078 4.690101416456006 -0.043731527234207986
5.4497905893522942 4.6899106016516861 -0.04373153704914267
5.4541539124822798 4.6897197867978484 -0.043731549562606088
5.4585172356122653 4.689528971892293 -0.043731559298222616
5.4628805587422518 4.6893381569635446 -0.04373155934710022
5.4672438818722373 4.6891473420611884 -0.04373154721635257
5.4716072050022229 4.6889565272374307 -0.04373152350421608
5.4759705281322093 4.6887657125434714 -0.0437314872003597
5.4803338512621949 4.6885748980332069 -0.04373144058585296
5.4846971743921804 4.688384083716965 -0.043731403648399704
5.4890604975221668 4.6881932694912685 -0.043731402358199868
5.4934238206521524 4.6880024551720494 -0.043731446503406567
5.497787143782138 4.6878116405642842 -0.043731533903824775
5.5021504669121235 4.6876208254770937 -0.043731668175229485
5.5065137900421099 4.6874300097085699 -0.043731841767991698
5.5108771131720955 4.6872391932124966 -0.043731981801989291
5.5152404363020811 4.6870483763638173 -0.043731990733493958
5.5196037594320675 4.6868575598455955 -0.043731830201641488
5.523967082562053 4.6866667443863541 -0.043731508090417232
5.5283304056920386 4.6864759306978074 -0.043731011525864096
5.532693728822025 4.6862851195359179 -0.043730365253814206
5.5370570519520106 4.6860943111010505 -0.043729834742778306
5.5414203750819961 4.6859035040362249 -0.043729786125276636
5.5457836982119817 4.685712695807374 -0.043730369459782155
5.5501470213419681 4.6855218836931538 -0.043731556447286248
5.5545103444719537 4.6853310650395708 -0.043733392680647923
5.5588736676019392 4.6851402370177624 -0.043735798011672676
5.5632369907319257 4.6849493987786648 -0.043737806462060512
5.5676003138619112 4.684758555227357 -0.043738044626811377
5.5719636369918968 4.6845677157620536 -0.04373592659445507
5.5763269601218832 4.6843768905475995 -0.043731553067106209
5.5806902832518688 4.6841860894819964 -0.043724763519711149
5.5850536063818543 4.6839953231455 -0.043715813734930879
5.5894169295118408 4.6838045950746388 -0.043708214933834325
5.5937802526418263 4.6836138875619051 -0.043707115682913224
5.5981435757718119 4.6834231657622967 -0.043714799691873855
5.6025068989017974 4.68323239171007 -0.043730912092408827
5.6068702220317839 4.683041528486469 -0.043756014455998846
5.6112335451617694 4.6828505365397497 -0.043789305818814211
5.615596868291755 4.6826594013368439 -0.043818037199386983
5.6199601914217414 4.6824681867158846 -0.043822919844109048
5.624323514551727 4.6822770218285514 -0.043795067393508344
5.6286868376817125 4.6820860484677223 -0.043735716304584456
5.633050160811699 4.6818954043533259 -0.04364291601451268
5.6374134839416845 4.6817052372709762 -0.043519112015847135
5.6417768070716701 4.6815156062984036 -0.043410543294005878
5.6461401302016565 4.6813262816179577 -0.043389429295119249
5.6505034533316421 4.6811367846873102 -0.043490293573464213
5.6548667764616276 4.6809465859820243 -0.043708885673296886
5.6592300995916132 4.6807551717011373 -0.044051925914459278
5.6635934227215996 4.6805619898852493 -0.04451220861779933
5.6679567458515852 4.6803668025153771 -0.044922222458261336
5.6723200689815707 4.6801704356915872 -0.045011734519010832
5.6766833921115571 4.6799746619609675 -0.044646824388778386
5.6810467152415427 4.6797814586761097 -0.043841863699308654
5.6854100383715283 4.6795927429148625 -0.042573914303722496
5.6897733615015147 4.6794105753150319 -0.04086309446242186
5.6941366846315002 4.6792359076847019 -0.039315539883968929
5.6985000077614858 4.6790657752606437 -0.038941800709614643
5.7028633308914722 4.6788936146494828 -0.040260612574851362
5.7072266540214578 4.6787120426239115 -0.043224394920456079
5.7115899771514433 4.678513905503098 -0.04791058610774844
5.7159533002814289 4.6782915132818825 -0.054267938164645056
5.7203166234114153 4.6780410839558213 -0.060105810695245197
5.7246799465414009 4.6777732396917973 -0.061647491194113967
5.7290432696713864 4.6775122750038403 -0.056886477935320104
5.7334065928013729 4.6772857556447933 -0.045975938743988441
5.7377699159313584 4.6771203786227549 -0.028657870800429235
5.742133239061344 4.6770448314383071 -0.0050398606247096748
5.7464965621913304 4.6770740596217797 0.016970714093576401
5.750859885321316 4.6771700744506814 0.023267756521085283
5.7552232084513015 4.6772429814942722 0.0061003841573048388
5.7595865315812871 4.6771898719663216 -0.034057524057981528
5.7639498547112735 4.6769111050974397 -0.098051690227496047
5.7683131778412591 4.6762996989509258 -0.18577359685543304
5.7726765009712446 4.6752968744234362 -0.26871717972231796
5.7770398241012311 4.6740382320353229 -0.29422780152538963
5.7814031472312166 4.6728562766389805 -0.23240304463555017
5.7857664703612022 4.6721351490119734 -0.084623523543579174
5.7901297934911886 4.6722467731882693 0.15183343491686369
5.7944931166211742 4.6735899755401187 0.47755482371297148
5.7988564397511597 4.6763949639866089 0.7900331745497885
5.8032197628811462 4.6801787337028857 0.8924088975946679
5.8075830860111317 4.6837115798517388 0.6708657477561405
5.8119464091411173 4.6855615412102276 0.12507393660529564
5.8163097322711028 4.6843307011644528 -0.74548503547594447
5.8206730554010893 4.678578519000145 -1.944306205307115
5.8250363785310748 4.667102950654848 -3.3222188797521581
5.8293997016610604 4.6497569165918637 -4.5830923972687412
5.8337630247910468 4.6275345190203412 -5.5506611464814597
5.8381263479210324 4.6017517853865613 -6.2201599732316266
5.8424896710510179 4.573680191890797 -6.5962067970715923
5.8468529941810043 4.5446230356807451 -6.6738478025104708
5.8512163173109899 4.5157336395553367 -6.5495166267547695
5.8555796404409755 4.4874753350610836 -6.4199503430780238
5.8599429635709619 4.459540602682023 -6.4061682112982608
5.8643062867009474 4.431394531872491 -6.5136968246494495
5.868669609830933 4.4025289119152378 -6.737395656207485
5.8730329329609186 4.3724268821080647 -7.0798900622098664
5.877396256090905 4.3405951873093569 -7.5255364482613372
5.8817595792208905 4.3066500101277354 -8.0428099932854984
5.8861229023508761 4.2703336639785254 -8.6114885667989842
5.8904862254808625 4.2314276985548931 -9.2302874796197312
5.8948495486108481 4.189709801697421 -9.9002459557354445
5.8992128717408336 4.1449577686103796 -10.621073184792452
5.9035761948708201 4.0969526187860756 -11.390602509209028
5.9079395180008056 4.0454927236760163 -12.203644184186288
5.9123028411307912 3.9903971830754794 -13.056941758787243
5.9166661642607767 3.9314915197421914 -13.950042918490036
5.9210294873907632 3.868601359897994 -14.883526131947686
5.9253928105207487 3.8015486234491678 -15.858006977272892
5.9297561336507343 3.7301767395135212 -16.858204303737139
5.9341194567807207 3.654447243939976 -17.848634284920912
5.9384827799107063 3.5744669950225449 -18.805392817295729
5.9428461030406918 3.4903910706347143 -19.726510447402742
5.9472094261706783 3.4023705462140827 -20.613367624057538
5.9515727493006638 3.3105554760022646 -21.465866000341233
5.9559360724306494 3.2151060127096867 -22.276777442042683
5.9602993955606358 3.1162400364295801 -23.02847921241284
5.9646627186906214 3.0142485687969112 -23.708711548152976
5.9690260418206069 2.9094481874967864 -24.316276773655865
5.9733893649505925 2.8021537368846405 -24.851846058549221
5.9777526880805789 2.6926795747663506 -25.315458676458473
5.9821160112105645 2.5813437764690628 -25.704064910771617
5.98647933434055 2.4684901636719587 -26.009566487249192
5.9908426574705365 2.3544967144797937 -26.226220103357473
5.995205980600522 2.2397531140904339 -26.353563810867094
5.9995693037305076 2.1246480089079838 -26.391853722901555
6.003932626860494 2.0095702878270614 -26.341074832932339
6.0082959499904796 1.8949082076388233 -26.201298932128861
6.0126592731204651 1.7810508559215104 -25.972117257545367
6.0170225962504515 1.6683890982845508 -25.65329937842975
6.0213859193804371 1.5573136440762156 -25.245060733846962
6.0257492425104227 1.4482145268841233 -24.747342054347364
6.0301125656404082 1.3414832279880406 -24.159634237631501
6.0344758887703946 1.2375049139523746 -23.48737928101388
6.0388392119003802 1.136618365281481 -22.745552681662247
6.0432025350303658 1.0390971801917843 -21.945519199191068
6.0475658581603522 0.94519023720443696 -21.088656348421367
6.0519291812903377 0.85514751088145413 -20.174331738827114
6.0562925044203233 0.76922047467746713 -19.20191327285433
6.0606558275503097 0.68765233792344505 -18.179213161443538
6.0650191506802953 0.61061661530837086 -17.129215157394633
6.0693824738102808 0.53818533526811996 -16.069867352433871
6.0737457969402664 0.47039097218166609 -15.003365800890011
6.0781091200702528 0.40726803862578448 -13.928772198419498
6.0824724432002384 0.3488514889321237 -12.845938618225155
6.0868357663302239 0.29517226113088796 -11.758852749026191
6.0911990894602104 0.24622425300449671 -10.679940166624476
6.0955624125901959 0.20194576614428772 -9.6192030028296056
6.0999257357201815 0.16225250716749368 -8.5779674397268586
6.1042890588501679 0.12706127442030746 -7.5557111594582711
6.1086523819801535 0.096288279174995162 -6.5528502761445004
6.113015705110139 0.069851633746152011 -5.5673392330350895
6.1173790282401255 0.047688043563747055 -4.592853398105289
6.121742351370111 0.029763028377700441 -3.6241419046755055
6.1261056745000966 0.016054194130798706 -2.6604117303170787
6.1304689976300821 0.006538989366489726 -1.7018841971317926
6.1348323207600686 0.0011938265942727999 -0.74928758342958923
6.1391956438900541 0 0.20315661508129182
6.1435589670200397 0.0029948128944902608 1.1749280906645971
6.1479222901500261 0.010305488670877421 2.1826631021935619
6.1522856132800117 0.022098198421924658 3.228939882160526
6.1566489364099972 0.038538167865353821 4.3129377154492188
6.1610122595399837 0.059790344191824676 5.4345197369269194
6.1653755826699692 0.086021536271687266 6.5961426178151559
6.1697389057999548 0.11742393057561711 7.8068448877423764
6.1741022289299412 0.15423450401363428 9.0762597473200852
6.1784655520599268 0.19670340195034847 10.396665464579607
6.1828288751899123 0.24510228219416838 11.813160596072025
6.1871921983198979 0.29962091002750524 13.11155836103242
6.1915555214498843 0.3583040197548536 13.572387509092762
6.1959188445798699 0.4167098213209165 13.103296941323061
6.2002821677098554 0.47233039397835958 12.413184679854412
6.2046454908398418 0.52510499555369794 11.770996376739673
6.2090088139698274 0.57503262129456911 11.115679874927871
6.213372137099813 0.62211232065095912 10.46360784267188
6.2177354602297994 0.66634319729326486 9.8104163099882182
6.2220987833597849 0.70772440912933443 9.1572630587104982
6.2264621064897705 0.74625516832055361 8.5039555243975116
6.2308254296197561 0.78193474129680818 7.8501807972247493
6.2351887527497425 0.81476244877046611 7.1974577150908789
6.239552075879728 0.84473766574928388 6.5400984888795382
6.2439153990097136 0.87185982154834551 5.8994101068851723
6.2482787221397 0.89612839980090497 5.1959270904242381
6.2526420452696856 0.91754293846820489 4.7262790655438307
6.2570053683996711 0.93610302984830263 3.3834877191549251
6.2613686915296576 0.95180832058381504 5.2989114013661496
6.2657320146596431 0.96368713978763931 -5.6136963508336049
6.2700953377896287 0.9727106146916632 31.527232816219577
6.2744586609196151 0.97842205085748579 -110.36425632442173
6.2788219840496007 0.98127781651381785 415.82016656118253
6.2831853071795862 3.8413525099533086 415.48957822751538
