# q  U_kJmol  dU_dq   # conservative spline pchip_hermite_v1
0 4.9272601550333839 73.664927540537349
0.0043633231299858239 4.9269387663057707 -19.747009768421652
0.0087266462599716477 4.9273668992726076 5.3965034658875162
0.013089969389957472 4.9274273479818032 -1.5030800793193295
0.017453292519943295 4.9269832909626512 0.35206720563000571
0.021816615649929118 4.9272230345146841 -0.045664335563951816
0.026179938779914945 4.9272795542558834 0.03428577254800888
0.030543261909900768 4.9273851686692298 0.019996478616594704
0.034906585039886591 4.927477628204822 0.02191392865371956
0.039269908169872414 4.9275736125792848 0.02191229542166942
0.043633231299858237 4.9276686524760187 0.021775503949175882
0.04799655442984406 4.9277639454447968 0.021848927539220679
0.05235987755982989 4.9278591706031261 0.021819401141800827
0.056723200689815713 4.927954413931209 0.021829952713572635
0.061086523819801536 4.9280496523907207 0.021826418043258695
0.065449846949787352 4.928144892154763 0.021827554698917537
0.069813170079773182 4.9282401315692583 0.021827199344986215
0.074176493209759012 4.9283353710774138 0.021827308170202155
0.078539816339744828 4.9284306105604729 0.021827275364280974
0.082903139469730658 4.9285258500502573 0.021827285131723904
0.087266462599716474 4.9286210895382396 0.021827282252797744
0.091629785729702304 4.9287163290267051 0.021827283094219715
0.09599310885968812 4.92881156851504 0.021827282849892587
0.10035643198967395 4.9289068080034104 0.021827282920437813
0.10471975511965978 4.9290020474917711 0.021827282900293152
0.1090830782496456 4.9290972869801353 0.021827282906052098
0.11344640137963143 4.9291925264684977 0.021827282904382326
0.11780972450961724 4.929287765956861 0.021827282904691804
0.12217304763960307 4.9293830054452226 0.021827282904513006
0.1265363707695889 4.9294782449335859 0.021827282904918501
0.1308996938995747 4.9295734844219492 0.021827282904697053
0.13526301702956053 4.9296687239103116 0.021827282904566678
0.13962634015954636 4.9297639633986741 0.021827282904698545
0.14398966328953219 4.9298592028870374 0.021827282904912135
0.14835298641951802 4.9299544423754007 0.021827282904536581
0.15271630954950383 4.9300496818637622 0.021827282904604294
0.15707963267948966 4.9301449213521256 0.021827282904708978
0.16144295580947549 4.930240160840488 0.021827282904832782
0.16580627893946132 4.9303354003288522 0.021827282904843558
0.17016960206944712 4.9304306398172146 0.021827282904677073
0.17453292519943295 4.930525879305578 0.021827282904721565
0.17889624832941878 4.9306211187939404 0.021827282904709654
0.18325957145940461 4.9307163582823037 0.021827282904712815
0.18762289458939044 4.9308115977706661 0.021827282904712073
0.19198621771937624 4.9309068372590295 0.021827282904712302
0.19634954084936207 4.9310020767473919 0.021827282904712121
0.2007128639793479 4.9310973162357552 0.021827282904712184
0.20507618710933373 4.9311925557241176 0.021827282904712125
0.20943951023931956 4.931287795212481 0.021827282904712308
0.21380283336930536 4.9313830347008434 0.021827282904712055
0.21816615649929119 4.9314782741892067 0.021827282904712874
0.22252947962927702 4.9315735136775691 0.021827282904709436
0.22689280275926285 4.9316687531659325 0.021827282904722366
0.23125612588924865 4.9317639926542949 0.021827282904674512
0.23561944901923448 4.9318592321426582 0.021827282904852998
0.23998277214922031 4.9319544716310215 0.02182728290479715
0.24434609527920614 4.9320497111193848 0.021827282904842059
0.24870941840919197 4.9321449506077482 0.021827282904718276
0.2530727415391778 4.9322401900961106 0.021827282904557831
0.25743606466916363 4.932335429584473 0.021827282904712728
0.26179938779914941 4.9324306690728363 0.021827282904865079
0.26616271092913524 4.9325259085611997 0.021827282904711434
0.27052603405912107 4.9326211480495621 0.021827282904562168
0.2748893571891069 4.9327163875379245 0.021827282904702216
0.27925268031909273 4.9328116270262878 0.021827282904901952
0.28361600344907856 4.9329068665146512 0.021827282904573621
0.28797932657906439 4.9330021060030127 0.021827282904465888
0.29234264970905022 4.9330973454913751 0.021827282904614484
0.29670597283903605 4.9331925849797376 0.021827282904738503
0.30106929596902182 4.9332878244681009 0.021827282904705331
0.30543261909900765 4.9333830639564633 0.021827282904713995
0.30979594222899348 4.9334783034448266 0.021827282904711677
0.31415926535897931 4.9335735429331891 0.021827282904712295
0.31852258848896514 4.9336687824215524 0.021827282904712135
0.32288591161895097 4.9337640219099148 0.021827282904712152
0.3272492347489368 4.9338592613982781 0.021827282904712236
0.33161255787892263 4.9339545008866406 0.021827282904711892
0.33597588100890846 4.9340497403750039 0.021827282904713186
0.34033920413889424 4.9341449798633663 0.021827282904709179
0.34470252726888007 4.9342402193517296 0.021827282904723924
0.3490658503988659 4.9343354588400921 0.021827282904668108
0.35342917352885173 4.9344306983284554 0.021827282904876639
0.35779249665883756 4.9345259378168187 0.021827282904709002
0.36215581978882339 4.9346211773051811 0.021827282904560347
0.36651914291880922 4.9347164167935436 0.021827282904711923
0.37088246604879505 4.9348116562819069 0.021827282904864947
0.37524578917878088 4.9349068957702702 0.021827282904711937
0.37960911230876665 4.9350021352586326 0.021827282904561131
0.38397243543875248 4.9350973747469951 0.021827282904706695
0.38833575856873831 4.9351926142353584 0.02182728290488508
0.39269908169872414 4.9352878537237217 0.021827282904636657
0.39706240482870997 4.9353830932120841 0.021827282904841275
0.4014257279586958 4.9354783327004483 0.021827282904881892
0.40578905108868163 4.9355735721888108 0.021827282904514803
0.41015237421866746 4.9356688116771732 0.021827282904721218
0.41451569734865329 4.9357640511655365 0.021827282904873319
0.41887902047863912 4.9358592906538998 0.021827282904669159
0.42324234360862489 4.9359545301422623 0.021827282904723869
0.42760566673861072 4.9360497696306256 0.021827282904709193
0.43196898986859655 4.936145009118988 0.021827282904712343
0.43633231299858238 4.9362402486073513 0.021827282904714421
0.44069563612856821 4.9363354880957138 0.021827282904702962
0.44505895925855404 4.9364307275840771 0.021827282904746712
0.44942228238853987 4.9365259670724395 0.021827282904583176
0.4537856055185257 4.9366212065608019 0.021827282904582902
0.45814892864851153 4.9367164460491644 0.021827282904747541
0.46251225177849731 4.9368116855375277 0.021827282904700755
0.46687557490848314 4.9369069250258901 0.021827282904723248
0.47123889803846897 4.9370021645142534 0.021827282904679245
0.4756022211684548 4.9370974040026159 0.021827282904832768
0.47996554429844063 4.9371926434909801 0.021827282904873339
0.48432886742842646 4.9372878829793425 0.021827282904557519
0.48869219055841229 4.9373831224677049 0.0218272829045589
0.49305551368839812 4.9374783619560674 0.021827282904869207
0.49741883681838395 4.9375736014444316 0.021827282904847929
0.50178215994836972 4.937668840932794 0.021827282904623557
0.50614548307835561 4.9377640804211573 0.021827282904930835
0.51050880620834138 4.9378593199095207 0.021827282904536754
0.51487212933832727 4.9379545593978822 0.021827282904584459
0.51923545246831304 4.9380497988862455 0.021827282904787734
0.52359877559829882 4.9381450383746079 0.021827282904539256
0.5279620987282847 4.9382402778629704 0.021827282904717575
0.53232542185827048 4.9383355173513337 0.021827282904863438
0.53668874498825636 4.938430756839697 0.021827282904712329
0.54105206811824214 4.9385259963280594 0.021827282904560243
0.54541539124822802 4.9386212358164219 0.021827282904709019
0.5497787143782138 4.9387164753047852 0.021827282904876667
0.55414203750819968 4.9388117147931485 0.021827282904667969
0.55850536063818546 4.9389069542815109 0.021827282904724452
0.56286868376817123 4.9390021937698743 0.021827282904708874
0.56723200689815712 4.9390974332582367 0.021827282904713047
0.57159533002814289 4.9391926727466 0.021827282904711923
0.57595865315812877 4.9392879122349624 0.021827282904712243
0.58032197628811455 4.9393831517233258 0.021827282904712104
0.58468529941810043 4.9394783912116882 0.021827282904712336
0.58904862254808621 4.9395736307000515 0.021827282904711535
0.59341194567807209 4.9396688701884139 0.021827282904714515
0.59777526880805787 4.9397641096767773 0.021827282904703385
0.60213859193804364 4.9398593491651397 0.0218272829047466
0.60650191506802953 4.939954588653503 0.021827282904583203
0.6108652381980153 4.9400498281418646 0.021827282904582912
0.61522856132800119 4.9401450676302279 0.021827282904747475
0.61959188445798696 4.9402403071185903 0.02182728290470019
0.62395520758797285 4.9403355466069536 0.02182728290472475
0.62831853071795862 4.9404307860953161 0.021827282904673794
0.63268185384794451 4.9405260255836794 0.021827282904853071
0.63704517697793028 4.9406212650720427 0.021827282904797574
0.64140850010791606 4.940716504560406 0.021827282904841948
0.64577182323790194 4.9408117440487693 0.021827282904718293
0.65013514636788772 4.9409069835371318 0.021827282904557866
0.6544984694978736 4.9410022230254942 0.021827282904712551
0.65886179262785938 4.9410974625138575 0.021827282904864909
0.66322511575784526 4.9411927020022208 0.021827282904711458
0.66758843888783104 4.9412879414905833 0.021827282904562234
0.67195176201781692 4.9413831809789457 0.021827282904701914
0.6763150851478027 4.941478420467309 0.0218272829049031
0.68067840827778847 4.9415736599556723 0.021827282904571001
0.68504173140777436 4.9416688994440339 0.021827282904475217
0.68940505453776013 4.9417641389323963 0.021827282904579779
0.69376837766774602 4.9418593784207587 0.021827282904867993
0.69813170079773179 4.9419546179091229 0.0218272829048319
0.70249502392771768 4.9420498573974854 0.021827282904688057
0.70685834705770345 4.9421450968858487 0.021827282904688855
0.71122167018768934 4.9422403363742111 0.021827282904829513
0.71558499331767511 4.9423355758625753 0.021827282904876736
0.71994831644766089 4.9424308153509378 0.021827282904548859
0.72431163957764677 4.9425260548393002 0.021827282904590163
0.72867496270763255 4.9426212943276626 0.021827282904752818
0.73303828583761843 4.9427165338160259 0.021827282904671553
0.73740160896760421 4.9428117733043884 0.021827282904833961
0.74176493209759009 4.9429070127927526 0.02182728290487625
0.74612825522757587 4.943002252281115 0.021827282904544696
0.75049157835756175 4.9430974917694774 0.021827282904607285
0.75485490148754752 4.9431927312578399 0.021827282904688477
0.7592182246175333 4.9432879707462032 0.021827282904913457
0.76358154774751918 4.9433832102345665 0.021827282904541358
0.76794487087750496 4.943478449722928 0.021827282904583439
0.77230819400749084 4.9435736892112914 0.021827282904787203
0.77667151713747662 4.9436689286996538 0.021827282904540744
0.7810348402674625 4.9437641681880162 0.021827282904712149
0.78539816339744828 4.9438594076763795 0.021827282904883644
0.78976148652743416 4.9439546471647429 0.021827282904636924
0.79412480965741994 4.9440498866531053 0.021827282904841649
0.79848813278740571 4.9441451261414695 0.021827282904881794
0.8028514559173916 4.9442403656298319 0.021827282904514834
0.80721477904737737 4.9443356051181944 0.021827282904721194
0.81157810217736326 4.9444308446065577 0.021827282904873367
0.81594142530734903 4.944526084094921 0.021827282904668982
0.82030474843733492 4.9446213235832834 0.021827282904723692
0.82466807156732069 4.9447165630716468 0.021827282904709245
0.82903139469730658 4.9448118025600092 0.021827282904712322
0.83339471782729235 4.9449070420483725 0.02182728290471446
0.83775804095727824 4.9450022815367349 0.021827282904702826
0.84212136408726401 4.9450975210250983 0.021827282904747204
0.84648468721724979 4.9451927605134607 0.021827282904582992
0.85084801034723567 4.9452880000018231 0.021827282904583158
0.85521133347722145 4.9453832394901855 0.021827282904746705
0.85957465660720733 4.9454784789785489 0.021827282904703007
0.86393797973719311 4.9455737184669113 0.021827282904714244
0.86830130286717899 4.9456689579552746 0.021827282904713002
0.87266462599716477 4.945764197443637 0.021827282904706726
0.87702794912715065 4.9458594369320004 0.02182728290473308
0.88139127225713643 4.9459546764203628 0.021827282904633944
0.8857545953871222 4.9460499159087261 0.021827282905005796
0.89011791851710809 4.9461451553970903 0.021827282904837209
0.89448124164709386 4.9462403948854528 0.021827282904529028
0.89884456477707975 4.9463356343738152 0.021827282904709002
0.90320788790706552 4.9464308738621785 0.021827282904907951
0.90757121103705141 4.9465261133505418 0.02182728290454285
0.91193453416703718 4.9466213528389034 0.021827282904582974
0.91629785729702307 4.9467165923272667 0.021827282904787568
0.92066118042700884 4.9468118318156291 0.021827282904539742
0.92502450355699462 4.9469070713039915 0.021827282904717443
0.9293878266869805 4.9470023107923549 0.021827282904863476
0.93375114981696627 4.9470975502807182 0.021827282904712315
0.93811447294695216 4.9471927897690806 0.021827282904560243
0.94247779607693793 4.947288029257443 0.02182728290470903
0.94684111920692382 4.9473832687458064 0.021827282904876621
0.95120444233690959 4.9474785082341697 0.021827282904668132
0.95556776546689548 4.9475737477225321 0.021827282904723844
0.95993108859688125 4.9476689872108954 0.021827282904709481
0.96429441172686703 4.9477642266992579 0.021827282904712884
0.96865773485685291 4.9478594661876212 0.021827282904711968
0.97302105798683869 4.9479547056759836 0.021827282904712225
0.97738438111682457 4.9480499451643469 0.021827282904712107
0.98174770424681035 4.9481451846527094 0.021827282904712333
0.98611102737679623 4.9482404241410727 0.021827282904711552
0.99047435050678201 4.9483356636294351 0.021827282904714446
0.99483767363676789 4.9484309031177984 0.021827282904703659
0.99920099676675367 4.9485261426061609 0.021827282904743908
1.0035643198967394 4.9486213820945242 0.021827282904595353
1.0079276430267252 4.9487166215828857 0.021827282904538656
1.0122909661567112 4.948811861071249 0.021827282904910685
1.016654289286697 4.9489071005596124 0.021827282904700603
1.0210176124166828 4.9490023400479748 0.021827282904561547
1.0253809355466685 4.9490975795363372 0.02182728290471719
1.0297442586766545 4.9491928190247005 0.021827282904841021
1.0341075818066403 4.9492880585130639 0.021827282904800724
1.0384709049366261 4.9493832980014272 0.021827282904841407
1.0428342280666119 4.9494785374897905 0.02182728290471897
1.0471975511965976 4.9495737769781529 0.021827282904557384
1.0515608743265836 4.9496690164665154 0.021827282904712156
1.0559241974565694 4.9497642559548787 0.021827282904865315
1.0602875205865552 4.949859495443242 0.021827282904711899
1.064650843716541 4.9499547349316044 0.021827282904561745
1.0690141668465269 4.9500499744199669 0.021827282904701786
1.0733774899765127 4.9501452139083302 0.021827282904902434
1.0777408131064985 4.9502404533966935 0.021827282904573784
1.0821041362364843 4.950335692885055 0.021827282904466401
1.08646745936647 4.9504309323734175 0.021827282904613929
1.090830782496456 4.9505261718617799 0.021827282904738531
1.0951941056264418 4.9506214113501432 0.021827282904703271
1.0995574287564276 4.9507166508385057 0.021827282904723043
1.1039207518864134 4.950811890326869 0.021827282904679206
1.1082840750163994 4.9509071298152314 0.021827282904831467
1.1126473981463851 4.9510023693035956 0.021827282904876916
1.1170107212763709 4.951097608791958 0.021827282904546174
1.1213740444063567 4.9511928482803205 0.021827282904602365
1.1257373675363425 4.9512880877686829 0.021827282904708357
1.1301006906663285 4.9513833272570462 0.021827282904835533
1.1344640137963142 4.9514785667454095 0.021827282904831505
1.1388273369263 4.9515738062337729 0.021827282904723772
1.1431906600562858 4.9516690457221353 0.021827282904548061
1.1475539831862718 4.9517642852104977 0.021827282904744637
1.1519173063162575 4.951859524698861 0.02182728290474471
1.1562806294462433 4.9519547641872235 0.021827282904551177
1.1606439525762291 4.9520500036755859 0.02182728290471456
1.1650072757062149 4.9521452431639492 0.021827282904865242
1.1693705988362009 4.9522404826523125 0.021827282904706466
1.1737339219661866 4.952335722140675 0.02182728290458022
1.1780972450961724 4.9524309616290374 0.021827282904636633
1.1824605682261582 4.9525262011173998 0.021827282904537223
1.1868238913561442 4.9526214406057623 0.021827282904875133
1.19118721448613 4.9527166800941265 0.021827282904844238
1.1955505376161157 4.9528119195824889 0.021827282904633236
1.1999138607461015 4.9529071590708522 0.021827282904897469
1.2042771838760873 4.9530023985592155 0.021827282904662206
1.2086405070060733 4.953097638047578 0.021827282904725027
1.2130038301360591 4.9531928775359413 0.021827282904709023
1.2173671532660448 4.9532881170243037 0.02182728290471353
1.2217304763960306 4.953383356512667 0.0218272829047115
1.2260937995260166 4.9534785960010295 0.021827282904711795
1.2304571226560024 4.9535738354893928 0.021827282904712631
1.2348204457859882 4.9536690749777552 0.021827282904712333
1.2391837689159739 4.9537643144661185 0.021827282904712694
1.2435470920459597 4.953859553954481 0.021827282904711549
1.2479104151759457 4.9539547934428443 0.021827282904712426
1.2522737383059315 4.9540500329312067 0.021827282904710078
1.2566370614359172 4.95414527241957 0.021827282904721905
1.261000384565903 4.9542405119079325 0.021827282904676948
1.265363707695889 4.9543357513962958 0.021827282904841629
1.2697270308258748 4.9544309908846591 0.02182728290483853
1.2740903539558606 4.9545262303730224 0.02182728290468957
1.2784536770858463 4.9546214698613849 0.021827282904677836
1.2828170002158321 4.9547167093497482 0.021827282904873749
1.2871803233458181 4.9548119488381115 0.021827282904709158
1.2915436464758039 4.9549071883264739 0.02182728290456094
1.2959069696057897 4.9550024278148364 0.021827282904711066
1.3002702927357754 4.9550976673031997 0.021827282904869436
1.3046336158657614 4.955192906791563 0.021827282904693188
1.3089969389957472 4.9552881462799254 0.021827282904629142
1.313360262125733 4.9553833857682879 0.021827282904454223
1.3177235852557188 4.9554786252566494 0.021827282904607278
1.3220869083857045 4.9555738647450127 0.02182728290478066
1.3264502315156905 4.9556691042333751 0.021827282904541404
1.3308135546456763 4.9557643437217376 0.021827282904714383
1.3351768777756621 4.9558595832101009 0.021827282904875723
1.3395402009056478 4.9559548226984642 0.021827282904668035
1.3439035240356338 4.9560500621868266 0.021827282904723445
1.3482668471656196 4.95614530167519 0.021827282904709505
1.3526301702956054 4.9562405411635524 0.021827282904713183
1.3569934934255912 4.9563357806519157 0.021827282904712423
1.3613568165555769 4.9564310201402781 0.021827282904711792
1.3657201396855629 4.9565262596286415 0.021827282904711736
1.3700834628155487 4.9566214991170039 0.021827282904712586
1.3744467859455345 4.9567167386053672 0.021827282904712583
1.3788101090755203 4.9568119780937296 0.021827282904711739
1.3831734322055063 4.956907217582093 0.021827282904711788
1.387536755335492 4.9570024570704554 0.021827282904712426
1.3919000784654778 4.9570976965588187 0.021827282904713169
1.3962634015954636 4.9571929360471811 0.02182728290470955
1.4006267247254494 4.9572881755355445 0.021827282904723303
1.4049900478554354 4.9573834150239069 0.021827282904668559
1.4093533709854211 4.9574786545122702 0.021827282904873787
1.4137166941154069 4.9575738940006335 0.021827282904721614
1.4180800172453927 4.957669133488996 0.021827282904514397
1.4224433403753787 4.9577643729773584 0.021827282904881458
1.4268066635053644 4.9578596124657226 0.021827282904841754
1.4311699866353502 4.957954851954085 0.021827282904636838
1.435533309765336 4.9580500914424483 0.021827282904885548
1.4398966328953218 4.9581453309308117 0.021827282904706303
1.4442599560253078 4.9582405704191741 0.021827282904560555
1.4486232791552935 4.9583358099075365 0.021827282904712125
1.4529866022852793 4.9584310493958998 0.021827282904865589
1.4573499254152651 4.9585262888842632 0.02182728290471083
1.4617132485452511 4.9586215283726256 0.021827282904562404
1.4660765716752369 4.958716767860988 0.021827282904700217
1.4704398948052226 4.9588120073493513 0.021827282904911382
1.4748032179352084 4.9589072468377147 0.021827282904539568
1.4791665410651942 4.9590024863260762 0.021827282904594326
1.4835298641951802 4.9590977258144395 0.02182728290474379
1.487893187325166 4.959192965302802 0.021827282904701841
1.4922565104551517 4.9592882047911653 0.021827282904723484
1.4966198335851375 4.9593834442795277 0.021827282904678873
1.5009831567151235 4.959478683767891 0.021827282904832348
1.5053464798451093 4.9595739232562543 0.021827282904873742
1.509709802975095 4.9596691627446177 0.021827282904558001
1.5140731261050808 4.9597644022329792 0.021827282904558234
1.5184364492350666 4.9598596417213425 0.021827282904873058
1.5227997723650526 4.9599548812097058 0.021827282904831526
1.5271630954950384 4.9600501206980692 0.021827282904682846
1.5315264186250241 4.9601453601864316 0.021827282904711736
1.5358897417550099 4.9602405996747949 0.021827282904744862
1.5402530648849959 4.9603358391631573 0.02182728290458014
1.5446163880149817 4.9604310786515198 0.021827282904595232
1.5489797111449675 4.9605263181398822 0.021827282904702917
1.5533430342749532 4.9606215576282455 0.02182728290486774
1.557706357404939 4.9607167971166088 0.021827282904711445
1.562069680534925 4.9608120366049713 0.021827282904557811
1.5664330036649108 4.9609072760933337 0.021827282904717984
1.5707963267948966 4.961002515581697 0.021827282904844911
1.5751596499248823 4.9610977550700603 0.021827282904787689
1.5795229730548683 4.9611929945584237 0.021827282904886329
1.5838862961848541 4.961288234046787 0.021827282904548991
1.5882496193148399 4.9613834735351485 0.021827282904581694
1.5926129424448257 4.9614787130235118 0.021827282904788217
1.5969762655748114 4.9615739525118743 0.021827282904540099
1.6013395887047974 4.9616691920002367 0.021827282904712041
1.6057029118347832 4.9617644314886 0.021827282904883061
1.610066234964769 4.9618596709769633 0.021827282904641032
1.6144295580947547 4.9619549104653258 0.02182728290482747
1.6187928812247407 4.96205014995369 0.021827282904931078
1.6231562043547265 4.9621453894420533 0.021827282904940879
1.6275195274847123 4.9622406289304175 0.02182728290480139
1.6318828506146981 4.9623358684187799 0.021827282904738881
1.6362461737446838 4.9624311079071433 0.021827282904517742
1.6406094968746698 4.9625263473955039 0.021827282904240141
1.6449728200046556 4.9626215868838655 0.021827282904350348
1.6493361431346414 4.9627168263722261 0.021827282904190445
1.6536994662646272 4.9628120658605868 0.021827282904109176
1.6580627893946132 4.9629073053489474 0.021827282904590843
1.6624261125245989 4.9630025448373116 0.021827282905188101
1.6667894356545847 4.9630977843256776 0.021827282905984742
1.6711527587845705 4.9631930238140489 0.021827282907086257
1.6755160819145565 4.9632882633024229 0.021827282907376223
1.6798794050445423 4.9633835027907969 0.021827282906946844
1.684242728174528 4.9634787422791664 0.021827282905324374
1.6886060513045138 4.9635739817675271 0.021827282903083632
1.6929693744344996 4.9636692212558762 0.021827282899623754
1.6973326975644856 4.9637644607442084 0.021827282896159345
1.7016960206944713 4.9638597002325309 0.021827282895156876
1.7060593438244571 4.9639549397208551 0.021827282897138488
1.7104226669544429 4.9640501792091953 0.021827282902427837
1.7147859900844289 4.9641454186975658 0.021827282911040153
1.7191493132144147 4.9642406581859815 0.021827282923208204
1.7235126363444004 4.9643358976744532 0.021827282935542969
1.7278759594743862 4.9644311371629657 0.021827282940598509
1.732239282604372 4.9645263766514747 0.021827282933689601
1.736602605734358 4.9646216161399259 0.021827282914130365
1.7409659288643438 4.9647168556282644 0.021827282882028246
1.7453292519943295 4.964812095116435 0.021827282837028679
1.7496925751243153 4.9649073346043977 0.021827282790817141
1.7540558982543013 4.965002574092205 0.02182728277089694
1.7584192213842871 4.9650978135800212 0.021827282796029291
1.7627825445142729 4.9651930530680497 0.02182728286747938
1.7671458676442586 4.9652882925564894 0.02182728298523455
1.7715091907742444 4.9653835320455499 0.021827283152358264
1.7758725139042304 4.9654787715353867 0.021827283326683301
1.7802358370342162 4.9655740110258186 0.021827283405128507
1.7845991601642019 4.9656692505162345 0.021827283315180548
1.7889624832941877 4.9657644900058751 0.021827283052423329
1.7933258064241737 4.9658597294939986 0.021827282617266595
1.7976891295541595 4.9659549689798244 0.021827281997838135
1.8020524526841453 4.96605020846276 0.021827281343809016
1.806415775814131 4.9661454479434335 0.021827281036877585
1.8107790989441168 4.9662406874240963 0.021827281355936871
1.8151424220741028 4.9663359269075844 0.021827282321829958
1.8195057452040886 4.9664311663966672 0.021827283928316739
1.8238690683340744 4.9665264058942453 0.02182728622409319
1.8282323914640601 4.96662164540259 0.021827288678024956
1.8325957145940461 4.9667168849195233 0.021827289874162468
1.8369590377240319 4.9668121244367542 0.021827288745398986
1.8413223608540177 4.9669073639437009 0.02182728519798461
1.8456856839840035 4.9670026034300268 0.021827279267654102
1.8500490071139892 4.9670978428849359 0.021827270758051021
1.8544123302439752 4.967193082299743 0.02182726155409203
1.858775653373961 4.9672883216819708 0.021827256907470127
1.8631389765039468 4.9673835610621477 0.021827260888033266
1.8675022996339325 4.9674788004797144 0.021827273909601267
1.8718656227639185 4.9675740399732788 0.021827295802280041
1.8762289458939043 4.9676692795830188 0.021827327338685983
1.8805922690238901 4.967764519342083 0.021827361844480603
1.8849555921538759 4.9678597592246385 0.021827379859049947
1.8893189152838616 4.9679549991183478 0.021827365870187188
1.8936822384138476 4.9680502388762164 0.021827318082649112
1.8980455615438334 4.9681454783540246 0.021827237269137434
1.9024088846738192 4.9682407174022787 0.021827120415672963
1.906772207803805 4.9683359558946467 0.021826991104287388
1.911135530933791 4.96843119391926 0.021826921399769588
1.9154988540637767 4.9685264318892601 0.021826970375495747
1.9198621771937625 4.9686216703524151 0.021827145696138688
1.9242255003237483 4.9687169098474602 0.021827443981531271
1.9285888234537341 4.9688121509306145 0.021827876898164282
1.9329521465837201 4.9689073940826445 0.02182836130386797
1.9373154697137058 4.9690026390051676 0.021828630519974756
1.9416787928436916 4.9690978841796589 0.021828459791814428
1.9460421159736774 4.9691931275652923 0.021827816800810026
1.9504054391036634 4.9692883671495105 0.021826715904302268
1.9547687622336491 4.9693836008628063 0.021825112271869347
1.9591320853636349 4.9694788268780901 0.02182329838601469
1.9634954084936207 4.9695740461965165 0.02182226037877821
1.9678587316236065 4.9696692643960922 0.021822852608535628
1.9722220547535925 4.9697644890788677 0.021825209951405484
1.9765853778835782 4.9698597277633958 0.021829272765961912
1.980948701013564 4.9699549881498912 0.021835212234483262
1.9853120241435498 4.9700502771729376 0.021842001761548387
1.9896753472735358 4.9701455915096231 0.021845997603118398
1.9940386704035216 4.970240910683537 0.021843954919305398
1.9984019935335073 4.9703362063826848 0.021835315585957707
2.0027653166634933 4.9704314505183271 0.021820323087984993
2.0071286397934789 4.970526614437965 0.021798327496255272
2.0114919629234649 4.9706216718543246 0.021772923638916378
2.0158552860534504 4.9707166336500341 0.021757564483665989
2.0202186091834364 4.9708115749413491 0.0217645632625275
2.0245819323134224 4.9709066011478695 0.021796212913765139
2.028945255443408 4.9710018172094621 0.021851533656893844
2.033308578573394 4.9710973297507195 0.021932980167419347
2.0376719017033795 4.9711932383031989 0.022027995044205818
2.0420352248333655 4.97128950782343 0.022086949431030158
2.0463985479633515 4.9713858629488374 0.022063157935149468
2.0507618710933371 4.9714819112329973 0.021947258813956903
2.0551251942233231 4.9715772606117472 0.02174314632979002
2.0594885173533091 4.9716715142600671 0.021441594674948689
2.0638518404832946 4.9717642957437169 0.021086359160861153
2.0682151636132806 4.971855715437556 0.020860369299025017
2.0725784867432662 4.9719467820164551 0.020940482606707327
2.0769418098732522 4.9720389561236953 0.021364715684496088
2.0813051330032382 4.9721337025662704 0.022117757959470633
2.0856684561332237 4.9722324984077311 0.023234124868495961
2.0900317792632097 4.9723367658161468 0.024561748872085155
2.0943951023931953 4.9724461675297666 0.02542694650201606
2.0987584255231813 4.9725570115909568 0.025160305346236179
2.1031217486531673 4.9726638629006255 0.023608143749971215
2.1074850717831528 4.972761248591123 0.020830137213147221
2.1118483949131388 4.9728436701217564 0.016697646158809077
2.1162117180431244 4.9729057591919403 0.011737448412408048
2.1205750411731104 4.9729485046240116 0.0084314545104787735
2.1249383643030963 4.9729853991805673 0.009293156291185314
2.1293016874330819 4.9730366921128768 0.015029171338767832
2.1336650105630679 4.973122739822573 0.02501862806431443
2.1380283336930539 4.9732642839285699 0.041376922295172341
2.1423916568230394 4.9734808363591192 0.055682725183176657
2.1467549799530254 4.9736860911175347 0.025905437323636458
2.151118303083011 4.9735785306519427 -0.0921348265421362
2.155481626212997 4.9727372799864895 -0.30972061152213159
2.159844949342983 4.9707357450857153 -0.6235381074357248
2.1642082724729685 4.9671482734816985 -1.0388447714833391
2.1685715956029545 4.9615492663885181 -1.5372403018657108
2.1729349187329401 4.9537545053245227 -2.0210706672487162
2.1772982418629261 4.9440869615930652 -2.3846734133456327
2.1816615649929121 4.9331600709277801 -2.599925748077009
2.1860248881228976 4.9216047336335569 -2.6732649079166246
2.1903882112528836 4.9100476334055783 -2.5979561116402698
2.1947515343828692 4.8991189643327608 -2.3949868060077857
2.1991148575128552 4.8891595071966139 -2.1837143488519257
2.2034781806428412 4.8798813103448806 -2.0969923734466516
2.2078415037728267 4.8706246404179083 -2.1719518404464084
2.2122048269028127 4.8607034062506926 -2.4009558388114187
2.2165681500327987 4.8494382856817495 -2.7908893200941756
2.2209314731627843 4.8361431518476587 -3.3218739335494343
2.2252947962927703 4.8204212250438729 -3.8722762468143914
2.2296581194227558 4.8025255047619755 -4.3028126212324409
2.2340214425527418 4.7831059162291494 -4.5725897439878045
2.2383847656827278 4.7628448295910033 -4.6892509891304055
2.2427480888127134 4.74241628646989 -4.6465349613566369
2.2471114119426994 4.7225029924097282 -4.4616132649354787
2.2514747350726849 4.7035246213145543 -4.2469512385425974
2.2558380582026709 4.6852920276637162 -4.134956559573407
2.2602013813326569 4.6672311854568544 -4.1667509072623776
2.2645647044626425 4.6487318063155136 -4.3349963871705919
2.2689280275926285 4.6291930395698939 -4.6463661819645035
2.2732913507226145 4.6080024067253182 -5.0830112684110134
2.2776546738526 4.5848353311872847 -5.5197024947388611
2.282017996982586 4.5600541923454481 -5.8049425824943768
2.2863813201125716 4.5344707395670936 -5.888669616126923
2.2907446432425576 4.508944937900301 -5.7805138382043273
2.2951079663725436 4.4843227860368637 -5.4684680930585605
2.2994712895025291 4.4614754213391992 -4.9832492432917528
2.3038346126325151 4.440748631542629 -4.5579167142227739
2.3081979357625007 4.4211903955626521 -4.4830273546799209
2.3125612588924866 4.4009719846174189 -4.8583817710165622
2.3169245820224726 4.3781610600041336 -5.6682374343163771
2.3212879051524582 4.350852945106503 -6.9279817384173183
2.3256512282824442 4.3171025280776174 -8.6005898038645832
2.3300145514124297 4.2756468787153548 -10.377541422046818
2.3343778745424157 4.2269660364955488 -11.862531081176551
2.3387411976724017 4.1727563642861725 -12.914640997908704
2.3431045208023873 4.114870970397682 -13.549795226962862
2.3474678439323733 4.0551275472522548 -13.761795276161287
2.3518311670623593 3.9953700341183729 -13.565815228383091
2.3561944901923448 3.9371220439030141 -13.109551425047869
2.3605578133223308 3.8810628856700413 -12.587785162603728
2.3649211364523164 3.8272629921526642 -12.072828003790178
2.3692844595823024 3.7757074323165667 -11.557976732334621
2.3736477827122884 3.7263993508700373 -11.043996488660831
2.3780111058422739 3.6793328613196388 -10.528311359117275
2.3823744289722599 3.6345760399596836 -9.97581618784087
2.3867377521022455 3.5923999173963779 -9.3391133389234771
2.3911010752322315 3.5532263152381289 -8.5996811496196592
2.3954643983622175 3.5174994838991105 -7.7599067397204537
2.399827721492203 3.4856575941282495 -6.8175224518101158
2.404191044622189 3.4581483474114618 -5.7768390136058274
2.4085543677521746 3.4353142409432627 -4.6886614622015923
2.4129176908821606 3.4171970028788579 -3.6245856228404958
2.4172810140121466 3.4036073165728595 -2.6130714196106881
2.4216443371421321 3.3943192410065386 -1.6527190985872058
2.4260076602721181 3.3891129434938265 -0.74164903544036798
2.4303709834021041 3.3877719431615994 0.11772483558744484
2.4347343065320897 3.3900273515872863 0.8994503871849534
2.4390976296620757 3.3954528133875952 1.5654509789197297
2.4434609527920612 3.4034971921995023 2.0999259106630399
2.4478242759220472 3.4135882574394287 2.5038582236164935
2.4521875990520332 3.4251579167279234 2.7774583549587155
2.4565509221820188 3.4376365483965983 2.920695272730121
2.4609142453120048 3.4504609670205468 2.9368564410160323
2.4652775684419903 3.4630876999890101 2.8308018031202979
2.4696408915719763 3.4749894361036882 2.6044694230764631
2.4740042147019623 3.4856415147922903 2.2581813063448672
2.4783675378319479 3.4945196715365712 1.7908061099567747
2.4827308609619338 3.5010951202596825 1.2037107123306374
2.4870941840919194 3.5048825534117194 0.51934378118394087
2.4914575072219054 3.5055365249488641 -0.22740091146956687
2.4958208303518914 3.5028300409885889 -1.0209437262282126
2.5001841534818769 3.4965587694318589 -1.861474191114074
2.5045474766118629 3.4865151777249941 -2.7504332093595942
2.5089107997418489 3.4724882607839755 -3.6864556465293199
2.5132741228718345 3.4543061333998839 -4.6490518282668738
2.5176374460018205 3.4319269012023073 -5.6052736245086914
2.522000769131806 3.4054225283041233 -6.5397447861543867
2.526364092261792 3.3748884502172971 -7.4524973677327511
2.530727415391778 3.3404169151324519 -8.3448330956745078
2.5350907385217636 3.3020972026219404 -9.2157455220388638
2.5394540616517496 3.2600501892667371 -10.048275280854387
2.5438173847817351 3.2145063285761299 -10.814202234787489
2.5481807079117211 3.1657952219435126 -11.499857689167234
2.5525440310417071 3.1142679495043462 -12.105199801089118
2.5569073541716927 3.060272745992811 -12.631253295428435
2.5612706773016787 3.0041556217746828 -13.077446832450558
2.5656340004316642 2.9462843347972916 -13.431617873630815
2.5699973235616502 2.8871070962497294 -13.672719802736427
2.5743606466916362 2.8271472140540461 -13.790153338561725
2.5787239698216218 2.7669448229044775 -13.784160275580994
2.5830872929516078 2.7070370550985121 -13.654867776685808
2.5874506160815938 2.6479630265698897 -13.402225843956661
2.5918139392115793 2.5902513162430569 -13.032188172303249
2.5961772623415653 2.5343912822728827 -12.555200908721048
2.6005405854715509 2.4808343536358053 -11.976570167248479
2.6049039086015369 2.4300230993974612 -11.296795152820426
2.6092672317315229 2.3824001566659758 -10.514617775035118
2.6136305548615084 2.3384141008432979 -9.6304415379230335
2.6179938779914944 2.298470323034318 -8.6695189812233817
2.62235720112148 2.2628023330159071 -7.6783046735745328
2.626720524251466 2.2314721998968343 -6.6817786173864473
2.631083847381452 2.2044994466936214 -5.6806926932538646
2.6354471705114375 2.1819084674575637 -4.6729628378285231
2.6398104936414235 2.1637289341348218 -3.6591955338845907
2.6441738167714091 2.1499463645913663 -2.6657782097863763
2.6485371399013951 2.1403627563732477 -1.7430920560579477
2.6529004630313811 2.134591065293943 -0.91937968081205279
2.6572637861613666 2.132194557885974 -0.19542881524485281
2.6616271092913526 2.1327427889074464 0.43031370595192914
2.6659904324213386 2.1358061695214481 0.95733523887310235
2.6703537555513241 2.1409409130762991 1.3769603161492781
2.6747170786813101 2.1476409432431876 1.6718145255058656
2.6790804018112957 2.1553339556916935 1.8317087363958588
2.6834437249412817 2.1634292000168776 1.8565562769260524
2.6878070480712677 2.171338974612274 1.7463065780149778
2.6921703712012532 2.178471527813759 1.5005601727776414
2.6965336943312392 2.184257484448215 1.133565825246553
2.7008970174612248 2.1882295246192753 0.67428092773486681
2.7052603405912108 2.1900325948488057 0.13998388992560226
2.7096236637211968 2.1893435729859752 -0.46825325241320065
2.7139869868511823 2.1858365695079662 -1.1519453933935278
2.7183503099811683 2.1791809479914757 -1.911271425520408
2.7227136331111539 2.1690789640259958 -2.7246497308715303
2.7270769562411399 2.1553921073105324 -3.5461316973194821
2.7314402793711259 2.1381627468194861 -4.3472486531625369
2.7358036025011114 2.1174871654499619 -5.1263919856243048
2.7401669256310974 2.0934560697236742 -5.8852303680709683
2.7445302487610834 2.0661586753230794 -6.6235567786817837
2.748893571891069 2.0356996464549697 -7.3309340340178633
2.753256895021055 2.002263193892047 -7.9840040767032656
2.7576202181510405 1.9661268289992244 -8.5677953677494205
2.7619835412810265 1.9275971292303857 -9.0814189878686129
2.7663468644110125 1.8869775685394861 -9.5255515918703004
2.7707101875409981 1.8445725524130983 -9.8998688145341518
2.7750735106709841 1.8006842614288467 -10.205880721984368
2.7794368338009696 1.7556042172755717 -10.446729661757958
2.7838001569309556 1.709611085560411 -10.624503880353267
2.7881634800609416 1.6629792625093442 -10.739482645166351
2.7925268031909272 1.6159831480026468 -10.791393537873656
2.7968901263209132 1.5688987628487066 -10.779929983777921
2.8012534494508987 1.5219930430295054 -10.711722498446184
2.8056167725808847 1.4754809194052987 -10.602557948691777
2.8099800957108707 1.4295121922099578 -10.463194959652887
2.8143434188408563 1.3842148381397623 -10.294597443256047
2.8187067419708423 1.3397183787702747 -10.09609370507088
2.8230700651008283 1.2961537273977983 -9.8673875534423683
2.8274333882308138 1.2536430271056709 -9.6154085269942051
2.8317967113607998 1.2122517047938683 -9.3577597923785678
2.8361600344907854 1.1719714834665393 -9.1067693855812522
2.8405233576207713 1.1327689389743891 -8.8634869710911435
2.8448866807507573 1.094612727994055 -8.6272450935470602
2.8492500038807429 1.0574718400009055 -8.3980044238345801
2.8536133270107289 1.0213114003399162 -8.1790176985680993
2.8579766501407144 0.98606873560821029 -7.9790830918951423
2.8623399732707004 0.95164381760498629 -7.8045514489314796
2.8667032964006864 0.91792341557396717 -7.6559818907421819
2.871066619530672 0.88479546358343009 -7.5330636220789389
2.875429942660658 0.85214739537053674 -7.4360238308281748
2.8797932657906435 0.81986791618438803 -7.3637343358174325
2.8841565889206295 0.78785504962875053 -7.3131996179054948
2.8885199120506155 0.75601980478273134 -7.2821949509113217
2.8928832351806011 0.72427789053634062 -7.2704552515722067
2.8972465583105871 0.69254487347378957 -7.2781320694224316
2.9016098814405731 0.66073540931470154 -7.3056083962068188
2.9059732045705586 0.62876886997941983 -7.348584359018516
2.9103365277005446 0.59660222406385532 -7.3947842669693777
2.9146998508305302 0.56424624169638671 -7.4347699776153124
2.9190631739605162 0.531732319922955 -7.4673965188716007
2.9234264970905022 0.49909088656157807 -7.4931662897033728
2.9277898202204877 0.46635145763332131 -7.5125079637800249
2.9321531433504737 0.43354879851415062 -7.5202221622862151
2.9365164664804593 0.40076497222316776 -7.5005490722534045
2.9408797896104453 0.36815216011595925 -7.4409980434152398
2.9452431127404313 0.33589026555889584 -7.3400214222280606
2.9496064358704168 0.30415771909606065 -7.1982528605417233
2.9539697590004028 0.27313319811139997 -7.0155483279178865
2.9583330821303884 0.2429954480619122 -6.7916337760905785
2.9626964052603744 0.21392685910041265 -6.525196716724321
2.9670597283903604 0.1861157397053311 -6.2151861022157471
2.9714230515203459 0.15975256091497786 -5.8615626037168145
2.9757863746503319 0.13502725605908594 -5.4644174187531673
2.9801496977803179 0.11213103555625183 -5.0229167256319194
2.9845130209103035 0.091249733330691918 -4.5431231572195721
2.9888763440402895 0.072511712038661427 -4.0448309421462376
2.993239667170275 0.055954586260191688 -3.5447086473939877
2.997602990300261 0.041577316942554135 -3.0452578378438182
3.001966313430247 0.029379880596289015 -2.5456817173583479
3.0063296365602326 0.019362913261630678 -2.0455141965244006
3.0106929596902186 0.011523330639675294 -1.5495208866860459
3.0150562828202041 0.0058102016125930701 -1.0745603981031158
3.0194196059501901 0.0020942090292946614 -0.63522399438656052
3.0237829290801761 0.00021169407402225519 -0.23379386673788133
3.0281462522101616 0 0.13052739577687059
3.0325095753401476 0.0012958515928523278 0.45709608550639608
3.0368728984701332 0.0039379819047510424 0.74864517749112269
3.0412362216001192 0.007791973559400942 1.014727667154629
3.0455995447301052 0.012768537931907849 1.2638872472088805
3.0499628678600907 0.018799017817317659 1.4976095147180057
3.0543261909900767 0.025814766065645148 1.7156004214549572
3.0586895141200627 0.033746293304701927 1.9169784072193885
3.0630528372500483 0.042527665726465498 2.1074293175552312
3.0674161603800343 0.052153068933449377 2.3088710182176881
3.0717794835100198 0.06272161868132832 2.5414259215667485
3.0761428066400058 0.07438176595834034 2.8087515787305786
3.0805061297699918 0.087281777921360909 3.109889386987454
3.0848694528999774 0.1015698888794633 3.4448672284787767
3.0892327760299634 0.11739437590308688 3.8145389934223104
3.0935960991599489 0.13490320066401945 4.2152737872174146
3.0979594222899349 0.15424473019130386 4.6608031490280117
3.1023227454199209 0.17556495508920966 5.0984766105990049
3.1066860685499065 0.19815843650300663 5.1381308218272581
3.1110493916798925 0.21957297517030877 4.6066858865798155
3.115412714809878 0.23813306655040645 3.9196567036079193
3.119776037939864 0.2538383572859173 3.2738286425179561
3.12413936106985 0.26668854837074241 2.6183318095330756
3.1285026841998356 0.27668339515576579 1.9599351524560409
3.1328660073298216 0.283822707353514 1.3225075232707924
3.1372293304598076 0.28810634904177268 0.60387932134957278
3.1415926535897931 0.28953423866617883 0.18893485660093717
3.1459559767197791 0.29096212829058521 0.60387043038268273
3.1503192998497647 0.29524576997884344 1.3225430871384838
3.1546826229797507 0.30238508217659149 1.9598017879520144
3.1590459461097367 0.31237992896161593 2.6188297036813664
3.1634092692397222 0.32523012004643975 3.2719704304289357
3.1677725923697082 0.34093541078195044 3.9265916578155844
3.1721359154996938 0.35949550216204795 4.5808042818379464
3.1764992386296798 0.38091004082934993 5.2347222865868437
3.1808625617596658 0.40517861908190683 5.8897041059405719
3.1852258848896513 0.43230077488096824 6.540127296495104
3.1895892080196373 0.46227599185978896 7.2070484855729626
3.1939525311496229 0.49510369933344001 7.8117889076807341
3.1983158542796088 0.52976889523613691 7.9504980102925469
3.2026791774095948 0.56361548441223275 7.4914526342135233
3.2070425005395804 0.59487479980468216 6.8472140907635328
3.2114058236695664 0.623382704574306 6.2126046249249143
3.2157691467995524 0.64904109682742872 5.5443699446003043
3.2201324699295379 0.67173420651630222 4.8539595294139577
3.2244957930595239 0.69138551194860698 4.1536672064658342
3.2288591161895095 0.70798991501427255 3.4589606070063605
3.2332224393194955 0.721584586493217 2.7738445647944485
3.2375857624494815 0.73220931119812449 2.0976913380948017
3.241949085579467 0.7399032477744496 1.4303738157584494
3.246312408709453 0.74470565148575552 0.7726640929582943
3.2506757318394386 0.74666626229154376 0.1288760757907145
3.2550390549694246 0.74585758838355332 -0.49615492601053207
3.2594023780994106 0.74236575336441524 -1.1010685071420447
3.2637657012293961 0.73627795280183961 -1.6860433026880453
3.2681290243593821 0.7276811436716959 -2.2511521923824001
3.2724923474893677 0.71666227056989384 -2.7960975777056309
3.2768556706193537 0.70331248061451601 -3.3191160434284392
3.2812189937493397 0.68773238370561396 -3.818163277950188
3.2855823168793252 0.67002841978751138 -4.2926653701001021
3.2899456400093112 0.65030753561964927 -4.7426053725780042
3.2943089631392972 0.62867662906632282 -5.1683101431748684
3.2986722862692828 0.60524218978195243 -5.568803480292722
3.3030356093992688 0.58012566023290946 -5.9376632007639536
3.3073989325292543 0.5534834111063256 -6.2672585670336467
3.3117622556592403 0.52549398048262663 -6.5552786599201651
3.3161255787892263 0.4963380180805298 -6.8019048612172748
3.3204889019192119 0.4661957882827682 -7.0075356449008455
3.3248522250491979 0.43524705057627078 -7.1710078115585993
3.3292155481791834 0.40368978303147679 -7.2843966503239823
3.3335788713091694 0.37176560916906226 -7.3380296276268417
3.3379421944391554 0.33974489579641043 -7.3287507592782033
3.342305517569141 0.30790120321711401 -7.256898401142549
3.346668840699127 0.27650739856042617 -7.122556019257404
3.351032163829113 0.24583644895943937 -6.9254592276024995
3.3553954869590985 0.2161647662289643 -6.6641449579622023
3.3597588100890845 0.18777685521353055 -6.3367971231659075
3.3641221332190701 0.16096286494187848 -5.9426981275481801
3.3684854563490561 0.13601380979667874 -5.4820588121971507
3.372848779479042 0.11322034818180554 -4.9544031878792341
3.3772121026090276 0.092874311853641173 -4.3608623856783169
3.3815754257390136 0.075246705477454379 -3.7109007857727758
3.3859387488689991 0.060554810637453396 -3.0167866590965828
3.3903020719989851 0.048978267783599823 -2.2827999489640227
3.3946653951289711 0.040691852897001918 -1.5087773111417428
3.3990287182589567 0.035871084515218636 -0.69392619746170958
3.4033920413889427 0.034693042196834202 0.16000367837802296
3.4077553645189282 0.037303104439017847 1.038495857697892
3.4121186876489142 0.043763235642032265 1.9222185361551734
3.4164820107789002 0.054074706745417728 2.8039343316240459
3.4208453339088858 0.068229832663606702 3.6840371179518008
3.4252086570388718 0.086222519235959652 4.5631249120008688
3.4295719801688578 0.10804747415185059 5.4400569233402125
3.4339353032988433 0.1336794591829088 6.3056358054306738
3.4382986264288293 0.16303967010074771 7.1472486632760921
3.4426619495588149 0.19600885828485257 7.9599076390001944
3.4470252726888009 0.23246116412886672 8.7438241643699133
3.4513885958187869 0.27227174163539547 9.4992918973335492
3.4557519189487724 0.31531628755268126 10.225994844937892
3.4601152420787584 0.36146331125921927 10.920334814023505
3.464478565208744 0.41055952223743791 11.577090394295841
3.46884188833873 0.46243493430515337 12.194277822208619
3.473205211468716 0.51691726460015297 12.771995387946831
3.4775685345987015 0.57383444284237273 13.310400774176077
3.4819318577286875 0.63301518924923095 13.809454626789861
3.4862951808586731 0.69428334109827339 14.26634292343075
3.4906585039886591 0.75744488172481472 14.676728379028257
3.4950218271186451 0.82229202346727648 15.039030449747807
3.4993851502486306 0.88861552343153249 15.353439811793066
3.5037484733786166 0.95620651122125433 15.620029870592232
3.5081117965086026 1.0248563265993456 15.838716933693483
3.5124751196385882 1.0943535105621816 16.00798257021528
3.5168384427685742 1.1644770484913831 16.125489949249296
3.5212017658985597 1.2349981841073019 16.190212094356543
3.5255650890285457 1.3056868174513847 16.202347122432208
3.5299284121585317 1.3763134972308582 16.161651686504417
3.5342917352885173 1.4466472493736595 16.068300061401313
3.5386550584185033 1.5164676452595995 15.928042027475456
3.5430183815484888 1.5855907417260529 15.750040259902356
3.5473817046784748 1.6538634466776021 15.538191461745631
3.5517450278084608 1.7211378471787511 15.29251870496322
3.5561083509384463 1.7872656046200404 15.012301254874401
3.5604716740684323 1.8520955708390061 14.698174600017913
3.5648349971984179 1.9155017261137222 14.363662857632828
3.5691983203284039 1.9774444790993677 14.030734888146974
3.5735616434583899 2.0379601308030049 13.709594644987316
3.5779249665883754 2.0971001440574781 13.400061695078369
3.5822882897183614 2.1549135942065947 13.101436804261279
3.5866516128483474 2.2114484398359906 12.814287999341861
3.591014935978333 2.2667677521076586 12.546665223022304
3.595378259108319 2.3209866634885854 12.311986036415076
3.5997415822383045 2.3742676796911946 12.11689641330133
3.6041049053682905 2.4267840164243224 11.961329992865338
3.6084682284982765 2.4787071479456921 11.845072562113517
3.6128315516282621 2.5302091776137088 11.768282538026352
3.6171948747582481 2.581460795855937 11.730001543745292
3.6215581978882336 2.6326262397574567 11.728496218583244
3.6259215210182196 2.6838637231685629 11.763080119503449
3.6302848441482056 2.7353306024733235 11.833501557799416
3.6346481672781912 2.7871837095682315 11.940503569900594
3.6390114904081772 2.8395837864233568 12.083693456254082
3.6433748135381627 2.892661891749797 12.246178641672428
3.6477381366681487 2.9464363572920358 12.398008067830986
3.6521014597981347 3.0008161487075355 12.523178607622704
3.6564647829281203 3.0556834840549603 12.622068951034382
3.6608281060581063 3.1109257320269448 12.694318485995476
3.6651914291880923 3.1664234711040136 12.739863679910492
3.6695547523180778 3.2220988559589907 12.783236353456385
3.6739180754480638 3.2780400318780112 12.869085179651071
3.6782813985780494 3.334501390949228 13.022713266086138
3.6826447217080354 3.3917804010912658 13.242179150155765
3.6870080448380214 3.450162240832003 13.531112771437872
3.6913713679680069 3.5099633347069941 13.889969443965892
3.6957346910979929 3.571302722786728 14.199069582936874
3.7000980142279785 3.633469842016702 14.230571559262584
3.7044613373579645 3.6948949146104533 13.85437584726265
3.7088246604879505 3.7537802841240953 13.071291820963475
3.713187983617936 3.808369467487779 11.879812412942439
3.717551306747922 3.8568510656750536 10.275707815085266
3.7219146298779076 3.8977204697335996 8.4505802141103548
3.7262779530078936 3.9308240461178245 6.7820462569688855
3.7306412761378795 3.9574544743975091 5.4913110858939076
3.7350045992678651 3.9793023953627946 4.5839671134317186
3.7393679223978511 3.9980034000324118 4.0522080924167971
3.7437312455278371 4.0152191009624554 3.9017082553935412
3.7480945686578226 4.0325191052534786 4.0722097190267217
3.7524578917878086 4.0510457581602539 4.4420478864499797
3.7568212149177942 4.0714677932406094 4.9387440059875667
3.7611845380477802 4.0943215551148882 5.557222336387686
3.7655478611777662 4.120152943681564 6.3058103911745427
3.7699111843077517 4.1495422484785509 7.1864881572021302
3.7742745074377377 4.1828397686224905 8.048522982303405
3.7786378305677233 4.2192861014760421 8.5717609984299088
3.7830011536977093 4.2568558835099886 8.5541650120861803
3.7873644768276953 4.2931379675362589 7.9883817662137675
3.7917277999576808 4.3257744785941927 6.8772434626106618
3.7960911230876668 4.3523435978840537 5.2094372914280118
3.8004544462176524 4.3707490117027605 3.2072185639851192
3.8048177693476384 4.3805539014305319 1.3576644365858364
3.8091810924776244 4.3832785355961343 -0.023210249545097036
3.8135444156076099 4.3810588765304415 -0.91762813459750736
3.8179077387375959 4.3759610724604512 -1.337394265071316
3.8222710618675819 4.3700950886012748 -1.27094011492963
3.8266343849975675 4.3653919753423676 -0.84562117277106874
3.8309977081275535 4.3628196241213661 -0.34881609833957117
3.835361031257539 4.3621721229162578 0.027078110076827411
3.839724354387525 4.3628607302142202 0.26876612562589514
3.844087677517511 4.3643349560438658 0.38491190745575882
3.8484510006474966 4.3660292719219811 0.3701150493416116
3.8528143237774826 4.367422831191468 0.25769445862915735
3.8571776469074681 4.3682473551788155 0.12414882684464748
3.8615409700374541 4.3685526054895103 0.022485822954423532
3.8659042931674401 4.3684960329878875 -0.043113851641715537
3.8702676162974257 4.3682252331952327 -0.075115025887025608
3.8746309394274117 4.3678916158430301 -0.07199266239828056
3.8789942625573972 4.3676356406198416 -0.042288318945794309
3.8833575856873832 4.3675315717527079 -0.0064021435876197592
3.8877209088173692 4.3675675646075591 0.021091275017910489
3.8920842319473548 4.3677015335098899 0.038894139897840851
3.8964475550773408 4.3678939004992312 0.047704196948109609
3.9008108782073267 4.3681041308670769 0.047094625228984548
3.9051742013373123 4.368294357416131 0.039251196718129204
3.9095375244672983 4.3684440483762907 0.02961065182510695
3.9139008475972838 4.3685559675775023 0.022176093473167336
3.9182641707272698 4.3686413582235817 0.017345232355925139
3.9226274938572558 4.3687108345204102 0.014921643679717631
3.9269908169872414 4.3687752476800581 0.015023802253991235
3.9313541401172274 4.3688448034960343 0.01709342997175611
3.9357174632472129 4.3689251715485078 0.01968253678429261
3.9400807863771989 4.3690157240655729 0.021692750089484507
3.9444441095071849 4.369113459124911 0.023003464409577248
3.9488074326371705 4.3692155297945927 0.023669692216628471
3.9531707557671565 4.3693190313169374 0.023658794584323815
3.957534078897142 4.3694212138646229 0.023113078955714003
3.961897402027128 4.3695205136590225 0.022417943767440506
3.966260725157114 4.3696170678923085 0.021874456218816226
3.9706240482870996 4.369711677594684 0.021518871859497492
3.9749873714170856 4.3698051064677621 0.021335857452900949
3.9793506945470716 4.3698981320548107 0.021334341968669637
3.9837140176770571 4.3699914950549505 0.021478127416071659
3.9880773408070431 4.3700856263117931 0.021664703663431765
3.9924406639370287 4.3701804975906313 0.021811629271550073
3.9968039870670147 4.3702758952801526 0.021908085562058005
4.0011673101970002 4.3703716144865075 0.021958326808349322
4.0055306333269867 4.3704674470844456 0.021959926533781971
4.0098939564569722 4.3705631936126963 0.021922071537610794
4.0142572795869578 4.3706587354937101 0.021872009563323289
4.0186206027169442 4.3707540779507204 0.021832293536214395
4.0229839258469298 4.3708492779097226 0.021806131360694606
4.0273472489769153 4.3709443903493863 0.021792347811862907
4.0317105721069009 4.371039470977137 0.021791598057777712
4.0360738952368873 4.3711345734909779 0.0218015561298604
4.0404372183668729 4.3712297304926295 0.021814984421908993
4.0448005414968584 4.371324941225688 0.021825719234804673
4.0491638646268449 4.3714201905303947 0.02183281459699625
4.0535271877568304 4.371515463652365 0.021836593791358903
4.057890510886816 4.3716107456811031 0.021836881038442675
4.0622538340168024 4.3717060221641137 0.02183426373684318
4.066617157146788 4.3718012841467333 0.021830663000299864
4.0709804802767735 4.3718965316551159 0.02182776176129685
4.0753438034067591 4.3719917687234178 0.021825837630794594
4.0797071265367455 4.372086999311783 0.021824802044766403
4.0840704496667311 4.3721822274110487 0.021824701864348178
4.0884337727967166 4.3722774569100116 0.021825389154183101
4.092797095926703 4.372372690265883 0.021826354351183047
4.0971604190566886 4.3724679275200824 0.021827138381162955
4.1015237421866741 4.372563167599921 0.021827660123535507
4.1058870653166606 4.372658409442324 0.021827943740470424
4.1102503884466461 4.3727536519791368 0.021827976821368628
4.1146137115766317 4.3728488941642549 0.021827796514461463
4.1189770347066181 4.3729441353240261 0.021827537877121442
4.1233403578366037 4.3730393754340744 0.02182732602042347
4.1277036809665892 4.3731346147793921 0.021827184558252895
4.1320670040965748 4.3732298536454008 0.021827106925052232
4.1364303272265612 4.3733250923179892 0.021827096385328565
4.1407936503565468 4.3734203310784974 0.021827143640625189
4.1451569734865323 4.373515570111441 0.02182721292123025
4.1495202966165188 4.3736108094269923 0.021827270163040504
4.1538836197465043 4.3737060489495008 0.021827308515179254
4.1582469428764899 4.3738012886023219 0.021827329754438265
4.1626102660064763 4.3738965283089382 0.02182733302847668
4.1669735891364619 4.3739917679937044 0.021827320656905996
4.1713369122664474 4.3740870076061258 0.021827302105538779
4.1757002353964339 4.3741822471424783 0.021827286640803696
4.1800635585264194 4.3742774866228258 0.021827276243781536
4.184426881656405 4.374372726067751 0.021827270435830534
4.1887902047863905 4.3744679654977361 0.02182726943803422
4.193153527916377 4.3745632049331142 0.021827272673102936
4.1975168510463625 4.3746584443876912 0.021827277638758427
4.2018801741763481 4.3747536838627399 0.021827281816500243
4.2062434973063345 4.3748489233529435 0.021827284634918752
4.2106068204363201 4.3749441628527741 0.021827286222319556
4.2149701435663056 4.375039402356748 0.021827286522084551
4.2193334666962921 4.3751346418594022 0.021827285676919241
4.2236967898262776 4.3752298813569626 0.021827284348192713
4.2280601129562632 4.3753251208490163 0.021827283219972793
4.2324234360862487 4.3754203603369692 0.021827282455999495
4.2367867592162352 4.3755155998223065 0.021827282022239203
4.2411500823462207 4.3756108393064954 0.021827281933249048
4.2455134054762063 4.3757060787910049 0.021827282153842099
4.2498767286061927 4.3758013182768645 0.021827282509110413
4.2542400517361783 4.3758965577642046 0.021827282813638254
4.2586033748661638 4.3759917972526541 0.021827283020975398
4.2629666979961502 4.3760870367418159 0.021827283139562628
4.2673300211261358 4.3761822762312947 0.021827283165639044
4.2716933442561213 4.3762775157206972 0.021827283108250092
4.2760566673861078 4.3763727552097418 0.021827283013100249
4.2804199905160933 4.3764679946983875 0.021827282930800711
4.2847833136460789 4.3765632341867331 0.021827282874567495
4.2891466367760644 4.376658473674885 0.021827282842269338
4.2935099599060509 4.3767537131629499 0.021827282834711231
4.2978732830360364 4.3768489526510326 0.021827282849609841
4.302236606166022 4.3769441921392103 0.021827282875141473
4.3065999292960084 4.3770394316274954 0.02182728289733497
4.310963252425994 4.3771346711158614 0.021827282912490659
4.3153265755559795 4.3772299106042798 0.021827282921287702
4.319689898685966 4.3773251500927222 0.021827282923447811
4.3240532218159515 4.3774203895811601 0.021827282919445003
4.3284165449459371 4.3775156290695723 0.021827282912546795
4.3327798680759235 4.377610868557956 0.021827282906878454
4.3371431912059091 4.3777061080463193 0.021827282902863388
4.3415065143358946 4.3778013475346675 0.021827282900178654
4.3458698374658802 4.3778965870230087 0.021827282899665998
4.3502331605958666 4.3779918265113515 0.021827282900724013
4.3545964837258522 4.3780870659997007 0.021827282902500619
4.3589598068558377 4.3781823054880578 0.021827282904120164
4.3633231299858242 4.3782775449764202 0.021827282905012044
4.3676864531158097 4.3783727844647862 0.021827282905931649
4.3720497762457953 4.3784680239531557 0.021827282906260011
4.3764130993757817 4.3785632634415244 0.021827282905845617
4.3807764225057673 4.3786585029298912 0.021827282905342835
4.3851397456357528 4.3787537424182554 0.021827282904728362
4.3895030687657384 4.3788489819066179 0.02182728290463572
4.3938663918957248 4.3789442213949803 0.02182728290438608
4.3982297150257104 4.379039460883341 0.021827282904255955
4.4025930381556959 4.3791347003717025 0.021827282904428744
4.4069563612856824 4.379229939860064 0.021827282904465044
4.4113196844156679 4.3793251793484265 0.021827282904757741
4.4156830075456535 4.3794204188367898 0.02182728290478532
4.4200463306756399 4.3795156583251531 0.021827282904979643
4.4244096538056255 4.3796108978135173 0.021827282904785448
4.428772976935611 4.3797061373018797 0.021827282904770536
4.4331363000655974 4.3798013767902439 0.021827282905011059
4.437499623195583 4.3798966162786073 0.021827282904674554
4.4418629463255686 4.3799918557669697 0.021827282904572042
4.4462262694555541 4.3800870952553321 0.021827282904707937
4.4505895925855405 4.3801823347436954 0.02182728290486419
4.4549529157155261 4.3802775742320588 0.021827282904713956
4.4593162388455116 4.3803728137204212 0.021827282904561304
4.4636795619754981 4.3804680532087836 0.021827282904698146
4.4680428851054836 4.3805632926971469 0.021827282904914095
4.4724062082354692 4.3806585321855103 0.021827282904537455
4.4767695313654556 4.3807537716738718 0.021827282904593397
4.4811328544954412 4.3808490111622351 0.021827282904746288
4.4854961776254267 4.3809442506505976 0.021827282904702771
4.4898595007554132 4.3810394901389609 0.021827282904710619
4.4942228238853987 4.3811347296273233 0.021827282904722755
4.4985861470153843 4.3812299691156866 0.021827282904679682
4.5029494701453698 4.3813252086040491 0.021827282904839842
4.5073127932753563 4.3814204480924133 0.021827282904839592
4.5116761164053418 4.3815156875807757 0.021827282904680452
4.5160394395353274 4.381610927069139 0.021827282904719914
4.5204027626653138 4.3817061665575014 0.021827282904707881
4.5247660857952994 4.3818014060458648 0.021827282904716555
4.5291294089252849 4.3818966455342272 0.021827282904707215
4.5334927320552714 4.3819918850225905 0.021827282904722564
4.5378560551852569 4.3820871245109529 0.021827282904670512
4.5422193783152425 4.3821823639993163 0.021827282904876705
4.5465827014452289 4.3822776034876796 0.021827282904701328
4.5509460245752145 4.382372842976042 0.021827282904585993
4.5553093477052 4.3824680824644044 0.021827282904625336
4.5596726708351856 4.3825633219527669 0.021827282904583318
4.564035993965172 4.3826585614411293 0.021827282904698701
4.5683993170951576 4.3827538009294926 0.021827282904889875
4.5727626402251431 4.3828490404178559 0.021827282904633784
4.5771259633551296 4.3829442799062184 0.021827282904842964
4.5814892864851151 4.3830395193945826 0.021827282904873013
4.5858526096151007 4.383134758882945 0.021827282904556967
4.5902159327450871 4.3832299983713074 0.02182728290455643
4.5945792558750727 4.3833252378596699 0.021827282904874637
4.5989425790050582 4.3834204773480341 0.021827282904837014
4.6033059021350438 4.3835157168363965 0.021827282904669308
4.6076692252650302 4.3836109563247598 0.021827282904753751
4.6120325483950158 4.3837061958131223 0.021827282904583682
4.6163958715250013 4.3838014353014847 0.02182728290458217
4.6207591946549877 4.3838966747898471 0.021827282904744959
4.6251225177849733 4.3839919142782104 0.021827282904705977
4.6294858409149588 4.3840871537665729 0.021827282904712447
4.6338491640449453 4.3841823932549362 0.021827282904712229
4.6382124871749308 4.3842776327432986 0.021827282904706629
4.6425758103049164 4.3843728722316619 0.021827282904742576
4.6469391334349028 4.3844681117200244 0.021827282904591055
4.6513024565648884 4.3845633512083868 0.021827282904550525
4.6556657796948739 4.3846585906967492 0.021827282904877499
4.6600291028248595 4.3847538301851134 0.021827282904831474
4.6643924259548459 4.3848490696734759 0.021827282904675265
4.6687557490848315 4.3849443091618392 0.021827282904735464
4.673119072214817 4.3850395486502016 0.021827282904664208
4.6774823953448035 4.3851347881385649 0.021827282904875688
4.681845718474789 4.3852300276269283 0.021827282904711705
4.6862090416047746 4.3853252671152907 0.021827282904558817
4.690572364734761 4.3854205066036531 0.021827282904710348
4.6949356878647466 4.3855157460920164 0.021827282904867781
4.6992990109947321 4.3856109855803798 0.021827282904710504
4.7036623341247186 4.3857062250687422 0.021827282904558175
4.7080256572547041 4.3858014645571046 0.021827282904714123
4.7123889803846897 4.3858967040454679 0.021827282904866643
4.7167523035146752 4.3859919435338313 0.021827282904711292
4.7211156266446617 4.3860871830221937 0.021827282904556163
4.7254789497746472 4.3861824225105561 0.021827282904721381
4.7298422729046328 4.3862776619989194 0.021827282904839634
4.7342055960346192 4.3863729014872828 0.021827282904798729
4.7385689191646048 4.3864681409756461 0.021827282904844102
4.7429322422945903 4.3865633804640094 0.021827282904716847
4.7472955654245768 4.3866586199523718 0.021827282904556485
4.7516588885545623 4.3867538594407343 0.021827282904714539
4.7560222116845479 4.3868490989290976 0.021827282904866668
4.7603855348145334 4.3869443384174609 0.021827282904710778
4.7647488579445199 4.3870395779058233 0.021827282904558199
4.7691121810745054 4.3871348173941858 0.021827282904713755
4.773475504204491 4.3872300568825491 0.021827282904868097
4.7778388273344774 4.3873252963709124 0.021827282904692501
4.782202150464463 4.3874205358592748 0.021827282904629878
4.7865654735944485 4.3875157753476373 0.02182728290445864
4.7909287967244349 4.3876110148359988 0.021827282904582222
4.7952921198544205 4.3877062543243621 0.021827282904869807
4.7996554429844061 4.3878014938127254 0.021827282904830544
4.8040187661143925 4.3878967333010888 0.021827282904686669
4.808382089244378 4.3879919727894512 0.021827282904690767
4.8127454123743636 4.3880872122778145 0.021827282904831574
4.8171087355043491 4.3881824517661778 0.021827282904874932
4.8214720586343356 4.3882776912545411 0.021827282904547347
4.8258353817643211 4.3883729307429027 0.021827282904593008
4.8301987048943067 4.388468170231266 0.02182728290475127
4.8345620280242931 4.3885634097196284 0.021827282904669894
4.8389253511542787 4.3886586492079918 0.021827282904837136
4.8432886742842642 4.3887538886963551 0.021827282904873551
4.8476519974142507 4.3888491281847184 0.021827282904547309
4.8520153205442362 4.3889443676730799 0.021827282904594538
4.8563786436742218 4.3890396071614433 0.021827282904745181
4.8607419668042082 4.3891348466498057 0.021827282904692717
4.8651052899341938 4.389230086138169 0.02182728290475193
4.8694686130641793 4.3893253256265314 0.021827282904580879
4.8738319361941649 4.3894205651148939 0.021827282904595218
4.8781952593241513 4.3895158046032563 0.021827282904695568
4.8825585824541369 4.3896110440916196 0.021827282904890503
4.8869219055841224 4.3897062835799829 0.021827282904634416
4.8912852287141089 4.3898015230683454 0.021827282904839821
4.8956485518440944 4.3898967625567096 0.021827282904884955
4.90001187497408 4.389992002045072 0.021827282904512336
4.9043751981040664 4.3900872415334344 0.021827282904723026
4.908738521234052 4.3901824810217978 0.021827282904863556
4.9131018443640375 4.3902777205101611 0.021827282904714741
4.9174651674940231 4.3903729599985235 0.021827282904558799
4.9218284906240095 4.3904681994868859 0.021827282904707378
4.9261918137539951 4.3905634389752493 0.021827282904879685
4.9305551368839806 4.3906586784636126 0.021827282904665853
4.9349184600139671 4.390753917951975 0.021827282904724885
4.9392817831439526 4.3908491574403383 0.021827282904702604
4.9436451062739382 4.3909443969287008 0.021827282904746018
4.9480084294039246 4.3910396364170641 0.021827282904581313
4.9523717525339102 4.3911348759054256 0.021827282904586066
4.9567350756638957 4.3912301153937889 0.02182728290474507
4.9610983987938821 4.3913253548821514 0.02182728290470163
4.9654617219238677 4.3914205943705147 0.021827282904716399
4.9698250450538533 4.3915158338588771 0.021827282904714081
4.9741883681838388 4.3916110733472404 0.021827282904708596
4.9785516913138252 4.3917063128356029 0.021827282904719511
4.9829150144438108 4.3918015523239662 0.021827282904681344
4.9872783375737963 4.3918967918123286 0.021827282904836431
4.9916416607037828 4.3919920313006928 0.021827282904851576
4.9960049838337683 4.3920872707890553 0.021827282904635929
5.0003683069637539 4.3921825102774186 0.021827282904886024
5.0047316300937403 4.3922777497657819 0.021827282904698615
5.0090949532237259 4.3923729892541443 0.021827282904587516
5.0134582763537114 4.3924682287425068 0.021827282904621974
5.0178215994836979 4.3925634682308692 0.021827282904581906
5.0221849226136834 4.3926587077192316 0.021827282904707736
5.026548245743669 4.3927539472075949 0.021827282904868468
5.0309115688736545 4.3928491866959583 0.021827282904710383
5.035274892003641 4.3929444261843207 0.021827282904557984
5.0396382151336265 4.3930396656726831 0.021827282904715001
5.0440015382636121 4.3931349051610464 0.02182728290486332
5.0483648613935985 4.3932301446494098 0.021827282904710362
5.0527281845235841 4.3933253841377722 0.02182728290456323
5.0570915076535696 4.3934206236261346 0.021827282904707361
5.0614548307835561 4.3935158631144979 0.021827282904875317
5.0658181539135416 4.3936111026028613 0.021827282904670026
5.0701814770435272 4.3937063420912237 0.021827282904725905
5.0745448001735127 4.393801581579587 0.021827282904707687
5.0789081233034992 4.3938968210679494 0.021827282904711327
5.0832714464334847 4.3939920605563128 0.021827282904715004
5.0876347695634703 4.3940873000446752 0.02182728290470998
5.0919980926934567 4.3941825395330385 0.021827282904713058
5.0963614158234423 4.3942777790214009 0.021827282904705776
5.1007247389534278 4.3943730185097643 0.021827282904745154
5.1050880620834143 4.3944682579981267 0.021827282904581587
5.1094513852133998 4.3945634974864891 0.021827282904585823
5.1138147083433854 4.3946587369748515 0.021827282904745768
5.1181780314733718 4.3947539764632149 0.021827282904699097
5.1225413546033574 4.3948492159515773 0.021827282904725843
5.1269046777333429 4.3949444554399406 0.021827282904678856
5.1312680008633285 4.395039694928303 0.021827282904840067
5.1356313239933149 4.3951349344166672 0.021827282904839526
5.1399946471233005 4.3952301739050297 0.021827282904680487
5.144357970253286 4.395325413393393 0.021827282904719844
5.1487212933832724 4.3954206528817554 0.021827282904708121
5.153084616513258 4.3955158923701187 0.021827282904715663
5.1574479396432436 4.3956111318584812 0.021827282904710543
5.16181126277323 4.3957063713468445 0.021827282904710147
5.1661745859032155 4.3958016108352069 0.021827282904716853
5.1705379090332011 4.3958968503235702 0.021827282904703749
5.1749012321631875 4.3959920898119327 0.021827282904736137
5.1792645552931731 4.396087329300296 0.021827282904619688
5.1836278784231586 4.3961825687886575 0.021827282904455771
5.1879912015531442 4.39627780827702 0.021827282904617218
5.1923545246831306 4.3963730477653824 0.021827282904732671
5.1967178478131162 4.3964682872537457 0.021827282904720084
5.2010811709431017 4.3965635267421082 0.021827282904668305
5.2054444940730882 4.3966587662304715 0.021827282904874682
5.2098078172030737 4.3967540057188348 0.021827282904711628
5.2141711403330593 4.3968492452071972 0.021827282904560128
5.2185344634630457 4.3969444846955597 0.021827282904705175
5.2228977865930313 4.397039724183923 0.021827282904887165
5.2272611097230168 4.3971349636722863 0.021827282904638142
5.2316244328530024 4.3972302031606487 0.021827282904841594
5.2359877559829888 4.3973254426490129 0.021827282904874134
5.2403510791129744 4.3974206821373754 0.021827282904540522
5.2447144022429599 4.3975159216257378 0.02182728290463443
5.2490777253729464 4.3976111611141002 0.021827282904579071
5.2534410485029319 4.3977064006024627 0.021827282904706598
5.2578043716329175 4.397801640090826 0.021827282904875851
5.2621676947629039 4.3978968795791893 0.021827282904668656
5.2665310178928895 4.3979921190675517 0.02182728290471752
5.270894341022875 4.398087358555915 0.021827282904742576
5.2752576641528615 4.3981825980442775 0.021827282904580168
5.279620987282847 4.3982778375326399 0.02182728290459408
5.2839843104128326 4.3983730770210023 0.021827282904714158
5.2883476335428181 4.3984683165093656 0.021827282904830606
5.2927109566728046 4.398563555997729 0.021827282904842059
5.2970742798027901 4.3986587954860923 0.02182728290467981
5.3014376029327757 4.3987540349744547 0.021827282904720014
5.3058009260627621 4.398849274462818 0.021827282904708124
5.3101642491927477 4.3989445139511805 0.021827282904715483
5.3145275723227332 4.3990397534395438 0.021827282904711254
5.3188908954527196 4.3991349929279062 0.021827282904707472
5.3232542185827052 4.3992302324162695 0.021827282904726849
5.3276175417126908 4.399325471904632 0.021827282904666456
5.3319808648426772 4.3994207113929953 0.021827282904875317
5.3363441879726627 4.3995159508813586 0.021827282904710931
5.3407075111026483 4.399611190369721 0.021827282904562269
5.3450708342326338 4.3997064298580835 0.021827282904710647
5.3494341573626203 4.3998016693464468 0.021827282904863129
5.3537974804926058 4.3998969088348101 0.02182728290471549
5.3581608036225914 4.3999921483231725 0.021827282904556228
5.3625241267525778 4.400087387811535 0.021827282904716912
5.3668874498825634 4.4001826272998983 0.021827282904844106
5.3712507730125489 4.4002778667882616 0.021827282904798649
5.3756140961425354 4.4003731062766249 0.021827282904839949
5.3799774192725209 4.4004683457649882 0.021827282904720205
5.3843407424025065 4.4005635852533507 0.021827282904560548
5.388704065532492 4.4006588247417131 0.02182728290470826
5.3930673886624785 4.4007540642300764 0.021827282904874391
5.397430711792464 4.4008493037184397 0.021827282904672833
5.4017940349224496 4.4009445432068022 0.021827282904715601
5.406157358052436 4.4010397826951655 0.021827282904732747
5.4105206811824216 4.4011350221835279 0.021827282904621412
5.4148840043124071 4.4012302616718904 0.021827282904452266
5.4192473274423936 4.4013255011602519 0.021827282904616177
5.4236106505723791 4.4014207406486152 0.021827282904740349
5.4279739737023647 4.4015159801369776 0.021827282904703746
5.4323372968323511 4.401611219625341 0.021827282904712662
5.4367006199623367 4.4017064591137034 0.021827282904713592
5.4410639430923222 4.4018016986020667 0.02182728290471429
5.4454272662223078 4.4018969380904291 0.021827282904710581
5.4497905893522942 4.4019921775787925 0.021827282904711382
5.4541539124822798 4.4020874170671549 0.021827282904711885
5.4585172356122653 4.4021826565555182 0.021827282904722394
5.4628805587422518 4.4022778960438806 0.021827282904666522
5.4672438818722373 4.402373135532244 0.021827282904879512
5.4716072050022229 4.4024683750206073 0.021827282904707427
5.4759705281322093 4.4025636145089697 0.021827282904558768
5.4803338512621949 4.4026588539973321 0.021827282904714824
5.4846971743921804 4.4027540934856955 0.021827282904863247
5.4890604975221668 4.4028493329740588 0.02182728290471083
5.4934238206521524 4.4029445724624212 0.021827282904561422
5.497787143782138 4.4030398119507836 0.02182728290471413
5.5021504669121235 4.403135051439147 0.021827282904863386
5.5065137900421099 4.4032302909275103 0.02182728290471098
5.5108771131720955 4.4033255304158727 0.02182728290456069
5.5152404363020811 4.4034207699042351 0.021827282904716912
5.5196037594320675 4.4035160093925985 0.021827282904839641
5.523967082562053 4.4036112488809618 0.021827282904803191
5.5283304056920386 4.4037064883693251 0.021827282904839571
5.532693728822025 4.4038017278576884 0.021827282904717173
5.5370570519520106 4.4038969673460509 0.021827282904559733
5.5414203750819961 4.4039922068344133 0.02182728290471455
5.5457836982119817 4.4040874463227766 0.021827282904863396
5.5501470213419681 4.4041826858111399 0.021827282904710525
5.5545103444719537 4.4042779252995023 0.021827282904562501
5.5588736676019392 4.4043731647878648 0.02182728290471013
5.5632369907319257 4.4044684042762281 0.021827282904864961
5.5676003138619112 4.4045636437645914 0.021827282904708693
5.5719636369918968 4.4046588832529538 0.02182728290458159
5.5763269601218832 4.4047541227413163 0.021827282904622262
5.5806902832518688 4.4048493622296787 0.021827282904586683
5.5850536063818543 4.4049446017180411 0.02182728290470165
5.5894169295118408 4.4050398412064045 0.021827282904874696
5.5937802526418263 4.4051350806947678 0.021827282904678218
5.5981435757718119 4.4052303201831302 0.021827282904693754
5.6025068989017974 4.4053255596714935 0.021827282904828087
5.6068702220317839 4.4054207991598568 0.021827282904872541
5.6112335451617694 4.4055160386482202 0.021827282904560409
5.615596868291755 4.4056112781365817 0.021827282904556464
5.6199601914217414 4.405706517624945 0.021827282904871056
5.624323514551727 4.4058017571133083 0.021827282904837972
5.6286868376817125 4.4058969966016717 0.021827282904669055
5.633050160811699 4.4059922360900341 0.021827282904753796
5.6374134839416845 4.4060874755783974 0.021827282904583752
5.6417768070716701 4.406182715066759 0.021827282904581864
5.6461401302016565 4.4062779545551223 0.021827282904746118
5.6505034533316421 4.4063731940434847 0.02182728290470165
5.6548667764616276 4.406468433531848 0.021827282904728604
5.6592300995916132 4.4065636730202105 0.021827282904665266
5.6635934227215996 4.4066589125085738 0.021827282904878325
5.6679567458515852 4.4067541519969371 0.021827282904700093
5.6723200689815707 4.4068493914852995 0.021827282904602622
5.6766833921115571 4.406944630973662 0.021827282904546733
5.6810467152415427 4.4070398704620244 0.021827282904867761
5.6854100383715283 4.4071351099503886 0.0218272829048742
5.6897733615015147 4.407230349438751 0.021827282904514085
5.6941366846315002 4.4073255889271135 0.021827282904726783
5.6985000077614858 4.4074208284154768 0.021827282904860103
5.7028633308914722 4.4075160679038401 0.021827282904711458
5.7072266540214578 4.4076113073922025 0.02182728290456205
5.7115899771514433 4.407706546880565 0.021827282904710994
5.7159533002814289 4.4078017863689283 0.0218272829048753
5.7203166234114153 4.4078970258572916 0.02182728290466646
5.7246799465414009 4.407992265345654 0.021827282904726863
5.7290432696713864 4.4080875048340173 0.02182728290470741
5.7334065928013729 4.4081827443223798 0.021827282904711483
5.7377699159313584 4.4082779838107431 0.021827282904714647
5.742133239061344 4.4083732232991055 0.021827282904711247
5.7464965621913304 4.4084684627874688 0.021827282904708343
5.750859885321316 4.4085637022758313 0.021827282904723362
5.7552232084513015 4.4086589417641946 0.021827282904679519
5.7595865315812871 4.408754181252557 0.02182728290483989
5.7639498547112735 4.4088494207409212 0.021827282904839578
5.7683131778412591 4.4089446602292837 0.021827282904680455
5.7726765009712446 4.409039899717647 0.021827282904719914
5.7770398241012311 4.4091351392060094 0.021827282904707875
5.7814031472312166 4.4092303786943727 0.021827282904716572
5.7857664703612022 4.4093256181827352 0.021827282904707153
5.7901297934911886 4.4094208576710985 0.0218272829047228
5.7944931166211742 4.4095160971594609 0.021827282904669638
5.7988564397511597 4.4096113366478242 0.021827282904879966
5.8032197628811462 4.4097065761361876 0.02182728290468915
5.8075830860111317 4.40980181562455 0.021827282904631429
5.8119464091411173 4.4098970551129124 0.021827282904455774
5.8163097322711028 4.409992294601274 0.021827282904605467
5.8206730554010893 4.4100875340896373 0.021827282904779668
5.8250363785310748 4.4101827735779997 0.02182728290454386
5.8293997016610604 4.4102780130663621 0.021827282904715535
5.8337630247910468 4.4103732525547255 0.021827282904861977
5.8381263479210324 4.4104684920430888 0.021827282904715205
5.8424896710510179 4.4105637315314512 0.021827282904558515
5.8468529941810043 4.4106589710198136 0.021827282904708065
5.8512163173109899 4.410754210508177 0.021827282904877215
5.8555796404409755 4.4108494499965403 0.02182728290467505
5.8599429635709619 4.4109446894849027 0.021827282904690569
5.8643062867009474 4.411039928973266 0.021827282904830662
5.868669609830933 4.4111351684616293 0.021827282904878752
5.8730329329609186 4.4112304079499927 0.021827282904546323
5.877396256090905 4.4113256474383542 0.021827282904593282
5.8817595792208905 4.4114208869267175 0.021827282904737868
5.8861229023508761 4.41151612641508 0.021827282904736556
5.8904862254808625 4.4116113659034433 0.02182728290458389
5.8948495486108481 4.4117066053918048 0.021827282904585209
5.8992128717408336 4.4118018448801681 0.021827282904745931
5.9035761948708201 4.4118970843685306 0.021827282904699048
5.9079395180008056 4.4119923238568939 0.021827282904725853
5.9123028411307912 4.4120875633452563 0.021827282904678853
5.9166661642607767 4.4121828028336196 0.021827282904840067
5.9210294873907632 4.412278042321983 0.021827282904839526
5.9253928105207487 4.4123732818103463 0.021827282904680483
5.9297561336507343 4.4124685212987087 0.021827282904719848
5.9341194567807207 4.412563760787072 0.02182728290470811
5.9384827799107063 4.4126590002754345 0.021827282904715695
5.9428461030406918 4.4127542397637978 0.021827282904710425
5.9472094261706783 4.4128494792521602 0.021827282904710584
5.9515727493006638 4.4129447187405235 0.021827282904715219
5.9559360724306494 4.413039958228886 0.021827282904709845
5.9602993955606358 4.4131351977172493 0.021827282904713387
5.9646627186906214 4.4132304372056117 0.021827282904704603
5.9690260418206069 4.413325676693975 0.021827282904749522
5.9733893649505925 4.4134209161823375 0.021827282904578627
5.9777526880805789 4.4135161556706999 0.021827282904593293
5.9821160112105645 4.4136113951590623 0.021827282904705533
5.98647933434055 4.4137066346474256 0.021827282904865901
5.9908426574705365 4.4138018741357889 0.021827282904709519
5.995205980600522 4.4138971136241514 0.021827282904564003
5.9995693037305076 4.4139923531125138 0.021827282904705116
6.003932626860494 4.4140875926008771 0.021827282904883508
6.0082959499904796 4.4141828320892404 0.021827282904639502
6.0126592731204651 4.4142780715776029 0.021827282904839807
6.0170225962504515 4.4143733110659671 0.021827282904879907
6.0213859193804371 4.4144685505543295 0.021827282904519216
6.0257492425104227 4.4145637900426919 0.021827282904713873
6.0301125656404082 4.4146590295310553 0.021827282904906622
6.0344758887703946 4.4147542690194186 0.021827282904538281
6.0388392119003802 4.4148495085077801 0.021827282904597577
6.0432025350303658 4.4149447479961434 0.021827282904742062
6.0475658581603522 4.4150399874845059 0.021827282904702157
6.0519291812903377 4.4151352269728692 0.021827282904717315
6.0562925044203233 4.4152304664612316 0.021827282904709918
6.0606558275503097 4.4153257059495949 0.021827282904711004
6.0650191506802953 4.4154209454379574 0.02182728290471405
6.0693824738102808 4.4155161849263207 0.021827282904714109
6.0737457969402664 4.4156114244146831 0.021827282904710837
6.0781091200702528 4.4157066639030464 0.021827282904710532
6.0824724432002384 4.4158019033914089 0.021827282904715032
6.0868357663302239 4.4158971428797722 0.02182728290471065
6.0911990894602104 4.4159923823681346 0.021827282904710366
6.0955624125901959 4.4160876218564979 0.021827282904715875
6.0999257357201815 4.4161828613448604 0.021827282904707455
6.1042890588501679 4.4162781008332237 0.021827282904722294
6.1086523819801535 4.4163733403215861 0.021827282904671369
6.113015705110139 4.4164685798099494 0.021827282904873548
6.1173790282401255 4.4165638192983128 0.0218272829047131
6.121742351370111 4.4166590587866752 0.021827282904542045
6.1261056745000966 4.4167542982750376 0.021827282904789361
6.1304689976300821 4.4168495377634009 0.021827282904581833
6.1348323207600686 4.4169447772517625 0.02182728290454063
6.1391956438900541 4.4170400167401258 0.02182728290491296
6.1435589670200397 4.4171352562284891 0.021827282904699517
6.1479222901500261 4.4172304957168516 0.021827282904556954
6.1522856132800117 4.417325735205214 0.021827282904729989
6.1566489364099972 4.4174209746935773 0.021827282904804401
6.1610122595399837 4.4175162141819406 0.021827282904931064
6.1653755826699692 4.4176114536703039 0.021827282904350005
6.1697389057999548 4.4177066931586664 0.021827282905950228
6.1741022289299412 4.4178019326470297 0.021827282900117061
6.1784655520599268 4.4178971721353903 0.021827282920628192
6.1828288751899123 4.4179924116237608 0.021827282849315496
6.1871921983198979 4.4180876511120966 0.021827283096956498
6.1915555214498843 4.418182890600562 0.021827282243033139
6.1959188445798699 4.4182781300885434 0.021827285167429659
6.2002821677098554 4.4183733695783278 0.021827275230620016
6.2046454908398418 4.4184686090613887 0.021827308670356333
6.2090088139698274 4.4185638485695371 0.021827197474361237
6.213372137099813 4.4186590879840564 0.021827561692874239
6.2177354602297994 4.4187543277480064 0.021826391891030337
6.2220987833597849 4.4188495662078688 0.021830050506227994
6.2264621064897705 4.4189448095346471 0.021819035467560071
6.2308254296197561 4.4190400346978498 0.021850294897194568
6.2351887527497425 4.4191353276484389 0.021770391036403824
6.239552075879728 4.4192303676130571 0.021931413882790452
6.2439153990097136 4.4193263517341688 0.021842440204469363
6.2482787221397 4.4194188122152811 0.020263789852810847
6.2526420452696856 4.4195244230999009 0.033286239970403197
6.2570053683996711 4.4195809560104866 -0.041926888060301246
6.2613686915296576 4.4198206504136976 0.338092210555413
6.2657320146596431 4.4193767768204433 -1.4508252244078934
6.2700953377896287 4.4197944281115848 5.4471795601939945
6.2744586609196151 4.4202225474860706 -19.756383941453002
6.2788219840496007 4.4199367492331838 73.676209000849212
6.2831853071795862 4.9272601550333839 73.664927540537349
