# q  U_kJmol  dU_dq   # conservative spline pchip_hermite_v1
0 0.60256676850984137 4.8974767332359459
0.0043633231299858239 0.60328071332204447 -0.87467890012451999
0.0087266462599716477 0.60685041019809993 1.5464539434642588
0.013089969389957472 0.61312462189814887 1.4570361101484961
0.017453292519943295 0.61973069859514196 1.4812355846837484
0.021816615649929118 0.62573216082912986 1.2863268006215725
0.026179938779914945 0.63101320379861991 1.1307363787540827
0.030543261909900768 0.63558251441049729 0.96333192744924567
0.034906585039886591 0.63941542246696026 0.79287593035212667
0.039269908169872414 0.64249619252959644 0.61865927677817023
0.043633231299858237 0.64481148957763257 0.44254941946570286
0.04799655442984406 0.64635849793670164 0.26666863357123671
0.05235987755982989 0.6471395389638096 0.091424898160941223
0.056723200689815713 0.64715713926183682 -0.083262898915224814
0.061086523819801536 0.64641379255157616 -0.25735977951289557
0.065449846949787352 0.64491194355627213 -0.43098084035024398
0.069813170079773182 0.64265276913639757 -0.60460607916147513
0.074176493209759012 0.63963500227924397 -0.77875240994891115
0.078539816339744828 0.63585591150884302 -0.95355935316501172
0.082903139469730658 0.63131262097513519 -1.1290580680792262
0.087266462599716474 0.62600226776909274 -1.3050747638764415
0.091629785729702304 0.61992210176711138 -1.4821870014045431
0.09599310885968812 0.61306125774810016 -1.6637603125779425
0.10035643198967395 0.60539115085505524 -1.8535176631547789
0.10471975511965978 0.59687293474479597 -2.052440060609436
0.1090830782496456 0.58746717927134651 -2.2603371807146195
0.11344640137963143 0.57713455326616592 -2.4773226542684301
0.11780972450961724 0.56583577099993421 -2.7030329887273141
0.12217304763960307 0.55353608057201387 -2.9356600507778716
0.1265363707695889 0.54021023724006589 -3.1731459946867226
0.1308996938995747 0.52583894241393747 -3.4149054230575682
0.13526301702956053 0.51040353799083116 -3.6608091314459559
0.13962634015954636 0.49388534796990374 -3.9115312741482828
0.14398966328953219 0.47626493575285611 -4.1650396925029263
0.14835298641951802 0.45755338745349589 -4.4083259441533791
0.15271630954950383 0.43783206964108984 -4.6261488044304979
0.15707963267948966 0.41722618872407791 -4.814018279496505
0.16144295580947549 0.39586477591000968 -4.9723637781042083
0.16580627893946132 0.37387623624592842 -5.1017584371744134
0.17016960206944712 0.35138801081506593 -5.2005735892188376
0.17453292519943295 0.32855419814799619 -5.2570852292619943
0.17889624832941878 0.3055933952874556 -5.2571438236091907
0.18325957145940461 0.28276547801467172 -5.1963444316435012
0.18762289458939044 0.26033413508440678 -5.0754535720460385
0.19198621771937624 0.23856205181504925 -4.8938784152489117
0.19634954084936207 0.21771307468940013 -4.6531153150311688
0.2007128639793479 0.19802616303548148 -4.3640844751976786
0.20507618710933373 0.17967975658397317 -4.0403300840116554
0.20943951023931956 0.16281178215381106 -3.6862200209863469
0.21380283336930536 0.14755559419184439 -3.3017369375853343
0.21816615649929119 0.13404490119054108 -2.885482656079585
0.22252947962927702 0.12241646341502503 -2.4407255677665045
0.22689280275926285 0.11274828943758154 -1.9940867293338222
0.23125612588924865 0.10496797560734346 -1.5796240380857633
0.23561944901923448 0.098899735954353682 -1.2089811217249644
0.23998277214922031 0.09435545234998291 -0.88108498658862633
0.24434609527920614 0.091149353521601667 -0.59544936802883486
0.24870941840919197 0.089096344751690329 -0.35301357394420108
0.2530727415391778 0.087994217315691695 -0.16180819684508838
0.25743606466916363 0.087594314662508874 -0.032473456416516507
0.26179938779914941 0.087615195260028977 0.031105652929000447
0.26616271092913524 0.087771254935622642 0.029706015204246906
0.27052603405912107 0.087778371441034411 -0.037738035881898439
0.2748893571891069 0.087349025726687096 -0.16905729158650301
0.27925268031909273 0.086241295507114582 -0.34284836342891545
0.28361600344907856 0.084337537673986232 -0.5300959203837966
0.28797932657906439 0.081611519191160817 -0.71996767096122372
0.29234264970905022 0.078050102706598637 -0.9129552469027058
0.29670597283903605 0.07363820129287478 -1.1102609128828613
0.30106929596902182 0.068357856891712171 -1.3098984519218455
0.30543261909900765 0.062233391035414427 -1.4915152062296468
0.30979594222899348 0.055409642621541876 -1.6265770821014351
0.31415926535897931 0.04812288543768125 -1.7038454759146076
0.31852258848896514 0.040623493810118594 -1.7242480800033109
0.32288591161895097 0.033158868856426348 -1.6876621401084
0.3272492347489368 0.025978140103620359 -1.5945068418665842
0.33161255787892263 0.019316802155438489 -1.4514145128873992
0.33597588100890846 0.013371001259912483 -1.2678652763426315
0.34033920413889424 0.0083059150463126227 -1.0476527023170994
0.34470252726888007 0.0042815980203611565 -0.79093724141495614
0.3490658503988659 0.0014583380896736869 -0.49664544610044231
0.35342917352885173 0 -0.16629092784242167
0.35779249665883756 3.0735686605493431e-05 0.18026204724763004
0.36215581978882339 0.0015536393362307784 0.51344646107026293
0.36651914291880922 0.0044736170639414295 0.8206523300547458
0.37088246604879505 0.0086781091187944515 1.1023688164233756
0.37524578917878088 0.014057502267695502 1.3592664864075676
0.37960911230876665 0.020502888631244061 1.5906847547799117
0.38397243543875248 0.027891657003219404 1.7896586481901198
0.38833575856873831 0.036057750554064037 1.9454159214955913
0.39269908169872414 0.044798691720629828 2.0530984664928074
0.39706240482870997 0.053904944871853412 2.1130171392435106
0.4014257279586958 0.063168498313562416 2.1249816354927114
0.40578905108868163 0.072379588405877757 2.0892855488846371
0.41015237421866746 0.081341910768831169 2.0129941654173145
0.41451569734865329 0.089903466768850804 1.9072690402338224
0.41887902047863912 0.097950610162040944 1.7772302148363184
0.42324234360862489 0.10537731786212552 1.622846425923387
0.42760566673861072 0.11207650708306259 1.443635386406803
0.43196898986859655 0.11793992930260104 1.2400274108735183
0.43633231299858238 0.12287219440231227 1.0188228141300151
0.44069563612856821 0.12682145170206446 0.79116632228831107
0.44505895925855404 0.12977484234704595 0.56242303309143404
0.44942228238853987 0.13172795017947431 0.33260140466133015
0.4537856055185257 0.13267519667025685 0.10130809001332204
0.45814892864851153 0.13261028509556588 -0.13118496300569604
0.46251225177849731 0.13153503564147107 -0.36048521696717745
0.46687557490848314 0.12947997738041911 -0.57911521698740009
0.47123889803846897 0.12650220543959478 -0.78337306996503775
0.4756022211684548 0.12266480604211162 -0.97315915527497066
0.47996554429844063 0.11803025802706228 -1.148872280873757
0.48432886742842646 0.11265974376817693 -1.3103258259742314
0.48869219055841229 0.10662499633867004 -1.4515047230748317
0.49305551368839812 0.10003792837232066 -1.5617763054361362
0.49741883681838395 0.09304880121790006 -1.6356942423752572
0.50178215994836972 0.085816682918099893 -1.6732548524203743
0.50614548307835561 0.078499355206149465 -1.6747485566643165
0.51050880620834138 0.071254374202659315 -1.6400568732581911
0.51487212933832727 0.064242802578493977 -1.5671075019525487
0.51923545246831304 0.057640009366221386 -1.4520608694821002
0.52359877559829882 0.051635444705227858 -1.2928297835092839
0.5279620987282847 0.046422018224931895 -1.0895425606131641
0.53232542185827048 0.042191744549108852 -0.8420099172299067
0.53668874498825636 0.039138479872659462 -0.55020986054977816
0.54105206811824214 0.037444698304294449 -0.22097922034645684
0.54541539124822802 0.037245785566119967 0.13280599385775188
0.5497787143782138 0.038629104107972982 0.50409269029443005
0.55414203750819968 0.041669883599080824 0.89260899025394203
0.55850536063818546 0.046444608226983951 1.2990161581270854
0.56286868376817123 0.053031810462793059 1.7232118543620829
0.56723200689815712 0.061494430499856624 2.1556320083156058
0.57159533002814289 0.071827966476282409 2.5775450400840847
0.57595865315812877 0.083956902514615656 2.9782459578649982
0.58032197628811455 0.097786658604058815 3.3573531356686686
0.58468529941810043 0.11322491196150018 3.7155424921263553
0.58904862254808621 0.13018023682178362 4.0526606782564549
0.59341194567807209 0.14855228760503283 4.3631291026199488
0.59777526880805787 0.16820042541783442 4.6355790254053284
0.60213859193804364 0.18894021134230943 4.8632456770652519
0.60650191506802953 0.21057476309181319 5.0458867669078371
0.6108652381980153 0.2329087720862402 5.1837627980052527
0.61522856132800119 0.25574631116670976 5.2767307462375683
0.61959188445798696 0.27889359676685094 5.3261507272206634
0.62395520758797285 0.30216637326694673 5.3347500618249244
0.62831853071795862 0.32539108445151915 5.3041666529957228
0.63268185384794451 0.34839732686720726 5.234645616112938
0.63704517697793028 0.37101482160044308 5.1258218935232875
0.64140850010791606 0.39307106291423527 4.9774651767081171
0.64577182323790194 0.41440695699980784 4.7985520689700278
0.65013514636788772 0.4349302501653915 4.6085837074805998
0.6544984694978736 0.45462628341290162 4.4198850010592494
0.65886179262785938 0.47350414317245343 4.233331512608534
0.66322511575784526 0.49157091529063973 4.0480467356130889
0.66758843888783104 0.50883156648499306 3.8638286275062068
0.67195176201781692 0.52530543625528181 3.6907868563970903
0.6763150851478027 0.54108964027726769 3.5520417491322753
0.68067840827778847 0.55637468670221824 3.4626892260068947
0.68504173140777436 0.57138058306030381 3.4237194941228819
0.68940505453776013 0.58632441875390029 3.4343517268103834
0.69376837766774602 0.6014232828242515 3.4947124184700789
0.69813170079773179 0.61689717973039637 3.6070806634951191
0.70249502392771768 0.63298503450436494 3.7772269112746297
0.70685834705770345 0.64994938336286023 4.0090329523721131
0.71122167018768934 0.66806028664984118 4.3026082387525646
0.71558499331767511 0.68758655014952785 4.6579438090897627
0.71994831644766089 0.70879911946411234 5.0755747154503359
0.72431163957764677 0.73195858441159733 5.5477208286264412
0.72867496270763255 0.75726386039217031 6.0554432945158725
0.73303828583761843 0.78483490337305695 6.5855849454604405
0.73740160896760421 0.81476461192066829 7.1368215006025597
0.74176493209759009 0.84714741755067025 7.7100579308453989
0.74612825522757587 0.88208067536160706 8.306062719224073
0.75049157835756175 0.91964495407421676 8.9113256069952449
0.75485490148754752 0.95980927811253303 9.4908854737191124
0.7592182246175333 1.0023947543912537 10.019704262727405
0.76358154774751918 1.0471703869345936 10.495371424417268
0.76794487087750496 1.0939088767211584 10.919285743773051
0.77230819400749084 1.1423844011506101 11.291819581406813
0.77667151713747662 1.1923599588406375 11.603413857904023
0.7810348402674625 1.243516577068829 11.827887224039252
0.78539816339744828 1.2954228782149941 11.945880899311495
0.78976148652743416 1.3476064417324938 11.955508402505652
0.79412480965741994 1.3995981347397695 11.857715833413607
0.79848813278740571 1.4509270754482755 11.651663246217137
0.8028514559173916 1.5011278237890073 11.342303315281075
0.80721477904737737 1.5497769261710344 10.943274515605969
0.81157810217736326 1.5965105516582003 10.464931566490344
0.81594142530734903 1.6409871934270845 9.9085595628161069
0.82030474843733492 1.6828646610774796 9.2735423422724708
0.82466807156732069 1.7217974864637182 8.5583358546683161
0.82903139469730658 1.7574569046536375 7.7789631349623285
0.83339471782729235 1.789657245020446 6.9827447744095785
0.83775804095727824 1.8184223631723122 6.2068193977987995
0.84212136408726401 1.8438582069767888 5.4558140221661171
0.84648468721724979 1.8660667348477493 4.7277814881993754
0.85084801034723567 1.8851483523717343 4.0220728243792623
0.85521133347722145 1.9012146899033511 3.349881012701331
0.85957465660720733 1.9144809369797704 2.7460027278258536
0.86393797973719311 1.9253184058814874 2.238602429546297
0.86830130286717899 1.9341623552926814 1.8315340039244594
0.87266462599716477 1.9414453254290207 1.5233146742040637
0.87702794912715065 1.9476005742435161 1.3146460599258338
0.88139127225713643 1.9530602219473467 1.2039156858678934
0.8857545953871222 1.9582418207811128 1.1860733809525574
0.89011791851710809 1.9635396644071859 1.2569246855095653
0.89448124164709386 1.9693387526487895 1.4159162157544551
0.89884456477707975 1.9760242627342437 1.6631879681506192
0.90320788790706552 1.9839829535946685 1.9999428141272768
0.90757121103705141 1.9935939231559063 2.4170494510119749
0.91193453416703718 2.0051476518659386 2.8836340091640995
0.91629785729702307 2.0187918103385489 3.3732055708781412
0.92066118042700884 2.0346117300437885 3.8815516293350369
0.92502450355699462 2.0526938494642502 4.4099130172627836
0.9293878266869805 2.0731260705332257 4.9593062309086759
0.93375114981696627 2.0959889431402177 5.5203757541802521
0.93811447294695216 2.121268932976752 6.0597847326854399
0.94247779607693793 2.1487962045557585 6.548083796132274
0.94684111920692382 2.1783300465347946 6.9802118570960854
0.95120444233690959 2.2096303896870553 7.357573473173086
0.95556776546689548 2.242457934954694 7.680582516764761
0.95993108859688125 2.2765699020267118 7.9443149364824031
0.96429441172686703 2.3116717200496262 8.1300509780873149
0.96865773485685291 2.3473797985079825 8.2207797447890822
0.97302105798683869 2.3832688579631314 8.2133959746755689
0.97738438111682457 2.4189138244630684 8.108809702177048
0.98174770424681035 2.4538893158865895 7.9064154521605516
0.98611102737679623 2.4877714249693033 7.6085272460423798
0.99047435050678201 2.5201598290006566 7.223724054898863
0.99483767363676789 2.5506956060711996 6.7600566118283103
0.99920099676675367 2.5790400742548552 6.2191240949170714
1.0035643198967394 2.6048551367747685 5.6007973651882015
1.0079276430267252 2.6278015050564338 4.9035766997265808
1.0122909661567112 2.6475442334437855 4.1357566802329861
1.016654289286697 2.6638397883243567 3.331494965128023
1.0210176124166828 2.6766118670203474 2.5236961516922141
1.0253809355466685 2.685867955517061 1.7191725547092702
1.0297442586766545 2.6916173682747897 0.91663632576433629
1.0341075818066403 2.6938681046295052 0.11477949765381949
1.0384709049366261 2.6926314066712704 -0.67855287178889157
1.0428342280666119 2.6880096194280965 -1.4285657270651542
1.0471975511965976 2.6802779439911508 -2.100799507269278
1.0515608743265836 2.6698007612294412 -2.6877249382790862
1.0559241974565694 2.6569448627106631 -3.190945704506043
1.0602875205865552 2.6420763469920203 -3.6103953470164902
1.064650843716541 2.6255616014336498 -3.9450139297787374
1.0690141668465269 2.6077811989849686 -4.1891557968348971
1.0733774899765127 2.5891442511549982 -4.3370885470770233
1.0777408131064985 2.5700747878614383 -4.3875086304184547
1.0821041362364843 2.5509970599384899 -4.3409536150628805
1.08646745936647 2.5323355562328045 -4.1962612419784548
1.090830782496456 2.5145138233323419 -3.9580271831366343
1.0951941056264418 2.497898923808044 -3.6485144084602976
1.0995574287564276 2.4827442478578079 -3.2910662823799295
1.1039207518864134 2.4692402927029424 -2.8914437693561656
1.1082840750163994 2.4575742206175724 -2.4487946133329426
1.1126473981463851 2.4479342098720567 -1.9623612673025979
1.1170107212763709 2.4405077653092464 -1.4357906424454054
1.1213740444063567 2.435435861348699 -0.88770761817935784
1.1257373675363425 2.432763141467813 -0.33819000520355025
1.1301006906663285 2.4324789591976606 0.2074514747416035
1.1344640137963142 2.4345690431512406 0.75003064234879324
1.1388273369263 2.4390199643055337 1.289689793319013
1.1431906600562858 2.445818219163471 1.8255738863825413
1.1475539831862718 2.4549384995499328 2.3527932875624797
1.1519173063162575 2.4663297207300028 2.8659226182263842
1.1562806294462433 2.4799257095099994 3.3634563097609802
1.1606439525762291 2.4956592779078206 3.8457702380490137
1.1650072757062149 2.5134635726200485 4.3123988591629816
1.1693705988362009 2.533271169787374 4.7646662957080332
1.1737339219661866 2.5550345164903763 5.2110115677447881
1.1780972450961724 2.5787511628475204 5.6610272888811046
1.1824605682261582 2.6044457453040972 6.1175377357081668
1.1868238913561442 2.6321450380154685 6.5797461559472428
1.19118721448613 2.6618746604609829 7.0486911665555247
1.1955505376161157 2.693662900874183 7.5220560554584548
1.1999138607461015 2.727496164490812 7.9811073261303633
1.2042771838760873 2.7632581934614913 8.4037131107910152
1.2086405070060733 2.8007703383868776 8.783651169331554
1.2130038301360591 2.8398499797696712 9.1223154218012361
1.2173671532660448 2.8803161370339461 9.4187496291578388
1.2217304763960306 2.9219851893015134 9.6746963287349992
1.2260937995260166 2.9647072922894533 9.9055493483874013
1.2304571226560024 3.0084181689797633 10.130045633359371
1.2348204457859882 3.0531074845491539 10.353763213686536
1.2391837689159739 3.0987689033202743 10.575490555323112
1.2435470920459597 3.1453946573009022 10.796260587460617
1.2479104151759457 3.1929793355437872 11.013788924960444
1.2522737383059315 3.2414769706058926 11.209916171452212
1.2566370614359172 3.2907403369516324 11.362059768935783
1.261000384565903 3.3405546673735969 11.462651176802387
1.265363707695889 3.3906978445936726 11.513055346280639
1.2697270308258748 3.4409499476077778 11.511837523495029
1.2740903539558606 3.4910873609176094 11.462341672395148
1.2784536770858463 3.5409482455170642 11.392560931253078
1.2828170002158321 3.5905285298075476 11.338126049486249
1.2871803233458181 3.639933426292957 11.312131984378762
1.2915436464758039 3.6892821082638498 11.311305101319817
1.2959069696057897 3.7386881693146852 11.341407394871233
1.3002702927357754 3.7882810307649404 11.389710547058511
1.3046336158657614 3.8379426035888313 11.342072599300144
1.3089969389957472 3.8869013372404453 11.048327079737545
1.313360262125733 3.9339176688935087 10.452213247156084
1.3177235852557188 3.9776872596830177 9.5626222735758954
1.3220869083857045 4.0169248246088758 8.3688139610501597
1.3264502315156905 4.0503090156840509 6.8931633184795986
1.3308135546456763 4.076995081705924 5.3597992361503843
1.3351768777756621 4.0974406168668054 4.0729416905068119
1.3395402009056478 4.1130670119119106 3.14966631814471
1.3439035240356338 4.1254387051096044 2.5784605258809834
1.3482668471656196 4.1360878311714382 2.3644409923840328
1.3526301702956054 4.1465751661111785 2.496135615379663
1.3569934934255912 4.1581702703106913 2.8337833145019591
1.3613568165555769 4.1713203718565577 3.1822813553299447
1.3657201396855629 4.1858438026595453 3.4640105578750044
1.3700834628155487 4.2014590885408944 3.6835316046059496
1.3744467859455345 4.2179028366036606 3.8440311068749096
1.3788101090755203 4.2349133462886464 3.9417972761629008
1.3831734322055063 4.2521639195810685 3.9449652623089424
1.387536755335492 4.2691343572008815 3.8069756259075178
1.3919000784654778 4.2851517672553516 3.5079055975436746
1.3962634015954636 4.2995166695555636 3.0507412211755214
1.4006267247254494 4.3115380540491239 2.4310039614136545
1.4049900478554354 4.3205049631102836 1.6557306115747985
1.4093533709854211 4.3259066879155572 0.8252185272713537
1.4137166941154069 4.3278431789751561 0.088780857897485049
1.4180800172453927 4.3269127201329622 -0.48864515752333648
1.4224433403753787 4.3238043962371275 -0.91106269091600478
1.4268066635053644 4.3191888919635897 -1.1776171482842583
1.4311699866353502 4.3137509657473903 -1.2906983562280769
1.435533309765336 4.308070426597606 -1.3040831084024573
1.4398966328953218 4.3023963526018747 -1.2998261450638484
1.4442599560253078 4.296698918832786 -1.3150851308351943
1.4486232791552935 4.2908943442515319 -1.3480317443817142
1.4529866022852793 4.2849092705802239 -1.3987529334251887
1.4573499254152651 4.2786631493536698 -1.4665066745110087
1.4617132485452511 4.2721234664886705 -1.5260917140559509
1.4660765716752369 4.2654148897213551 -1.5379588231671197
1.4704398948052226 4.2587990066251518 -1.4832967669286707
1.4748032179352084 4.252565648565052 -1.3633415675418381
1.4791665410651942 4.2469982772220005 -1.1769208426220847
1.4835298641951802 4.2423897332997793 -0.92541903056424424
1.487893187325166 4.2389612638619223 -0.64724638019370151
1.4922565104551517 4.2366888833961163 -0.40521111807044435
1.4966198335851375 4.2353279539463156 -0.22998903345213717
1.5009831567151235 4.2345860865734934 -0.12060934543868794
1.5053464798451093 4.2341796809687891 -0.077067928887365633
1.509709802975095 4.2338182033946641 -0.099076522684000232
1.5140731261050808 4.2332542365720691 -0.16291467764963324
1.5184364492350666 4.2323936652765637 -0.22870502978941443
1.5227997723650526 4.2312848999534109 -0.27628132346881396
1.5271630954950384 4.2300087559801138 -0.30591252283240522
1.5315264186250241 4.2286407123025409 -0.31807809682716781
1.5358897417550099 4.2272587036217812 -0.31257181272841761
1.5402530648849959 4.2259296517018745 -0.29562261732777056
1.5446163880149817 4.2246800315608866 -0.27790202801128089
1.5489797111449675 4.2234974578531954 -0.26502258047103733
1.5533430342749532 4.2223602624766796 -0.25696338574442079
1.557706357404939 4.2212482399865969 -0.25357216808944377
1.562069680534925 4.220140525848052 -0.25492642730931397
1.5664330036649108 4.2190190298708492 -0.25941409803585241
1.5707963267948966 4.2178763024858164 -0.26418249091957163
1.5751596499248823 4.2167154550160042 -0.26767734198683785
1.5795229730548683 4.2155422434641361 -0.26988891405361309
1.5838862961848541 4.2143620271004165 -0.27086484521602261
1.5882496193148399 4.2131803373149062 -0.27057875256477187
1.5926129424448257 4.2120020321556932 -0.26943314458315282
1.5969762655748114 4.210829269770012 -0.26816364117403874
1.6013395887047974 4.2096614400465828 -0.26718488368447924
1.6057029118347832 4.2084972079102378 -0.26650444962991182
1.610066234964769 4.2073353391376873 -0.26610649541098325
1.6144295580947547 4.2061745682323171 -0.26599897922000687
1.6187928812247407 4.2050137092846755 -0.26613269373878762
1.6231562043547265 4.2038519031279069 -0.26641713828499053
1.6275195274847123 4.2026886371668546 -0.26680058609748841
1.6318828506146981 4.2015234918061513 -0.267278217809991
1.6362461737446838 4.2003560447094763 -0.26785898024445554
1.6406094968746698 4.1991858293042412 -0.26854420463741496
1.6449728200046556 4.1980126713371604 -0.26914904989036764
1.6493361431346414 4.1968377194514073 -0.26930100860677975
1.6536994662646272 4.1956635677211001 -0.26877158975265825
1.6580627893946132 4.1944932299695408 -0.26756486146772529
1.6624261125245989 4.1933296308141452 -0.26566577739636604
1.6667894356545847 4.1921758962730875 -0.26305331530949344
1.6711527587845705 4.1910339945775341 -0.2604841732270245
1.6755160819145565 4.1899003857187687 -0.25953580378172103
1.6798794050445423 4.1887653113498411 -0.26120429963319913
1.684242728174528 4.1876171376992151 -0.26549269890979715
1.6886060513045138 4.1864445840925555 -0.27243943164886503
1.6929693744344996 4.1852356352366797 -0.282150054534199
1.6973326975644856 4.1839823192872352 -0.29188892687576912
1.7016960206944713 4.1826969979107478 -0.29573269184604151
1.7060593438244571 4.1814157468690976 -0.28982551422774738
1.7104226669544429 4.1801820750850984 -0.27409881577287099
1.7147859900844289 4.1790382002960609 -0.24845983345027808
1.7191493132144147 4.1780289666159485 -0.21243018781998554
1.7235126363444004 4.1771852659237529 -0.17580324624539842
1.7278759594743862 4.1764635855259336 -0.16063358464775057
1.732239282604372 4.1757307636506704 -0.18170451364137161
1.736602605734358 4.1748244785751387 -0.23951528619996024
1.7409659288643438 4.1735869832365839 -0.33418918071832776
1.7453292519943295 4.1718516330942661 -0.46770598130924257
1.7496925751243153 4.1694974000987726 -0.60677713921825682
1.7540558982543013 4.1666621141781945 -0.67323584094813838
1.7584192213842871 4.1638059217879846 -0.61345173376991391
1.7627825445142729 4.1614971779707641 -0.42410577765307034
1.7671458676442586 4.1602913930276957 -0.10653713492062723
1.7715091907742444 4.1607607440659677 0.34391966171351013
1.7758725139042304 4.1633987552695757 0.86732339060292218
1.7802358370342162 4.1682229439488125 1.3174174859150733
1.7845991601642019 4.17463844881593 1.5908507044552667
1.7889624832941877 4.1818373719925654 1.6797709049630567
1.7933258064241737 4.1890339556722216 1.5876871174981058
1.7976891295541595 4.1954170666398998 1.3061909094681934
1.8020524526841453 4.2002896729594781 0.92641039605605457
1.806415775814131 4.2036953754058617 0.67991335185689916
1.8107790989441168 4.2066621747488844 0.73534568618694496
1.8151424220741028 4.2105730319521824 1.1074322199315849
1.8195057452040886 4.2167775113146 1.7897185569250056
1.8238690683340744 4.2266639300314326 2.7969801345629355
1.8282323914640601 4.2414501060167629 3.9859874576726497
1.8325957145940461 4.261159548772417 4.9765104213555205
1.8369590377240319 4.2841755462791928 5.4838197154116255
1.8413223608540177 4.3082697197083117 5.4787783181980831
1.8456856839840035 4.3312607318429848 4.9744559365434782
1.8500490071139892 4.350927360635743 3.9526314051444178
1.8544123302439752 4.3652086024712142 2.5558549683227878
1.858775653373961 4.3732589335350367 1.1780072457831152
1.8631389765039468 4.3759576881359283 0.12264295509715666
1.8675022996339325 4.3748493665733506 -0.57507785784910315
1.8718656227639185 4.3714372517473024 -0.93035464320818595
1.8762289458939043 4.3672467679686253 -0.93066532991174689
1.8805922690238901 4.3637289858824415 -0.64679725420031364
1.8849555921538759 4.3617217508465256 -0.28086760729301724
1.8893189152838616 4.3611637996673167 0.006575557870895565
1.8936822384138476 4.3616352109269876 0.19506491002226375
1.8980455615438334 4.3627341594145257 0.29286463202771551
1.9024088846738192 4.3640521165364756 0.29521845272879632
1.906772207803805 4.3651983017498752 0.22048102827757846
1.911135530933791 4.3659420503148656 0.12228018289238334
1.9154988540637767 4.3662952127832346 0.044578712706801069
1.9198621771937625 4.3663697247898128 -0.0065477246802206164
1.9242255003237483 4.3662734012082165 -0.033384348302778616
1.9285888234537341 4.3661155910134344 -0.034644395927109259
1.9329521465837201 4.3660015072085798 -0.014978611838138488
1.9373154697137058 4.3659945905498727 0.011365052705143739
1.9416787928436916 4.3660929176656937 0.032367601769432389
1.9460421159736774 4.3662666718673675 0.046233874338852537
1.9504054391036634 4.3664869207020995 0.053593434091851778
1.9547687622336491 4.3667243960062958 0.05410032539595646
1.9591320853636349 4.366950777943889 0.048930011337692966
1.9634954084936207 4.3671486355808558 0.041865274749802568
1.9678587316236065 4.3673181405986723 0.036188845700768385
1.9722220547535925 4.3674672296047961 0.032428457845550172
1.9765853778835782 4.3676036678329417 0.030411388433215631
1.980948701013564 4.3677352890127139 0.03023006121121399
1.9853120241435498 4.3678697139115901 0.031588176272588885
1.9896753472735358 4.3680117272097068 0.033482137505188254
1.9940386704035216 4.3681613772083381 0.035016185017049464
1.9984019935335073 4.3683165529601862 0.036035870299153339
2.0027653166634933 4.3684751700322213 0.036588387186338604
2.0071286397934789 4.368635131722951 0.036649203542610025
2.0114919629234649 4.368794387835881 0.036292793384885134
2.0158552860534504 4.3689516262363011 0.035785221165894839
2.0202186091834364 4.3691068081172908 0.035370684660365873
2.0245819323134224 4.3692604944858822 0.035094205711714954
2.028945255443408 4.369413244953896 0.034942941590627101
2.033308578573394 4.3695656207012874 0.034923360264016434
2.0376719017033795 4.369718173148792 0.035016800818251904
2.0420352248333655 4.3698712618051108 0.035152780000559686
2.0463985479633515 4.3700249041595169 0.035264787503381821
2.0507618710933371 4.3701789512458085 0.035339746218544223
2.0551251942233231 4.3703332528007763 0.035381136775523916
2.0594885173533091 4.3704876586251498 0.035387265968958616
2.0638518404832946 4.3706420204454535 0.035362794030980839
2.0682151636132806 4.3707962398476594 0.035326378148605279
2.0725784867432662 4.3709503102022511 0.035296116554033856
2.0769418098732522 4.3711042710289858 0.03527579541643152
2.0813051330032382 4.3712581626818672 0.035264475315885425
2.0856684561332237 4.3714120253618365 0.035262596110532236
2.0900317792632097 4.3715658989289992 0.035268998208279126
2.0943951023931953 4.371719810300652 0.035278746958238905
2.0987584255231813 4.3718737617855217 0.035286922129745983
2.1031217486531673 4.3720277429093111 0.035292430730156435
2.1074850717831528 4.372181742832999 0.035295525235249571
2.1118483949131388 4.3723357507966503 0.035296092344173711
2.1162117180431244 4.372489756087294 0.035294419450356579
2.1205750411731104 4.3726437513489076 0.035291810638922401
2.1249383643030963 4.3727977358171053 0.035289602319173309
2.1293016874330819 4.3729517122651762 0.035288109170465549
2.1336650105630679 4.3731056836049325 0.035287263633608998
2.1380283336930539 4.3732596527163468 0.035287094616214494
2.1423916568230394 4.3734136224780178 0.03528753121118737
2.1467549799530254 4.3735675948986144 0.035288229074817067
2.151118303083011 4.3737215702228145 0.035288825538618375
2.155481626212997 4.3738755477171107 0.035289230238723386
2.159844949342983 4.3740295265991591 0.035289461170749666
2.1642082724729685 4.3741835060981025 0.035289511036379513
2.1685715956029545 4.3743374854406261 0.03528939724126947
2.1729349187329401 4.3744914640786519 0.035289210632767805
2.1772982418629261 4.3746454419357317 0.035289049545981215
2.1816615649929121 4.3747994192056572 0.035288939865140971
2.1860248881228976 4.3749533960986522 0.035288876819409495
2.1903882112528836 4.3751073728210486 0.035288862229873756
2.1947515343828692 4.3752613495805477 0.03528889184874142
2.1991148575128552 4.3754153265265874 0.035288941728630931
2.2034781806428412 4.3755693036826226 0.035288985228359479
2.2078415037728267 4.3757232809975113 0.035289014951424898
2.2122048269028127 4.3758772584147598 0.035289032156451947
2.2165681500327987 4.3760312358791387 0.035289036395156667
2.2209314731627843 4.3761852133348746 0.035289028697332935
2.2252947962927703 4.3763391907412501 0.035289015369736727
2.2296581194227558 4.3764931680911703 0.035289003624359959
2.2340214425527418 4.3766471453981151 0.035288995569959347
2.2383847656827278 4.3768011226772678 0.035288990876853173
2.2427480888127134 4.3769550999434141 0.035288989652723632
2.2471114119426994 4.3771090772115242 0.035288991649931364
2.2514747350726849 4.3772630544926869 0.035288995209768505
2.2558380582026709 4.3774170317890242 0.03528899838080421
2.2602013813326569 4.3775710090969868 0.035289000563064409
2.2645647044626425 4.3777249864124936 0.035289001843013729
2.2689280275926285 4.3778789637315887 0.035289002195050136
2.2732913507226145 4.3780329410502521 0.035289001677253129
2.2776546738526 4.378186918365464 0.035289000726581622
2.282017996982586 4.3783408956765992 0.035288999871055403
2.2863813201125716 4.3784948729845912 0.035288999279723808
2.2907446432425576 4.3786488502905341 0.035288998930620076
2.2951079663725436 4.3788028275954893 0.035288998830487021
2.2994712895025291 4.3789568049005361 0.03528899896397128
2.3038346126325151 4.3791107822064905 0.035288999217167105
2.3081979357625007 4.379264759513541 0.035288999448563174
2.3125612588924866 4.3794187368214432 0.035288999608974692
2.3169245820224726 4.3795727141299015 0.035288999703828178
2.3212879051524582 4.3797266914386306 0.035288999732543999
2.3256512282824442 4.3798806687473437 0.035288999698088533
2.3300145514124297 4.3800346460558153 0.035288999630101299
2.3343778745424157 4.380188623363992 0.035288999567663147
2.3387411976724017 4.3803426006719386 0.035288999524488295
2.3431045208023873 4.380496577979736 0.035288999498882027
2.3474678439323733 4.3806505552874588 0.035288999490594004
2.3518311670623593 4.3808045325951834 0.035288999499266935
2.3561944901923448 4.3809585099029711 0.035288999517452659
2.3605578133223308 4.3811124872108387 0.035288999534354139
2.3649211364523164 4.3812664645187684 0.035288999546269142
2.3692844595823024 4.38142044182674 0.035288999553155613
2.3736477827122884 4.3815744191347301 0.035288999555209276
2.3780111058422739 4.3817283964427203 0.035288999552942957
2.3823744289722599 4.3818823737506936 0.035288999548351886
2.3867377521022455 4.3820363510586473 0.035288999543945147
2.3911010752322315 4.3821903283665833 0.035288999540515183
2.3954643983622175 4.3823443056745077 0.035288999538479034
2.399827721492203 4.3824982829824259 0.035288999537851043
2.404191044622189 4.382652260290345 0.035288999538735148
2.4085543677521746 4.3828062375982695 0.035288999540101361
2.4129176908821606 4.3829602149061992 0.035288999541080439
2.4172810140121466 4.3831141922141326 0.035288999541893781
2.4216443371421321 4.3832681695220694 0.035288999542557438
2.4260076602721181 4.3834221468300081 0.035288999542753469
2.4303709834021041 4.3835761241379467 0.035288999542516283
2.4347343065320897 4.3837301014458836 0.035288999542058386
2.4390976296620757 4.3838840787538187 0.035288999541684518
2.4434609527920612 4.3840380560617529 0.035288999541805866
2.4478242759220472 4.384192033369688 0.035288999541694357
2.4521875990520332 4.3843460106776213 0.035288999541397609
2.4565509221820188 4.3844999879855546 0.035288999541485573
2.4609142453120048 4.3846539652934879 0.03528899954143043
2.4652775684419903 4.3848079426014213 0.035288999541563046
2.4696408915719763 4.3849619199093555 0.035288999541698382
2.4740042147019623 4.3851158972172897 0.035288999541624289
2.4783675378319479 4.3852698745252239 0.03528899954179613
2.4827308609619338 4.385423851833159 0.035288999541793535
2.4870941840919194 4.3855778291410932 0.035288999541632081
2.4914575072219054 4.3857318064490274 0.035288999541669822
2.4958208303518914 4.3858857837569616 0.035288999541669516
2.5001841534818769 4.3860397610648958 0.035288999541643766
2.5045474766118629 4.38619373837283 0.035288999541747079
2.5089107997418489 4.3863477156807651 0.035288999541959472
2.5132741228718345 4.3865016929887002 0.035288999541628042
2.5176374460018205 4.3866556702966335 0.035288999541520018
2.522000769131806 4.3868096476045677 0.035288999541672875
2.526364092261792 4.3869636249125019 0.035288999541780136
2.530727415391778 4.387117602220437 0.035288999541798143
2.5350907385217636 4.3872715795283712 0.035288999541629618
2.5394540616517496 4.3874255568363054 0.035288999541675081
2.5438173847817351 4.3875795341442396 0.035288999541661738
2.5481807079117211 4.3877335114521738 0.035288999541669627
2.5525440310417071 4.387887488760108 0.035288999541640616
2.5569073541716927 4.3880414660680422 0.035288999541759576
2.5612706773016787 4.3881954433759773 0.035288999541923417
2.5656340004316642 4.3883494206839124 0.03528899954175975
2.5699973235616502 4.3885033979918466 0.035288999541639922
2.5743606466916362 4.3886573752997808 0.035288999541661439
2.5787239698216218 4.388811352607715 0.035288999541705987
2.5830872929516078 4.3889653299156492 0.035288999541506293
2.5874506160815938 4.3891193072235826 0.035288999541639068
2.5918139392115793 4.3892732845315177 0.035288999541929128
2.5961772623415653 4.3894272618394528 0.035288999541857435
2.6005405854715509 4.3895812391473878 0.035288999541854153
2.6049039086015369 4.3897352164553229 0.035288999541938967
2.6092672317315229 4.389889193763258 0.035288999541592189
2.6136305548615084 4.3900431710711914 0.035288999541683949
2.6179938779914944 4.3901971483791264 0.035288999541663667
2.62235720112148 4.3903511256870598 0.03528899954165305
2.626720524251466 4.3905051029949949 0.035288999541715806
2.631083847381452 4.3906590803029282 0.035288999541464604
2.6354471705114375 4.3908130576108624 0.035288999541806781
2.6398104936414235 4.3909670349187975 0.035288999541910601
2.6441738167714091 4.3911210122267326 0.035288999541763816
2.6485371399013951 4.3912749895346668 0.035288999541636487
2.6529004630313811 4.391428966842601 0.035288999541671133
2.6572637861613666 4.3915829441505352 0.035288999541670668
2.6616271092913526 4.3917369214584694 0.035288999541637889
2.6659904324213386 4.3918908987664036 0.035288999541758639
2.6703537555513241 4.3920448760743387 0.035288999541929898
2.6747170786813101 4.3921988533822738 0.035288999541734749
2.6790804018112957 4.392352830690208 0.035288999541733437
2.6834437249412817 4.3925068079981431 0.035288999541933833
2.6878070480712677 4.3926607853060782 0.035288999541733444
2.6921703712012532 4.3928147626140124 0.035288999541734756
2.6965336943312392 4.3929687399219475 0.035288999541929857
2.7008970174612248 4.3931227172298826 0.03528899954175882
2.7052603405912108 4.3932766945378168 0.035288999541637216
2.7096236637211968 4.393430671845751 0.035288999541673187
2.7139869868511823 4.3935846491536852 0.035288999541661682
2.7183503099811683 4.3937386264616194 0.035288999541671751
2.7227136331111539 4.3938926037695536 0.035288999541642989
2.7270769562411399 4.3940465810774878 0.035288999541747954
2.7314402793711259 4.3942005583854229 0.035288999541956738
2.7358036025011114 4.394354535693358 0.035288999541638097
2.7401669256310974 4.3945085130012913 0.035288999541482555
2.7445302487610834 4.3946624903092255 0.03528899954180191
2.748893571891069 4.3948164676171606 0.035288999541912162
2.753256895021055 4.3949704449250957 0.035288999541762428
2.7576202181510405 4.3951244222330299 0.035288999541640463
2.7619835412810265 4.3952783995409641 0.035288999541667386
2.7663468644110125 4.3954323768488983 0.035288999541670876
2.7707101875409981 4.3955863541568325 0.035288999541640782
2.7750735106709841 4.3957403314647667 0.035288999541757675
2.7794368338009696 4.3958943087727018 0.035288999541930884
2.7838001569309556 4.3960482860806369 0.035288999541731807
2.7881634800609416 4.3962022633885711 0.035288999541733437
2.7925268031909272 4.3963562406965062 0.035288999541936775
2.7968901263209132 4.3965102180044413 0.035288999541732459
2.8012534494508987 4.3966641953123755 0.03528899954173572
2.8056167725808847 4.3968181726203106 0.035288999541926977
2.8099800957108707 4.3969721499282457 0.035288999541758605
2.8143434188408563 4.3971261272361799 0.035288999541640942
2.8187067419708423 4.3972801045441141 0.035288999541669322
2.8230700651008283 4.3974340818520483 0.035288999541662654
2.8274333882308138 4.3975880591599825 0.035288999541671744
2.8317967113607998 4.3977420364679167 0.035288999541642024
2.8361600344907854 4.3978960137758509 0.035288999541751818
2.8405233576207713 4.398049991083786 0.03528899954195306
2.8448866807507573 4.3982039683917211 0.035288999541638173
2.8492500038807429 4.3983579456996544 0.035288999541485913
2.8536133270107289 4.3985119230075886 0.035288999541799163
2.8579766501407144 4.3986659003155237 0.035288999541919767
2.8623399732707004 4.3988198776234588 0.03528899954173479
2.8667032964006864 4.398973854931393 0.035288999541732646
2.871066619530672 4.3991278322393281 0.03528899954193699
2.875429942660658 4.3992818095472632 0.035288999541732403
2.8797932657906435 4.3994357868551974 0.035288999541735727
2.8841565889206295 4.3995897641631325 0.035288999541927005
2.8885199120506155 4.3997437414710676 0.035288999541758473
2.8928832351806011 4.3998977187790018 0.035288999541641469
2.8972465583105871 4.400051696086936 0.03528899954166731
2.9016098814405731 4.4002056733948702 0.035288999541670175
2.9059732045705586 4.4003596507028044 0.035288999541643641
2.9103365277005446 4.4005136280107386 0.035288999541746899
2.9146998508305302 4.4006676053186737 0.035288999541971088
2.9190631739605162 4.4008215826266088 0.035288999541581774
2.9234264970905022 4.4009755599345421 0.035288999541682693
2.9277898202204877 4.4011295372424772 0.035288999541679113
2.9321531433504737 4.4012835145504106 0.035288999541592536
2.9365164664804593 4.4014374918583457 0.035288999541942416
2.9408797896104453 4.4015914691662807 0.035288999541850809
2.9452431127404313 4.4017454464742158 0.035288999541856582
2.9496064358704168 4.4018994237821509 0.035288999541935873
2.9539697590004028 4.402053401090086 0.035288999541612923
2.9583330821303884 4.4022073783980193 0.035288999541604117
2.9626964052603744 4.4023613557059544 0.035288999541962282
2.9670597283903604 4.4025153330138895 0.035288999541748987
2.9714230515203459 4.4026693103218237 0.035288999541644092
2.9757863746503319 4.4028232876297579 0.035288999541666324
2.9801496977803179 4.4029772649376921 0.03528899954167148
2.9845130209103035 4.4031312422456264 0.035288999541639422
2.9888763440402895 4.4032852195535606 0.035288999541762497
2.993239667170275 4.4034391968614957 0.035288999541912912
2.997602990300261 4.4035931741694307 0.035288999541798871
3.001966313430247 4.403747151477365 0.035288999541483131
3.0063296365602326 4.4039011287852983 0.035288999541649609
3.0106929596902186 4.4040551060932334 0.035288999541910115
3.0150562828202041 4.4042090834011685 0.035288999541922918
3.0194196059501901 4.4043630607091036 0.035288999541611223
3.0237829290801761 4.4045170380170369 0.035288999541613061
3.0281462522101616 4.404671015324972 0.035288999541928212
3.0325095753401476 4.4048249926329071 0.035288999541887085
3.0368728984701332 4.4049789699408421 0.035288999541736456
3.0412362216001192 4.4051329472487764 0.035288999541769422
3.0455995447301052 4.4052869245567114 0.035288999541777409
3.0499628678600907 4.4054409018646457 0.035288999541723293
3.0543261909900767 4.4055948791725799 0.03528899954132108
3.0586895141200627 4.4057488564805141 0.035288999542973265
3.0630528372500483 4.4059028337884492 0.035288999537388191
3.0674161603800343 4.4060568110963807 0.035288999556244295
3.0717794835100198 4.4062107884043238 0.03528899949190098
3.0761428066400058 4.4063647657122242 0.035288999709044817
3.0805061297699918 4.4065187430202863 0.035288998986631293
3.0848694528999774 4.4066727203277472 0.035289001356872414
3.0892327760299634 4.4068266976374506 0.03528899372683314
3.0935960991599489 4.4069806749387812 0.03528901766192892
3.0979594222899349 4.4071346522713633 0.035288945281743436
3.1023227454199209 4.4072886294873168 0.035289152166450954
3.1066860685499065 4.4074426071385266 0.035288616080148938
3.1110493916798925 4.4075965831653416 0.035289735949196842
3.115412714809878 4.4077505652544806 0.035288843854618022
3.119776037939864 4.4079045247187176 0.035279904774094963
3.12413936106985 4.4080585686202376 0.035359052253384822
3.1285026841998356 4.4082122973975286 0.034892792756031327
3.1328660073298216 4.4083672022344516 0.037270618846437502
3.1372293304598076 4.408517717957074 0.02601644031992334
3.1415926535897931 4.4085899779975684 0.011832951926652886
3.1459559767197791 4.4086622380380627 0.026016440319922323
3.1503192998497647 4.4088127537606852 0.037270618846449929
3.1546826229797507 4.4089676585976081 0.034892792755993475
3.1590459461097367 4.4091213873748991 0.035359052253512976
3.1634092692397222 4.40927543127642 0.035279904774230833
3.1677725923697082 4.409429390740657 0.03528884385456782
3.1721359154996938 4.409583372829796 0.035289735949261783
3.1764992386296798 4.409737348856611 0.035288616079939369
3.1808625617596658 4.4098913265078199 0.035289152166602847
3.1852258848896513 4.4100453037237752 0.035288945281956127
3.1895892080196373 4.4101992810563564 0.035289017661547691
3.1939525311496229 4.4103532583576861 0.035288993726924046
3.1983158542796088 4.4105072356673904 0.03528900135689006
3.2026791774095948 4.4106612129748504 0.035288998986459028
3.2070425005395804 4.4108151902829125 0.035288999709105554
3.2114058236695664 4.4109691675908129 0.035288999491841076
3.2157691467995524 4.411123144898756 0.035288999556412362
3.2201324699295379 4.4112771222066884 0.035288999537386491
3.2244957930595239 4.4114310995146226 0.035288999542812012
3.2288591161895095 4.4115850768225569 0.035288999541357134
3.2332224393194955 4.4117390541304911 0.035288999541751132
3.2375857624494815 4.4118930314384253 0.035288999541619216
3.241949085579467 4.4120470087463595 0.035288999541763677
3.246312408709453 4.4122009860542946 0.035288999541928434
3.2506757318394386 4.4123549633622297 0.035288999541735623
3.2550390549694246 4.4125089406701639 0.035288999541731432
3.2594023780994106 4.412662917978099 0.035288999541930217
3.2637657012293961 4.412816895286034 0.0352889995417607
3.2681290243593821 4.4129708725939683 0.035288999541629333
3.2724923474893677 4.4131248499019025 0.035288999541713641
3.2768556706193537 4.4132788272098367 0.035288999541507771
3.2812189937493397 4.41343280451777 0.035288999541625489
3.2855823168793252 4.4135867818257051 0.03528899954198194
3.2899456400093112 4.4137407591336402 0.035288999541659774
3.2943089631392972 4.4138947364415735 0.035288999541359826
3.2986722862692828 4.4140487137495068 0.035288999541671265
3.3030356093992688 4.4142026910574419 0.03528899954194676
3.3073989325292543 4.414356668365377 0.035288999541754698
3.3117622556592403 4.4145106456733112 0.035288999541636792
3.3161255787892263 4.4146646229812454 0.035288999541679036
3.3204889019192119 4.4148186002891796 0.03528899954163877
3.3248522250491979 4.4149725775971138 0.035288999541757564
3.3292155481791834 4.4151265549050489 0.035288999541933312
3.3335788713091694 4.415280532212984 0.035288999541722182
3.3379421944391554 4.4154345095209182 0.035288999541769499
3.342305517569141 4.4155884868288533 0.035288999541802174
3.346668840699127 4.4157424641367875 0.03528899954162415
3.351032163829113 4.4158964414447217 0.035288999541682117
3.3553954869590985 4.4160504187526559 0.035288999541639055
3.3597588100890845 4.4162043960605901 0.035288999541753324
3.3641221332190701 4.4163583733685252 0.035288999541949986
3.3684854563490561 4.4165123506764603 0.035288999541659732
3.372848779479042 4.4166663279843936 0.035288999541391974
3.3772121026090276 4.4168203052923269 0.035288999541542722
3.3815754257390136 4.4169742826002611 0.03528899954181814
3.3859387488689991 4.4171282599081962 0.035288999541787061
3.3903020719989851 4.4172822372161304 0.035288999541635932
3.3946653951289711 4.4174362145240647 0.03528899954165008
3.3990287182589567 4.4175901918319989 0.035288999541755427
3.4033920413889427 4.417744169139934 0.035288999541930571
3.4077553645189282 4.417898146447869 0.035288999541735283
3.4121186876489142 4.4180521237558033 0.035288999541730634
3.4164820107789002 4.4182061010637383 0.035288999541933735
3.4208453339088858 4.4183600783716734 0.035288999541747426
3.4252086570388718 4.4185140556796076 0.035288999541678884
3.4295719801688578 4.4186680329875418 0.035288999541517915
3.4339353032988433 4.4188220102954752 0.03528899954163045
3.4382986264288293 4.4189759876034103 0.035288999541951964
3.4426619495588149 4.4191299649113454 0.035288999541774675
3.4470252726888009 4.4192839422192796 0.035288999541551673
3.4513885958187869 4.4194379195272129 0.035288999541388824
3.4557519189487724 4.4195918968351462 0.035288999541663355
3.4601152420787584 4.4197458741430813 0.035288999541949452
3.464478565208744 4.4198998514510164 0.035288999541751839
3.46884188833873 4.4200538287589506 0.035288999541645522
3.473205211468716 4.4202078060668848 0.035288999541646951
3.4775685345987015 4.420361783374819 0.035288999541758341
3.4819318577286875 4.4205157606827541 0.035288999541922023
3.4862951808586731 4.4206697379906892 0.035288999541766543
3.4906585039886591 4.4208237152986234 0.035288999541614151
3.4950218271186451 4.4209776926065576 0.035288999541757744
3.4993851502486306 4.4211316699144927 0.035288999541957203
3.5037484733786166 4.4212856472224278 0.03528899954162644
3.5081117965086026 4.4214396245303611 0.035288999541517915
3.5124751196385882 4.4215936018382953 0.035288999541682901
3.5168384427685742 4.4217475791462295 0.035288999541742132
3.5212017658985597 4.4219015564541646 0.035288999541950902
3.5255650890285457 4.4220555337620997 0.035288999541667268
3.5299284121585317 4.422209511070033 0.035288999541360944
3.5342917352885173 4.4223634883779663 0.035288999541659281
3.5386550584185033 4.4225174656859014 0.035288999541993583
3.5430183815484888 4.4226714429938365 0.035288999541579366
3.5473817046784748 4.4228254203017698 0.035288999541680618
3.5517450278084608 4.4229793976097049 0.035288999541679036
3.5561083509384463 4.4231333749176382 0.035288999541594923
3.5604716740684323 4.4232873522255733 0.035288999541932937
3.5648349971984179 4.4234413295335084 0.035288999541886322
3.5691983203284039 4.4235953068414435 0.035288999541734777
3.5735616434583899 4.4237492841493777 0.03528899954176612
3.5779249665883754 4.4239032614573128 0.035288999541803076
3.5822882897183614 4.424057238765247 0.035288999541623907
3.5866516128483474 4.4242112160731812 0.03528899954168218
3.591014935978333 4.4243651933811154 0.035288999541639041
3.595378259108319 4.4245191706890497 0.035288999541753324
3.5997415822383045 4.4246731479969847 0.035288999541949986
3.6041049053682905 4.4248271253049198 0.035288999541659732
3.6084682284982765 4.4249811026128532 0.035288999541391974
3.6128315516282621 4.4251350799207865 0.035288999541542722
3.6171948747582481 4.4252890572287207 0.035288999541818147
3.6215581978882336 4.4254430345366558 0.035288999541787033
3.6259215210182196 4.42559701184459 0.03528899954163605
3.6302848441482056 4.4257509891525242 0.035288999541649643
3.6346481672781912 4.4259049664604584 0.035288999541757043
3.6390114904081772 4.4260589437683935 0.035288999541924528
3.6433748135381627 4.4262129210763286 0.035288999541757834
3.6477381366681487 4.4263668983842628 0.035288999541646465
3.6521014597981347 4.426520875692197 0.035288999541637195
3.6564647829281203 4.4266748530001312 0.035288999541796449
3.6608281060581063 4.4268288303080663 0.035288999541779345
3.6651914291880923 4.4269828076160005 0.035288999541677732
3.6695547523180778 4.4271367849239347 0.035288999541501394
3.6739180754480638 4.427290762231868 0.035288999541697681
3.6782813985780494 4.4274447395398031 0.035288999541699527
3.6826447217080354 4.4275987168477364 0.035288999541495877
3.6870080448380214 4.4277526941556706 0.035288999541687197
3.6913713679680069 4.4279066714636048 0.035288999541747031
3.6957346910979929 4.4280606487715399 0.035288999541927026
3.7000980142279785 4.428214626079475 0.035288999541757862
3.7044613373579645 4.4283686033874092 0.03528899954164387
3.7088246604879505 4.4285225806953434 0.035288999541647548
3.713187983617936 4.4286765580032776 0.035288999541757606
3.717551306747922 4.4288305353112127 0.035288999541924382
3.7219146298779076 4.4289845126191478 0.035288999541757876
3.7262779530078936 4.429138489927082 0.035288999541646458
3.7306412761378795 4.4292924672350162 0.035288999541637195
3.7350045992678651 4.4294464445429504 0.035288999541796449
3.7393679223978511 4.4296004218508855 0.035288999541779345
3.7437312455278371 4.4297543991588197 0.035288999541677732
3.7480945686578226 4.4299083764667539 0.035288999541501394
3.7524578917878086 4.4300623537746873 0.035288999541697688
3.7568212149177942 4.4302163310826224 0.03528899954169952
3.7611845380477802 4.4303703083905557 0.035288999541495884
3.7655478611777662 4.4305242856984899 0.035288999541687162
3.7699111843077517 4.4306782630064241 0.035288999541747149
3.7742745074377377 4.4308322403143592 0.035288999541926588
3.7786378305677233 4.4309862176222943 0.035288999541759486
3.7830011536977093 4.4311401949302285 0.035288999541637799
3.7873644768276953 4.4312941722381627 0.03528899954167021
3.7917277999576808 4.4314481495460969 0.035288999541673034
3.7960911230876668 4.4316021268540311 0.035288999541629326
3.8004544462176524 4.4317561041619653 0.035288999541801334
3.8048177693476384 4.4319100814699004 0.035288999541767688
3.8091810924776244 4.4320640587778346 0.035288999541719476
3.8135444156076099 4.4322180360857697 0.035288999541956752
3.8179077387375959 4.4323720133937048 0.035288999541666526
3.8222710618675819 4.4325259907016381 0.035288999541358029
3.8266343849975675 4.4326799680095714 0.035288999541671716
3.8309977081275535 4.4328339453175065 0.035288999541946788
3.835361031257539 4.4329879226254416 0.035288999541754129
3.839724354387525 4.4331418999333758 0.035288999541639034
3.844087677517511 4.43329587724131 0.035288999541670613
3.8484510006474966 4.4334498545492442 0.035288999541670196
3.8528143237774826 4.4336038318571784 0.03528899954164029
3.8571776469074681 4.4337578091651126 0.035288999541760319
3.8615409700374541 4.4339117864730477 0.035288999541920781
3.8659042931674401 4.4340657637809828 0.035288999541758778
3.8702676162974257 4.434219741088917 0.035288999541646451
3.8746309394274117 4.4343737183968512 0.035288999541647062
3.8789942625573972 4.4345276957047854 0.035288999541756953
3.8833575856873832 4.4346816730127205 0.035288999541927463
3.8877209088173692 4.4348356503206556 0.035288999541735408
3.8920842319473548 4.4349896276285898 0.035288999541733257
3.8964475550773408 4.4351436049365249 0.035288999541933881
3.9008108782073267 4.43529758224446 0.03528899954173343
3.9051742013373123 4.4354515595523942 0.035288999541734742
3.9095375244672983 4.4356055368603293 0.035288999541929905
3.9139008475972838 4.4357595141682644 0.035288999541758653
3.9182641707272698 4.4359134914761986 0.035288999541637826
3.9226274938572558 4.4360674687841328 0.035288999541670939
3.9269908169872414 4.436221446092067 0.035288999541670099
3.9313541401172274 4.4363754234000012 0.03528899954164031
3.9357174632472129 4.4365294007079354 0.035288999541760326
3.9400807863771989 4.4366833780158705 0.035288999541920732
3.9444441095071849 4.4368373553238056 0.035288999541758966
3.9488074326371705 4.4369913326317398 0.035288999541645771
3.9531707557671565 4.437145309939674 0.035288999541649595
3.957534078897142 4.4372992872476082 0.035288999541747509
3.961897402027128 4.4374532645555433 0.035288999541962719
3.966260725157114 4.4376072418634784 0.035288999541603812
3.9706240482870996 4.4377612191714118 0.035288999541613721
3.9749873714170856 4.4379151964793468 0.035288999541932965
3.9793506945470716 4.4380691737872819 0.035288999541856617
3.9837140176770571 4.438223151095217 0.03528899954185357
3.9880773408070431 4.4383771284031521 0.03528899954194209
3.9924406639370287 4.4385311057110872 0.035288999541591065
3.9968039870670147 4.4386850830190205 0.03528899954168533
4.0011673101970002 4.4388390603269556 0.035288999541659288
4.0055306333269867 4.4389930376348889 0.035288999541658407
4.0098939564569722 4.439147014942824 0.035288999541687995
4.0142572795869578 4.4393009922507574 0.035288999541592064
4.0186206027169442 4.4394549695586925 0.035288999541924632
4.0229839258469298 4.4396089468666275 0.035288999541911614
4.0273472489769153 4.4397629241745626 0.035288999541652676
4.0317105721069009 4.439916901482496 0.035288999541480105
4.0360738952368873 4.4400708787904302 0.035288999541797136
4.0404372183668729 4.4402248560983653 0.035288999541922918
4.0448005414968584 4.4403788334063004 0.035288999541734964
4.0491638646268449 4.4405328107142346 0.035288999541728802
4.0535271877568304 4.4406867880221697 0.035288999541941382
4.057890510886816 4.4408407653301047 0.035288999541729454
4.0622538340168024 4.440994742638039 0.035288999541732348
4.066617157146788 4.441148719945974 0.035288999541932695
4.0709804802767735 4.4413026972539091 0.035288999541760638
4.0753438034067591 4.4414566745618433 0.035288999541637889
4.0797071265367455 4.4416106518697775 0.035288999541668718
4.0840704496667311 4.4417646291777118 0.035288999541668149
4.0884337727967166 4.441918606485646 0.035288999541661141
4.092797095926703 4.4420725837935802 0.035288999541668156
4.0971604190566886 4.4422265611015144 0.035288999541647145
4.1015237421866741 4.4423805384094486 0.035288999541745698
4.1058870653166606 4.4425345157173837 0.035288999541961609
4.1102503884466461 4.4426884930253188 0.035288999541610085
4.1146137115766317 4.4428424703332521 0.035288999541600495
4.1189770347066181 4.4429964476411872 0.035288999541968805
4.1233403578366037 4.4431504249491223 0.035288999541726512
4.1277036809665892 4.4433044022570565 0.035288999541738267
4.1320670040965748 4.4434583795649916 0.035288999541933555
4.1364303272265612 4.4436123568729267 0.035288999541729732
4.1407936503565468 4.4437663341808609 0.035288999541739079
4.1451569734865323 4.443920311488796 0.035288999541927046
4.1495202966165188 4.4440742887967311 0.035288999541754969
4.1538836197465043 4.4442282661046653 0.035288999541644661
4.1582469428764899 4.4443822434125995 0.035288999541668808
4.1626102660064763 4.4445362207205337 0.035288999541660974
4.1669735891364619 4.4446901980284679 0.035288999541668184
4.1713369122664474 4.4448441753364021 0.035288999541668704
4.1757002353964339 4.4449981526443363 0.035288999541637847
4.1800635585264194 4.4451521299522705 0.035288999541760804
4.184426881656405 4.4453061072602056 0.035288999541932028
4.1887902047863905 4.4454600845681407 0.035288999541734853
4.193153527916377 4.4456140618760749 0.035288999541720108
4.1975168510463625 4.44576803918401 0.035288999541976292
4.2018801741763481 4.4459220164919451 0.035288999541598504
4.2062434973063345 4.4460759937998784 0.03528899954161057
4.2106068204363201 4.4462299711078135 0.035288999541940119
4.2149701435663056 4.4463839484157486 0.035288999541852717
4.2193334666962921 4.4465379257236837 0.035288999541851225
4.2236967898262776 4.4466919030316188 0.03528899954194463
4.2280601129562632 4.4468458803395539 0.035288999541594042
4.2324234360862487 4.4469998576474872 0.035288999541681652
4.2367867592162352 4.4471538349554223 0.035288999541660239
4.2411500823462207 4.4473078122633556 0.035288999541658303
4.2455134054762063 4.4474617895712907 0.035288999541708999
4.2498767286061927 4.447615766879224 0.035288999541486579
4.2542400517361783 4.4477697441871582 0.035288999541714897
4.2586033748661638 4.4479237214950924 0.035288999541656291
4.2629666979961502 4.4480776988030266 0.035288999541640845
4.2673300211261358 4.4482316761109608 0.035288999541761241
4.2716933442561213 4.4483856534188959 0.035288999541927296
4.2760566673861078 4.448539630726831 0.035288999541731772
4.2804199905160933 4.4486936080347652 0.03528899954173717
4.2847833136460789 4.4488475853427003 0.03528899954193266
4.2891466367760644 4.4490015626506354 0.035288999541755975
4.2935099599060509 4.4491555399585696 0.035288999541634988
4.2978732830360364 4.4493095172665038 0.035288999541684962
4.302236606166022 4.449463494574438 0.035288999541627605
4.3065999292960084 4.4496174718823722 0.035288999541785507
4.310963252425994 4.4497714491903073 0.035288999541821915
4.3153265755559795 4.4499254264982415 0.035288999541539925
4.319689898685966 4.4500794038061748 0.035288999541388609
4.3240532218159515 4.4502333811141082 0.0352889995416652
4.3284165449459371 4.4503873584220432 0.035288999541953033
4.3327798680759235 4.4505413357299783 0.035288999541724896
4.3371431912059091 4.4506953130379125 0.035288999541738954
4.3415065143358946 4.4508492903458476 0.035288999541932368
4.3458698374658802 4.4510032676537827 0.035288999541755357
4.3502331605958666 4.4511572449617169 0.035288999541637743
4.3545964837258522 4.4513112222696511 0.035288999541674554
4.3589598068558377 4.4514651995775854 0.035288999541666477
4.3633231299858242 4.4516191768855196 0.035288999541640415
4.3676864531158097 4.4517731541934538 0.035288999541752748
4.3720497762457953 4.4519271315013889 0.035288999541961664
4.3764130993757817 4.452081108809324 0.035288999541602785
4.3807764225057673 4.4522350861172573 0.035288999541608093
4.3851397456357528 4.4523890634251924 0.035288999541967299
4.3895030687657384 4.4525430407331275 0.035288999541746524
4.3938663918957248 4.4526970180410617 0.035288999541638139
4.3982297150257104 4.4528509953489959 0.035288999541681812
4.4025930381556959 4.4530049726569301 0.035288999541637049
4.4069563612856824 4.4531589499648643 0.035288999541750896
4.4113196844156679 4.4533129272727994 0.035288999541950937
4.4156830075456535 4.4534669045807345 0.0352889995416691
4.4200463306756399 4.4536208818886678 0.03528899954135354
4.4244096538056255 4.4537748591966011 0.035288999541676282
4.428772976935611 4.4539288365045362 0.035288999541943755
4.4331363000655974 4.4540828138124713 0.035288999541750916
4.437499623195583 4.4542367911204055 0.035288999541644148
4.4418629463255686 4.4543907684283397 0.035288999541674949
4.4462262694555541 4.4545447457362739 0.035288999541658511
4.4505895925855405 4.4546987230442081 0.035288999541671889
4.4549529157155261 4.4548527003521423 0.035288999541634829
4.4593162388455116 4.4550066776600765 0.035288999541791238
4.4636795619754981 4.4551606549680116 0.035288999541791752
4.4680428851054836 4.4553146322759458 0.035288999541633309
4.4724062082354692 4.45546860958388 0.035288999541677427
4.4767695313654556 4.4556225868918142 0.035288999541637847
4.4811328544954412 4.4557765641997484 0.035288999541752075
4.4854961776254267 4.4559305415076835 0.035288999541966938
4.4898595007554132 4.4560845188156186 0.035288999541582357
4.4942228238853987 4.4562384961235519 0.035288999541684525
4.4985861470153843 4.456392473431487 0.035288999541681972
4.5029494701453698 4.4565464507394204 0.035288999541590038
4.5073127932753563 4.4567004280473554 0.035288999541938745
4.5116761164053418 4.4568544053552905 0.03528899954185722
4.5160394395353274 4.4570083826632256 0.035288999541856152
4.5204027626653138 4.4571623599711607 0.035288999541920392
4.5247660857952994 4.4573163372790958 0.035288999541664513
4.5291294089252849 4.4574703145870291 0.03528899954142399
4.5334927320552714 4.4576242918949625 0.035288999541399059
4.5378560551852569 4.4577782692028958 0.035288999541739363
4.5422193783152425 4.4579322465108309 0.035288999541645938
4.5465827014452289 4.4580862238187642 0.035288999541657769
4.5509460245752145 4.4582402011266993 0.035288999541703885
4.5553093477052 4.4583941784346326 0.035288999541529108
4.5596726708351856 4.4585481557425677 0.035288999542182162
4.564035993965172 4.4587021330505046 0.035288999542165807
4.5683993170951576 4.4588561103584405 0.03528899954218883
4.5727626402251431 4.4590100876663774 0.03528899954213463
4.5771259633551296 4.4591640649743125 0.035288999541696203
4.5814892864851151 4.4593180422822458 0.03528899954106144
4.5858526096151007 4.4594720195901756 0.035288999540396465
4.5902159327450871 4.4596259968981036 0.035288999540005583
4.5945792558750727 4.4597799742060298 0.035288999539791421
4.5989425790050582 4.4599339515139569 0.035288999540449839
4.6033059021350438 4.4600879288218884 0.03528899954169433
4.6076692252650302 4.4602419061298262 0.035288999543364369
4.6120325483950158 4.4603958834377728 0.03528899954582107
4.6163958715250013 4.460549860745731 0.035288999548391105
4.6207591946549877 4.4607038380536972 0.03528899954906739
4.6251225177849733 4.4608578153616598 0.03528899954684557
4.6294858409149588 4.4610117926696073 0.035288999542254076
4.6338491640449453 4.46116576997753 0.035288999535340364
4.6382124871749308 4.4613197472854171 0.035288999526061383
4.6425758103049164 4.4614737245932634 0.035288999517595218
4.6469391334349028 4.4616277019010848 0.035288999515528018
4.6513024565648884 4.4617816792089169 0.035288999522492301
4.6556657796948739 4.4619356565167996 0.035288999538859868
4.6600291028248595 4.4620896338247746 0.035288999564742678
4.6643924259548459 4.462243611132882 0.035288999599320907
4.6687557490848315 4.4623975884411422 0.035288999631149141
4.673119072214817 4.4625515657494974 0.035288999639655497
4.6774823953448035 4.4627055430578153 0.035288999613473614
4.681845718474789 4.4628595203659431 0.035288999553364161
4.6862090416047746 4.4630134976737352 0.035288999458490858
4.690572364734761 4.4631674749810362 0.035288999329541416
4.6949356878647466 4.463321452287766 0.035288999209855385
4.6992990109947321 4.4634754295941335 0.035288999175760012
4.7036623341247186 4.4636294069006279 0.035288999269979346
4.7080256572547041 4.4637833842078143 0.035288999490231919
4.7123889803846897 4.463937361516237 0.035288999840780794
4.7167523035146752 4.4640913388264813 0.035289000320857487
4.7211156266446617 4.4642453161388644 0.035289000772942183
4.7254789497746472 4.4643992934526366 0.035289000910094064
4.7298422729046328 4.4645532707659807 0.035289000570164548
4.7342055960346192 4.4647072480767962 0.035288999759800363
4.7385689191646048 4.4648612253830464 0.035288998463793325
4.7429322422945903 4.4650152026825518 0.035288996681980038
4.7472955654245768 4.4651691799740743 0.035288994979146775
4.7516588885545623 4.4653231572602774 0.035288994426340939
4.7560222116845479 4.4654771345478865 0.035288995649822519
4.7603855348145334 4.4656311118447389 0.035288998630593392
4.7647488579445199 4.4657850891584321 0.035289003418060474
4.7691121810745054 4.4659390664970946 0.035289010033936037
4.773475504204491 4.4660930438655653 0.035289016445233884
4.7778388273344774 4.466247021254369 0.035289018658711924
4.782202150464463 4.466400998638651 0.035289014264586964
4.7865654735944485 4.4665549759891618 0.035289003299354839
4.7909287967244349 4.4667089532775339 0.035288985611564884
4.7952921198544205 4.4668629304734759 0.035288961054276709
4.7996554429844061 4.4670169075581647 0.035288936928924715
4.8040187661143925 4.4671708845652098 0.035288928111659006
4.808382089244378 4.4673248615864347 0.035288943871509861
4.8127454123743636 4.4674788387310018 0.035288984202551686
4.8171087355043491 4.4676328161048149 0.035289049540309585
4.8214720586343356 4.4677867938207134 0.035289140676767992
4.8258353817643211 4.4679407719517501 0.035289231421785403
4.8301987048943067 4.4680947503789703 0.035289266374032464
4.8345620280242931 4.4682487287632604 0.035289209944229405
4.8389253511542787 4.4684027066973275 0.035289061644117117
4.8432886742842642 4.46855668378576 0.035288820308305074
4.8476519974142507 4.4687106596082691 0.035288482151277598
4.8520153205442362 4.4688646338821627 0.035288140980848759
4.8563786436742218 4.469018607027289 0.035288002986825676
4.8607419668042082 4.4691725802955018 0.035288204678091323
4.8651052899341938 4.4693265552062611 0.035288749866862201
4.8694686130641793 4.4694805332359984 0.035289641203634876
4.8738319361941649 4.4696345159498332 0.035290895667306872
4.8781952593241513 4.4697885044388821 0.035292177768786986
4.8825585824541369 4.4699424972257624 0.035292720615128538
4.8869219055841224 4.4700964896912758 0.035292001143896377
4.8912852287141089 4.4702504761675943 0.035289997359736994
4.8956485518440944 4.4704044511415155 0.035286705634703812
4.90001187497408 4.4705584087857506 0.035282052838705433
4.9043751981040664 4.4707123448986721 0.035277236892429543
4.908738521234052 4.4708662646618045 0.035275108345835991
4.9131018443640375 4.4710201851116542 0.035277669343656552
4.9174651674940231 4.4711741273870969 0.03528503222333277
4.9218284906240095 4.4713281120765389 0.035297187596991374
4.9261918137539951 4.4714821608728208 0.035314441556918451
4.9305551368839806 4.4716362899205553 0.03533252379430122
4.9349184600139671 4.4717904811134757 0.035340845601642946
4.9392817831439526 4.4719446716474547 0.035331750962616482
4.9436451062739382 4.4720987826940179 0.035304703135335569
4.9480084294039246 4.4722527373636938 0.035259820734130538
4.9523717525339102 4.4724064549130604 0.03519584942284347
4.9567350756638957 4.4725598734302165 0.035127985750558886
4.9610983987938821 4.4727130559275263 0.0350955370548129
4.9654617219238677 4.4728662338148126 0.035127750598504287
4.9698250450538533 4.4730197010042057 0.035227084977472171
4.9741883681838388 4.4731737446627786 0.035392794406901594
4.9785516913138252 4.4733286652938569 0.035629935202178095
4.9829150144438108 4.4734846998813911 0.03588452451312165
4.9872783375737963 4.4736416301374904 0.036010742859420165
4.9916416607037828 4.4737986038393922 0.035896967640186343
4.9960049838337683 4.4739545253109458 0.035532261007960531
5.0003683069637539 4.4741083219853888 0.034920499578621061
5.0047316300937403 4.4742588755756794 0.034041568632588351
5.0090949532237259 4.4744052805229861 0.033086876627491948
5.0134582763537114 4.4745482891008859 0.032597007197486247
5.0178215994836979 4.4746910381562319 0.032997570766125403
5.0221849226136834 4.4748376115823199 0.034336194991037801
5.026548245743669 4.4749920155938039 0.036594492088161609
5.0309115688736545 4.4751584114980556 0.039851611534058994
5.035274892003641 4.4753402540372296 0.043430178645556455
5.0396382151336265 4.4755349660666557 0.045327524329557743
5.0440015382636121 4.4757310079306656 0.043922311102488718
5.0483648613935985 4.4759131604530777 0.039010537390763586
5.0527281845235841 4.4760664591218715 0.030674789199272214
5.0570915076535696 4.4761754197104278 0.018606488824854314
5.0614548307835561 4.4762268821346058 0.0051979942987213723
5.0658181539135416 4.4762296146278882 -0.0021367855212616181
5.0701814770435272 4.4762260441141954 0.0027729673943851351
5.0745448001735127 4.4762728766617705 0.020789699399074636
5.0789081233034992 4.4764260117343166 0.051555843075941736
5.0832714464334847 4.476743065360445 0.096264864402682698
5.0876347695634703 4.4772740967315237 0.14648499141327459
5.0919980926934567 4.4779895135608303 0.17478982510924088
5.0963614158234423 4.4787334221680357 0.15771396952845626
5.1007247389534278 4.4792945775319506 0.091650187254299548
5.1050880620834143 4.4794641617155735 -0.021895214579072488
5.1094513852133998 4.4790277856074958 -0.18750194429124187
5.1138147083433854 4.477795289003776 -0.375529363422622
5.1181780314733718 4.4758655735499051 -0.48455745992204757
5.1225413546033574 4.4738111676113199 -0.42552088715530545
5.1269046777333429 4.4724185177229687 -0.18337999901007135
5.1312680008633285 4.4724692622458049 0.23641471579587139
5.1356313239933149 4.47475435652842 0.84372559792918267
5.1399946471233005 4.4800248539297032 1.5835250750256582
5.144357970253286 4.4884777653111545 2.2576949473701986
5.1487212933832724 4.4993714552081983 2.68743834965484
5.153084616513258 4.5115275174828948 2.8403938731686211
5.1574479396432436 4.5237704177491143 2.7264770947790562
5.16181126277323 4.5349199950852945 2.3371806153763406
5.1661745859032155 4.5438175495341921 1.7081929552451498
5.1705379090332011 4.5496745607234921 0.97453963905329799
5.1749012321631875 4.5523521100137687 0.26158003428834636
5.1792645552931731 4.5520220992761296 -0.4068111604825026
5.1836278784231586 4.5488577876672069 -1.0368544649533631
5.1879912015531442 4.5430306621835825 -1.6278277456283159
5.1923545246831306 4.5347165737677031 -2.1746170361324442
5.1967178478131162 4.524147843921245 -2.6565736107755353
5.2010811709431017 4.5116564601900757 -3.0540547178508954
5.2054444940730882 4.4976254688477768 -3.3626493702924858
5.2098078172030737 4.4824397330482961 -3.5832896778899661
5.2141711403330593 4.4664837899883487 -3.7156331053130871
5.2185344634630457 4.4501413054771737 -3.760940917668254
5.2228977865930313 4.4337834542392391 -3.7236979490299578
5.2272611097230168 4.4177594923413714 -3.6083619941663976
5.2316244328530024 4.4024069881827188 -3.4157230471950055
5.2359877559829888 4.3880615706287411 -3.1475327103766157
5.2403510791129744 4.3750630810254725 -2.7944318173910152
5.2447144022429599 4.3637368677768835 -2.3991737559157085
5.2490777253729464 4.3539059895898866 -2.1554177113231194
5.2534410485029319 4.3444227917013842 -2.2585359306397206
5.2578043716329175 4.3336259432505146 -2.7539713290278494
5.2621676947629039 4.3198370976782536 -3.6294568003526919
5.2665310178928895 4.3013784564554856 -4.8999401886691878
5.270894341022875 4.2765845508568336 -6.509043077684602
5.2752576641528615 4.2444733066906748 -8.188986469592475
5.279620987282847 4.2054234434551176 -9.6617844790900964
5.2839843104128326 4.1605586060646953 -10.859373833719911
5.2883476335428181 4.1110374305733997 -11.795762384312649
5.2927109566728046 4.0580110778021536 -12.464063456332349
5.2970742798027901 4.0026294576971484 -12.883815526890036
5.3014376029327757 3.945800641774436 -13.150887256643562
5.3058009260627621 3.8879396654199474 -13.367528055121136
5.3101642491927477 3.829181185847975 -13.560632127246407
5.3145275723227332 3.7696424141176252 -13.72514216735679
5.3188908954527196 3.7094446514507506 -13.86357609713064
5.3232542185827052 3.6487078457827038 -13.96903779804677
5.3276175417126908 3.5876450160488971 -14.003533367788503
5.3319808648426772 3.526667764896847 -13.925407525133327
5.3363441879726627 3.4663032212287894 -13.723309192489566
5.3407075111026483 3.4070860411619504 -13.399692627821038
5.3450708342326338 3.3495489677530839 -12.952231868533884
5.3494341573626203 3.2942265711558512 -12.387835611234006
5.3537974804926058 3.2415553892213231 -11.74734085914095
5.3581608036225914 3.1917551417979229 -11.076966026793587
5.3625241267525778 3.1449153729178607 -10.389575828848722
5.3668874498825634 3.1011158280545987 -9.6837322832638844
5.3712507730125489 3.0604381074710236 -8.9577843370206249
5.3756140961425354 3.0229656176646009 -8.2172570495275004
5.3799774192725209 2.9886984260498326 -7.4977590934350697
5.3843407424025065 2.957444330682077 -6.8408251251039864
5.388704065532492 2.928892293376165 -6.2586083005588558
5.3930673886624785 2.9027214153722878 -5.7494467514924468
5.397430711792464 2.8786128992686724 -5.3131696394809929
5.4017940349224496 2.8562480815134328 -4.9505853707633953
5.406157358052436 2.8352952941124729 -4.6674803262366993
5.4105206811824216 2.8153909165857662 -4.4708106829912682
5.4148840043124071 2.7961511462445592 -4.3628105274096374
5.4192473274423936 2.7771904166012615 -4.3426763001893951
5.4236106505723791 2.7581240850990594 -4.4119656029084373
5.4279739737023647 2.7385644917264931 -4.5666909895418959
5.4323372968323511 2.7181909960409616 -4.7772400303114244
5.4367006199623367 2.6968472264601147 -5.0070276803055869
5.4410639430923222 2.6744855799451348 -5.2442798583162276
5.4454272662223078 2.6510700793522726 -5.4899008155777116
5.4497905893522942 2.6265628829101044 -5.7453362752676549
5.4541539124822798 2.6009233069818567 -6.0071350396873271
5.4585172356122653 2.5741716883805501 -6.2476555282934649
5.4628805587422518 2.5464844036680025 -6.4316756615923634
5.4672438818722373 2.5181443286757914 -6.5472168054637043
5.4716072050022229 2.489446772326394 -6.5956437081225898
5.4759705281322093 2.460684283116978 -6.5768255758376499
5.4803338512621949 2.4321505050007963 -6.4910655838460443
5.4846971743921804 2.4041310622717664 -6.3420425564032765
5.4890604975221668 2.3768907913683921 -6.1345446093990317
5.4934238206521524 2.3506798102394 -5.8701528197349893
5.497787143782138 2.3257464663950809 -5.5490917158584416
5.5021504669121235 2.3023388457881437 -5.1702792046204546
5.5065137900421099 2.2807081783570746 -4.7358373185262641
5.5108771131720955 2.2610614679751913 -4.2666059778626435
5.5152404363020811 2.2434846211214814 -3.7907715067825509
5.5196037594320675 2.2279752181299135 -3.3187377076038986
5.523967082562053 2.2145186017957541 -2.8498455427035037
5.5283304056920386 2.2031022492831949 -2.3832737881114276
5.532693728822025 2.1937151700732276 -1.9204453499225107
5.5370570519520106 2.186318402588554 -1.4746677673680884
5.5414203750819961 2.1807944714857821 -1.0645015496609396
5.5457836982119817 2.1769665105256206 -0.69721338200428007
5.5501470213419681 2.1746483750808698 -0.37238953610592346
5.5545103444719537 2.1736555986669241 -0.089643783689286077
5.5588736676019392 2.1738040699352039 0.15046321324901132
5.5632369907319257 2.1748997030811812 0.34317411721940461
5.5676003138619112 2.1767199715408547 0.48166658362389425
5.5719636369918968 2.1790200137533522 0.5630764898625108
5.5763269601218832 2.1815510102257822 0.58760498465524491
5.5806902832518688 2.1840649678522226 0.55515850394636468
5.5850536063818543 2.1863131158324722 0.465943633866575
5.5894169295118408 2.1880534552540083 0.3233488977483151
5.5937802526418263 2.1890645371724564 0.13239874045990147
5.5981435757718119 2.1891414796774207 -0.10487336996366246
5.6025068989017974 2.188082208006318 -0.38830504435331253
5.6068702220317839 2.1856846414116671 -0.71865336966692051
5.6112335451617694 2.1817440041491416 -1.0949094454959596
5.615596868291755 2.1760839281138944 -1.5026730756796614
5.6199601914217414 2.1686168581738978 -1.9199589889882338
5.624323514551727 2.1593293297850926 -2.3371042284945251
5.6286868376817125 2.1482218629668668 -2.7541898796635849
5.633050160811699 2.1352930812952171 -3.1722433784210948
5.6374134839416845 2.1205389961112542 -3.5901738344417891
5.6417768070716701 2.1039854873231225 -3.9925772995359305
5.6461401302016565 2.0857550909219005 -4.3551685154114184
5.6505034533316421 2.0660536964280101 -4.666726970769977
5.6548667764616276 2.0451041109319581 -4.927478639443934
5.6592300995916132 2.0231264660489767 -5.1379479943087265
5.6635934227215996 2.0003406891218036 -5.2977911387483916
5.6679567458515852 1.9769730969527861 -5.4036065649514464
5.6723200689815707 1.9532720998998865 -5.4497607220575279
5.6766833921115571 1.929505754107083 -5.4334914639286147
5.6810467152415427 1.9059463142462703 -5.355086783342589
5.6854100383715283 1.8828648589493839 -5.2140787456828175
5.6897733615015147 1.8605352587010013 -5.0109401456617189
5.6941366846315002 1.8392088562403173 -4.7578171393635245
5.6985000077614858 1.8190586038787908 -4.4750385324891173
5.7028633308914722 1.800185296379581 -4.1726521098348277
5.7072266540214578 1.7826734911541904 -3.8509137828986817
5.7115899771514433 1.7666094773387451 -3.5087254553905383
5.7159533002814289 1.7520829146605017 -3.1467155070660602
5.7203166234114153 1.7391542562410709 -2.7812320502878096
5.7246799465414009 1.7277755942250417 -2.4408387584693871
5.7290432696713864 1.7177961028545068 -2.1401974827535883
5.7334065928013729 1.7090409808701776 -1.8793426230335104
5.7377699159313584 1.7013389014930385 -1.6575701924208774
5.742133239061344 1.6945186870368254 -1.475170353282941
5.7464965621913304 1.6884033615690954 -1.3355705148260342
5.750859885321316 1.6827920622880368 -1.2451808598835128
5.7552232084513015 1.6774605406145084 -1.2074355256222178
5.7595865315812871 1.6721789384048455 -1.2221235091043137
5.7639498547112735 1.6667188222629117 -1.2895319531368368
5.7683131778412591 1.6608489684293353 -1.4096622176282247
5.7726765009712446 1.6543556427671291 -1.5721152540030225
5.7770398241012311 1.6470963355523458 -1.7574906188915029
5.7814031472312166 1.6390007712258503 -1.9551542818003731
5.7857664703612022 1.6300169645367666 -2.1648027650768014
5.7901297934911886 1.6200907674640668 -2.3871955314122961
5.7944931166211742 1.6091664507939487 -2.6221723669893717
5.7988564397511597 1.5972017215569865 -2.8614637313139002
5.8032197628811462 1.5842127579524772 -3.0888681047398543
5.8075830860111317 1.5702769682263913 -3.2951606130129685
5.8119464091411173 1.5554879989894836 -3.4801789165308525
5.8163097322711028 1.5399371356314411 -3.6442560267540682
5.8206730554010893 1.5237166668610018 -3.7871558620967809
5.8250363785310748 1.5069158684284938 -3.9108714636896962
5.8293997016610604 1.4896100389557139 -4.0193482718993279
5.8337630247910468 1.4718592775231774 -4.1148718846080454
5.8381263479210324 1.4537197057287041 -4.197539620377178
5.8424896710510179 1.4352478284358603 -4.2671478086210968
5.8468529941810043 1.4165009000689157 -4.3236349390193629
5.8512163173109899 1.3975312295258655 -4.3703356568655174
5.8555796404409755 1.3783664658382935 -4.4143280599266497
5.8599429635709619 1.3590066369823213 -4.4599108259017664
5.8643062867009474 1.3394439473967015 -4.5071810531452794
5.868669609830933 1.3196717823830817 -4.5560188370849923
5.8730329329609186 1.2996826299472013 -4.6066117313512711
5.877396256090905 1.2794726292311995 -4.6564360247432317
5.8817595792208905 1.2590566140257875 -4.7000351784142795
5.8861229023508761 1.2384710990865315 -4.7339988320161623
5.8904862254808625 1.2177589687996337 -4.7581387969663611
5.8948495486108481 1.1969624746102869 -4.7726739307041797
5.8992128717408336 1.1761234147346828 -4.7776637875440437
5.9035761948708201 1.1552867924569858 -4.7707592676725765
5.9079395180008056 1.1345159000170606 -4.746519013943062
5.9123028411307912 1.1138959436594409 -4.7014160353185197
5.9166661642607767 1.0935188416106392 -4.6353178744559775
5.9210294873907632 1.0734755540591669 -4.5483252312986826
5.9253928105207487 1.0538579475514729 -4.4402032960166675
5.9297561336507343 1.0347541187465141 -4.3137594258823349
5.9341194567807207 1.0162303658097482 -4.1755785254650748
5.9384827799107063 0.9983259928852547 -4.0300608813147063
5.9428461030406918 0.98107165879911462 -3.877524247433509
5.9472094261706783 0.96449880126435694 -3.717705880843325
5.9515727493006638 0.94863923439563291 -3.5505446815514214
5.9559360724306494 0.93352186101264978 -3.3782906567731752
5.9602993955606358 0.91915734111442204 -3.2065493761769179
5.9646627186906214 0.90553305035302434 -3.0392005311660135
5.9690260418206069 0.89262851016788525 -2.8765290829914498
5.9733893649505925 0.88042405936687418 -2.7183536729304336
5.9777526880805789 0.86889955857347612 -2.5648815688446591
5.9821160112105645 0.85803628081752925 -2.4148227343020361
5.98647933434055 0.84782621200233033 -2.264793318865761
5.9908426574705365 0.83827568526607299 -2.1123886993956429
5.995205980600522 0.82939577776695317 -1.9574850389175058
5.9995693037305076 0.82119692015573764 -1.8001650663450306
6.003932626860494 0.81369021158430499 -1.640206581251592
6.0082959499904796 0.80688405913119188 -1.4798069622133094
6.0126592731204651 0.80076873753528066 -1.3247167070586785
6.0170225962504515 0.79530985676190924 -1.1791615734342789
6.0213859193804371 0.79046401904995323 -1.0436395385603217
6.0257492425104227 0.78618817084991732 -0.91788952993776218
6.0301125656404082 0.78244034354460135 -0.80147525335890102
6.0344758887703946 0.77917296715122863 -0.6995082289396074
6.0388392119003802 0.77629395040998461 -0.62644046098314499
6.0432025350303658 0.77364828124239082 -0.59322415566969844
6.0475658581603522 0.77105746654959051 -0.6010040126053795
6.0519291812903377 0.76834470165732915 -0.64923251233798596
6.0562925044203233 0.76533260795385749 -0.73818876817923829
6.0606558275503097 0.76184503411199711 -0.86685463797302031
6.0650191506802953 0.75771392432854634 -1.0326136860376331
6.0693824738102808 0.75278281323931406 -1.2334147261180386
6.0737457969402664 0.74689991412165091 -1.4688931430887029
6.0781091200702528 0.73991368756497755 -1.7391717474818749
6.0824724432002384 0.73167083613919948 -2.0451625982243877
6.0868357663302239 0.72202623402105803 -2.3786849912563284
6.0911990894602104 0.71090908642436468 -2.7148250443532875
6.0955624125901959 0.69836029452853188 -3.0335162449347224
6.0999257357201815 0.68446598147770465 -3.3320497038905024
6.1042890588501679 0.66931051615534531 -3.6114412983904116
6.1086523819801535 0.65297734355082881 -3.8721777724538207
6.113015705110139 0.63555570276465945 -4.1079477582514627
6.1173790282401255 0.61719495656135204 -4.2981882593494305
6.121742351370111 0.59813794629305528 -4.4258535004047612
6.1261056745000966 0.57866662728633111 -4.4885256488215761
6.1304689976300821 0.55906139226971774 -4.4871033857369751
6.1348323207600686 0.53960331892948077 -4.4210132402171922
6.1391956438900541 0.52057156428532469 -4.2925000256761674
6.1435589670200397 0.50222455494312046 -4.1087316950882435
6.1479222901500261 0.48478755197477902 -3.8758477472313446
6.1522856132800117 0.46847140143919169 -3.5948362083732484
6.1566489364099972 0.4534870179943975 -3.2654693422571657
6.1610122595399837 0.44004644428449752 -2.8868473562474906
6.1653755826699692 0.42835659384814406 -2.4655481241997506
6.1697389057999548 0.41855884346809946 -2.0247462106520766
6.1741022289299412 0.41068607243760957 -1.5848226166218531
6.1784655520599268 0.40472239387984166 -1.1492053010923302
6.1828288751899123 0.40065251995367335 -0.71691870923984746
6.1871921983198979 0.39846172345409209 -0.28763976976241901
6.1915555214498843 0.39813253073962507 0.13486083168794832
6.1959188445798699 0.39960818910719476 0.5364481623646723
6.2002821677098554 0.40276491422521943 0.90433879258145944
6.2046454908398418 0.40744764095866215 1.2362067247303445
6.2090088139698274 0.41350140916726674 1.5327044718113978
6.213372137099813 0.42077126983117535 1.7936278143484843
6.2177354602297994 0.42910237525618089 2.0192184294521338
6.2220987833597849 0.43834198429089793 2.2102318467016988
6.2264621064897705 0.4483410296653571 2.3673785976204891
6.2308254296197561 0.45895221158366212 2.490802226985966
6.2351887527497425 0.47002831639192033 2.5804924767009743
6.239552075879728 0.48142184986437697 2.6362131542561857
6.2439153990097136 0.49298641165682927 2.6594784783380088
6.2482787221397 0.50459299186046203 2.6571766468792815
6.2526420452696856 0.51614765120611206 2.6363102277288957
6.2570053683996711 0.52756394415961272 2.5912458598581511
6.2613686915296576 0.53878885241425134 2.5656496008324781
6.2657320146596431 0.54959638363777075 2.2945452705217866
6.2700953377896287 0.55898329049636808 2.1408421780038847
6.2744586609196151 0.56503389582151387 -0.24386245081432412
6.2788219840496007 0.56836940126682201 5.2880220235240012
6.2831853071795862 0.60256676850984137 4.8974767332359459
