# q  U_kJmol  dU_dq   # conservative spline pchip_hermite_v1
0 3.9997877835885101 0.5309170531826688
0.0043633231299858239 4.0005017284007129 0.18612944458350672
0.0087266462599716477 4.002508781402808 0.59538545836640755
0.013089969389957472 4.0051031438955729 0.59602897364976304
0.017453292519943295 4.0076997501847549 0.58954588051122725
0.021816615649929118 4.0102005740283424 0.55052229995138902
0.026179938779914945 4.0124550158137602 0.47784473175073322
0.030543261909900768 4.0143252687763544 0.3740299831360655
0.034906585039886591 4.0156699633370669 0.23647042900317219
0.039269908169872414 4.0163490541836175 0.071540650567335523
0.043633231299858237 4.016298560684664 -0.090441330907390774
0.04799655442984406 4.0156103863975305 -0.21764588619846106
0.05235987755982989 4.0144607791941223 -0.30254060120237686
0.056723200689815713 4.0130290615030395 -0.34697997306869455
0.061086523819801536 4.0114938900906223 -0.34942219348964665
0.065449846949787352 4.0100339899881181 -0.31459073871092008
0.069813170079773182 4.0087669041517344 -0.26715227274421671
0.074176493209759012 4.0076824774449733 -0.23358110064347881
0.078539816339744828 4.006698482722995 -0.22066514213613009
0.082903139469730658 4.0057287988277386 -0.22700880232205134
0.087266462599716474 4.0046882366286702 -0.25344305242526349
0.091629785729702304 4.0034911896211396 -0.29768575282976006
0.09599310885968812 4.0020829625723113 -0.34706843110722085
0.10035643198967395 4.0004752977979434 -0.38761499798722437
0.10471975511965978 3.9987187646441757 -0.41552368968977438
0.1090830782496456 3.9968665159309205 -0.43150588521876332
0.11344640137963143 3.9949710773383114 -0.43517275616457562
0.11780972450961724 3.993085337569426 -0.42754983052085377
0.12217304763960307 3.991247524556464 -0.41475423208059581
0.1265363707695889 3.9894633549698058 -0.40372503829348338
0.1308996938995747 3.9877188962229289 -0.39645174652763482
0.13526301702956053 3.9859986772107137 -0.39260493122183071
0.13962634015954636 3.9842875953799926 -0.39231720706422174
0.14398966328953219 3.9825703471034468 -0.39527239160955291
0.14835298641951802 3.9808364744835787 -0.3994091699445988
0.15271630954950383 3.9790866174702244 -0.40232698799168437
0.15707963267948966 3.9773283455377269 -0.40329466910853551
0.16144295580947549 3.9755698476798322 -0.40244713367711321
0.16580627893946132 3.9738191445225062 -0.3996656878050297
0.17016960206944712 3.972084466811117 -0.39526148037902503
0.17453292519943295 3.9703690138583441 -0.39142350058075259
0.17889624832941878 3.9686640169514122 -0.39077260926435592
0.18325957145940461 3.9669529954036489 -0.39416734467585085
0.18762289458939044 3.9652186881719089 -0.4013915892382286
0.19198621771937624 3.9634441237525939 -0.41278873587383813
0.19634954084936207 3.9616116224933475 -0.42748914496314694
0.2007128639793479 3.9597183594566352 -0.4389015197011546
0.20507618710933373 3.9577981182028243 -0.43887718825634858
0.20943951023931956 3.9559090503347494 -0.42467775381036404
0.21380283336930536 3.9541120174474722 -0.39678799020214811
0.21816615649929119 3.9524670797295491 -0.35469495201380952
0.22252947962927702 3.9510356256237253 -0.29960341329360235
0.22689280275926285 3.9498568537235692 -0.2415505994270549
0.23125612588924865 3.9489134063220215 -0.19332469926416632
0.23561944901923448 3.9481490179989192 -0.15937195300565785
0.23998277214922031 3.9475026919286611 -0.13912325876809672
0.24434609527920614 3.9469145849715512 -0.13286864263882309
0.24870941840919197 3.9463237899702404 -0.13995545080319882
0.2530727415391778 3.9456828880516852 -0.1541619759194145
0.25743606466916363 3.944979972899131 -0.16733720486548304
0.26179938779914941 3.9442283908480706 -0.1765278175870002
0.26616271092913524 3.9434448325073208 -0.18203630971595774
0.27052603405912107 3.9426452535601206 -0.18381196342104159
0.2748893571891069 3.9418460059515574 -0.18198800242402591
0.27925268031909273 3.9410599635980184 -0.17820111647782921
0.28361600344907856 3.9402905700224888 -0.17464650012834171
0.28797932657906439 3.9395343358752708 -0.17215723846788195
0.29234264970905022 3.9387867758101827 -0.17065728545625619
0.29670597283903605 3.9380436180058274 -0.17015572807320753
0.30106929596902182 3.9373004768057949 -0.17062372280191937
0.30543261909900765 3.9365538581002051 -0.17163284167869305
0.30979594222899348 3.9358027708651857 -0.17259166266622028
0.31415926535897931 3.9350481257273939 -0.1732658281160013
0.31852258848896514 3.9342911279294253 -0.17367414906784279
0.32288591161895097 3.9335329212313783 -0.17381544826392287
0.3272492347489368 3.9327746817012907 -0.17369568264415094
0.33161255787892263 3.9320173572028914 -0.17342689012924381
0.33597588100890846 3.9312612317341391 -0.17316830430289465
0.34033920413889424 3.9305060681052559 -0.17298573568291722
0.34470252726888007 3.9297515425006058 -0.1728746104590477
0.3490658503988659 3.9289973486659497 -0.17283489857995715
0.35342917352885173 3.9282431712707915 -0.17286546010891687
0.35779249665883756 3.9274887533071876 -0.17293702558550758
0.36215581978882339 3.9267340136994449 -0.17300675104954816
0.36651914291880922 3.92597901409904 -0.17305618772363865
0.37088246604879505 3.9252238414931804 -0.17308642313887368
0.37524578917878088 3.9244685778898796 -0.17309755982447569
0.37960911230876665 3.9237133078243538 -0.17308978599733318
0.38397243543875248 3.9229581009505754 -0.17307074027380451
0.38833575856873831 3.9222029803346663 -0.17305194300762636
0.39269908169872414 3.9214479299883314 -0.17303855745321498
0.39706240482870997 3.9206929265482544 -0.1730303327693222
0.4014257279586958 3.9199379480531973 -0.17302721575964666
0.40578905108868163 3.9191829718438003 -0.17302918604584033
0.41015237421866746 3.9184279790510268 -0.17303425229637959
0.41451569734865329 3.9176729631327549 -0.17303931881928972
0.41887902047863912 3.916917928224569 -0.17304294290176794
0.42324234360862489 3.9161628805997015 -0.17304517989825915
0.42760566673861072 3.9154078261391545 -0.17304605104303752
0.43196898986859655 3.914652770915358 -0.173045554106181
0.43633231299858238 3.9138977200374288 -0.17304420748230304
0.44069563612856821 3.9131426753563927 -0.17304284224653813
0.44505895925855404 3.9123876358071632 -0.17304186077327505
0.44942228238853987 3.9116325997076351 -0.17304125169184456
0.4537856055185257 3.9108775654846921 -0.17304100740597061
0.45814892864851153 3.9101225315132133 -0.17304113049198033
0.46251225177849731 3.9093674964113427 -0.17304148673992401
0.46687557490848314 3.9086124596538792 -0.17304185416417314
0.47123889803846897 3.9078574215078659 -0.17304212121758444
0.4756022211684548 3.9071023824170115 -0.17304228990103721
0.47996554429844063 3.906347342795145 -0.1730423628357412
0.48432886742842646 3.9055923030696151 -0.1730423387841499
0.48869219055841229 3.90483726361026 -0.1730422503212459
0.49305551368839812 3.9040822245759013 -0.17304215301019571
0.49741883681838395 3.903327185923704 -0.17304207575641023
0.50178215994836972 3.9025721475636495 -0.17304201846521386
0.50614548307835561 3.9018171094130158 -0.17304198003399429
0.51050880620834138 3.9010620713875293 -0.17304196101810543
0.51487212933832727 3.9003070334030872 -0.17304196124801868
0.51923545246831304 3.8995519953756492 -0.1730419806858888
0.52359877559829882 3.8987969572213159 -0.17304201951310136
0.5279620987282847 3.8980419188558102 -0.17304207720466278
0.53232542185827048 3.897286880196285 -0.173042154955561
0.53668874498825636 3.8965318411526249 -0.17304225252504121
0.54105206811824214 3.8957768016850074 -0.1730423400995334
0.54541539124822802 3.895021761957751 -0.17304236223827252
0.5497787143782138 3.8942667223430734 -0.17304228721992951
0.55414203750819968 3.8935116832683043 -0.17304211653727375
0.55850536063818546 3.8927566451476046 -0.17304184710274739
0.56286868376817123 3.8920016084252076 -0.17304147815162091
0.56723200689815712 3.8912465733566735 -0.17304112487613149
0.57159533002814289 3.8904915393947661 -0.1730410089563639
0.57595865315812877 3.8897365051475914 -0.17304126118578145
0.58032197628811455 3.888981468989968 -0.17304187785103337
0.58468529941810043 3.8882264293477276 -0.17304286833456475
0.58904862254808621 3.8874713845362887 -0.17304423966040527
0.59341194567807209 3.8867163335321875 -0.17304557571355703
0.59777526880805787 3.8859612782692041 -0.17304604612779331
0.60213859193804364 3.8852062238953708 -0.1730451452748035
0.60650191506802953 3.8844511764838803 -0.17304287998371692
0.6108652381980153 3.8836961419190805 -0.17303922231284669
0.61522856132800119 3.8829411264852047 -0.17303413209902593
0.61959188445798696 3.8821861341676605 -0.1730291035519646
0.62395520758797285 3.8814311581151708 -0.17302723130741596
0.62831853071795862 3.8806761793087605 -0.17303045926122357
0.63268185384794451 3.8799211750841609 -0.17303878940656256
0.63704517697793028 3.879166123469683 -0.1730523000112375
0.64140850010791606 3.8784110010549471 -0.17307118899912324
0.64577182323790194 3.877655792392765 -0.17309010049046936
0.65013514636788772 3.8769005217027521 -0.17309751210810043
0.6544984694978736 3.8761452592160168 -0.17308596118306088
0.65886179262785938 3.8753900894942461 -0.17305533261586509
0.66322511575784526 3.8746350945770578 -0.17300543054048109
0.66758843888783104 3.8738803616477178 -0.17293535105560565
0.67195176201781692 3.8731259504104796 -0.1728642622977313
0.6763150851478027 3.8723717754898979 -0.17283503825271329
0.68067840827778847 3.8716175776577608 -0.17287629665120605
0.68504173140777436 3.8708630414528935 -0.17298888787947081
0.68940505453776013 3.8701078605298136 -0.1731731881107699
0.69376837766774602 3.8693517102725901 -0.17343313661239892
0.69813170079773179 3.8685943604893622 -0.17370024076854423
0.70249502392771768 3.8678361111906985 -0.17381507022890449
0.70685834705770345 3.8670779187777056 -0.17366799778208844
0.71122167018768934 3.8663209599306798 -0.17325420891872026
0.71558499331767511 3.8655663786539378 -0.17257360242192021
0.71994831644766089 3.8648153834045011 -0.17160954960167268
0.72431163957764677 3.864068859695589 -0.1706063918219643
0.72867496270763255 3.863325756928337 -0.17015660473226579
0.73303828583761843 3.8625825481797076 -0.17067971206932897
0.73740160896760421 3.8618348450229902 -0.17220006461656073
0.74176493209759009 3.8610783750714939 -0.17471327855707405
0.74612825522757587 3.8603086402393045 -0.17828793448955199
0.75049157835756175 3.8595222411639836 -0.18205384657521573
0.75485490148754752 3.8587228428024312 -0.18381068275567675
0.7592182246175333 3.8579234451291908 -0.18195460355258958
0.76358154774751918 3.857140412327249 -0.17636995424377919
0.76794487087750496 3.8563897009233261 -0.16709041765660071
0.77230819400749084 3.8556880514719714 -0.15383814317886824
0.77667151713747662 3.8550484885680705 -0.13970669827131141
0.7810348402674625 3.8544582819988333 -0.13286227075391077
0.78539816339744828 3.853869538811356 -0.13943036252564311
0.78976148652743416 3.8532212474397523 -0.15993859130958915
0.79412480965741994 3.8524538102130652 -0.19419855565238675
0.79848813278740571 3.8515049300076538 -0.24332012804853617
0.8028514559173916 3.8503247925248933 -0.29632566864483217
0.80721477904737737 3.8489574025743387 -0.32292803884514071
0.81157810217736326 3.8475791099366932 -0.29975446621172464
0.81594142530734903 3.8464173506377262 -0.22446516485112303
0.82030474843733492 3.8456947334708405 -0.097986696469445037
0.82466807156732069 3.8456430682312606 0.084054582228371144
0.82903139469730658 3.8464525569251427 0.28280939412644313
0.83339471782729235 3.8479719417155316 0.38592330128973751
0.83775804095727824 3.8495521025975115 0.30458802593186396
0.84212136408726401 3.8503460008647985 0.028007429791751342
0.84648468721724979 3.849519013282793 -0.43936828206304385
0.85084801034723567 3.8462227808776444 -1.1054515407545606
0.85521133347722145 3.8396655128656101 -1.913593402938466
0.85957465660720733 3.8295654559504779 -2.6929078431478901
0.86393797973719311 3.8164093461243196 -3.3045376476114869
0.86830130286717899 3.8009993186981266 -3.7295707850201509
0.87266462599716477 3.7841235535599331 -3.9752550383982905
0.87702794912715065 3.7665775003397011 -4.0361080426312554
0.88139127225713643 3.7491327894593236 -3.9381900499102498
0.8857545953871222 3.7323235202659903 -3.762433634714148
0.89011791851710809 3.7163140193180473 -3.5765996260943056
0.89448124164709386 3.701111828805848 -3.3907461664766418
0.89884456477707975 3.6867292387685788 -3.2014124676623537
0.90320788790706552 3.6731786906458384 -3.0090150643664479
0.90757121103705141 3.6604686259799752 -2.8179946374429701
0.91193453416703718 3.6485618268724114 -2.64431517465191
0.91629785729702307 3.6373475668485735 -2.5016139371701578
0.92066118042700884 3.6266828952865433 -2.3920743581759423
0.92502450355699462 3.6164255700882575 -2.3149939903561143
0.9293878266869805 3.60643323444928 -2.2705909109580293
0.93375114981696627 3.5965636602267637 -2.2586856634061392
0.93811447294695216 3.5866758165590245 -2.2788663456723071
0.94247779607693793 3.5766306273008079 -2.3307928685354447
0.94684111920692382 3.566289750637726 -2.4143886381764106
0.95120444233690959 3.5555156985360599 -2.5292082140322405
0.95556776546689548 3.5441673787522117 -2.6790010080007041
0.95993108859688125 3.5321190449562128 -2.8411418122235852
0.96429441172686703 3.5194781608235637 -2.9314875845881896
0.96865773485685291 3.5067528997656181 -2.8733845926693755
0.97302105798683869 3.4946395930796488 -2.6527152552475632
0.97738438111682457 3.4838310415805465 -2.2756631775644425
0.98174770424681035 3.4750318559387048 -1.7259190422306514
0.98611102737679623 3.4688969471711788 -1.0885876195931872
0.99047435050678201 3.4651750120425628 -0.69679713421520262
0.99483767363676789 3.4620054153203683 -0.86249211672306181
0.99920099676675367 3.456748760258864 -1.6466983707388601
1.0035643198967394 3.4467642058426033 -3.0297981333302855
1.0079276430267252 3.4293990961673186 -5.0383529784927985
1.0122909661567112 3.402056943355241 -7.5552394020107636
1.016654289286697 3.3634289903159469 -10.098393085242551
1.0210176124166828 3.3145691330316334 -12.203375741625196
1.0253809355466685 3.2577116387248428 -13.774000757908301
1.0297442586766545 3.1951087851363766 -14.835506269493157
1.0341075818066403 3.1290124136786459 -15.371043225135418
1.0384709049366261 3.0616543568911072 -15.436826779391282
1.0428342280666119 2.9946337001499748 -15.273647356385228
1.0471975511965976 2.9283523594085046 -15.120286072068716
1.0515608743265836 2.8625935426855444 -15.029333342794697
1.0559241974565694 2.7971236376331259 -14.988603460259908
1.0602875205865552 2.7317126488643524 -15.003326834416592
1.064650843716541 2.6661331536604962 -15.06051185816756
1.0690141668465269 2.6003069616337848 -15.10252112084377
1.0733774899765127 2.5344463438023279 -15.070584727433735
1.0777408131064985 2.4689191011288285 -14.950778603673436
1.0821041362364843 2.4040990915097438 -14.746469987777719
1.08646745936647 2.3403589911331779 -14.45476204307759
1.090830782496456 2.2780707519528041 -14.085185307762188
1.0951941056264418 2.2174866443822849 -13.685299378202364
1.0995574287564276 2.158615526873497 -13.304980033384473
1.1039207518864134 2.1013327873472023 -12.956289875574813
1.1082840750163994 2.0455079077812961 -12.636930921392537
1.1126473981463851 1.9910117853041445 -12.347120143510097
1.1170107212763709 1.9377151447807952 -12.087433088359569
1.1213740444063567 1.8854797344063692 -11.861640940680218
1.1257373675363425 1.8341476159920349 -11.673790679267764
1.1301006906663285 1.7835499621743478 -11.524945409742925
1.1344640137963142 1.7335175409467365 -11.414570787923694
1.1388273369263 1.6838813372177255 -11.34387015720379
1.1431906600562858 1.6344715425545 -11.308960809678164
1.1475539831862718 1.5851728616480472 -11.287235231835741
1.1519173063162575 1.5359892257178804 -11.253551599879554
1.1562806294462433 1.4869941313338209 -11.201280988146186
1.1606439525762291 1.4382653936306755 -11.131282084840132
1.1650072757062149 1.3898800341280078 -11.044325485889786
1.1693705988362009 1.3419141515929289 -10.937650206876091
1.1737339219661866 1.2944855031662179 -10.793521839492293
1.1780972450961724 1.2478068655389603 -10.591666183028542
1.1824605682261582 1.2021480796233122 -10.326349349839347
1.1868238913561442 1.1577830155870326 -9.9987763107866847
1.19118721448613 1.1149843619829214 -9.607903176585765
1.1955505376161157 1.0740263481231902 -9.156453603977317
1.1999138607461015 1.0351409480921612 -8.6625700617868517
1.2042771838760873 0.99846179744750918 -8.1476241631033375
1.2086405070060733 0.96406106097962951 -7.6178637635719024
1.2130038301360591 0.93200565368744359 -7.0727995046053964
1.2173671532660448 0.90236323024186382 -6.5112418946449448
1.2217304763960306 0.87520350693816606 -5.9365122290114725
1.2260937995260166 0.85054164401306531 -5.372607332309796
1.2304571226560024 0.82826059730132007 -4.8486256448121381
1.2348204457859882 0.8081581070868098 -4.3736635289778096
1.2391837689159739 0.79002371329832455 -3.946465140512152
1.2435470920459597 0.773648896716155 -3.5672612117851887
1.2479104151759457 0.75882424217863076 -3.2356662307318835
1.2522737383059315 0.74534845533258021 -2.9480240609215116
1.2566370614359172 0.73304059719208448 -2.6997659838952246
1.261000384565903 0.72173325627043672 -2.4895268669632329
1.265363707695889 0.71126028358161109 -2.317167104469283
1.2697270308258748 0.70145573233617808 -2.1836032000618117
1.2740903539558606 0.69215130954938509 -2.0867828497432566
1.2784536770858463 0.68321756434121184 -2.0089060269109917
1.2828170002158321 0.67462607419082965 -1.92705729483691
1.2871803233458181 0.66641796690398958 -1.8334171618007664
1.2915436464758039 0.65864250806083879 -1.7287646277605797
1.2959069696057897 0.65134730576546551 -1.613347659668068
1.3002702927357754 0.64457980626654887 -1.4866462699336072
1.3046336158657614 0.63839616688128875 -1.3446144360105758
1.3089969389957472 0.63287595025856846 -1.181874625457271
1.313360262125733 0.62811541555823791 -0.99641099457262428
1.3177235852557188 0.62421314529259075 -0.78858735579822181
1.3220869083857045 0.62126688959325105 -0.55793918638862172
1.3264502315156905 0.61937616296179443 -0.3053199762550442
1.3308135546456763 0.61862044858785503 -0.040339712665750149
1.3351768777756621 0.61902298183334115 0.22384937014955064
1.3395402009056478 0.62056567488200609 0.48238131430031417
1.3439035240356338 0.6232248175054993 0.73559477531525452
1.3482668471656196 0.62697769081649501 0.98381699904080588
1.3526301702956054 0.63180224286763176 1.2265404965855311
1.3569934934255912 0.63766562597956811 1.4585039332598184
1.3613568165555769 0.64450361901253639 1.672266735709445
1.3657201396855629 0.65222814223841152 1.864877772570666
1.3700834628155487 0.66074743776003431 2.0366492628931181
1.3744467859455345 0.66997068867020382 2.1874015161361595
1.3788101090755203 0.67980597321281189 2.3174284142976731
1.3831734322055063 0.69017077506908087 2.4314411841362094
1.387536755335492 0.70101098120426686 2.5362963985759261
1.3919000784654778 0.71229479467156398 2.6347286106040619
1.3962634015954636 0.72399391527800938 2.7266906380423048
1.4006267247254494 0.73607963386041919 2.81175966025212
1.4049900478554354 0.74852192809745677 2.8904900937143392
1.4093533709854211 0.76130556472038102 2.9703524356658746
1.4137166941154069 0.77446111209407831 3.0625693678587789
1.4180800172453927 0.78805643631062106 3.1719145779052673
1.4224433403753787 0.80216599477625095 3.2982465156427869
1.4268066635053644 0.81686321330725542 3.4411802789036487
1.4311699866353502 0.83222072482264298 3.60114260150231
1.435533309765336 0.84832166420310395 3.7834869113073282
1.4398966328953218 0.86528247282348669 3.9964932385498173
1.4442599560253078 0.88324768010472998 4.2438998109327093
1.4486232791552935 0.90236729574093633 4.5255535636377777
1.4529866022852793 0.92279032320003995 4.841404656357132
1.4573499254152651 0.9446662534699567 5.1914488790357058
1.4617132485452511 0.96814201640005437 5.5743271970953385
1.4660765716752369 0.99335604390793164 5.9878763022512604
1.4704398948052226 1.0204393670207306 6.4311772372674936
1.4748032179352084 1.0495216409690302 6.9040347338791479
1.4791665410651942 1.0807322642251873 7.4070263603942816
1.4835298641951802 1.1142031860671484 7.9396143826302827
1.487893187325166 1.1500443411797359 8.4899898544632606
1.4922565104551517 1.1882898928157546 9.0386935761395826
1.4966198335851375 1.2289058249463802 9.5763980725971418
1.5009831567151235 1.2718435736628124 10.102993437304686
1.5053464798451093 1.3170563187118143 10.619443235227088
1.509709802975095 1.3644999955803103 11.125096669660737
1.5140731261050808 1.4141048752265279 11.605842439690036
1.5184364492350666 1.4657087969743605 12.037579605061969
1.5227997723650526 1.5190637057760656 12.408215297468404
1.5271630954950384 1.5739021225559195 12.717810332761022
1.5315264186250241 1.6299595250466654 12.96689228969929
1.5358897417550099 1.6869712178939025 13.15520398318775
1.5402530648849959 1.744669339536411 13.280950645441049
1.5446163880149817 1.8027735969900627 13.340844392454573
1.5489797111449675 1.8609917955299105 13.333101277026747
1.5533430342749532 1.919028831423109 13.257961851249549
1.557706357404939 1.9765906417101169 13.11496335046988
1.562069680534925 2.03338002981274 12.904277346738249
1.5664330036649108 2.0891216138216038 12.638524460486835
1.5707963267948966 2.1436252696778877 12.340668279479766
1.5751596499248823 2.1967854650319709 12.023013787336907
1.5795229730548683 2.2485176619994345 11.685973167832511
1.5838862961848541 2.2987350373065327 11.328456115288155
1.5882496193148399 2.3473477630392994 10.950774512244603
1.5926129424448257 2.394290351672514 10.56744051433256
1.5969762655748114 2.4395979003525419 10.205985761039202
1.6013395887047974 2.4834085640099191 9.8817857777179317
1.6057029118347832 2.5258873528234025 9.5951284449885179
1.610066234964769 2.5671955506012587 9.3453889599644278
1.6144295580947547 2.6074953780657402 9.1328607645508342
1.6187928812247407 2.6469476647589469 8.9566825636043905
1.6231562043547265 2.685707890599943 8.8153714609172908
1.6275195274847123 2.7239258427221116 8.7081281354825659
1.6318828506146981 2.7617498469006341 8.6347139405271012
1.6362461737446838 2.7993278371286854 8.5956086587982501
1.6406094968746698 2.8368107150613926 8.5909028506715188
1.6449728200046556 2.874330148512116 8.6085706904739734
1.6493361431346414 2.911931777306445 8.6242522176058607
1.6536994662646272 2.9495671332749445 8.6235607215050205
1.6580627893946132 2.9871610747593893 8.6053597738290915
1.6624261125245989 3.0246399464777518 8.5712644155162749
1.6667894356545847 3.0619372453887386 8.5218903866482023
1.6711527587845705 3.0989421709294773 8.4276204721029231
1.6755160819145565 3.1353252752636496 8.2255202682881947
1.6798794050445423 3.1705097675300089 7.8765532760069057
1.684242728174528 3.2038463826161014 7.3799097339846282
1.6886060513045138 3.2346974210177457 6.73598748840105
1.6929693744344996 3.2624109412250188 5.9421647604618553
1.6973326975644856 3.286403773013804 5.0460223904548975
1.7016960206944713 3.3064486295228486 4.151829825457602
1.7060593438244571 3.3227345908078663 3.3258886180176583
1.7104226669544429 3.335576903732111 2.5717418227580349
1.7147859900844289 3.3452766794625139 1.8859425868026354
1.7191493132144147 3.3521359393803962 1.2696420954722274
1.7235126363444004 3.3564702611155171 0.73162886753433509
1.7278759594743862 3.3586640075002436 0.29221145408438981
1.732239282604372 3.3591835646166297 -0.034944614049975439
1.736602605734358 3.3585234997867435 -0.24903898555556914
1.7409659288643438 3.3571748103150836 -0.35001716641585279
1.7453292519943295 3.35563594233495 -0.33623060985284431
1.7496925751243153 3.3543655401727674 -0.23657226617475874
1.7540558982543013 3.3535977143915283 -0.11886263157241286
1.7584192213842871 3.3532872079917273 -0.029383802176414855
1.7627825445142729 3.353295019251791 0.028279992445194177
1.7671458676442586 3.3534908334526627 0.05626638655172151
1.7715091907742444 3.3537409709341266 0.053268252523009554
1.7758725139042304 3.3539217585134828 0.026942850613156627
1.7802358370342162 3.3539683671574307 -0.0046935285051392358
1.7845991601642019 3.3538916180672116 -0.028891780960404005
1.7889624832941877 3.3537286716545758 -0.04454183583551162
1.7933258064241737 3.3535144702051491 -0.052248644680266458
1.7976891295541595 3.3532848029373952 -0.051645235271435323
1.8020524526841453 3.3530730152249291 -0.044692500773697234
1.806415775814131 3.3528970370526592 -0.036192945248122388
1.8107790989441168 3.3527543274661142 -0.029649280984688942
1.8151424220741028 3.3526349577331702 -0.025402397665658182
1.8195057452040886 3.3525295572175642 -0.023281767576971545
1.8238690683340744 3.3524285448526037 -0.023389574749674402
1.8282323914640601 3.3523229325438515 -0.025224594388387596
1.8325957145940461 3.3522077673723762 -0.027507461639541736
1.8369590377240319 3.3520836315096338 -0.029276830578890481
1.8413223608540177 3.3519531762908139 -0.030429149747213294
1.8456856839840035 3.3518189149976667 -0.031012237269951611
1.8500490071139892 3.3516834124406469 -0.030997862130185603
1.8544123302439752 3.3515490906172429 -0.030513892705481129
1.858775653373961 3.3514173161124723 -0.029900925627912075
1.8631389765039468 3.3512879600723759 -0.029422542256829214
1.8675022996339325 3.3511603149103011 -0.029109915915153245
1.8718656227639185 3.3510337064566253 -0.028949703383958802
1.8762289458939043 3.3509074481505658 -0.028949647892741837
1.8805922690238901 3.3507808875281508 -0.029077196036385131
1.8849555921538759 3.3506536479489619 -0.029241732659412562
1.8893189152838616 3.3505257564794526 -0.029371061083830832
1.8936822384138476 3.3503974018426206 -0.029455867925492873
1.8980455615438334 3.3502687649034972 -0.029499859286102284
1.9024088846738192 3.3501400294375645 -0.029500925804236914
1.906772207803805 3.3500113711638493 -0.029467336955951048
1.911135530933791 3.3498828937757055 -0.029423184613863097
1.9154988540637767 3.3497545920702407 -0.029388224560169429
1.9198621771937625 3.3496264157454236 -0.029365221221194591
1.9242255003237483 3.3494983162725207 -0.029353149763527119
1.9285888234537341 3.3493702444607658 -0.029352581044752125
1.9329521465837201 3.3492421529990728 -0.029361419275310163
1.9373154697137058 3.3491140133689896 -0.029373263519666407
1.9416787928436916 3.348985826401802 -0.029382713052834967
1.9460421159736774 3.3488576054957058 -0.029388951946072314
1.9504054391036634 3.3487293636734794 -0.029392262386403436
1.9547687622336491 3.3486011141015997 -0.029392490872790385
1.9591320853636349 3.3484728695148434 -0.029390167237689561
1.9634954084936207 3.3483446377487294 -0.029386990948963722
1.9678587316236065 3.3482164187350008 -0.029384437020292083
1.9722220547535925 3.3480882089075816 -0.029382745088217411
1.9765853778835782 3.3479600047712861 -0.029381837775693573
1.980948701013564 3.3478318028020144 -0.029381756093652886
1.9853120241435498 3.3477035995728288 -0.029382366451484204
1.9896753472735358 3.3475753929329746 -0.029383217958236639
1.9940386704035216 3.3474471828583567 -0.029383908145898106
1.9984019935335073 3.3473189702973967 -0.029384366940992116
2.0027653166634933 3.3471907561883034 -0.029384615473919785
2.0071286397934789 3.3470625414743167 -0.029384642859199443
2.0114919629234649 3.346934327077391 -0.029384482684150739
2.0158552860534504 3.3468061135873324 -0.029384254488111834
2.0202186091834364 3.3466779010222201 -0.029384067985218306
2.0245819323134224 3.3465496891300202 -0.029383943586081585
2.028945255443408 3.3464214776588532 -0.029383875544092358
2.033308578573394 3.3462932663562577 -0.029383866729085391
2.0376719017033795 3.3461650549742612 -0.029383908722018008
2.0420352248333655 3.3460368433512673 -0.02938396985498996
2.0463985479633515 3.3459086314792446 -0.029384020247386632
2.0507618710933371 3.3457804194251111 -0.029384053974568836
2.0551251942233231 3.3456522072564994 -0.029384072593001975
2.0594885173533091 3.3455239950409816 -0.029384075351707731
2.0638518404832946 3.3453957828452365 -0.029384064354016779
2.0682151636132806 3.3452675707134998 -0.029384047982514656
2.0725784867432662 3.3451393586487974 -0.02938403436786817
2.0769418098732522 3.3450111466333774 -0.029384025224460913
2.0813051330032382 3.3448829346490769 -0.029384020132447966
2.0856684561332237 3.3447547226778096 -0.029384019286768329
2.0900317792632097 3.3446265107016506 -0.029384022163825352
2.0943951023931953 3.3444982987085008 -0.02938402654657277
2.0987584255231813 3.3443700866973103 -0.029384030224434129
2.1031217486531673 3.3442418746727842 -0.029384032702942358
2.1074850717831528 3.3441136626398005 -0.029384034094980957
2.1118483949131388 3.3439854506031996 -0.029384034350329376
2.1162117180431244 3.3438572385677992 -0.029384033598520636
2.1205750411731104 3.3437290265369066 -0.0293840324256536
2.1249383643030963 3.343600814510868 -0.029384031432191288
2.1293016874330819 3.3434726024884385 -0.029384030760180792
2.1336650105630679 3.3433443904683076 -0.029384030379836865
2.1380283336930539 3.3432161784491785 -0.029384030303977397
2.1423916568230394 3.3430879664297568 -0.029384030500150985
2.1467549799530254 3.3429597544091405 -0.029384030813877152
2.151118303083011 3.3428315423872181 -0.029384031082130405
2.155481626212997 3.3427033303643201 -0.029384031264193474
2.159844949342983 3.3425751183407972 -0.029384031368099986
2.1642082724729685 3.3424469063169973 -0.029384031390551683
2.1685715956029545 3.342318694293267 -0.029384031339429004
2.1729349187329401 3.3421904822698538 -0.02938403125552275
2.1772982418629261 3.3420622702467915 -0.029384031183049251
2.1816615649929121 3.3419340582239938 -0.029384031133648635
2.1860248881228976 3.3418058462013653 -0.029384031105423015
2.1903882112528836 3.3416776341788132 -0.029384031098876814
2.1947515343828692 3.3415494221562447 -0.029384031112067228
2.1991148575128552 3.3414212101335927 -0.02938403113455177
2.2034781806428412 3.3412929981108457 -0.029384031154158174
2.2078415037728267 3.3411647860880276 -0.029384031167451617
2.2122048269028127 3.3410365740651633 -0.029384031175279431
2.2165681500327987 3.3409083620422777 -0.029384031177076393
2.2209314731627843 3.3407801500193965 -0.029384031173672383
2.2252947962927703 3.3406519379965367 -0.029384031167782133
2.2296581194227558 3.3405237259737026 -0.029384031162381832
2.2340214425527418 3.3403955139508881 -0.029384031158729285
2.2383847656827278 3.340267301928086 -0.029384031156746804
2.2427480888127134 3.3401390899052892 -0.02938403115612493
2.2471114119426994 3.3400108778824924 -0.02938403115693089
2.2514747350726849 3.3398826658596894 -0.029384031158603607
2.2558380582026709 3.3397544538368797 -0.029384031159961434
2.2602013813326569 3.3396262418140648 -0.029384031161092432
2.2645647044626425 3.3394980297912458 -0.029384031161631574
2.2689280275926285 3.3393698177684259 -0.029384031161702674
2.2732913507226145 3.339241605745606 -0.029384031161480834
2.2776546738526 3.3391133937227879 -0.029384031161084758
2.282017996982586 3.3389851816999712 -0.029384031160753547
2.2863813201125716 3.3388569696771562 -0.029384031160337134
2.2907446432425576 3.3387287576543425 -0.02938403116019668
2.2951079663725436 3.3386005456315289 -0.029384031160249912
2.2994712895025291 3.3384723336087152 -0.029384031160186425
2.3038346126325151 3.3383441215859015 -0.029384031160387139
2.3081979357625007 3.3382159095630866 -0.029384031160563762
2.3125612588924866 3.3380876975402716 -0.029384031160572577
2.3169245820224726 3.3379594855174561 -0.029384031160657038
2.3212879051524582 3.3378312734946407 -0.029384031160624682
2.3256512282824442 3.3377030614718253 -0.02938403116066966
2.3300145514124297 3.3375748494490098 -0.02938403116052209
2.3343778745424157 3.3374466374261953 -0.029384031160456726
2.3387411976724017 3.3373184254033803 -0.029384031160551459
2.3431045208023873 3.3371902133805653 -0.029384031160552191
2.3474678439323733 3.3370620013577503 -0.029384031160454523
2.3518311670623593 3.3369337893349358 -0.02938403116053016
2.3561944901923448 3.3368055773121204 -0.029384031160639607
2.3605578133223308 3.3366773652893054 -0.029384031160431492
2.3649211364523164 3.3365491532664908 -0.029384031160543837
2.3692844595823024 3.3364209412436754 -0.029384031160607903
2.3736477827122884 3.3362927292208604 -0.029384031160535652
2.3780111058422739 3.3361645171980454 -0.029384031160464247
2.3823744289722599 3.3360363051752309 -0.029384031160516785
2.3867377521022455 3.3359080931524154 -0.029384031160683343
2.3911010752322315 3.3357798811296 -0.029384031160575252
2.3954643983622175 3.335651669106785 -0.02938403116052675
2.399827721492203 3.33552345708397 -0.029384031160532523
2.404191044622189 3.335395245061155 -0.029384031160557912
2.4085543677521746 3.33526703303834 -0.029384031160450571
2.4129176908821606 3.3351388210155255 -0.029384031160549239
2.4172810140121466 3.3350106089927101 -0.029384031160558235
2.4216443371421321 3.3348823969698955 -0.029384031160432582
2.4260076602721181 3.3347541849470805 -0.029384031160620834
2.4303709834021041 3.3346259729242651 -0.029384031160595191
2.4347343065320897 3.3344977609014501 -0.029384031160518482
2.4390976296620757 3.3343695488786351 -0.02938403116054563
2.4434609527920612 3.3342413368558201 -0.029384031160513763
2.4478242759220472 3.3341131248330051 -0.029384031160614072
2.4521875990520332 3.3339849128101897 -0.029384031160541058
2.4565509221820188 3.3338567007873752 -0.029384031160436454
2.4609142453120048 3.3337284887645602 -0.029384031160622541
2.4652775684419903 3.3336002767417448 -0.029384031160593464
2.4696408915719763 3.3334720647189298 -0.029384031160523696
2.4740042147019623 3.3333438526961148 -0.029384031160517524
2.4783675378319479 3.3332156406732998 -0.029384031160620962
2.4827308609619338 3.3330874286504844 -0.029384031160518697
2.4870941840919194 3.3329592166276698 -0.029384031160519002
2.4914575072219054 3.3328310046048544 -0.029384031160620053
2.4958208303518914 3.3327027925820394 -0.029384031160511893
2.5001841534818769 3.3325745805592244 -0.029384031160547133
2.5045474766118629 3.3324463685364094 -0.029384031160514329
2.5089107997418489 3.3323181565135944 -0.029384031160601339
2.5132741228718345 3.332189944490779 -0.029384031160600399
2.5176374460018205 3.332061732467964 -0.029384031160517153
2.522000769131806 3.331933520445149 -0.029384031160545734
2.526364092261792 3.331805308422334 -0.029384031160514679
2.530727415391778 3.331677096399519 -0.029384031160601325
2.5350907385217636 3.3315488843767036 -0.029384031160600101
2.5394540616517496 3.3314206723538886 -0.02938403116051836
2.5438173847817351 3.3312924603310736 -0.029384031160541207
2.5481807079117211 3.3311642483082586 -0.029384031160531569
2.5525440310417071 3.3310360362854436 -0.029384031160538289
2.5569073541716927 3.3309078242626287 -0.029384031160530025
2.5612706773016787 3.3307796122398137 -0.029384031160556354
2.5656340004316642 3.3306514002169987 -0.029384031160459297
2.5699973235616502 3.3305231881941841 -0.029384031160515876
2.5743606466916362 3.3303949761713687 -0.029384031160682975
2.5787239698216218 3.3302667641485533 -0.029384031160577657
2.5830872929516078 3.3301385521257383 -0.029384031160526493
2.5874506160815938 3.3300103401029233 -0.029384031160522146
2.5918139392115793 3.3298821280801083 -0.029384031160599698
2.5961772623415653 3.3297539160572929 -0.02938403116059916
2.6005405854715509 3.3296257040344779 -0.029384031160523748
2.6049039086015369 3.3294974920116629 -0.029384031160520591
2.6092672317315229 3.3293692799888479 -0.02938403116059966
2.6136305548615084 3.3292410679660325 -0.02938403116060085
2.6179938779914944 3.3291128559432175 -0.029384031160517032
2.62235720112148 3.3289846439204025 -0.029384031160545759
2.626720524251466 3.3288564318975875 -0.029384031160514669
2.631083847381452 3.3287282198747725 -0.029384031160601336
2.6354471705114375 3.3286000078519571 -0.029384031160600094
2.6398104936414235 3.3284717958291421 -0.029384031160518392
2.6441738167714091 3.3283435838063271 -0.029384031160541089
2.6485371399013951 3.3282153717835121 -0.029384031160532006
2.6529004630313811 3.3280871597606971 -0.029384031160536655
2.6572637861613666 3.3279589477378821 -0.029384031160536121
2.6616271092913526 3.3278307357150672 -0.029384031160533612
2.6659904324213386 3.3277025236922522 -0.029384031160535208
2.6703537555513241 3.3275743116694372 -0.029384031160540315
2.6747170786813101 3.3274460996466222 -0.029384031160518277
2.6790804018112957 3.3273178876238072 -0.029384031160601329
2.6834437249412817 3.3271896756009918 -0.029384031160596499
2.6878070480712677 3.3270614635781768 -0.029384031160523804
2.6921703712012532 3.3269332515553618 -0.029384031160523027
2.6965336943312392 3.3268050395325468 -0.029384031160598852
2.7008970174612248 3.3266768275097314 -0.029384031160601665
2.7052603405912108 3.3265486154869164 -0.029384031160514586
2.7096236637211968 3.3264204034641014 -0.029384031160545759
2.7139869868511823 3.3262921914412864 -0.029384031160517122
2.7183503099811683 3.3261639794184714 -0.02938403116060051
2.7227136331111539 3.326035767395656 -0.029384031160600923
2.7270769562411399 3.325907555372841 -0.029384031160515897
2.7314402793711259 3.325779343350026 -0.029384031160541262
2.7358036025011114 3.325651131327211 -0.029384031160533813
2.7401669256310974 3.325522919304396 -0.02938403116053824
2.7445302487610834 3.325394707281581 -0.029384031160519006
2.748893571891069 3.3252664952587661 -0.029384031160600507
2.753256895021055 3.3251382832359506 -0.029384031160599046
2.7576202181510405 3.3250100712131356 -0.029384031160523405
2.7619835412810265 3.3248818591903206 -0.029384031160522094
2.7663468644110125 3.3247536471675057 -0.029384031160593998
2.7707101875409981 3.3246254351446902 -0.029384031160622007
2.7750735106709841 3.3244972231218752 -0.029384031160438043
2.7794368338009696 3.3243690110990607 -0.029384031160535232
2.7838001569309556 3.3242407990762453 -0.029384031160635801
2.7881634800609416 3.3241125870534303 -0.029384031160432676
2.7925268031909272 3.3239843750306157 -0.02938403116054291
2.7968901263209132 3.3238561630078003 -0.029384031160610443
2.8012534494508987 3.3237279509849853 -0.029384031160535409
2.8056167725808847 3.3235997389621703 -0.029384031160462683
2.8099800957108707 3.3234715269393558 -0.029384031160514291
2.8143434188408563 3.3233433149165403 -0.029384031160694903
2.8187067419708423 3.3232151028937249 -0.02938403116053151
2.8230700651008283 3.3230868908709104 -0.029384031160384825
2.8274333882308138 3.3229586788480958 -0.029384031160533286
2.8317967113607998 3.3228304668252804 -0.02938403116069677
2.8361600344907854 3.3227022548024649 -0.029384031160505048
2.8405233576207713 3.3225740427796504 -0.02938403116049779
2.8448866807507573 3.322445830756835 -0.029384031160709579
2.8492500038807429 3.3223176187340195 -0.029384031160489335
2.8536133270107289 3.322189406711205 -0.02938403116054784
2.8579766501407144 3.3220611946883896 -0.029384031160534056
2.8623399732707004 3.321932982665575 -0.029384031160530708
2.8667032964006864 3.3218047706427596 -0.029384031160548878
2.871066619530672 3.321676558619945 -0.029384031160488551
2.875429942660658 3.3215483465971296 -0.029384031160711688
2.8797932657906435 3.3214201345743142 -0.029384031160490126
2.8841565889206295 3.3212919225514996 -0.029384031160542553
2.8885199120506155 3.3211637105286842 -0.02938403116054545
2.8928832351806011 3.3210354985058697 -0.029384031160490397
2.8972465583105871 3.3209072864830542 -0.029384031160707706
2.9016098814405731 3.3207790744602388 -0.02938403116049523
2.9059732045705586 3.3206508624374242 -0.029384031160526139
2.9103365277005446 3.3205226504146088 -0.02938403116061496
2.9146998508305302 3.3203944383917938 -0.029384031160534105
2.9190631739605162 3.3202662263689788 -0.029384031160463377
2.9234264970905022 3.3201380143461643 -0.029384031160512809
2.9277898202204877 3.3200098023233489 -0.029384031160700132
2.9321531433504737 3.3198815903005334 -0.029384031160512067
2.9365164664804593 3.3197533782777189 -0.029384031160466346
2.9408797896104453 3.3196251662549039 -0.029384031160531961
2.9452431127404313 3.3194969542320889 -0.029384031160611588
2.9496064358704168 3.3193687422092735 -0.029384031160541772
2.9539697590004028 3.3192405301864589 -0.029384031160436076
2.9583330821303884 3.3191123181636439 -0.029384031160623346
2.9626964052603744 3.3189841061408285 -0.029384031160590639
2.9670597283903604 3.3188558941180135 -0.02938403116052522
2.9714230515203459 3.3187276820951985 -0.029384031160523238
2.9757863746503319 3.3185994700723835 -0.029384031160596558
2.9801496977803179 3.3184712580495681 -0.02938403116060162
2.9845130209103035 3.3183430460267531 -0.029384031160517046
2.9888763440402895 3.3182148340039381 -0.029384031160544936
2.993239667170275 3.3180866219811231 -0.029384031160517961
2.997602990300261 3.3179584099583082 -0.029384031160597981
3.001966313430247 3.3178301979354927 -0.029384031160601242
3.0063296365602326 3.3177019859126777 -0.02938403116051715
3.0106929596902186 3.3175737738898627 -0.029384031160544912
3.0150562828202041 3.3174455618670478 -0.029384031160517948
3.0194196059501901 3.3173173498442328 -0.029384031160598054
3.0237829290801761 3.3171891378214173 -0.02938403116060094
3.0281462522101616 3.3170609257986023 -0.029384031160518284
3.0325095753401476 3.3169327137757874 -0.029384031160540676
3.0368728984701332 3.3168045017529724 -0.029384031160533761
3.0412362216001192 3.3166762897301574 -0.029384031160539021
3.0455995447301052 3.3165480777073424 -0.029384031160515921
3.0499628678600907 3.3164198656845274 -0.029384031160612056
3.0543261909900767 3.3162916536617124 -0.029384031160250599
3.0586895141200627 3.3161634416388974 -0.029384031161591325
3.0630528372500483 3.316035229616082 -0.029384031156904182
3.0674161603800343 3.3159070175932688 -0.029384031173090699
3.0717794835100198 3.3157788055704462 -0.029384031117917112
3.0761428066400058 3.3156505935476606 -0.029384031303494301
3.0805061297699918 3.3155223815247377 -0.029384030685355448
3.0848694528999774 3.3153941695023241 -0.029384032716473392
3.0892327760299634 3.315265957478009 -0.029384026167360192
3.0935960991599489 3.3151377454607931 -0.02938404675907472
3.0979594222899349 3.3150095334170828 -0.029383984276454136
3.1023227454199209 3.3148813214722486 -0.029384163849251965
3.1066860685499065 3.3147531091584046 -0.029383693770936487
3.1110493916798925 3.3146248982217257 -0.029384701354849746
3.115412714809878 3.3144966821453945 -0.029383727993163924
3.119776037939864 3.3143684852505086 -0.029376959430243217
3.12413936106985 3.314240216769492 -0.029441037851259417
3.1285026841998356 3.3141122154515541 -0.029057023925859553
3.1328660073298216 3.3139832170674319 -0.031030845615234712
3.1372293304598076 3.3138579397849695 -0.0216466639513062
3.1415926535897931 3.3137978427034369 -0.0098365228215746125
3.1459559767197791 3.3137377456219044 -0.021646663951231281
3.1503192998497647 3.3136124683394423 -0.031030845615235995
3.1546826229797507 3.3134834699553197 -0.029057023925938372
3.1590459461097367 3.3133554686373818 -0.029441037851239148
3.1634092692397222 3.3132272001563652 -0.029376959430245441
3.1677725923697082 3.3130990032614793 -0.02938372799318428
3.1721359154996938 3.3129707871851481 -0.029384701354766091
3.1764992386296798 3.3128425762484697 -0.029383693770945421
3.1808625617596658 3.3127143639346253 -0.029384163849290899
3.1852258848896513 3.3125861519897914 -0.029383984276289493
3.1895892080196373 3.3124579399460816 -0.029384046759092678
3.1939525311496229 3.3123297279288653 -0.02938402616745299
3.1983158542796088 3.3122015159045501 -0.02938403271638957
3.2026791774095948 3.3120733038821371 -0.029384030685283644
3.2070425005395804 3.3119450918592142 -0.029384031303560012
3.2114058236695664 3.311816879836428 -0.029384031118040381
3.2157691467995524 3.311688667813605 -0.029384031173133582
3.2201324699295379 3.3115604557907918 -0.029384031156914708
3.2244957930595239 3.3114322437679764 -0.029384031161506334
3.2288591161895095 3.3113040317451619 -0.029384031160274694
3.2332224393194955 3.3111758197223464 -0.029384031160609635
3.2375857624494815 3.3110476076995319 -0.029384031160492534
3.241949085579467 3.3109193956767164 -0.029384031160634996
3.246312408709453 3.3107911836539015 -0.029384031160487569
3.2506757318394386 3.3106629716310865 -0.029384031160629483
3.2550390549694246 3.310534759608271 -0.029384031160514572
3.2594023780994106 3.3104065475854565 -0.029384031160518003
3.2637657012293961 3.3102783355626411 -0.029384031160628168
3.2681290243593821 3.3101501235398261 -0.029384031160489394
3.2724923474893677 3.3100219115170111 -0.029384031160629015
3.2768556706193537 3.3098936994941957 -0.029384031160514638
3.2812189937493397 3.3097654874713811 -0.029384031160518211
3.2855823168793252 3.3096372754485657 -0.029384031160627266
3.2899456400093112 3.3095090634257507 -0.029384031160492808
3.2943089631392972 3.3093808514029357 -0.029384031160607286
3.2986722862692828 3.3092526393801203 -0.02938403116059813
3.3030356093992688 3.3091244273573053 -0.029384031160520272
3.3073989325292543 3.3089962153344903 -0.029384031160535534
3.3117622556592403 3.3088680033116753 -0.029384031160552344
3.3161255787892263 3.3087397912888603 -0.029384031160460882
3.3204889019192119 3.3086115792660458 -0.029384031160513555
3.3248522250491979 3.3084833672432303 -0.029384031160699649
3.3292155481791834 3.3083551552204149 -0.02938403116051326
3.3335788713091694 3.3082269431976004 -0.029384031160462055
3.3379421944391554 3.3080987311747854 -0.029384031160538965
3.342305517569141 3.3079705191519704 -0.029384031160596825
3.346668840699127 3.3078423071291549 -0.029384031160593821
3.351032163829113 3.30771409510634 -0.029384031160539011
3.3553954869590985 3.307585883083525 -0.0293840311604649
3.3597588100890845 3.3074576710607104 -0.029384031160510828
3.3641221332190701 3.307329459037895 -0.029384031160706529
3.3684854563490561 3.3072012470150796 -0.029384031160488478
3.372848779479042 3.307073034992265 -0.029384031160545335
3.3772121026090276 3.3069448229694496 -0.029384031160544926
3.3815754257390136 3.306816610946635 -0.02938403116048972
3.3859387488689991 3.3066883989238196 -0.029384031160710946
3.3903020719989851 3.3065601869010042 -0.02938403116049192
3.3946653951289711 3.3064319748781896 -0.029384031160527152
3.3990287182589567 3.3063037628553742 -0.029384031160614235
3.4033920413889427 3.3061755508325592 -0.029384031160536003
3.4077553645189282 3.3060473388097442 -0.029384031160456514
3.4121186876489142 3.3059191267869297 -0.029384031160547358
3.4164820107789002 3.3057909147641142 -0.029384031160559817
3.4208453339088858 3.3056627027412997 -0.029384031160428148
3.4252086570388718 3.3055344907184847 -0.029384031160637019
3.4295719801688578 3.3054062786956693 -0.029384031160534878
3.4339353032988433 3.3052780666728547 -0.029384031160438216
3.4382986264288293 3.3051498546500397 -0.029384031160621688
3.4426619495588149 3.3050216426272243 -0.029384031160595122
3.4470252726888009 3.3048934306044093 -0.029384031160517906
3.4513885958187869 3.3047652185815943 -0.029384031160539028
3.4557519189487724 3.3046370065587793 -0.029384031160540731
3.4601152420787584 3.3045087945359644 -0.029384031160512795
3.464478565208744 3.3043805825131494 -0.029384031160622836
3.46884188833873 3.3042523704903339 -0.02938403116051596
3.473205211468716 3.3041241584675194 -0.029384031160519089
3.4775685345987015 3.303995946444704 -0.029384031160622437
3.4819318577286875 3.303867734421889 -0.029384031160511258
3.4862951808586731 3.303739522399074 -0.029384031160547292
3.4906585039886591 3.303611310376259 -0.029384031160514322
3.4950218271186451 3.303483098353444 -0.029384031160601183
3.4993851502486306 3.3033548863306286 -0.029384031160601034
3.5037484733786166 3.3032266743078136 -0.029384031160514749
3.5081117965086026 3.3030984622849986 -0.029384031160545755
3.5124751196385882 3.3029702502621836 -0.029384031160517007
3.5168384427685742 3.3028420382393686 -0.029384031160600954
3.5212017658985597 3.3027138262165532 -0.029384031160599254
3.5255650890285457 3.3025856141937382 -0.029384031160522118
3.5299284121585317 3.3024574021709232 -0.029384031160518048
3.5342917352885173 3.3023291901481082 -0.029384031160620449
3.5386550584185033 3.3022009781252928 -0.029384031160520241
3.5430183815484888 3.3020727661024782 -0.029384031160513337
3.5473817046784748 3.3019445540796628 -0.029384031160641172
3.5517450278084608 3.3018163420568478 -0.029384031160433095
3.5561083509384463 3.3016881300340333 -0.029384031160535874
3.5604716740684323 3.3015599180112178 -0.029384031160638174
3.5648349971984179 3.3014317059884029 -0.02938403116043151
3.5691983203284039 3.3013034939655883 -0.029384031160545214
3.5735616434583899 3.3011752819427729 -0.029384031160593415
3.5779249665883754 3.3010470699199579 -0.029384031160601228
3.5822882897183614 3.3009188578971425 -0.029384031160521757
3.5866516128483474 3.3007906458743279 -0.029384031160517538
3.591014935978333 3.3006624338515125 -0.02938403116062285
3.595378259108319 3.3005342218286975 -0.02938403116051113
3.5997415822383045 3.3004060098058825 -0.029384031160547362
3.6041049053682905 3.3002777977830675 -0.029384031160514166
3.6084682284982765 3.3001495857602525 -0.029384031160601745
3.6128315516282621 3.3000213737374371 -0.029384031160598938
3.6171948747582481 3.2998931617146221 -0.029384031160522579
3.6215581978882336 3.2997649496918071 -0.029384031160525483
3.6259215210182196 3.2996367376689921 -0.029384031160590254
3.6302848441482056 3.2995085256461767 -0.029384031160624605
3.6346481672781912 3.2993803136233617 -0.02938403116043143
3.6390114904081772 3.2992521016005472 -0.029384031160559099
3.6433748135381627 3.2991238895777317 -0.029384031160546935
3.6477381366681487 3.2989956775549172 -0.029384031160467918
3.6521014597981347 3.2988674655321022 -0.029384031160481827
3.6564647829281203 3.2987392535092876 -0.029384031160514208
3.6608281060581063 3.2986110414864722 -0.029384031160676092
3.6651914291880923 3.2984828294636568 -0.029384031160597859
3.6695547523180778 3.2983546174408414 -0.029384031160757908
3.6739180754480638 3.298226405418025 -0.029384031160806602
3.6782813985780494 3.2980981933952092 -0.029384031160757114
3.6826447217080354 3.2979699813723933 -0.029384031160601044
3.6870080448380214 3.2978417693495787 -0.029384031160349808
3.6913713679680069 3.2977135573267651 -0.029384031159993156
3.6957346910979929 3.2975853453039536 -0.029384031159533659
3.7000980142279785 3.2974571332811431 -0.029384031159590963
3.7044613373579645 3.2973289212583317 -0.029384031159821251
3.7088246604879505 3.2972007092355189 -0.029384031160360476
3.713187983617936 3.2970724972127026 -0.029384031161340928
3.717551306747922 3.2969442851898814 -0.029384031162681228
3.7219146298779076 3.2968160731670539 -0.029384031163972892
3.7262779530078936 3.2966878611442225 -0.029384031164488632
3.7306412761378795 3.2965596491213915 -0.029384031163567689
3.7350045992678651 3.2964314370985681 -0.029384031161248696
3.7393679223978511 3.2963032250757571 -0.029384031157705607
3.7437312455278371 3.2961750130529648 -0.029384031152814637
3.7480945686578226 3.2960468010301947 -0.029384031147839957
3.7524578917878086 3.2959185890074409 -0.029384031146065647
3.7568212149177942 3.2957903769846837 -0.029384031149282897
3.7611845380477802 3.295662164961902 -0.029384031157424204
3.7655478611777662 3.2955339529390733 -0.029384031170791396
3.7699111843077517 3.2954057409161752 -0.029384031189187598
3.7742745074377377 3.2952775288931933 -0.029384031207575594
3.7786378305677233 3.2951493168701513 -0.029384031214555378
3.7830011536977093 3.2950211048471187 -0.029384031203056233
3.7873644768276953 3.2948928928241772 -0.029384031173058749
3.7917277999576808 3.2947646808014071 -0.029384031124104846
3.7960911230876668 3.2946364687788936 -0.029384031055576687
3.8004544462176524 3.2945082567566937 -0.029384030986595325
3.8048177693476384 3.2943800447347216 -0.029384030958847708
3.8091810924776244 3.2942518327127237 -0.029384030999883917
3.8135444156076099 3.2941236206903923 -0.029384031110510297
3.8179077387375959 3.2939954086674286 -0.029384031291068365
3.8222710618675819 3.2938671966435162 -0.029384031545187116
3.8266343849975675 3.2937389846184342 -0.029384031804602615
3.8309977081275535 3.2936107725924844 -0.029384031913690833
3.835361031257539 3.2934825605666038 -0.029384031766911636
3.839724354387525 3.2933543485419401 -0.029384031360695107
3.844087677517511 3.2932261365196056 -0.029384030694245455
3.8484510006474966 3.2930979245007808 -0.02938402975174802
3.8528143237774826 3.2929697124863164 -0.029384028777071542
3.8571776469074681 3.2928415004751557 -0.02938402834883367
3.8615409700374541 3.2927132884638408 -0.029384028871038241
3.8659042931674401 3.2925850764480931 -0.029384030364235994
3.8702676162974257 3.2924568644237513 -0.029384032825894923
3.8746309394274117 3.2923286523864279 -0.029384036320372026
3.8789942625573972 3.2922004403328526 -0.029384039980281842
3.8833575856873832 3.2920722282667185 -0.029384041654965373
3.8877209088173692 3.2919440162007758 -0.029384039799538107
3.8920842319473548 3.291815804150978 -0.029384034314583696
3.8964475550773408 3.2916875921328641 -0.029384025225132306
3.9008108782073267 3.2915593801627687 -0.029384012268503703
3.9051742013373123 3.2914311682532329 -0.029383998531720346
3.9095375244672983 3.2913029563914002 -0.029383991999510833
3.9139008475972838 3.2911747445302839 -0.029383998574342724
3.9182641707272698 3.2910465326104013 -0.02938401871947104
3.9226274938572558 3.2909183205737125 -0.029384052278838394
3.9269908169872414 3.2907901083594338 -0.029384100308072675
3.9313541401172274 3.2906618959195564 -0.029384151843825337
3.9357174632472129 3.2905336832986301 -0.029384177261878246
3.9400807863771989 3.2904054706697106 -0.029384154029698222
3.9444441095071849 3.2902772582545565 -0.029384080061752641
3.9488074326371705 3.2901490462699545 -0.029383956165651058
3.9531707557671565 3.2900208349420872 -0.029383778154731081
3.957534078897142 3.289892624454402 -0.029383584890324742
3.961897402027128 3.2897644146533369 -0.029383486206975919
3.966260725157114 3.2896362049018353 -0.029383568042238361
3.9706240482870996 3.289507994373305 -0.029383839552774248
3.9749873714170856 3.2893797822579804 -0.029384296920286927
3.9793506945470716 3.2892515677142629 -0.029384956579121997
3.9837140176770571 3.2891233500422947 -0.029385681042989397
3.9880773408070431 3.2889951297683013 -0.029386063376116638
3.9924406639370287 3.2888669092361114 -0.029385776123417133
3.9968039870670147 3.2887386915262846 -0.029384779809959117
4.0011673101970002 3.2886104796636668 -0.029383091557743497
4.0055306333269867 3.2884822767796229 -0.029380647422649755
4.0098939564569722 3.2883540855400986 -0.029377932820654529
4.0142572795869578 3.2882259041541304 -0.029376454375639936
4.0186206027169442 3.2880977240033733 -0.02937745868292287
4.0229839258469298 3.2879695336091932 -0.029381113489116924
4.0273472489769153 3.2878413216719538 -0.029387344732476159
4.0317105721069009 3.2877130765408422 -0.029396399294699699
4.0360738952368873 3.2875847880750277 -0.029406566974766575
4.0404372183668729 3.2874564623212201 -0.029412273774892136
4.0448005414968584 3.2873281309503355 -0.029408778247621857
4.0491638646268449 3.2871998367255761 -0.02939537577979032
4.0535271877568304 3.2870716218594138 -0.029372378431803597
4.057890510886816 3.2869435297013152 -0.029338839489513428
4.0622538340168024 3.2868155987734733 -0.029300770997823765
4.066617157146788 3.2866878088547864 -0.02927877939454358
4.0709804802767735 3.2865600436333064 -0.029290882997222881
4.0753438034067591 3.2864321438270081 -0.029340013346071406
4.0797071265367455 3.2863039517364312 -0.029424881919903684
4.0840704496667311 3.2861753060641039 -0.029549096982211087
4.0884337727967166 3.2860460606615391 -0.029691572136141368
4.092797095926703 3.2859162823722161 -0.029776186542027839
4.0971604190566886 3.2857863980727435 -0.029734526920898341
4.1015237421866741 3.285657000929739 -0.029554494094419469
4.1058870653166606 3.2855286801002048 -0.029241322275053092
4.1102503884466461 3.2854020357881266 -0.028781335253500916
4.1146137115766317 3.2852776217909399 -0.028248315101831612
4.1189770347066181 3.2851552203046861 -0.027923230574641193
4.1233403578366037 3.2850332657284871 -0.028065615523340984
4.1277036809665892 3.2849095495651399 -0.028725065642249421
4.1320670040965748 3.2847818707059022 -0.029880607324178108
4.1364303272265612 3.2846479955314085 -0.031583812030212072
4.1407936503565468 3.2845058279732777 -0.033577147090667066
4.1451569734865323 3.2843560647984402 -0.034824386518058061
4.1495202966165188 3.2842044438103666 -0.034341793399794242
4.1538836197465043 3.2840591859963579 -0.031927268517334934
4.1582469428764899 3.2839285149150195 -0.027663866320034834
4.1626102660064763 3.2838207438002303 -0.02135804415387817
4.1669735891364619 3.2837437972999051 -0.013906434037772598
4.1713369122664474 3.2836955001317305 -0.009127423084293625
4.1757002353964339 3.2836548396751724 -0.010746631057366108
4.1800635585264194 3.2835912206291979 -0.019583357304312134
4.184426881656405 3.2834739185409143 -0.03531214873786484
4.1887902047863905 3.2832719882291586 -0.058656078217312106
4.193153527916377 3.2829555005377697 -0.086501501638259787
4.1975168510463625 3.2825310194317385 -0.10479053334625883
4.2018801741763481 3.282075434453378 -0.099425232915744607
4.2062434973063345 3.2817025832303579 -0.067099310210263205
4.2106068204363201 3.2815272580164168 -0.0090758814399597692
4.2149701435663056 3.2816646686906421 0.077334718675343014
4.2193334666962921 3.2822277319473701 0.18134740556927212
4.2236967898262776 3.2831976363418356 0.25126657756920062
4.2280601129562632 3.2842932329863501 0.23372018951534596
4.2324234360862487 3.2850911500984341 0.11573682480618078
4.2367867592162352 3.2851622390795585 -0.099182910596108453
4.2411500823462207 3.2840781859766848 -0.4154680101147849
4.2455134054762063 3.2814118745157002 -0.81750578267897756
4.2498767286061927 3.2769348684905792 -1.2258921832791123
4.2542400517361783 3.2708274371372354 -1.556248567882929
4.2586033748661638 3.2634987067119874 -1.7871378984093846
4.2629666979961502 3.2553698606422321 -1.9230465744508229
4.2673300211261358 3.2468592904390325 -1.9610957158062827
4.2716933442561213 3.2383863062366807 -1.9096024251517301
4.2760566673861078 3.230259732217212 -1.8135101182904323
4.2804199905160933 3.2225538323456071 -1.7219643002010723
4.2847833136460789 3.2152071502729762 -1.648025675060351
4.2891466367760644 3.2081495419846919 -1.5895935342950926
4.2935099599060509 3.2013128828055275 -1.5465948114877277
4.2978732830360364 3.1946288010284039 -1.5202039319734175
4.302236606166022 3.1880123562878699 -1.5173578777825187
4.3065999292960084 3.1813418536689952 -1.5457966325754255
4.310963252425994 3.1744736463257124 -1.6079868825156352
4.3153265755559795 3.1672624773728901 -1.7025219166829135
4.319689898685966 3.1595639627567267 -1.8330687592934296
4.3240532218159515 3.1512299554616261 -1.988353131740334
4.3284165449459371 3.1422791055124897 -2.09771114871686
4.3327798680759235 3.1331092054564547 -2.0797122362875666
4.3371431912059091 3.1243522145401661 -1.9090622161961655
4.3415065143358946 3.116660306590628 -1.5934686907212174
4.3458698374658802 3.1106780411990145 -1.1187320702590469
4.3502331605958666 3.1070706480718129 -0.52496654943993881
4.3545964837258522 3.1058766510124087 -0.082594453837316173
4.3589598068558377 3.1056619277802753 -0.11322036184537848
4.3633231299858242 3.104052770506132 -0.71853196293104626
4.3676864531158097 3.0985842226668829 -1.8789233660571196
4.3720497762457953 3.0868176797274645 -3.6157501065511659
4.3764130993757817 3.0662727170380855 -5.8738310346560976
4.3807764225057673 3.035389447638345 -8.2483735131338243
4.3851397456357528 2.9948439242057008 -10.243495292931028
4.3895030687657384 2.946786256428795 -11.696712207520035
4.3938663918957248 2.8935254344326733 -12.631118084592025
4.3982297150257104 2.8373315324347796 -13.034340245625783
4.4025930381556959 2.7805088869916208 -12.9359751350579
4.4069563612856824 2.7248206504246952 -12.578543475806278
4.4113196844156679 2.6706729145232528 -12.267502895544963
4.4156830075456535 2.6175470639885434 -12.10733001429845
4.4200463306756399 2.5648146796019216 -12.08593809961841
4.4244096538056255 2.5118718055816807 -12.205873255236337
4.428772976935611 2.458101883188045 -12.460883134087746
4.4331363000655974 2.4030226457933619 -12.789763721398925
4.437499623195583 2.3464975257902871 -13.113565830247728
4.4418629463255686 2.2886337266722592 -13.404000422045151
4.4462262694555541 2.2295703720161311 -13.663621542412486
4.4505895925855405 2.1694401803089529 -13.892959230073766
4.4549529157155261 2.1083765981486122 -14.091242487749856
4.4593162388455116 2.0465224216966194 -14.254096367266547
4.4636795619754981 1.9840465360806494 -14.375425920306554
4.4680428851054836 1.9211367518885993 -14.453036248549353
4.4724062082354692 1.8579834742801271 -14.487005809502977
4.4767695313654556 1.7947767920422284 -14.47764929711056
4.4811328544954412 1.7317059164752755 -14.424450315298763
4.4854961776254267 1.6689716392071707 -14.32180102306482
4.4898595007554132 1.6068078331776081 -14.161942099195485
4.4942228238853987 1.5454730980588209 -13.94177278602789
4.4985861470153843 1.4852297005448896 -13.661933327936406
4.5029494701453698 1.4263385103142083 -13.321402763798989
4.5073127932753563 1.3690641312383858 -12.922017768830127
4.5116761164053418 1.3136274714807306 -12.484928117198095
4.5160394395353274 1.2601236088325385 -12.040255584047323
4.5204027626653138 1.2085497727320282 -11.600153457582737
4.5247660857952994 1.1588871370827039 -11.164201354349753
4.5291294089252849 1.1111192868624056 -10.731308759883014
4.5334927320552714 1.0652323076169519 -10.302881118976439
4.5378560551852569 1.0211792498673651 -9.8953811130043032
4.5422193783152425 0.97881298555610274 -9.5331434986315937
4.5465827014452289 0.93790609383929624 -9.2264495381800078
4.5509460245752145 0.89821723912636597 -8.974611754211951
4.5553093477052 0.8595079157835428 -8.7777201342933573
4.5596726708351856 0.82153776930853262 -8.635427658969471
4.564035993965172 0.78408027772721778 -8.5407930610400573
4.5683993170951576 0.74695115766119757 -8.4833767637515329
4.5727626402251431 0.71000125420657623 -8.4586846621543916
4.5771259633551296 0.67308795014285172 -8.466485212831147
4.5814892864851151 0.63606833763211457 -8.5079035282326014
4.5858526096151007 0.59879540242708651 -8.5816938748931975
4.5902159327450871 0.56116192885522953 -8.6671739489591815
4.5945792558750727 0.52319029448803034 -8.7318534637354901
4.5989425790050582 0.48501385882076353 -8.7609685686002923
4.6033059021350438 0.44678771521685506 -8.7548162956912439
4.6076692252650302 0.40866361801801182 -8.7143250022951104
4.6120325483950158 0.37079186743505294 -8.6387797561170352
4.6163958715250013 0.33334174135981054 -8.5180636234785645
4.6207591946549877 0.29654750196432483 -8.3356312791612321
4.6251225177849733 0.26070085872946808 -8.0836031977599614
4.6294858409149588 0.2261054843507686 -7.7623196455176871
4.6338491640449453 0.19306269258806652 -7.3716956670512763
4.6382124871749308 0.16187593414209284 -6.9118834500441446
4.6425758103049164 0.13283471470315722 -6.3904778297254561
4.6469391334349028 0.1061796897718555 -5.8201220767791835
4.6513024565648884 0.082106824488737407 -5.2069620178271157
4.6556657796948739 0.060802385445527615 -4.5511661348661283
4.6600291028248595 0.042453589225936242 -3.851929737884106
4.6643924259548459 0.027250434634031945 -3.1097370247477008
4.6687557490848315 0.015359283798330983 -2.3377943612062126
4.673119072214817 0.0068592209406850013 -1.5590513357661393
4.6774823953448035 0.0017468996697711573 -0.7851862118573173
4.681845718474789 0 -0.016256744592151064
4.6862090416047746 0.0015988628293747021 0.74843055621989119
4.690572364734761 0.0065246487740491348 1.5085525704107627
4.6949356878647466 0.014748318677401413 2.2582590379635996
4.6992990109947321 0.02620106782652603 2.9869204893884196
4.7036623341247186 0.040775313083135603 3.6889021987918005
4.7080256572547041 0.058354052188412185 4.3642343476783392
4.7123889803846897 0.07882183614578045 5.0130227701368755
4.7167523035146752 0.10206219874086037 5.6351825053107527
4.7211156266446617 0.12796364587382489 6.2336667492410713
4.7254789497746472 0.15643464388303568 6.8138900391626152
4.7298422729046328 0.18740379932564619 7.3788122109029972
4.7342055960346192 0.2208047701373525 7.9284998503827113
4.7385689191646048 0.25657058558132928 8.4627676067738253
4.7429322422945903 0.29463397581998085 8.9816524075396877
4.7472955654245768 0.33493039581584755 9.4868596816722501
4.7516588885545623 0.37740741109196341 9.9817308283761061
4.7560222116845479 0.42202519611788208 10.468190702922726
4.7603855348145334 0.46874723218663428 10.946141362392677
4.7647488579445199 0.51753616960544568 11.415751983783313
4.7691121810745054 0.56835647686889013 11.877122551821937
4.773475504204491 0.62116180962719925 12.323499679994546
4.7778388273344774 0.67585794272916078 12.74144215135534
4.782202150464463 0.7322990994160935 13.123103531693499
4.7865654735944485 0.79032527894662907 13.468086810266684
4.7909287967244349 0.84977788067119531 13.777009406331734
4.7952921198544205 0.91049993032202314 14.049879503596591
4.7996554429844061 0.97232255090081621 14.278981451044057
4.8040187661143925 1.0350204829255922 14.448220214078859
4.808382089244378 1.0983057673976622 14.547816829663555
4.8127454123743636 1.1618723509742461 14.577432417731771
4.8171087355043491 1.2254165663919105 14.537401254288984
4.8214720586343356 1.288633400612017 14.427440375820133
4.8258353817643211 1.351223203428412 14.251109285536149
4.8301987048943067 1.4129121721807751 14.015911609564053
4.8345620280242931 1.4734562260691682 13.726480049512823
4.8389253511542787 1.5326201352148194 13.383300863887007
4.8432886742842642 1.5901684477515656 12.985729134903716
4.8476519974142507 1.6458622231667173 12.5333070312114
4.8520153205442362 1.6994833104755849 12.040406005906753
4.8563786436742218 1.7509225042548942 11.539197354893709
4.8607419668042082 1.8001999334348751 11.0504536430487
4.8651052899341938 1.8473761637408979 10.57563935858855
4.8694686130641793 1.8925081467095339 10.113441342978259
4.8738319361941649 1.9356506928566888 9.6636907515764641
4.8781952593241513 1.9768747431749012 9.2379945629002371
4.8825585824541369 2.016342111080228 8.8636634824260074
4.8869219055841224 2.054326060271257 8.5589545556065332
4.8912852287141089 2.0911361508287598 8.3251120190410735
4.8956485518440944 2.1270782361169092 8.1613088844208797
4.90001187497408 2.1624596545981989 8.0680813961697915
4.9043751981040664 2.1975835314834309 8.0422358247977446
4.908738521234052 2.2327285392220153 8.0763015450741946
4.9131018443640375 2.2681422843599517 8.1651829652828827
4.9174651674940231 2.3040620646200702 8.3082859109710849
4.9218284906240095 2.3407253783122517 8.5061327604505816
4.9261918137539951 2.3783729831675053 8.759607101326198
4.9305551368839806 2.41722807270276 9.0548169537112795
4.9349184600139671 2.4574005917225126 9.3565063063928786
4.9392817831439526 2.498852018212804 9.6396488398910556
4.9436451062739382 2.5414920463803337 9.9019236741530143
4.9480084294039246 2.585234274422568 10.144720931141135
4.9523717525339102 2.6299932776359203 10.368156993156923
4.9567350756638957 2.675674485177483 10.564759590598666
4.9610983987938821 2.7221200200309488 10.714486878734856
4.9654617219238677 2.7690864541981637 10.802631865161002
4.9698250450538533 2.8162990906343319 10.827744829086603
4.9741883681838388 2.8634857061180443 10.790533508913351
4.9785516913138252 2.9103725263050406 10.690251073982166
4.9829150144438108 2.9566911720963001 10.531820132406237
4.9872783375737963 3.0022150876010403 10.328762099584942
4.9916416607037828 3.0467765390315975 10.091267324610653
4.9960049838337683 3.0902295238387003 9.8204373936644913
5.0003683069637539 3.1324267207922536 9.5157102537027605
5.0047316300937403 3.17321996635641 9.1767467457762759
5.0090949532237259 3.2124666707720593 8.8087186785628244
5.0134582763537114 3.2500702370818093 8.4267325440136673
5.0178215994836979 3.2860005476524261 8.0425207031363453
5.0221849226136834 3.3202533494422535 7.6575382195895898
5.026548245743669 3.35282312298984 7.2711449348537238
5.0309115688736545 3.3837037430821306 6.883159209102411
5.035274892003641 3.4128933666762356 6.4974754793693137
5.0396382151336265 3.4404250415602444 6.1256310089915198
5.0440015382636121 3.4663833223830944 5.7769849848036081
5.0483648613935985 3.4908742574337306 5.452754843334688
5.0527281845235841 3.5140024230639644 5.1524775605249289
5.0570915076535696 3.5358761121785691 4.8783310802478352
5.0614548307835561 3.5565864836573153 4.6128414768231698
5.0658181539135416 3.5760647061078479 4.3019448130113345
5.0701814770435272 3.5939966469781344 3.9007129012696562
5.0745448001735127 3.609964050123637 3.4026756663128346
5.0789081233034992 3.6235534350174139 2.8103349608400436
5.0832714464334847 3.6343432971814216 2.117920059739518
5.0876347695634703 3.6419469457923217 1.3644312541701293
5.0919980926934567 3.6463459761311214 0.67678908359975298
5.0963614158234423 3.6481063280771355 0.16329172336018549
5.1007247389534278 3.6480489703810042 -0.15906338040048104
5.1050880620834143 3.6469875278639474 -0.29626856576632193
5.1094513852133998 3.6457435442703092 -0.24095658999915684
5.1138147083433854 3.645106208759973 -0.033404809137917289
5.1181780314733718 3.6454739917166434 0.1892451423664584
5.1225413546033574 3.6466045544343273 0.30661084037829689
5.1269046777333429 3.6479670249456477 0.29839488261427255
5.1312680008633285 3.6490354580797257 0.17117586057628273
5.1356313239933149 3.6492793214133377 -0.080829736096652657
5.1399946471233005 3.6481869201245494 -0.43126863924897557
5.144357970253286 3.645508915882862 -0.78643559429610621
5.1487212933832724 3.6414402154568535 -1.0616814205285308
5.153084616513258 3.6363825218870631 -1.2416850211833208
5.1574479396432436 3.6307362493527893 -1.3310834765062818
5.16181126277323 3.624903859436523 -1.3261280272461211
5.1661745859032155 3.6192781638044664 -1.2424037331337865
5.1705379090332011 3.6140914858656847 -1.1382975057531579
5.1749012321631875 3.6092953960448524 -1.068051769675183
5.1792645552931731 3.6047064724006841 -1.0421553621616659
5.1836278784231586 3.6001408867163427 -1.0575037581195077
5.1879912015531442 3.5954135866147197 -1.1171472257551995
5.1923545246831306 3.5903461607496379 -1.2082648514119807
5.1967178478131162 3.5848982321858727 -1.2796185148821999
5.2010811709431017 3.5792792656836423 -1.2822976442080978
5.2054444940730882 3.5738227453932563 -1.2061346995227664
5.2098078172030737 3.5688630141151192 -1.0548505963752801
5.2141711403330593 3.5647375781697805 -0.82096377188548364
5.2185344634630457 3.5617694122517687 -0.53849569587614754
5.2228977865930313 3.5598974638757848 -0.35287090149249134
5.2272611097230168 3.5583416867778914 -0.4067511339458012
5.2316244328530024 3.555954023925306 -0.73143415383299781
5.2359877559829888 3.5515788565421893 -1.3172918115521819
5.2403510791129744 3.5440578953501074 -2.1785741188045415
5.2447144022429599 3.5322511333350417 -3.2571753216298345
5.2490777253729464 3.5156997518606676 -4.2903478359304028
5.2534410485029319 3.4952624091218256 -5.0130067785355727
5.2578043716329175 3.4724941774144891 -5.3635898563808846
5.2621676947629039 3.4489727361428546 -5.359068556769258
5.2665310178928895 3.4262748210353196 -4.9782245445904101
5.270894341022875 3.4059616441796483 -4.3002817657602401
5.2752576641528615 3.3886273461792071 -3.7051454153294259
5.279620987282847 3.3729343817682222 -3.587009513470353
5.2839843104128326 3.3564903520962104 -4.0425860571018903
5.2883476335428181 3.3368562388707588 -5.0481501064581575
5.2927109566728046 3.3116011994166232 -6.6283214505683015
5.2970742798027901 3.2782997586738412 -8.6990342323649514
5.3014376029327757 3.2355977353731435 -10.831674236763448
5.3058009260627621 3.1843509955423714 -12.568680235467729
5.3101642491927477 3.1266620383078929 -13.792272983217616
5.3145275723227332 3.0647031324637348 -14.526038817647246
5.3188908954527196 3.0006303881177407 -14.756551437768305
5.3232542185827052 2.9366050918064746 -14.521480553950919
5.3276175417126908 2.8742859871641624 -14.025537623417742
5.3319808648426772 2.8142617049128535 -13.493485596462619
5.3363441879726627 2.7564973563625741 -12.986017025396281
5.3407075111026483 2.7009162851590647 -12.493016450327339
5.3450708342326338 2.6474516836476649 -12.016199022049108
5.3494341573626203 2.5960339704407387 -11.553955208548532
5.3537974804926058 2.5466179608477932 -11.096141132050361
5.3581608036225914 2.4992118600436841 -10.631459734865622
5.3625241267525778 2.453855801425064 -10.156582729789852
5.3668874498825634 2.4105921248506617 -9.6726510434982504
5.3712507730125489 2.3694623389132041 -9.1774837413219714
5.3756140961425354 2.3305103366428024 -8.677595753262219
5.3799774192725209 2.2936830205270509 -8.2141546604833362
5.3843407424025065 2.2587056803096148 -7.8350306921550894
5.388704065532492 2.2251660011381409 -7.5545550005061068
5.3930673886624785 2.1926396501325307 -7.3704056857890352
5.397430711792464 2.1607051982815539 -7.2838056288232265
5.4017940349224496 2.1289391225575907 -7.2916283925302103
5.406157358052436 2.0969674006797789 -7.3725623775433959
5.4105206811824216 2.064532159505073 -7.5010879472660124
5.4148840043124071 2.0314502205720775 -7.6693807026325524
5.4192473274423936 1.9975458316215606 -7.8777957158590102
5.4236106505723791 1.9626422602421973 -8.1283051195983393
5.4279739737023647 1.9265594148192862 -8.4156488320732308
5.4323372968323511 1.8892041135620465 -8.7014498725304534
5.4367006199623367 1.850696122360576 -8.9383094120118649
5.4410639430923222 1.8112962699447417 -9.1108000422669786
5.4454272662223078 1.7712806991770953 -9.2205133388296652
5.4497905893522942 1.7309224761817041 -9.2680965953355425
5.4541539124822798 1.6904940657785652 -9.2518978975026993
5.4585172356122653 1.650294696099128 -9.1598899375439533
5.4628805587422518 1.6106914681273323 -8.9767668274744921
5.4672438818722373 1.5720980037680892 -8.6971280619743272
5.4716072050022229 1.5349336986492315 -8.3219264016736556
5.4759705281322093 1.4996161684469338 -7.8500053945027863
5.4803338512621949 1.4665663967991729 -7.2839462527767385
5.4846971743921804 1.4361549299028467 -6.6469431693826317
5.4890604975221668 1.4086198645537404 -5.9693818906755824
5.4934238206521524 1.3841056662429199 -5.2619668816427891
5.497787143782138 1.3627447292747186 -4.5241702157111607
5.5021504669121235 1.3446712477807128 -3.7544612007611295
5.5065137900421099 1.3300228293970902 -2.9559061088967828
5.5108771131720955 1.3188778405138271 -2.1561548715061494
5.5152404363020811 1.3111542451911891 -1.3925572897034664
5.5196037594320675 1.3066525851755861 -0.67908238189177017
5.523967082562053 1.3051565145477895 -0.014849013005972748
5.5283304056920386 1.3064526632900075 0.6010222706042373
5.532693728822025 1.3103290193460082 1.1671122639778542
5.5370570519520106 1.3165464019929576 1.6704721997269891
5.5414203750819961 1.32478910716049 2.093022975015117
5.5457836982119817 1.3346835706901821 2.4276345242263497
5.5501470213419681 1.3458472290639343 2.6749370425510053
5.5545103444719537 1.3578994522524019 2.8346816798584777
5.5588736676019392 1.3704580401094546 2.9074834776432956
5.5632369907319257 1.3831566525952428 2.9009561931015151
5.5676003138619112 1.395674066357109 2.8259543109303777
5.5719636369918968 1.4077244649927432 2.6868101101294553
5.5763269601218832 1.4190279757926414 2.4837705979923168
5.5806902832518688 1.4293045602443541 2.2154880507920018
5.5850536063818543 1.4382696595187183 1.8838844175977154
5.5894169295118408 1.4456887958933913 1.5139449176682085
5.5937802526418263 1.4514794341757771 1.1427079457490286
5.5981435757718119 1.4556815970557058 0.78576728470463064
5.6025068989017974 1.4583566902373732 0.44267587895542043
5.6068702220317839 1.4595629389211742 0.11214329233899739
5.6112335451617694 1.4593555809577112 -0.20446237866977843
5.615596868291755 1.4578257298636115 -0.48871074322285779
5.6199601914217414 1.4551790536047171 -0.71226333260867292
5.624323514551727 1.4517165171091786 -0.86262121006032011
5.6286868376817125 1.4477566953526915 -0.94048944965238268
5.633050160811699 1.4436146318175487 -0.94586699104406102
5.6374134839416845 1.4396076138670437 -0.87893829860091444
5.6417768070716701 1.4360390347657188 -0.74697667489180897
5.6461401302016565 1.4331670492823325 -0.56136102245629849
5.6505034533316421 1.431210831952598 -0.32720696118293602
5.6548667764616276 1.4303820365144961 -0.044644862656945658
5.6592300995916132 1.4308929185292705 0.28720524292401595
5.6635934227215996 1.4329589741113529 0.66759567138237308
5.6679567458515852 1.4367666944950759 1.0809229432988388
5.6723200689815707 1.4424025736624526 1.5016533276985264
5.6766833921115571 1.4498642270014623 1.9176637617226924
5.6810467152415427 1.4591308750998981 2.3292244748695006
5.6854100383715283 1.4701847925829983 2.7368300804899293
5.6897733615015147 1.4830080408201347 3.1401850732179901
5.6941366846315002 1.4975789661373979 3.5372759616294522
5.6985000077614858 1.5138623637889084 3.9245809103969709
5.7028633308914722 1.5318105986405821 4.3003372160852047
5.7072266540214578 1.5513732039563612 4.6646241562795661
5.7115899771514433 1.5725003237366622 5.0173603694334865
5.7159533002814289 1.5951411987615542 5.358590927045209
5.7203166234114153 1.6192510591056841 5.6917138317195688
5.7246799465414009 1.6448075565810099 6.0226259881718702
5.7290432696713864 1.6718096147674149 6.35438321624226
5.7334065928013729 1.7002610970329604 6.6868870703144161
5.7377699159313584 1.7301648606517608 7.0201801219528939
5.742133239061344 1.7615249247934526 7.3542976517879994
5.7464965621913304 1.7943387804562143 7.685366386167571
5.750859885321316 1.828577750692568 8.0063639448777852
5.7552232084513015 1.8641874879385789 8.3136115525244261
5.7595865315812871 1.901107646287169 8.6070727181692916
5.7639498547112735 1.9392787102433708 8.8870189733147384
5.7683131778412591 1.9786416858644751 9.1533302251288937
5.7726765009712446 2.0191322375926117 9.4029012823010394
5.7770398241012311 2.0606646461907427 9.6298980440341797
5.7814031472312166 2.1031315007596398 9.8311456817130729
5.7857664703612022 2.1464198272321231 10.006438569733831
5.7901297934911886 2.1904169494612882 10.156153921470361
5.7944931166211742 2.2350119076070976 10.280373389620021
5.7988564397511597 2.2800831140979474 10.372266105722582
5.8032197628811462 2.3254604628696702 10.418407942701627
5.8075830860111317 2.3709231013967793 10.411076722409328
5.8119464091411173 2.4162368955649622 10.350562839988243
5.8163097322711028 2.4611711723172656 10.236674792935931
5.8206730554010893 2.5054895781988811 10.068362289995154
5.8250363785310748 2.5489807359779539 9.8632848307941821
5.8293997016610604 2.5915630412908293 9.658252345756102
5.8337630247910468 2.6332959872728368 9.4746023595600075
5.8381263479210324 2.6742747723034155 9.3117354549117088
5.8424896710510179 2.7145863392502392 9.1695848220538867
5.8468529941810043 2.7543274501405599 9.0500922023366908
5.8512163173109899 2.7935545967326481 8.9246207995301141
5.8555796404409755 2.8321115012227578 8.7317986848254883
5.8599429635709619 2.8696023540643871 8.4347708996905091
5.8643062867009474 2.9055669600916199 8.0333710210016349
5.868669609830933 2.939556428157609 7.5286234797507001
5.8730329329609186 2.9711135591467919 6.9186569075689173
5.877396256090905 2.9998105400584958 6.2244246127298624
5.8817595792208905 3.0253760319894591 5.4917727994468439
5.8861229023508761 3.0477208085686289 4.7491583611147226
5.8904862254808625 3.0668076488602396 3.9978751772783081
5.8948495486108481 3.0825933655958311 3.2359449916263574
5.8992128717408336 3.0950309488283074 2.4632565214414401
5.9035761948708201 3.1041058667102135 1.7019351701027179
5.9079395180008056 3.1099719366043552 1.0016692940360961
5.9123028411307912 3.1129831900355827 0.39498557275361296
5.9166661642607767 3.1135581632943143 -0.11590374050845206
5.9210294873907632 3.1121089728646059 -0.53243806201763888
5.9253928105207487 3.1090502211328523 -0.853776733111272
5.9297561336507343 3.1047883559929375 -1.0857404076839481
5.9341194567807207 3.09968635333873 -1.2413828904128441
5.9384827799107063 3.0940537061360844 -1.3293296068451266
5.9428461030406918 3.088182415901739 -1.3508234372726717
5.9472094261706783 3.0823640944863735 -1.3045615841686302
5.9515727493006638 3.0768994473283708 -1.1885279816453567
5.9559360724306494 3.0720392332381237 -1.0401781722450663
5.9602993955606358 3.0677370182119121 -0.95038155090454546
5.9646627186906214 3.0635681256085108 -0.98260020387118641
5.9690260418206069 3.0589780017156487 -1.1414737686674061
5.9733893649505925 3.0534258069534324 -1.4248493624131611
5.9777526880805789 3.0463559193488718 -1.8374333610732025
5.9821160112105645 3.0372788967554936 -2.3272148715174756
5.98647933434055 3.0261244933183997 -2.7638110537837388
5.9908426574705365 3.0133737279005608 -3.0535243205695353
5.995205980600522 2.9997034668717513 -3.1878513334953293
5.9995693037305076 2.9857741844343155 -3.1711186306949766
6.003932626860494 2.9722554449195742 -2.9995439098302499
6.0082959499904796 2.9597846746135623 -2.6997764220987817
6.0126592731204651 2.9487819302029687 -2.3405502849722306
6.0170225962504515 2.9393719087494388 -1.9728064244478447
6.0213859193804371 2.9315706691245618 -1.6018154559217939
6.0257492425104227 2.9254018833271163 -1.2250137085401185
6.0301125656404082 2.920887093424791 -0.84361528238285355
6.0344758887703946 2.9180517865061293 -0.45407948418934746
6.0388392119003802 2.9169492647574509 -0.047518337870087232
6.0432025350303658 2.9176718696628656 0.38294125545038821
6.0475658581603522 2.9203268723489506 0.83802523419964958
6.0519291812903377 2.9250203856430774 1.3174252239579314
6.0562925044203233 2.931859914815929 1.8218097696052262
6.0606558275503097 2.940947021146664 2.3456836520051905
6.0650191506802953 2.9523353178489642 2.873305753841044
6.0693824738102808 2.9660088615768823 3.3923455344137889
6.0737457969402664 2.9819243388607637 3.9012243953053556
6.0781091200702528 3.0000396362693822 4.4005940456539525
6.0824724432002384 3.0203133332144492 4.8907276966906927
6.0868357663302239 3.0426996337151468 5.3673488597593391
6.0911990894602104 3.0671135465655377 5.8173333282206503
6.0955624125901959 3.0934113302743373 6.2301120448334268
6.0999257357201815 3.1214253085918204 6.6042353967466818
6.1042890588501679 3.150988725452919 6.9402472372535993
6.1086523819801535 3.1819350632916743 7.2382184183196951
6.113015705110139 3.2140959572924075 7.4962155833459567
6.1173790282401255 3.2472845906830625 7.7079446007079619
6.121742351370111 3.2812855664063791 7.8681783661921205
6.1261056745000966 3.3158714118383852 7.9761665235494199
6.1304689976300821 3.3508151884428372 8.032202265559393
6.1348323207600686 3.3858892953798518 8.035775022585673
6.1391956438900541 3.4208688288356761 7.9900328525382598
6.1435589670200397 3.4555588916807833 7.905379508347794
6.1479222901500261 3.4898126272541945 7.7907131898506021
6.1522856132800117 3.5235040822933064 7.6474396559615361
6.1566489364099972 3.5565068938518336 7.4751281114868409
6.1610122595399837 3.5886943310840147 7.2735613514742825
6.1653755826699692 3.6199415994032433 7.0451173156246707
6.1697389057999548 3.6501477080452753 6.7981990265103267
6.1741022289299412 3.6792509470718819 6.540190263377232
6.1784655520599268 3.7072073419582114 6.2723543652524771
6.1828288751899123 3.7339728404536068 5.994394728467662
6.1871921983198979 3.7595028315181453 5.7057967931351703
6.1915555214498843 3.7837551064879058 5.4101829593440725
6.1959188445798699 3.8067252547184549 5.1212179425879363
6.2002821677098554 3.8284738206383269 4.8512683031590438
6.2046454908398418 3.8490914201449855 4.6025385218940595
6.2090088139698274 3.8686680288785866 4.3740795257056089
6.213372137099813 3.8872950767585923 4.1680428064058379
6.2177354602297994 3.9050581061419409 3.9737233688122711
6.2220987833597849 3.9219279004486727 3.7488392790916372
6.2264621064897705 3.9376711656628203 3.4540075254865679
6.2308254296197561 3.9519572185915641 3.0817689138831086
6.2351887527497425 3.9644561014910882 2.6348821488424012
6.239552075879728 3.9748354095466731 2.1085879062119095
6.2439153990097136 3.9827729018503168 1.524470483520898
6.2482787221397 3.9881850794596314 0.97208708656780474
6.2526420452696856 3.9914264036025564 0.53689071115611353
6.2570053683996711 3.9930670361823539 0.23693626053817918
6.2613686915296576 3.9936818179687856 0.066072937548499786
6.2657320146596431 3.9938365181089899 0.027828790961780432
6.2700953377896287 3.9941277206040384 0.12919196748935424
6.2744586609196151 3.9948396498735486 0.14510593593741153
6.2788219840496007 3.9961510393527933 0.6815157877210819
6.2831853071795862 3.9997877835885101 0.5309170531826688
