# q  U_kJmol  dU_dq   # conservative spline pchip_hermite_v1
0 0.47827483855676073 29.170111228550567
0.0043633231299858239 0.47970272818116699 -7.1616107616175784
0.0087266462599716477 0.48398636986942556 3.4032914831898635
0.013089969389957472 0.49112568206717339 1.4022893957468756
0.017453292519943295 0.50112052885219738 2.7681308764505506
0.021816615649929118 0.51397071993702204 3.2322781315572948
0.026179938779914945 0.52967601067253212 3.936059680533023
0.030543261909900768 0.54823610205263085 4.5826244898398469
0.034906585039886591 0.5696506407199321 5.2179734318619735
0.039269908169872414 0.59325461214476705 5.4979293216703482
0.043633231299858237 0.61688752588365348 5.2679991681610714
0.04799655442984406 0.63898504995192507 4.8720069853131687
0.05235987755982989 0.65941088100831902 4.4808782431382737
0.056723200689815713 0.67802931159430879 4.0493369178911056
0.061086523819801536 0.69470490536764529 3.5881577391530799
0.065449846949787352 0.70930054786479291 3.098550426958516
0.069813170079773182 0.72174446023962302 2.6086690419335912
0.074176493209759012 0.73210749277627507 2.1476736494906614
0.078539816339744828 0.74053834482193448 1.7223595667729803
0.082903139469730658 0.74718780698761456 1.331348379908331
0.087266462599716474 0.7522062881256969 0.97453379643589744
0.091629785729702304 0.75574365054416281 0.65308114592106425
0.09599310885968812 0.7579687572171413 0.3751235220520458
0.10035643198967395 0.75909353662727375 0.14963677881315732
0.10471975511965978 0.75935421878227916 -0.021097432984812623
0.1090830782496456 0.75898807125435719 -0.13775969590861292
0.11344640137963143 0.75823175836872159 -0.19961071578902723
0.11780972450961724 0.75732333456324841 -0.20838607774856233
0.12217304763960307 0.75647257611120067 -0.17636959821966403
0.1265363707695889 0.75582309679955917 -0.11762303487923977
0.1308996938995747 0.75547975770110509 -0.035749918919757283
0.13526301702956053 0.75554555466030171 0.069798791960453049
0.13962634015954636 0.75612372715456999 0.19931553290456405
0.14398966328953219 0.75731835718188489 0.35182830518368619
0.14835298641951802 0.7592163214724772 0.51968247230735687
0.15271630954950383 0.76186264993438468 0.69386735266840516
0.15707963267948966 0.76527702470567938 0.87188071074435525
0.16144295580947549 0.76947753920715967 1.0542220058275811
0.16580627893946132 0.77448281351185855 1.2406654141394291
0.17016960206944712 0.78031089392721165 1.4315823787400139
0.17453292519943295 0.78698687234537423 1.6301626462252163
0.17889624832941878 0.79455348683805416 1.8402525937297682
0.18325957145940461 0.80306453911791731 2.0630163846689502
0.18762289458939044 0.81257470161137202 2.2981564461134765
0.19198621771937624 0.82313819446999592 2.5459866037687835
0.19634954084936207 0.83481021536053601 2.8059102563979388
0.2007128639793479 0.8476338213756256 3.0723248292756553
0.20507618710933373 0.86162047765040095 3.3381689486755004
0.20943951023931956 0.87676104595231152 3.6014038221082703
0.21380283336930536 0.89304486063112154 3.8620299860677436
0.21816615649929119 0.91046094568473424 4.1208205298032725
0.22252947962927702 0.92900098557055188 4.3762983748124276
0.22689280275926285 0.94862418456081921 4.6130962127380561
0.23125612588924865 0.96920179209655755 4.811355337780622
0.23561944901923448 0.99054584576009552 4.9646935188899963
0.23998277214922031 1.0124627710373963 5.0739287176321204
0.24434609527920614 1.0347602420857698 5.1391712487399097
0.24870941840919197 1.0572461083076494 5.1601409045652638
0.2530727415391778 1.0797225064833562 5.1340409809952767
0.25743606466916363 1.1019751984995689 5.0571522449375026
0.26179938779914941 1.1237786215124519 4.9281034741755585
0.26616271092913524 1.1449057955737236 4.7473381502693561
0.27052603405912107 1.165130777128184 4.5141918113428634
0.2748893571891069 1.1842247785571842 4.2296359607470793
0.27925268031909273 1.2019857074069931 3.9068478563647551
0.28361600344907856 1.2182892438322837 3.5639737133916212
0.28797932657906439 1.233067265029973 3.2073621599417814
0.29234264970905022 1.2462580964440064 2.8365441965432008
0.29670597283903605 1.2577992039119343 2.4508896592280114
0.30106929596902182 1.2676257935897695 2.051243538936304
0.30543261909900765 1.2756968046014954 1.6496199800941929
0.30979594222899348 1.2820434943095573 1.2631573590058012
0.31415926535897931 1.2867511668678531 0.89817022073420416
0.31852258848896514 1.2899120187642732 0.55416066506573225
0.32288591161895097 1.2916170562340885 0.23072621015739569
0.3272492347489368 1.2919560792454874 -0.071673041978676327
0.33161255787892263 1.2910323320550827 -0.34606077387809642
0.33597588100890846 1.2889918632056361 -0.58212868629048653
0.34033920413889424 1.2860138229217317 -0.77589719442640614
0.34470252726888007 1.282281977522997 -0.92766010356962747
0.3490658503988659 1.2779792479931822 -1.0376291943452332
0.35342917352885173 1.2732880310916961 -1.1056051792129211
0.35779249665883756 1.2683968892222302 -1.1282946730716952
0.36215581978882339 1.2635149343413399 -1.1007024873214526
0.36651914291880922 1.2588676618898769 -1.0207094756171025
0.37088246604879505 1.2546832427355419 -0.88868346989023406
0.37524578917878088 1.2511886729354802 -0.70424054099602884
0.37960911230876665 1.2486134066718646 -0.46766623154577391
0.38397243543875248 1.2471701269302913 -0.18804324333867933
0.38833575856873831 1.24701426577791 0.12035091605595777
0.39269908169872414 1.248253656659972 0.45161974496673035
0.39706240482870997 1.2509886887816615 0.80578207345313946
0.4014257279586958 1.2553201253311099 1.1837979322321677
0.40578905108868163 1.2613531564320573 1.5851092368287927
0.41015237421866746 1.2691597102504957 1.9911627935771092
0.41451569734865329 1.2786923393808305 2.3717836269016472
0.41887902047863912 1.2898011039377386 2.7136795973802892
0.42324234360862489 1.302318241094971 3.0174714485110408
0.42760566673861072 1.3160791208723059 3.283868180463787
0.43196898986859655 1.3309204813911431 3.512507672709877
0.43633231299858238 1.3466638887219979 3.6946385107938124
0.44069563612856821 1.3630730797977149 3.8154365530222862
0.44505895925855404 1.3798605601953544 3.8679653087849561
0.44942228238853987 1.39672900859413 3.8528143193666295
0.4537856055185257 1.4133838766087135 3.7697119629538527
0.45814892864851153 1.4295270289405877 3.6185955356526907
0.46251225177849731 1.4448794015180242 3.4106337046674082
0.46687557490848314 1.4592359248015978 3.1652018076324935
0.47123889803846897 1.4724597779605826 2.8914290752902185
0.4756022211684548 1.4844272621071251 2.5893695859727046
0.47996554429844063 1.4950135578566341 2.2579293821480486
0.48432886742842646 1.5040888125900029 1.897199221662778
0.48869219055841229 1.5115569067489489 1.527642577705578
0.49305551368839812 1.517461013193113 1.1862783558409042
0.49741883681838395 1.5219769306883901 0.89152472879393907
0.50178215994836972 1.5253082018886155 0.64295224852411414
0.50614548307835561 1.5276536295117689 0.43967688686739204
0.51050880620834138 1.5292113705606751 0.28196130364670041
0.51487212933832727 1.5301908826987771 0.17696468860609862
0.51923545246831304 1.5308521713901022 0.13831149250173888
0.52359877559829882 1.5315048290905624 0.17319233445583065
0.5279620987282847 1.5324698160235068 0.28112969262780824
0.53232542185827048 1.5340648544481159 0.4624326762443679
0.53668874498825636 1.5366127592657939 0.71761755293821261
0.54105206811824214 1.5404114562347029 1.0306990714622457
0.54541539124822802 1.5456465278591853 1.3707479232027469
0.5497787143782138 1.5523887301415729 1.7212761749565679
0.55414203750819968 1.5606824392444563 2.0820785390756842
0.55850536063818546 1.5705751389240978 2.4544632816007175
0.56286868376817123 1.5821190152216327 2.838772302966452
0.56723200689815712 1.59533535594204 3.2143187260064368
0.57159533002814289 1.610095457582188 3.5391376696177868
0.57595865315812877 1.6261123132007316 3.7898076816529733
0.58032197628811455 1.6430600212750022 3.9663960808315899
0.58468529941810043 1.6606192431252156 4.0698253785400462
0.58904862254808621 1.6784687975611001 4.0995836720041128
0.59341194567807209 1.6962884280048873 4.0561649607679735
0.59777526880805787 1.7137599992267836 3.9401993975886218
0.60213859193804364 1.7305680015726959 3.751936116201513
0.60650191506802953 1.7463971675034873 3.491720107765877
0.6108652381980153 1.7609335823184131 3.159018883054705
0.61522856132800119 1.7738579346624384 2.7528370848075272
0.61959188445798696 1.7848774609927318 2.2922310962562289
0.62395520758797285 1.7938427297756503 1.818771503216158
0.62831853071795862 1.8007666340908985 1.357273592612223
0.63268185384794451 1.8057055193505311 0.90838743704453861
0.63704517697793028 1.8087100974745312 0.47069977839587462
0.64140850010791606 1.8098289675665757 0.043887607213244029
0.64577182323790194 1.8091287840013575 -0.35838255613517056
0.65013514636788772 1.8067830647543972 -0.70456589401088332
0.6544984694978736 1.8030903170297372 -0.97509793425707914
0.65886179262785938 1.7983843887952486 -1.169546600447217
0.66322511575784526 1.7929936364896299 -1.28868184843421
0.66758843888783104 1.7872492389283503 -1.3316911052431608
0.67195176201781692 1.781475292302179 -1.3039838376328989
0.6763150851478027 1.7759546374611956 -1.2179694884279859
0.68067840827778847 1.7709198215473065 -1.0815453089908058
0.68504173140777436 1.76658894454918 -0.89522538849780176
0.68940505453776013 1.7631809965933576 -0.65837723603955345
0.69376837766774602 1.7609186206717851 -0.36989318710785002
0.69813170079773179 1.7600057637938553 -0.045179276124897874
0.70249502392771768 1.7605213629305205 0.27747598816713098
0.70685834705770345 1.762387369401907 0.57274672112897562
0.71122167018768934 1.7654778104775686 0.83933943720281956
0.71558499331767511 1.7696722147592781 1.0785862506537565
0.71994831644766089 1.7748509506749675 1.2908120493267277
0.72431163957764677 1.7808839010671309 1.4667532320142858
0.72867496270763255 1.7875623373339249 1.5818807104220629
0.73303828583761843 1.7945755463576603 1.6194058031474665
0.73740160896760421 1.8015801614314879 1.5784419819537765
0.74176493209759009 1.8082370250663657 1.459767132037316
0.74612825522757587 1.814204783066105 1.2625399412542508
0.75049157835756175 1.8191472932373305 0.99142093757203209
0.75485490148754752 1.8227668708812987 0.65863425602946912
0.7592182246175333 1.8248178041171834 0.27279813149319065
0.76358154774751918 1.8250713613990617 -0.16537581485340366
0.76794487087750496 1.8232977940629023 -0.65637680321273173
0.77230819400749084 1.819264529912977 -1.2016002102515866
0.77667151713747662 1.8127528443108671 -1.7873957474105817
0.7810348402674625 1.8036641672591907 -2.3748360673316684
0.78539816339744828 1.792067384461383 -2.9355345432158582
0.78976148652743416 1.778088974793218 -3.467232822224978
0.79412480965741994 1.7618501682990086 -3.9713616247468266
0.79848813278740571 1.743471342914757 -4.448651119268205
0.8028514559173916 1.7230824554536692 -4.8887498271369738
0.80721477904737737 1.7009088817652185 -5.2601422468809886
0.81157810217736326 1.6773134824698084 -5.5391090008211599
0.81594142530734903 1.6527084403865846 -5.7236040897958214
0.82030474843733492 1.6275012277112397 -5.8148582283527199
0.82466807156732069 1.6021009985271706 -5.8120769627706688
0.82903139469730658 1.5769147523296529 -5.7175323982529145
0.83339471782729235 1.5523301180310083 -5.5377301851786225
0.83775804095727824 1.5287055568041255 -5.2777481090369394
0.84212136408726401 1.5063888974652371 -4.9381339078532909
0.84648468721724979 1.4857281922930017 -4.5187754725428295
0.85084801034723567 1.4670737969943117 -4.0178361393771942
0.85521133347722145 1.4507660206176203 -3.448098525282556
0.85957465660720733 1.4370221072166318 -2.8517896574625587
0.86393797973719311 1.4258688621803604 -2.2627680487494173
0.86830130286717899 1.4172597739199448 -1.6847176423120487
0.87266462599716477 1.4111532546805752 -1.1160678145073708
0.87702794912715065 1.4075082856534471 -0.55564055935845647
0.88139127225713643 1.4062762790752359 -0.01453137574918013
0.8857545953871222 1.4072960352108153 0.46783340760411546
0.89011791851710809 1.4102261137561676 0.85890402923414488
0.89448124164709386 1.4146529542879205 1.1547954355082388
0.89884456477707975 1.4201676722341339 1.3572263395725306
0.90320788790706552 1.4263601410051561 1.4655678726322297
0.90757121103705141 1.4328205246401091 1.4799626698705055
0.91193453416703718 1.439138103744545 1.400061476794638
0.91629785729702307 1.4449008966450678 1.225643392936453
0.92066118042700884 1.4496962953353238 0.95664276076527843
0.92502450355699462 1.4531120140168985 0.59333400991189544
0.9293878266869805 1.4547346738331561 0.13415508177019839
0.93375114981696627 1.4541550421144906 -0.41282104212563575
0.93811447294695216 1.4510500194493137 -1.0162526551702247
0.94247779607693793 1.445244543766971 -1.6485757212475451
0.94684111920692382 1.4366270849231528 -2.3059237783499547
0.95120444233690959 1.4250834461245578 -2.9894788284897769
0.95556776546689548 1.4104994368709338 -3.7002084516351412
0.95993108859688125 1.3927635492514288 -4.4312115865100186
0.96429441172686703 1.371842742680488 -5.1533303268102921
0.96865773485685291 1.3478435178652686 -5.8402056745147926
0.97302105798683869 1.3209344599816761 -6.4878038659399841
0.97738438111682457 1.2912820397585034 -7.0973866041961697
0.98174770424681035 1.2590530793199111 -7.6691530256146097
0.98611102737679623 1.2244151159654282 -8.2003115617387099
0.99047435050678201 1.1875697003840882 -8.6779517477147756
0.99483767363676789 1.1487809874211132 -9.0900776802724348
0.99920099676675367 1.1083419887625507 -9.434699487919552
1.0035643198967394 1.0665450100132539 -9.7124175232923484
1.0079276430267252 1.0236825165581489 -9.9231958563196656
1.0122909661567112 0.98004704103471862 -10.066421758511206
1.016654289286697 0.93593927076217098 -10.13892908829715
1.0210176124166828 0.89167542854532944 -10.137706981192023
1.0253809355466685 0.84757915586978338 -10.06218291443378
1.0297442586766545 0.8039739826570258 -9.9126338402092156
1.0341075818066403 0.76118348802847358 -9.6885673509827122
1.0384709049366261 0.71953116585750121 -9.391700909570563
1.0428342280666119 0.6793189967850265 -9.0305070935580947
1.0471975511965976 0.64080643180415842 -8.6134107707541361
1.0515608743265836 0.60423189586284198 -8.1419375679932031
1.0559241974565694 0.5698339154404013 -7.6159467460697723
1.0602875205865552 0.53785089969413513 -7.0344864918201022
1.064650843716541 0.50852162553804836 -6.4013326108990611
1.0690141668465269 0.48203436283799245 -5.7368069313037884
1.0733774899765127 0.45847399631598207 -5.0616548126053038
1.0777408131064985 0.43787248206850082 -4.3800464196972086
1.0821041362364843 0.42026144646331043 -3.6911734805022496
1.08646745936647 0.40567241780417607 -2.994393047044039
1.090830782496456 0.39413764613717306 -2.2926563736832719
1.0951941056264418 0.38564722937613721 -1.60328682879271
1.0995574287564276 0.38010189219168106 -0.94446987147541728
1.1039207518864134 0.37735498339010426 -0.32016205751351762
1.1082840750163994 0.37725901044313703 0.27049659137332172
1.1126473981463851 0.37966662487880343 0.82754330461787762
1.1170107212763709 0.38443074005670769 1.3502482541542713
1.1213740444063567 0.39139280368010293 1.8337903403279627
1.1257373675363425 0.40036905145162005 2.2729660904589579
1.1301006906663285 0.41116188281470006 2.6665628891066144
1.1344640137963142 0.42357329190764059 3.0148428923547712
1.1388273369263 0.43740537560842557 3.3177620626240443
1.1431906600562858 0.45246022134657538 3.5752985364673671
1.1475539831862718 0.46853941794553522 3.7872344926822148
1.1519173063162575 0.4854434013574791 3.9533276073440011
1.1562806294462433 0.50297195236918912 4.0735218829135418
1.1606439525762291 0.52092482992644118 4.147818158159283
1.1650072757062149 0.53910178185143232 4.1762464107680151
1.1693705988362009 0.55730262184978574 4.1587235413211481
1.1737339219661866 0.57532576193417373 4.0946335348314893
1.1780972450961724 0.59296630505449488 3.9832846736103553
1.1824605682261582 0.61001742209471155 3.8244563087388439
1.1868238913561442 0.6262721312817765 3.6182894036663127
1.19118721448613 0.64152367020908374 3.3644866195419967
1.1955505376161157 0.65556454897559013 3.063746985244213
1.1999138607461015 0.66819961105432768 2.7215513391588422
1.2042771838760873 0.67926377742120103 2.3444368699192926
1.2086405070060733 0.68861036181674906 1.9340996857258999
1.2130038301360591 0.69609366624963254 1.4905435816988899
1.2173671532660448 0.70156833230499227 1.0129702278555672
1.2217304763960306 0.70488669898622869 0.50321948600684463
1.2260937995260166 0.70593607528830127 -0.022809304585118453
1.2304571226560024 0.70469228009784091 -0.54565484881336135
1.2348204457859882 0.70118707697269567 -1.0597420249487275
1.2391837689159739 0.69545619644632495 -1.5656404009315115
1.2435470920459597 0.68753505779372437 -2.06413334076586
1.2479104151759457 0.67745657030555162 -2.5534575641607606
1.2522737383059315 0.66528956939076644 -3.0169075869514121
1.2566370614359172 0.65119735569526982 -3.4334181340027854
1.261000384565903 0.63540500493606122 -3.7965328671331289
1.265363707695889 0.61814281836649676 -4.107076189820309
1.2697270308258748 0.59964008001806857 -4.3653134024243361
1.2740903539558606 0.58012526354419491 -4.5706154651841562
1.2784536770858463 0.55984016937612369 -4.716627594214378
1.2828170002158321 0.53906317075146182 -4.7950895379365974
1.2871803233458181 0.51809734970873178 -4.8032629570457406
1.2915436464758039 0.49724829242462693 -4.7416512216483921
1.2959069696057897 0.47682064154611503 -4.6099061952946263
1.3002702927357754 0.45712050468481574 -4.40855854142929
1.3046336158657614 0.4384403691069434 -4.1441911669095672
1.3089969389957472 0.42103439588072705 -3.8256575932220276
1.313360262125733 0.40512978857253473 -3.4558465932295883
1.3177235852557188 0.39095106705782501 -3.0347293369384514
1.3220869083857045 0.37872256122533876 -2.5615081666581516
1.3264502315156905 0.36867175820492776 -2.0373624093023439
1.3308135546456763 0.36099436717227368 -1.4780505676869007
1.3351768777756621 0.35579268243651879 -0.90543554665865011
1.3395402009056478 0.35310111748699419 -0.32720596899232207
1.3439035240356338 0.35294619396853766 0.25715811485216383
1.3482668471656196 0.35535539357739243 0.84849957962855671
1.3526301702956054 0.36035930371810437 1.445722387243132
1.3569934934255912 0.36795685425032854 2.0327370185109137
1.3613568165555769 0.37804990879709188 2.586493635417543
1.3657201396855629 0.39046738758416288 3.0983910952257934
1.3700834628155487 0.40502869374453859 3.5691881502363234
1.3744467859455345 0.42155513647848514 3.9992179783150332
1.3788101090755203 0.43986861918628634 4.3881081728550875
1.3831734322055063 0.45978149057469081 4.7308544008867468
1.387536755335492 0.48107518579808867 5.0200224845691475
1.3919000784654778 0.50350717777112708 5.2526236528172303
1.3962634015954636 0.52683135234276635 5.4291056606549999
1.4006267247254494 0.5508029267635679 5.549115378686837
1.4049900478554354 0.57517484537709307 5.6129702380413571
1.4093533709854211 0.59971585709428454 5.6290573279572378
1.4137166941154069 0.62424676216578034 5.6101651454374597
1.4180800172453927 0.64863038215415658 5.5614322041041202
1.4224433403753787 0.67273579789582794 5.4827112380349288
1.4268066635053644 0.696431494932224 5.373347062301292
1.4311699866353502 0.71958322683873033 5.23382002636819
1.435533309765336 0.74207900115101166 5.0762862518308429
1.4398966328953218 0.76388396213775933 4.9199769098358521
1.4442599560253078 0.78502758552712593 4.7730775585796072
1.4486232791552935 0.80554993453481982 4.6351252677671209
1.4529866022852793 0.82548912245503303 4.5057249533338686
1.4573499254152651 0.84488259875508187 4.3851228008125451
1.4617132485452511 0.86377631951921574 4.2781214573757378
1.4660765716752369 0.8822475371620524 4.1926306395123492
1.4704398948052226 0.90040042928360242 4.1322389996538451
1.4748032179352084 0.91834410221291241 4.0965833498770481
1.4791665410651942 0.93618615135333583 4.0858776979249125
1.4835298641951802 0.95403634999733677 4.100087771015108
1.487893187325166 0.9719921066617806 4.1321326653094781
1.4922565104551517 0.99010458388724387 4.1700724843360693
1.4966198335851375 1.0083835102067171 4.2084634015339564
1.5009831567151235 1.0268310328843093 4.2473201979396533
1.5053464798451093 1.0454499917472468 4.287291250770199
1.509709802975095 1.0642461147510454 4.3282301721850267
1.5140731261050808 1.0832049372056531 4.3581764266495373
1.5184364492350666 1.1022318685546464 4.3561446160493542
1.5227997723650526 1.1211582149248787 4.3119966931469786
1.5271630954950384 1.1398004339697099 4.226111499093812
1.5315264186250241 1.1579778081880934 4.0988448789243161
1.5358897417550099 1.1755091457350502 3.9300106972469555
1.5402530648849959 1.192211675965636 3.7185860128327284
1.5446163880149817 1.2078951309009731 3.462608435989905
1.5489797111449675 1.2223622275748784 3.160972529619432
1.5533430342749532 1.2354138826421854 2.8140014324095968
1.557706357404939 1.2468523724452916 2.4212050296059848
1.562069680534925 1.2564758882264186 1.9823467858567205
1.5664330036649108 1.264105164364383 1.5115537683431508
1.5707963267948966 1.2696588876525774 1.0354008820781682
1.5751596499248823 1.2731529564679707 0.56764632071262167
1.5795229730548683 1.2746247430670925 0.1082845181581875
1.5838862961848541 1.2741087120519836 -0.34365525882538761
1.5882496193148399 1.2716364985231112 -0.78822908913413059
1.5926129424448257 1.2672604567611379 -1.2119418869613214
1.5969762655748114 1.2611293139556217 -1.5882113264063822
1.6013395887047974 1.2534906080014219 -1.9026634289951074
1.6057029118347832 1.2446151583099709 -2.1554320062281911
1.610066234964769 1.2347697903665873 -2.3470946202135337
1.6144295580947547 1.2242221643556586 -2.4773793355326652
1.6187928812247407 1.2132409709552268 -2.5455139196989474
1.6231562043547265 1.2021014089250686 -2.5496760954381719
1.6275195274847123 1.191085433463247 -2.4888071921601376
1.6318828506146981 1.1804768484395713 -2.3630477316537744
1.6362461737446838 1.1705585960378178 -2.1722156959643062
1.6406094968746698 1.1616158533140237 -1.9159545018172013
1.6449728200046556 1.1539229169148995 -1.6018167336920639
1.6493361431346414 1.147698379863701 -1.245728445681036
1.6536994662646272 1.1430995113468172 -0.85689499169797745
1.6580627893946132 1.1402678511860533 -0.43554678088868182
1.6624261125245989 1.1393468315249717 0.018929527384978089
1.6667894356545847 1.1404815929889338 0.50678670987559116
1.6711527587845705 1.1438058322207083 1.0197066816519305
1.6755160819145565 1.149389792723071 1.5392135374239939
1.6798794050445423 1.1572315016930519 2.0542495434870349
1.684242728174528 1.1673095236015318 2.5644876807808172
1.6886060513045138 1.1796048528103475 3.0705828444140222
1.6929693744344996 1.1940997006200087 3.5727498483684466
1.6973326975644856 1.210766980467741 4.063918507110321
1.7016960206944713 1.229524192487647 4.5276626281241592
1.7060593438244571 1.2502235859892612 4.9537946239415991
1.7104226669544429 1.2726989809157836 5.3419567757396926
1.7147859900844289 1.2967865290836853 5.6926997253190113
1.7191493132144147 1.3223228794334057 6.0061236995267677
1.7235126363444004 1.3491393176958235 6.277931475167259
1.7278759594743862 1.3770324151303821 6.4976563344894531
1.732239282604372 1.4057564882241715 6.658542217837101
1.736602605734358 1.4350532726070833 6.7603778799020935
1.7409659288643438 1.4646664143362156 6.8034279143257201
1.7453292519943295 1.4943382967387826 6.7872905157268066
1.7496925751243153 1.5238150439020728 6.7150120800435475
1.7540558982543013 1.5528670302682097 6.5940541018824996
1.7584192213842871 1.5812953774740253 6.4293377365500435
1.7627825445142729 1.6089104826658851 6.221234452667364
1.7671458676442586 1.6355222562437168 5.9693799288316365
1.7715091907742444 1.6609382669034536 5.6729152827658202
1.7758725139042304 1.6849776259155769 5.3419664175870922
1.7802358370342162 1.7075441024558733 5.0030311808982768
1.7845991601642019 1.7286521783631181 4.6743191872226255
1.7889624832941877 1.7483517576074821 4.3569690143612334
1.7933258064241737 1.7666890447089256 4.0500276455477149
1.7976891295541595 1.7837094802779583 3.7530997899953391
1.8020524526841453 1.7994662732156241 3.4735354853077536
1.806415775814131 1.8140768209486988 3.231803734406768
1.8107790989441168 1.827745269419548 3.0424551532811308
1.8151424220741028 1.8407048251059752 2.9064427132934409
1.8195057452040886 1.8531853024493588 2.8230522729236962
1.8238690683340744 1.8654181653318851 2.7929893063982081
1.8282323914640601 1.8776313160068803 2.8128313346705505
1.8325957145940461 1.8900236301000546 2.8731567650068013
1.8369590377240319 1.9027531467499401 2.9670401079339719
1.8413223608540177 1.9159638728888884 3.0938799793956395
1.8456856839840035 1.9298007697769344 3.2540157181752569
1.8500490071139892 1.9444101705415322 3.4482907271362651
1.8544123302439752 1.9599313250603163 3.6690651987600367
1.858775653373961 1.9764337515427854 3.8932409130289538
1.8631389765039468 1.9938857791264737 4.1033341130640268
1.8675022996339325 2.0122193218916595 4.2977684162230467
1.8718656227639185 2.0313693702383766 4.4774110825168645
1.8762289458939043 2.0512710067301314 4.6425479431427119
1.8805922690238901 2.071855578906344 4.7886637668386154
1.8849555921538759 2.0930109694682311 4.9010814126203082
1.8893189152838616 2.114559889259541 4.9683315857406489
1.8936822384138476 2.1363005369389185 4.98930640062318
1.8980455615438334 2.1580335007274236 4.9646962993807442
1.9024088846738192 2.1795574126855537 4.8931453843022634
1.906772207803805 2.2006766651802661 4.7820023421725768
1.911135530933791 2.2212656485764288 4.6553158968055355
1.9154988540637767 2.2413076960580818 4.5325731093797028
1.9198621771937625 2.2608286133594806 4.4158825507988571
1.9242255003237483 2.2798504776123241 4.3039612524583193
1.9285888234537341 2.2983986076816794 4.1994977712776222
1.9329521465837201 2.316488666671412 4.0886108874883496
1.9373154697137058 2.3339992707780848 3.9232715982626791
1.9416787928436916 2.3505881807100049 3.66340157376289
1.9460421159736774 2.365823917706245 3.304137548416739
1.9504054391036634 2.3792818706243937 2.8483762015888194
1.9547687622336491 2.390531271809889 2.2898830021161265
1.9591320853636349 2.3991596871904428 1.6590717319849928
1.9634954084936207 2.405066359293194 1.0674200817056911
1.9678587316236065 2.4086708629661957 0.61065070308480351
1.9722220547535925 2.4106099842901632 0.30149289230974841
1.9765853778835782 2.411508191327552 0.13418101005798377
1.980948701013564 2.411995748135471 0.11456410431385287
1.9853120241435498 2.4126918314477956 0.22137357291442405
1.9896753472735358 2.41399394072024 0.3737976251676014
1.9940386704035216 2.4159159688663707 0.50018952626982716
1.9984019935335073 2.4183060688955775 0.59024521174860545
2.0027653166634933 2.4210196667169694 0.6478737877272519
2.0071286397934789 2.4239099928722823 0.67123394827063287
2.0114919629234649 2.4268317994447131 0.66331852242507339
2.0158552860534504 2.4296684001880302 0.6346811929444901
2.0202186091834364 2.4323545401617155 0.59511351894853604
2.0245819323134224 2.4348479084852173 0.54603231584294254
2.028945255443408 2.4371055950685232 0.48734195041975353
2.033308578573394 2.4390842800143395 0.41731439129515174
2.0376719017033795 2.4407428963695565 0.34422464479950177
2.0420352248333655 2.4421374053484759 0.30496138115268012
2.0463985479633515 2.4435036074969525 0.33405498324480082
2.0507618710933371 2.4451607086755227 0.43748893579986148
2.0551251942233231 2.4474258689544262 0.6127376054766106
2.0594885173533091 2.4506172395561876 0.86319492523235231
2.0638518404832946 2.4550510495012774 1.1771706539120963
2.0682151636132806 2.4609033938185116 1.5003611789393188
2.0725784867432662 2.4680812285608242 1.7802758272721302
2.0769418098732522 2.4763623186754886 2.0073093133481557
2.0813051330032382 2.4855260522659766 2.1846641911947646
2.0856684561332237 2.4953513477949527 2.3099286290287413
2.0900317792632097 2.5056173791377438 2.3894001075309443
2.0943951023931953 2.5161805730029796 2.4535912802169926
2.0987584255231813 2.527051036330469 2.5329319316817052
2.1031217486531673 2.5383152576465937 2.6333691242410726
2.1074850717831528 2.5500596080026363 2.7531201646275969
2.1118483949131388 2.5623704226610586 2.8932633870838256
2.1162117180431244 2.5753342975147104 3.0514227375822873
2.1205750411731104 2.5890076980232974 3.2154871343963403
2.1249383643030963 2.603385060864476 3.3729129495733816
2.1293016874330819 2.6184288414008656 3.5213491951175384
2.1336650105630679 2.6341013698515496 3.660668676105657
2.1380283336930539 2.6503644395474799 3.793275980780713
2.1423916568230394 2.6671821162315368 3.9108732093630514
2.1467549799530254 2.6844008511948751 3.964944027755303
2.151118303083011 2.7016162346060435 3.9045065289733696
2.155481626212997 2.7182902801698443 3.717684860840667
2.159844949342983 2.7338817782936968 3.4089077516332082
2.1642082724729685 2.7478522370962697 2.9719885250071201
2.1685715956029545 2.7596555049011702 2.4238472315256874
2.1729349187329401 2.7689952440923906 1.8694833540097995
2.1772982418629261 2.7761266841269299 1.4229679913104187
2.1816615649929121 2.781609477236433 1.1115525321202193
2.1860248881228976 2.7860132071813357 0.92829442112364502
2.1903882112528836 2.7899033639730257 0.87772625258081027
2.1947515343828692 2.7938519807295905 0.95034425903864261
2.1991148575128552 2.79828466140424 1.0834523470936726
2.2034781806428412 2.8032925786172203 1.2067233330820635
2.2078415037728267 2.8087755849341742 1.3026820180947791
2.2122048269028127 2.8146255579475272 1.3745312137659413
2.2165681500327987 2.8207359786944819 1.4225541322039315
2.2209314731627843 2.8270017392755649 1.4444877364404884
2.2252947962927703 2.8332782977817588 1.4229583101222909
2.2296581194227558 2.8393272145160435 1.3380515643394864
2.2340214425527418 2.8448546286999421 1.184134278824398
2.2383847656827278 2.849563207462301 0.96316165971742451
2.2427480888127134 2.8531581982060352 0.67233293341790212
2.2471114119426994 2.8553379145672686 0.31790274707734467
2.2514747350726849 2.8559128282559811 -0.049999809945589037
2.2558380582026709 2.8549686619925905 -0.37178287653566994
2.2602013813326569 2.8527599207833632 -0.63064818042688031
2.2645647044626425 2.8495522221785365 -0.82969409773987313
2.2689280275926285 2.8456078852103679 -0.96795286773434541
2.2732913507226145 2.8411917498281403 -1.0467317962848308
2.2776546738526 2.8365431739704952 -1.0775563057205011
2.282017996982586 2.8318373065315265 -1.0746844279181642
2.2863813201125716 2.8272082622467272 -1.0419185093960888
2.2907446432425576 2.8227876918975303 -0.97969823147129431
2.2951079663725436 2.8187055936387075 -0.88529287477329144
2.2994712895025291 2.8151008740793988 -0.76419689581433048
2.3038346126325151 2.8119972219059126 -0.67025619429760808
2.3081979357625007 2.8091138364439643 -0.67116218655185067
2.3125612588924866 2.8059701623279554 -0.78899597978521241
2.3169245820224726 2.8020665114372068 -1.0182376512376392
2.3212879051524582 2.7969133630402592 -1.3650499162493539
2.3256512282824442 2.7899984679713725 -1.8189381746377411
2.3300145514124297 2.7810535174837678 -2.2636239545950945
2.3343778745424157 2.7704776307410963 -2.5481050372620406
2.3387411976724017 2.7591239261293796 -2.621632268992427
2.3431045208023873 2.7478925682915119 -2.4937109875754619
2.3474678439323733 2.7376654001375496 -2.1573194675496401
2.3518311670623593 2.7293542809143978 -1.6229986555368769
2.3561944901923448 2.7235931631129877 -1.0260433880843871
2.3605578133223308 2.72022795898615 -0.54762453972129255
2.3649211364523164 2.7185492838295531 -0.25137439680169965
2.3692844595823024 2.7177843481446029 -0.12698092898868907
2.3736477827122884 2.71718231884803 -0.18055777744494075
2.3780111058422739 2.7159617382498502 -0.40392221724894001
2.3823744289722599 2.7135923236442694 -0.67205223733154007
2.3867377521022455 2.7102827431845253 -0.81245822284982849
2.3911010752322315 2.7067807580176111 -0.76140241867604241
2.3954643983622175 2.7039022551880363 -0.52883250363828682
2.399827721492203 2.7024391482704582 -0.10833854442745096
2.404191044622189 2.7032189714014661 0.49239535518567601
2.4085543677521746 2.7067954963684491 1.1339614449415809
2.4129176908821606 2.7128849498989274 1.6175961382728148
2.4172810140121466 2.7205707539194588 1.8668234345096906
2.4216443371421321 2.7288497882872971 1.8917244468328558
2.4260076602721181 2.7367459077184142 1.6874953260207661
2.4303709834021041 2.7432498906105547 1.2590753012340006
2.4347343065320897 2.7475785082392519 0.72415096098580667
2.4390976296620757 2.7496663504115975 0.25595364700416218
2.4434609527920612 2.7500098996207192 -0.076263974971804163
2.4478242759220472 2.7491880339917922 -0.27976389263665991
2.4521875990520332 2.7477577897610406 -0.35311713399410655
2.4565509221820188 2.7462941319351342 -0.29746806143577359
2.4609142453120048 2.7452724653280978 -0.1657938290032468
2.4652775684419903 2.7448412769496038 -0.038266129536397075
2.4696408915719763 2.7448838656258752 0.051676872860061555
2.4740042147019623 2.7452418194744497 0.10695139236634274
2.4783675378319479 2.7457667696990131 0.12755768294315911
2.4827308609619338 2.746304402393307 0.11339607545961358
2.4870941840919194 2.7467259767390506 0.078360196099001272
2.4914575072219054 2.7469891619823579 0.04396915334914387
2.4958208303518914 2.7471242818150681 0.019617588277665472
2.5001841534818769 2.7471739109272453 0.0045845112787105124
2.5045474766118629 2.7471777704412679 -0.001179562994084733
2.5089107997418489 2.7471772169967141 0.002406826625738278
2.5132741228718345 2.7472071129020135 0.011726646426144691
2.5176374460018205 2.7472794816789463 0.020998603891485466
2.522000769131806 2.7473864635094425 0.027591332313401631
2.526364092261792 2.747516617901447 0.031678923482462366
2.530727415391778 2.7476593099854214 0.033288392100055408
2.5350907385217636 2.7478034574289212 0.032383839978909805
2.5394540616517496 2.7479396238323601 0.029905852408284143
2.5438173847817351 2.7480644043141145 0.02740661277188047
2.5481807079117211 2.7481798308781338 0.025621895689830792
2.5525440310417071 2.7482889771164389 0.024510689668199737
2.5569073541716927 2.7483946906362156 0.024062033540823317
2.5612706773016787 2.7484999408081521 0.024289126156451752
2.5656340004316642 2.748607280766326 0.024947668490950991
2.5699973235616502 2.7487176720730582 0.025621190445716101
2.5743606466916362 2.7488305908784043 0.026104293062354234
2.5787239698216218 2.748945211628202 0.026406311489207791
2.5830872929516078 2.7490607717734581 0.026531186714318533
2.5874506160815938 2.7491764758011445 0.026474474399779308
2.5918139392115793 2.7492916332104107 0.026299547563088443
2.5961772623415653 2.7494059731357483 0.026118079535431694
2.6005405854715509 2.7495196302032521 0.025987319473007763
2.6049039086015369 2.7496328260958807 0.025905248800145535
2.6092672317315229 2.7497457650333552 0.025870541716219293
2.6136305548615084 2.7498586601150223 0.025884618342510126
2.6179938779914944 2.7499716980149276 0.025931060476582894
2.62235720112148 2.7500849548557778 0.025979942606670161
2.626720524251466 2.7501983961599197 0.026015332274643144
2.631083847381452 2.7503119624165255 0.026037630075642356
2.6354471705114375 2.7504255989274795 0.026047263521231205
2.6398104936414235 2.7505392486144635 0.026043794440498678
2.6441738167714091 2.7506528610301362 0.026031470622726174
2.6485371399013951 2.7507664148277327 0.02601830628807416
2.6529004630313811 2.7508799188025157 0.026008728980837208
2.6572637861613666 2.7509933889252665 0.026002671958311754
2.6616271092913526 2.7511068398478957 0.02600000138158166
2.6659904324213386 2.7512202868572091 0.026000849082072279
2.6703537555513241 2.7513337435812173 0.026004117591186288
2.6747170786813101 2.7514472159940082 0.0260076619988182
2.6790804018112957 2.7515607018617958 0.026010253645873688
2.6834437249412817 2.751674196899959 0.026011898710092657
2.6878070480712677 2.7517876971832611 0.026012638183878802
2.6921703712012532 2.7519011986179551 0.02601243315518521
2.6965336943312392 2.7520146975238404 0.026011566754109674
2.7008970174612248 2.7521281922321728 0.026010612681469727
2.7052603405912108 2.7522416833074304 0.026009911430086026
2.7096236637211968 2.7523551718986754 0.026009464708843352
2.7139869868511823 2.7524686590576026 0.026009260174788374
2.7183503099811683 2.7525821458804045 0.026009309140291783
2.7227136331111539 2.7526956333605614 0.026009538673612428
2.7270769562411399 2.7528091219633786 0.02600979542315943
2.7314402793711259 2.7529226115470382 0.026009985153569368
2.7358036025011114 2.7530361018034974 0.026010106442956763
2.7401669256310974 2.7531495924509395 0.026010162957896227
2.7445302487610834 2.7532630831958596 0.026010151449669405
2.748893571891069 2.7533765737701539 0.026010090674984342
2.753256895021055 2.7534900640442967 0.026010021599395038
2.7576202181510405 2.7536035540536767 0.02600997026994939
2.7619835412810265 2.7537170438808412 0.026009937343573757
2.7663468644110125 2.7538305336013176 0.026009921743052566
2.7707101875409981 2.7539440232936845 0.026009924391582388
2.7750735106709841 2.7540575130302698 0.026009940473642548
2.7794368338009696 2.7541710028470727 0.026009959052775249
2.7838001569309556 2.7542844927353332 0.026009972938312989
2.7881634800609416 2.7543979826729399 0.026009981875603869
2.7925268031909272 2.7545114726396487 0.026009986178029076
2.7968901263209132 2.754624962614423 0.026009985585598323
2.8012534494508987 2.7547384525777572 0.026009981332668786
2.8056167725808847 2.7548519425196614 0.026009976336966546
2.8099800957108707 2.7549654324422832 0.026009972580966132
2.8143434188408563 2.7550789223515419 0.026009970155325475
2.8187067419708423 2.7551924122528648 0.02600996896980055
2.8230700651008283 2.7553059021518833 0.026009969096853557
2.8274333882308138 2.7554193920538559 0.026009970220876949
2.8317967113607998 2.7555328819615519 0.026009971563942056
2.8361600344907854 2.7556463718744504 0.026009972579772171
2.8405233576207713 2.7557598617909669 0.026009973237915623
2.8448866807507573 2.7558733517096465 0.026009973564331972
2.8492500038807429 2.7559868416289821 0.026009973538786545
2.8536133270107289 2.7561003315475561 0.026009973241882606
2.8579766501407144 2.7562138214646024 0.02600997288105087
2.8623399732707004 2.7563273113802458 0.026009972606387651
2.8667032964006864 2.7564408012949095 0.026009972427751431
2.871066619530672 2.7565542912089835 0.026009972337919764
2.875429942660658 2.7566677811228715 0.026009972342465458
2.8797932657906435 2.7567812710369552 0.026009972420831695
2.8841565889206295 2.7568947609514467 0.026009972517768945
2.8885199120506155 2.7570082508663165 0.026009972592085605
2.8928832351806011 2.7571217407814519 0.026009972640622873
2.8972465583105871 2.757235230696748 0.026009972665277048
2.9016098814405731 2.7573487206120966 0.026009972664675106
2.9059732045705586 2.7574622105273949 0.026009972643963319
2.9103365277005446 2.757575700442584 0.026009972617797767
2.9146998508305302 2.757689190357671 0.026009972597833129
2.9190631739605162 2.7578026802726869 0.026009972584777268
2.9234264970905022 2.7579161701876589 0.02600997257787609
2.9277898202204877 2.7580296601026157 0.026009972577935286
2.9321531433504737 2.7581431500175859 0.026009972583378338
2.9365164664804593 2.7582566399325845 0.026009972590248284
2.9408797896104453 2.7583701298476107 0.026009972595797438
2.9452431127404313 2.7584836197626568 0.026009972599393572
2.9496064358704168 2.7585971096777144 0.026009972601146503
2.9539697590004028 2.7587105995927761 0.026009972601225301
2.9583330821303884 2.7588240895078346 0.026009972599767846
2.9626964052603744 2.7589375794228852 0.026009972597885549
2.9670597283903604 2.7590510693379287 0.026009972596482901
2.9714230515203459 2.7591645592529668 0.026009972595434416
2.9757863746503319 2.7592780491680013 0.026009972594924335
2.9801496977803179 2.759391539083035 0.026009972594951868
2.9845130209103035 2.7595050289980696 0.02600997259535975
2.9888763440402895 2.7596185189131064 0.026009972595838024
2.993239667170275 2.759732008828145 0.026009972596265044
2.997602990300261 2.7598454987431853 0.026009972596521373
3.001966313430247 2.7599589886582261 0.026009972596587758
3.0063296365602326 2.7600724785732673 0.026009972596684493
3.0106929596902186 2.7601859684883085 0.026009972596536507
3.0150562828202041 2.7602994584033489 0.02600997259642103
3.0194196059501901 2.7604129483183892 0.02600997259642026
3.0237829290801761 2.7605264382334291 0.026009972596225554
3.0281462522101616 2.7606399281484681 0.026009972596097088
3.0325095753401476 2.7607534180635072 0.026009972596194995
3.0368728984701332 2.7608669079785466 0.026009972596237163
3.0412362216001192 2.7609803978935861 0.026009972596275913
3.0455995447301052 2.761093887808626 0.026009972596376139
3.0499628678600907 2.7612073777236659 0.02600997259624975
3.0543261909900767 2.7613208676387053 0.02600997259634975
3.0586895141200627 2.7614343575537452 0.026009972596068191
3.0630528372500483 2.7615478474687851 0.026009972597407713
3.0674161603800343 2.7616613373838246 0.026009972592025862
3.0717794835100198 2.7617748272988645 0.026009972612213734
3.0761428066400058 2.7618883172139039 0.026009972536844107
3.0805061297699918 2.7620018071289434 0.026009972817821466
3.0848694528999774 2.7621152970439833 0.026009971769594926
3.0892327760299634 2.7622287869590227 0.026009975681523731
3.0935960991599489 2.7623422768740622 0.026009961081729694
3.0979594222899349 2.7624557667891021 0.026010015569282383
3.1023227454199209 2.762569256704142 0.02600981221916307
3.1066860685499065 2.7626827466191819 0.026010571132095556
3.1110493916798925 2.7627962365342214 0.026007738830179598
3.115412714809878 2.7629097264492612 0.02601830912491096
3.119776037939864 2.7630232163643011 0.025978860248206784
3.12413936106985 2.7631367062793406 0.026126085459978843
3.1285026841998356 2.7632501961943805 0.025576633489602773
3.1328660073298216 2.76336368610942 0.027627216159335024
3.1372293304598076 2.7634771760244594 0.019974337450468747
3.1415926535897931 2.7635339209819794 0.0095203107220042764
3.1459559767197791 2.7635906659394993 0.019974337450529258
3.1503192998497647 2.7637041558545392 0.027627216159404413
3.1546826229797507 2.7638176457695787 0.025576633489578282
3.1590459461097367 2.7639311356846186 0.026126085459999403
3.1634092692397222 2.764044625599658 0.025978860248148994
3.1677725923697082 2.7641581155146975 0.026018309124824168
3.1721359154996938 2.7642716054297374 0.026007738830279237
3.1764992386296798 2.7643850953447773 0.026010571132089114
3.1808625617596658 2.7644985852598167 0.026009812219081257
3.1852258848896513 2.7646120751748566 0.026010015569310759
3.1895892080196373 2.7647255650898965 0.026009961081705925
3.1939525311496229 2.764839055004936 0.026009975681590417
3.1983158542796088 2.7649525449199759 0.026009971769657306
3.2026791774095948 2.7650660348350158 0.026009972817802672
3.2070425005395804 2.7651795247500552 0.026009972536856898
3.2114058236695664 2.7652930146650947 0.026009972612189299
3.2157691467995524 2.7654065045801346 0.026009972592102842
3.2201324699295379 2.7655199944951745 0.02600997259742956
3.2244957930595239 2.7656334844102139 0.026009972595903819
3.2288591161895095 2.7657469743252534 0.026009972596374723
3.2332224393194955 2.7658604642402933 0.026009972596322192
3.2375857624494815 2.7659739541553332 0.026009972596358809
3.241949085579467 2.7660874440703731 0.026009972596272794
3.246312408709453 2.7662009339854126 0.026009972596274907
3.2506757318394386 2.7663144239004525 0.026009972596352474
3.2550390549694246 2.7664279138154924 0.026009972596345438
3.2594023780994106 2.7665414037305323 0.026009972596288101
3.2637657012293961 2.7666548936455717 0.026009972596227074
3.2681290243593821 2.7667683835606112 0.026009972596223167
3.2724923474893677 2.7668818734756506 0.026009972596299825
3.2768556706193537 2.7669953633906905 0.026009972596302437
3.2812189937493397 2.76710885330573 0.026009972596207381
3.2855823168793252 2.7672223432207694 0.026009972596287616
3.2899456400093112 2.7673358331358093 0.026009972596367052
3.2943089631392972 2.7674493230508492 0.026009972596266469
3.2986722862692828 2.7675628129658887 0.026009972596291973
3.3030356093992688 2.7676763028809286 0.026009972596290534
3.3073989325292543 2.767789792795968 0.026009972596270772
3.3117622556592403 2.7679032827110079 0.02600997259635128
3.3161255787892263 2.7680167726260478 0.026009972596346423
3.3204889019192119 2.7681302625410877 0.026009972596293257
3.3248522250491979 2.7682437524561272 0.026009972596205438
3.3292155481791834 2.7683572423711666 0.026009972596304543
3.3335788713091694 2.7684707322862065 0.026009972596301278
3.3379421944391554 2.768584222201246 0.026009972596207302
3.342305517569141 2.7686977121162855 0.026009972596289083
3.346668840699127 2.7688112020313254 0.026009972596361265
3.351032163829113 2.7689246919463653 0.026009972596288157
3.3553954869590985 2.7690381818614047 0.02600997259621101
3.3597588100890845 2.7691516717764442 0.026009972596287366
3.3641221332190701 2.7692651616914841 0.026009972596364419
3.3684854563490561 2.769378651606524 0.026009972596285173
3.372848779479042 2.7694921415215634 0.026009972596211833
3.3772121026090276 2.7696056314366029 0.026009972596287047
3.3815754257390136 2.7697191213516428 0.026009972596364853
3.3859387488689991 2.7698326112666827 0.026009972596283761
3.3903020719989851 2.7699461011817221 0.026009972596225003
3.3946653951289711 2.7700595910967616 0.026009972596227851
3.3990287182589567 2.770173081011801 0.026009972596283147
3.4033920413889427 2.7702865709268409 0.026009972596364457
3.4077553645189282 2.7704000608418808 0.026009972596289236
3.4121186876489142 2.7705135507569203 0.026009972596203502
3.4164820107789002 2.7706270406719598 0.026009972596308363
3.4208453339088858 2.7707405305869997 0.026009972596287938
3.4252086570388718 2.7708540205020391 0.026009972596264776
3.4295719801688578 2.770967510417079 0.026009972596369908
3.4339353032988433 2.7710810003321189 0.026009972596285812
3.4382986264288293 2.7711944902471584 0.026009972596211729
3.4426619495588149 2.7713079801621978 0.026009972596286825
3.4470252726888009 2.7714214700772377 0.026009972596365859
3.4513885958187869 2.7715349599922776 0.026009972596272028
3.4557519189487724 2.7716484499073171 0.026009972596270924
3.4601152420787584 2.771761939822357 0.026009972596369165
3.464478565208744 2.7718754297373969 0.026009972596282627
3.46884188833873 2.7719889196524363 0.0260099725962252
3.473205211468716 2.7721024095674758 0.026009972596228188
3.4775685345987015 2.7722158994825152 0.026009972596281593
3.4819318577286875 2.7723293893975551 0.026009972596370334
3.4862951808586731 2.772442879312595 0.026009972596267316
3.4906585039886591 2.7725563692276345 0.026009972596285316
3.4950218271186451 2.7726698591426744 0.026009972596308367
3.4993851502486306 2.7727833490577138 0.026009972596206118
3.5037484733786166 2.7728968389727533 0.026009972596286703
3.5081117965086026 2.7730103288877932 0.02600997259636402
3.5124751196385882 2.7731238188028331 0.026009972596287467
3.5168384427685742 2.7732373087178726 0.026009972596210996
3.5212017658985597 2.773350798632912 0.026009972596288091
3.5255650890285457 2.7734642885479519 0.026009972596361539
3.5299284121585317 2.7735777784629918 0.026009972596288056
3.5342917352885173 2.7736912683780313 0.026009972596211125
3.5386550584185033 2.7738047582930707 0.026009972596287019
3.5430183815484888 2.7739182482081106 0.026009972596365692
3.5473817046784748 2.7740317381231505 0.026009972596280444
3.5517450278084608 2.77414522803819 0.026009972596229461
3.5561083509384463 2.7742587179532294 0.026009972596221273
3.5604716740684323 2.7743722078682689 0.026009972596304991
3.5648349971984179 2.7744856977833088 0.026009972596283661
3.5691983203284039 2.7745991876983482 0.02600997259628526
3.5735616434583899 2.7747126776133881 0.026009972596292251
3.5779249665883754 2.7748261675284276 0.02600997259627064
3.5822882897183614 2.7749396574434675 0.026009972596350076
3.5866516128483474 2.7750531473585074 0.026009972596351363
3.591014935978333 2.7751666372735473 0.026009972596274702
3.595378259108319 2.7752801271885867 0.026009972596274699
3.5997415822383045 2.7753936171036266 0.026009972596351381
3.6041049053682905 2.7755071070186665 0.026009972596350024
3.6084682284982765 2.7756205969337064 0.026009972596270827
3.6128315516282621 2.7757340868487459 0.026009972596291564
3.6171948747582481 2.7758475767637858 0.026009972596287807
3.6215581978882336 2.7759610666788253 0.026009972596282092
3.6259215210182196 2.7760745565938652 0.026009972596308713
3.6302848441482056 2.7761880465089046 0.026009972596199998
3.6346481672781912 2.7763015364239441 0.026009972596310851
3.6390114904081772 2.776415026338984 0.026009972596281482
3.6433748135381627 2.7765285162540234 0.026009972596288105
3.6477381366681487 2.7766420061690633 0.026009972596290995
3.6521014597981347 2.7767554960841028 0.026009972596264863
3.6564647829281203 2.7768689859991427 0.026009972596374439
3.6608281060581063 2.7769824759141826 0.026009972596267614
3.6651914291880923 2.777095965829222 0.026009972596272052
3.6695547523180778 2.7772094557442619 0.026009972596369068
3.6739180754480638 2.7773229456593018 0.026009972596281912
3.6782813985780494 2.7774364355743413 0.026009972596228191
3.6826447217080354 2.7775499254893807 0.026009972596224881
3.6870080448380214 2.7776634154044202 0.0260099725962839
3.6913713679680069 2.7777769053194601 0.026009972596364426
3.6957346910979929 2.7778903952345 0.026009972596288625
3.7000980142279785 2.7780038851495394 0.026009972596205955
3.7044613373579645 2.7781173750645789 0.026009972596307107
3.7088246604879505 2.7782308649796188 0.02600997259628255
3.713187983617936 2.7783443548946583 0.026009972596287581
3.717551306747922 2.7784578448096982 0.026009972596292018
3.7219146298779076 2.7785713347247376 0.026009972596269235
3.7262779530078936 2.7786848246397775 0.02600997259635595
3.7306412761378795 2.7787983145548174 0.02600997259632927
3.7350045992678651 2.7789118044698573 0.026009972596357182
3.7393679223978511 2.7790252943848972 0.026009972596272236
3.7437312455278371 2.7791387842999367 0.02600997259627082
3.7480945686578226 2.7792522742149766 0.026009972596369391
3.7524578917878086 2.7793657641300165 0.026009972596281846
3.7568212149177942 2.7794792540450559 0.026009972596228101
3.7611845380477802 2.7795927439600954 0.026009972596225298
3.7655478611777662 2.7797062338751348 0.026009972596282318
3.7699111843077517 2.7798197237901747 0.026009972596370327
3.7742745074377377 2.7799332137052146 0.026009972596266601
3.7786378305677233 2.7800467036202541 0.026009972596288164
3.7830011536977093 2.780160193535294 0.026009972596305626
3.7873644768276953 2.7802736834503334 0.026009972596206278
3.7917277999576808 2.7803871733653729 0.02600997259628883
3.7960911230876668 2.7805006632804128 0.026009972596363305
3.8004544462176524 2.7806141531954527 0.026009972596288174
3.8048177693476384 2.7807276431104921 0.026009972596208877
3.8091810924776244 2.7808411330255316 0.026009972596287938
3.8135444156076099 2.7809546229405715 0.026009972596364263
3.8179077387375959 2.7810681128556114 0.026009972596285236
3.8222710618675819 2.7811816027706509 0.026009972596211742
3.8266343849975675 2.7812950926856903 0.026009972596287366
3.8309977081275535 2.7814085826007302 0.026009972596363694
3.835361031257539 2.7815220725157701 0.026009972596288084
3.839724354387525 2.7816355624308096 0.026009972596208866
3.844087677517511 2.781749052345849 0.026009972596288077
3.8484510006474966 2.7818625422608889 0.026009972596363722
3.8528143237774826 2.7819760321759288 0.026009972596287248
3.8571776469074681 2.7820895220909683 0.026009972596212169
3.8615409700374541 2.7822030120060077 0.02600997259628364
3.8659042931674401 2.7823165019210476 0.026009972596370209
3.8702676162974257 2.7824299918360875 0.026009972596265744
3.8746309394274117 2.782543481751127 0.026009972596291685
3.8789942625573972 2.7826569716661669 0.026009972596292397
3.8833575856873832 2.7827704615812063 0.026009972596263621
3.8877209088173692 2.7828839514962462 0.026009972596370085
3.8920842319473548 2.7829974414112861 0.026009972596286273
3.8964475550773408 2.7831109313263256 0.026009972596209709
3.9008108782073267 2.783224421241365 0.026009972596286492
3.9051742013373123 2.7833379111564049 0.02600997259636921
3.9095375244672983 2.7834514010714448 0.026009972596266893
3.9139008475972838 2.7835648909864843 0.026009972596288108
3.9182641707272698 2.7836783809015242 0.02600997259630556
3.9226274938572558 2.7837918708165637 0.026009972596206604
3.9269908169872414 2.7839053607316031 0.026009972596287581
3.9313541401172274 2.784018850646643 0.026009972596367965
3.9357174632472129 2.7841323405616829 0.026009972596270782
3.9400807863771989 2.7842458304767224 0.02600997259627378
3.9444441095071849 2.7843593203917623 0.026009972596351044
3.9488074326371705 2.7844728103068022 0.026009972596352276
3.9531707557671565 2.7845863002218421 0.026009972596270081
3.957534078897142 2.7846997901368815 0.026009972596292293
3.961897402027128 2.7848132800519214 0.026009972596285649
3.966260725157114 2.7849267699669609 0.026009972596282061
3.9706240482870996 2.7850402598820008 0.026009972596311007
3.9749873714170856 2.7851537497970402 0.026009972596198805
3.9793506945470716 2.7852672397120797 0.026009972596305372
3.9837140176770571 2.7853807296271196 0.026009972596304599
3.9880773408070431 2.785494219542159 0.026009972596201133
3.9924406639370287 2.7856077094571985 0.026009972596310427
3.9968039870670147 2.7857211993722384 0.02600997259628204
4.0011673101970002 2.7858346892872778 0.026009972596286297
4.0055306333269867 2.7859481792023177 0.026009972596289711
4.0098939564569722 2.7860616691173572 0.026009972596271805
4.0142572795869578 2.7861751590323971 0.026009972596355888
4.0186206027169442 2.786288648947437 0.026009972596326925
4.0229839258469298 2.7864021388624769 0.026009972596358701
4.0273472489769153 2.7865156287775168 0.026009972596276461
4.0317105721069009 2.7866291186925563 0.026009972596268291
4.0360738952368873 2.7867426086075961 0.026009972596367316
4.0404372183668729 2.786856098522636 0.026009972596284743
4.0448005414968584 2.7869695884376755 0.026009972596226543
4.0491638646268449 2.787083078352715 0.026009972596220687
4.0535271877568304 2.7871965682677544 0.026009972596302333
4.057890510886816 2.7873100581827943 0.026009972596302812
4.0622538340168024 2.7874235480978338 0.026009972596203367
4.066617157146788 2.7875370380128732 0.026009972596295321
4.0709804802767735 2.7876505279279131 0.026009972596348175
4.0753438034067591 2.787764017842953 0.02600997259635017
4.0797071265367455 2.7878775077579929 0.026009972596273426
4.0840704496667311 2.7879909976730324 0.026009972596273079
4.0884337727967166 2.7881044875880723 0.026009972596367077
4.092797095926703 2.7882179775031122 0.026009972596280875
4.0971604190566886 2.7883314674181516 0.026009972596226373
4.1015237421866741 2.7884449573331911 0.026009972596241122
4.1058870653166606 2.7885584472482305 0.026009972596220746
4.1102503884466461 2.78867193716327 0.026009972596287529
4.1146137115766317 2.7887854270783099 0.026009972596361983
4.1189770347066181 2.7888989169933498 0.026009972596286818
4.1233403578366037 2.7890124069083893 0.026009972596207694
4.1277036809665892 2.7891258968234287 0.02600997259630989
4.1320670040965748 2.7892393867384686 0.026009972596285576
4.1364303272265612 2.7893528766535081 0.026009972596264738
4.1407936503565468 2.789466366568548 0.026009972596372416
4.1451569734865323 2.7895798564835879 0.026009972596283803
4.1495202966165188 2.7896933463986273 0.026009972596209307
4.1538836197465043 2.7898068363136668 0.026009972596290575
4.1582469428764899 2.7899203262287067 0.02600997259636122
4.1626102660064763 2.7900338161437466 0.026009972596286814
4.1669735891364619 2.790147306058786 0.026009972596208478
4.1713369122664474 2.7902607959738255 0.026009972596306771
4.1757002353964339 2.7903742858888654 0.026009972596281371
4.1800635585264194 2.7904877758039048 0.026009972596284708
4.184426881656405 2.7906012657189447 0.026009972596312624
4.1887902047863905 2.7907147556339842 0.026009972596197653
4.193153527916377 2.7908282455490236 0.026009972596308363
4.1975168510463625 2.7909417354640635 0.02600997259628585
4.2018801741763481 2.791055225379103 0.026009972596281083
4.2062434973063345 2.7911687152941429 0.026009972596306767
4.2106068204363201 2.7912822052091824 0.026009972596208804
4.2149701435663056 2.7913956951242218 0.026009972596285506
4.2193334666962921 2.7915091850392617 0.026009972596366126
4.2236967898262776 2.7916226749543016 0.026009972596272274
4.2280601129562632 2.7917361648693411 0.026009972596277596
4.2324234360862487 2.791849654784381 0.026009972596350187
4.2367867592162352 2.7919631446994209 0.026009972596343928
4.2411500823462207 2.7920766346144608 0.026009972596296383
4.2455134054762063 2.7921901245295002 0.026009972596203374
4.2498767286061927 2.7923036144445397 0.02600997259630174
4.2542400517361783 2.7924171043595796 0.026009972596306611
4.2586033748661638 2.792530594274619 0.026009972596204644
4.2629666979961502 2.7926440841896585 0.026009972596286415
4.2673300211261358 2.7927575741046984 0.026009972596366622
4.2716933442561213 2.7928710640197383 0.026009972596285284
4.2760566673861078 2.7929845539347777 0.026009972596209192
4.2804199905160933 2.7930980438498172 0.026009972596289555
4.2847833136460789 2.7932115337648571 0.026009972596365397
4.2891466367760644 2.793325023679897 0.02600997259628704
4.2935099599060509 2.7934385135949364 0.026009972596203385
4.2978732830360364 2.7935520035099759 0.026009972596311048
4.302236606166022 2.7936654934250158 0.026009972596285267
4.3065999292960084 2.7937789833400553 0.026009972596264818
4.310963252425994 2.7938924732550952 0.026009972596372416
4.3153265755559795 2.7940059631701351 0.026009972596283702
4.319689898685966 2.7941194530851745 0.026009972596209723
4.3240532218159515 2.794232943000214 0.026009972596289021
4.3284165449459371 2.7943464329152539 0.026009972596367028
4.3327798680759235 2.7944599228302938 0.026009972596265134
4.3371431912059091 2.7945734127453332 0.026009972596289382
4.3415065143358946 2.7946869026603731 0.026009972596310157
4.3458698374658802 2.7948003925754126 0.026009972596202829
4.3502331605958666 2.794913882490452 0.026009972596290131
4.3545964837258522 2.7950273724054919 0.02600997259635358
4.3589598068558377 2.7951408623205318 0.026009972596333742
4.3633231299858242 2.7952543522355717 0.026009972596333725
4.3676864531158097 2.7953678421506116 0.026009972596353639
4.3720497762457953 2.7954813320656515 0.026009972596289909
4.3764130993757817 2.795594821980691 0.026009972596203659
4.3807764225057673 2.7957083118957304 0.026009972596307069
4.3851397456357528 2.7958218018107703 0.026009972596300883
4.3895030687657384 2.7959352917258098 0.026009972596222224
4.3938663918957248 2.7960487816408492 0.026009972596221821
4.3982297150257104 2.7961622715558887 0.026009972596302094
4.4025930381556959 2.7962757614709286 0.026009972596302638
4.4069563612856824 2.7963892513859681 0.026009972596204287
4.4113196844156679 2.7965027413010075 0.026009972596291817
4.4156830075456535 2.7966162312160474 0.026009972596361283
4.4200463306756399 2.7967297211310873 0.026009972596285343
4.4244096538056255 2.7968432110461268 0.026009972596214299
4.428772976935611 2.7969567009611662 0.026009972596284969
4.4331363000655974 2.7970701908762061 0.026009972596362761
4.437499623195583 2.797183680791246 0.026009972596286287
4.4418629463255686 2.7972971707062855 0.02600997259622493
4.4462262694555541 2.7974106606213249 0.02600997259624151
4.4505895925855405 2.7975241505363644 0.026009972596220642
4.4549529157155261 2.7976376404514038 0.026009972596287536
4.4593162388455116 2.7977511303664437 0.02600997259636206
4.4636795619754981 2.7978646202814836 0.026009972596286509
4.4680428851054836 2.7979781101965231 0.026009972596208839
4.4724062082354692 2.7980916001115625 0.026009972596305633
4.4767695313654556 2.7982050900266024 0.026009972596285576
4.4811328544954412 2.7983185799416419 0.026009972596269009
4.4854961776254267 2.7984320698566818 0.026009972596371216
4.4898595007554132 2.7985455597717217 0.026009972596268398
4.4942228238853987 2.7986590496867612 0.026009972596272139
4.4985861470153843 2.7987725396018011 0.026009972596375882
4.5029494701453698 2.798886029516841 0.026009972596262528
4.5073127932753563 2.7989995194318804 0.026009972596290946
4.5116761164053418 2.7991130093469203 0.026009972596290624
4.5160394395353274 2.7992264992619598 0.02600997259627939
4.5204027626653138 2.7993399891769997 0.026009972596308772
4.5247660857952994 2.7994534790920391 0.026009972596202465
4.5291294089252849 2.7995669690070786 0.026009972596308852
4.5334927320552714 2.7996804589221185 0.02600997259627906
4.5378560551852569 2.7997939488371579 0.026009972596291866
4.5422193783152425 2.7999074387521978 0.026009972596286311
4.5465827014452289 2.8000209286672373 0.02600997259627982
4.5509460245752145 2.8001344185822772 0.026009972596311371
4.5553093477052 2.8002479084973166 0.026009972596207531
4.5596726708351856 2.8003613984123561 0.026009972596286023
4.564035993965172 2.800474888327396 0.026009972596365321
4.5683993170951576 2.8005883782424359 0.02600997259627499
4.5727626402251431 2.8007018681574753 0.026009972596267538
4.5771259633551296 2.8008153580725152 0.026009972596371805
4.5814892864851151 2.8009288479875551 0.02600997259626751
4.5858526096151007 2.8010423379025946 0.026009972596290985
4.5902159327450871 2.8011558278176345 0.026009972596285496
4.5945792558750727 2.801269317732674 0.026009972596283994
4.5989425790050582 2.8013828076477139 0.026009972596311371
4.6033059021350438 2.8014962975627533 0.026009972596203367
4.6076692252650302 2.8016097874777928 0.026009972596286762
4.6120325483950158 2.8017232773928327 0.026009972596366532
4.6163958715250013 2.8018367673078726 0.026009972596285298
4.6207591946549877 2.801950257222912 0.026009972596209217
4.6251225177849733 2.8020637471379515 0.026009972596289448
4.6294858409149588 2.8021772370529914 0.026009972596365824
4.6338491640449453 2.8022907269680313 0.026009972596269533
4.6382124871749308 2.8024042168830707 0.026009972596272999
4.6425758103049164 2.8025177067981106 0.026009972596371299
4.6469391334349028 2.8026311967131505 0.026009972596264076
4.6513024565648884 2.80274468662819 0.026009972596289344
4.6556657796948739 2.8028581765432299 0.026009972596311378
4.6600291028248595 2.8029716664582693 0.026009972596197996
4.6643924259548459 2.8030851563733088 0.026009972596308245
4.6687557490848315 2.8031986462883487 0.026009972596285989
4.673119072214817 2.8033121362033881 0.026009972596280632
4.6774823953448035 2.803425626118428 0.026009972596308439
4.681845718474789 2.8035391160334675 0.026009972596202569
4.6862090416047746 2.803652605948507 0.026009972596308772
4.690572364734761 2.8037660958635469 0.026009972596279293
4.6949356878647466 2.8038795857785863 0.026009972596291012
4.6992990109947321 2.8039930756936262 0.026009972596289493
4.7036623341247186 2.8041065656086657 0.026009972596267961
4.7080256572547041 2.8042200555237056 0.026009972596355617
4.7123889803846897 2.8043335454387455 0.026009972596347755
4.7167523035146752 2.8044470353537854 0.026009972596291557
4.7211156266446617 2.8045605252688248 0.026009972596202961
4.7254789497746472 2.8046740151838643 0.026009972596308217
4.7298422729046328 2.8047875050989042 0.026009972596296987
4.7342055960346192 2.8049009950139436 0.02600997259622078
4.7385689191646048 2.8050144849289831 0.026009972596231518
4.7429322422945903 2.8051279748440225 0.026009972596280642
4.7472955654245768 2.8052414647590624 0.026009972596362851
4.7516588885545623 2.8053549546741023 0.026009972596290242
4.7560222116845479 2.8054684445891418 0.026009972596209002
4.7603855348145334 2.8055819345041813 0.026009972596301254
4.7647488579445199 2.8056954244192212 0.026009972596302913
4.7691121810745054 2.8058089143342606 0.026009972596204054
4.773475504204491 2.8059224042493001 0.02600997259630837
4.7778388273344774 2.80603589416434 0.0260099725962794
4.782202150464463 2.8061493840793794 0.026009972596290995
4.7865654735944485 2.8062628739944193 0.026009972596289465
4.7909287967244349 2.8063763639094588 0.026009972596268076
4.7952921198544205 2.8064898538244987 0.02600997259635519
4.7996554429844061 2.8066033437395386 0.026009972596349351
4.8040187661143925 2.8067168336545785 0.026009972596269682
4.808382089244378 2.8068303235696179 0.026009972596288868
4.8127454123743636 2.8069438134846578 0.02600997259630768
4.8171087355043491 2.8070573033996973 0.026009972596213269
4.8214720586343356 2.8071707933147367 0.026009972596250854
4.8258353817643211 2.8072842832297762 0.02600997259619494
4.8301987048943067 2.8073977731448152 0.026009972596091547
4.8345620280242931 2.8075112630598542 0.026009972596239821
4.8389253511542787 2.8076247529748941 0.026009972596360804
4.8432886742842642 2.807738242889934 0.026009972596355159
4.8476519974142507 2.8078517328049744 0.026009972596546155
4.8520153205442362 2.8079652227200156 0.026009972596703831
4.8563786436742218 2.8080787126350573 0.026009972596814004
4.8607419668042082 2.8081922025500994 0.026009972596810416
4.8651052899341938 2.8083056924651406 0.026009972596409268
4.8694686130641793 2.8084191823801796 0.026009972595896009
4.8738319361941649 2.8085326722952164 0.026009972595296863
4.8781952593241513 2.8086461622102501 0.02600997259452683
4.8825585824541369 2.8087596521252811 0.026009972594236763
4.8869219055841224 2.8088731420403126 0.026009972594656285
4.8912852287141089 2.8089866319553471 0.026009972595695038
4.8956485518440944 2.8091001218703879 0.026009972597532519
4.90001187497408 2.8092136117854385 0.026009972600151719
4.9043751981040664 2.809327101700501 0.026009972602782882
4.908738521234052 2.8094405916155725 0.026009972603989712
4.9131018443640375 2.8095540815306439 0.026009972602653749
4.9174651674940231 2.8096675714457033 0.026009972598546798
4.9218284906240095 2.8097810613607392 0.026009972591868012
4.9261918137539951 2.8098945512757401 0.026009972582386121
4.9305551368839806 2.8100080411906965 0.026009972572353691
4.9349184600139671 2.8101215311056182 0.026009972567600091
4.9392817831439526 2.8102350210205396 0.026009972572525596
4.9436451062739382 2.8103485109355049 0.026009972587515726
4.9480084294039246 2.8104620008505563 0.026009972612076434
4.9523717525339102 2.8105754907657374 0.026009972647235445
4.9567350756638957 2.8106889806810842 0.026009972685101194
4.9610983987938821 2.8108024705965633 0.026009972703341933
4.9654617219238677 2.8109159605120455 0.026009972685639867
4.9698250450538533 2.8110294504273687 0.026009972631051301
4.9741883681838388 2.8111429403423758 0.026009972540401056
4.9785516913138252 2.8112564302569023 0.026009972409806847
4.9829150144438108 2.8113699201708111 0.026009972267744829
4.9872783375737963 2.8114834100842181 0.026009972196857852
4.9916416607037828 2.8115968999975989 0.026009972259410655
4.9960049838337683 2.8117103899115583 0.02600997245992101
5.0003683069637539 2.8118238798266835 0.026009972794691673
5.0047316300937403 2.8119373697435859 0.026009973278526204
5.0090949532237259 2.8120508596627873 0.026009973811071313
5.0134582763537114 2.8121643495838917 0.026009974086135437
5.0178215994836979 2.8122778395051475 0.02600997386578956
5.0221849226136834 2.8123913294242997 0.026009973129863983
5.026548245743669 2.8125048193391562 0.026009971894075921
5.0309115688736545 2.8126183092474411 0.026009970101343823
5.035274892003641 2.8127317991471679 0.026009968105645896
5.0396382151336265 2.8128452890396862 0.026009967040923357
5.0440015382636121 2.8129587789314399 0.026009967813574172
5.0483648613935985 2.8130722688308327 0.026009970514236248
5.0527281845235841 2.8131857587460569 0.026009975076104714
5.0570915076535696 2.8132992486855746 0.026009981715759731
5.0614548307835561 2.8134127386569352 0.026009989191820689
5.0658181539135416 2.8135262286555895 0.026009993307318693
5.0701814770435272 2.8136397186578419 0.026009990608873084
5.0745448001735127 2.8137532086323729 0.026009980701150077
5.0789081233034992 2.8138666985485696 0.026009963862994763
5.0832714464334847 2.8139801883749671 0.02600993927424302
5.0876347695634703 2.8140936780829056 0.026009911279561884
5.0919980926934567 2.8142071676875791 0.026009895400848169
5.0963614158234423 2.8143206572760642 0.026009904780320083
5.1007247389534278 2.8144341469650573 0.0260099411150914
5.1050880620834143 2.8145476368689608 0.026010003262206746
5.1094513852133998 2.8146611271047832 0.026010094311070729
5.1138147083433854 2.8147746177811812 0.02601019909661868
5.1181780314733718 2.8148881088480051 0.026010260260084669
5.1225413546033574 2.8150015999854792 0.026010227833224299
5.1269046777333429 2.8151150907588751 0.026010094631019137
5.1312680008633285 2.8152285807406598 0.026009865273253184
5.1356313239933149 2.8153420694956779 0.026009528172078328
5.1399946471233005 2.8154555566124673 0.026009136108839724
5.144357970253286 2.8155690422541237 0.026008900873249152
5.1487212933832724 2.8156825275941686 0.026009012279280552
5.153084616513258 2.8157960142517782 0.026009500408642913
5.1574479396432436 2.8159095038247153 0.026010346807516783
5.16181126277323 2.8160229979314972 0.026011594756308813
5.1661745859032155 2.8161364981284671 0.026013061109132703
5.1705379090332011 2.816250003895179 0.026013964526340461
5.1749012321631875 2.8163635109281588 0.026013584598916614
5.1792645552931731 2.816477013197868 0.026011796529465024
5.1836278784231586 2.8165905047331279 0.026008673287336807
5.1879912015531442 2.8167039795132287 0.02600405386282225
5.1923545246831306 2.816817431657745 0.02599857172270122
5.1967178478131162 2.8169308627859517 0.025995106876104162
5.2010811709431017 2.8170442886672431 0.025996391139291846
5.2054444940730882 2.8171577317499805 0.026002938262983413
5.2098078172030737 2.8172712143498462 0.026014462324145553
5.2141711403330593 2.8173847588668588 0.026031560026225462
5.2185344634630457 2.8174983874962463 0.026052047660134782
5.2228977865930313 2.8176120953757859 0.026065319222392139
5.2272611097230168 2.8177258247676309 0.026061024502039055
5.2316244328530024 2.8178394921128351 0.026037062465038539
5.2359877559829888 2.8179530140125246 0.025994544235900471
5.2403510791129744 2.8180663071116734 0.025931266555712828
5.2447144022429599 2.8181792877197882 0.025854730833039727
5.2490777253729464 2.8182919696724715 0.025803958046299098
5.2534410485029319 2.8184045641906423 0.025818129024280313
5.2578043716329175 2.8185173822349419 0.025905787601935328
5.2621676947629039 2.8186307354856353 0.026062648369201281
5.2665310178928895 2.8187449341877309 0.026296817098496475
5.270894341022875 2.8188602936077003 0.026582621804134173
5.2752576641528615 2.8189767778242167 0.026776638216230126
5.279620987282847 2.8190936148183421 0.02673067301882847
5.2839843104128326 2.8192096476291679 0.0264101537053174
5.2883476335428181 2.8193237114402425 0.025831495941259115
5.2927109566728046 2.8194346512944852 0.0249649873015068
5.2970742798027901 2.819541280639061 0.023898116984775477
5.3014376029327757 2.819643676275728 0.023157535615533478
5.3058009260627621 2.8197446573864497 0.023303291870799974
5.3101642491927477 2.8198485275577583 0.024474663559420868
5.3145275723227332 2.8199596399292486 0.026609162347892502
5.3188908954527196 2.820082294943401 0.029815302070632228
5.3232542185827052 2.8202209545543604 0.033796331096972082
5.3276175417126908 2.8203755406883175 0.036620296068126598
5.3319808648426772 2.8205357681737402 0.036172385314913916
5.3363441879726627 2.8206856326427054 0.031893685640896945
5.3407075111026483 2.8208088657541039 0.024020937122447159
5.3450708342326338 2.8208894519892578 0.012158425956081291
5.3494341573626203 2.8209106255069427 -0.0026897886032982102
5.3537974804926058 2.8208719203832642 -0.013453115921130755
5.3581608036225914 2.8208108162058001 -0.01212156825164973
5.3625241267525778 2.8207868440162271 0.0034451877173962801
5.3668874498825634 2.8208606962337224 0.03263579836536698
5.3712507730125489 2.8210924156572461 0.076107203252428923
5.3756140961425354 2.8215435068362904 0.13240137743207039
5.3799774192725209 2.8222502673494891 0.1903674702305517
5.3843407424025065 2.8231882410948441 0.23696471887427237
5.388704065532492 2.824296379665939 0.26857685598024095
5.3930673886624785 2.8255113767212996 0.28599825679324181
5.397430711792464 2.8267707989813826 0.28871551909352838
5.4017940349224496 2.8280109049314031 0.27768867338655961
5.406157358052436 2.8291858439128124 0.26099237022480093
5.4105206811824216 2.8302943862334167 0.2483479401431854
5.4148840043124071 2.8313631355706494 0.24261134235983797
5.4192473274423936 2.8324207442109119 0.24318274455084085
5.4236106505723791 2.8334950682071609 0.25046658677639944
5.4279739737023647 2.8346151913678073 0.26374163379866966
5.4323372968323511 2.8357954684272824 0.27620556367595406
5.4367006199623367 2.8370121523014156 0.27946505333937349
5.4410639430923222 2.838216937266528 0.27081355950127672
5.4454272662223078 2.839359255994919 0.25103033726338986
5.4497905893522942 2.840389945208603 0.2191152985967714
5.4541539124822798 2.841256365095099 0.17686460494358758
5.4585172356122653 2.8419457859798953 0.14314359910210189
5.4628805587422518 2.8425527888291438 0.14191629970420491
5.4672438818722373 2.8432434882444273 0.18142555594806295
5.4716072050022229 2.8441916420028162 0.25917391762020558
5.4759705281322093 2.8455658776352366 0.37863609932299319
5.4803338512621949 2.847548207942773 0.53408642929043693
5.4846971743921804 2.8501814887370243 0.65847861558938081
5.4890604975221668 2.8531205231281529 0.66324081521900424
5.4934238206521524 2.8557513935213756 0.51814256073112785
5.497787143782138 2.8574312419970926 0.22802091614853121
5.5021504669121235 2.8575267556665085 -0.20957712904431919
5.5065137900421099 2.85539278144909 -0.79125463322468315
5.5108771131720955 2.8504825844136175 -1.4686197335534648
5.5152404363020811 2.8425331665983409 -2.1758863179022012
5.5196037594320675 2.8314851136288515 -2.8895337635190268
5.523967082562053 2.817303145193609 -3.6128635502116637
5.5283304056920386 2.7999446884961525 -4.3446109654596574
5.532693728822025 2.7793748112417114 -5.0862941008261631
5.5370570519520106 2.7555028867400386 -5.8661447262237907
5.5414203750819961 2.7280713430458552 -6.7227934183553506
5.5457836982119817 2.696699718356359 -7.6727620449408436
5.5501470213419681 2.6609878335214798 -8.7093820499474646
5.5545103444719537 2.6205537154192711 -9.8438448962985934
5.5588736676019392 2.5749602451650935 -11.063451178978488
5.5632369907319257 2.524223072896095 -12.134421440121683
5.5676003138619112 2.4697766029718706 -12.717808318362332
5.5719636369918968 2.4141445322616448 -12.678774806193688
5.5763269601218832 2.360008891843512 -12.037811350453822
5.5806902832518688 2.3099931433185832 -10.77919999434309
5.5850536063818543 2.2668192792587414 -8.9178466189767711
5.5894169295118408 2.2325108101637392 -6.8223416489381004
5.5937802526418263 2.2068203284375896 -5.0450266724481905
5.5981435757718119 2.1876927440484328 -3.8121840734151253
5.6025068989017974 2.1727959492839068 -3.0996769465998031
5.6068702220317839 2.1598751458989156 -2.9150797820842809
5.6112335451617694 2.1465970881453975 -3.2530139804930926
5.615596868291755 2.1310883388126065 -3.8652149163781999
5.6199601914217414 2.1130240309224217 -4.3692601647255351
5.624323514551727 2.0933558119413762 -4.6007189057443645
5.6286868376817125 2.0732468115351437 -4.5766657121825656
5.633050160811699 2.0537989123637437 -4.2899390025784356
5.6374134839416845 2.0361871639621407 -3.7439150316062753
5.6417768070716701 2.0211608691016782 -3.174666436778776
5.6461401302016565 2.00796943396535 -2.9585012563477595
5.6505034533316421 1.9945831697787855 -3.2648085422630255
5.6548667764616276 1.9787440164170051 -4.076181534934185
5.6592300995916132 1.9582632470773145 -5.4022047144298968
5.6635934227215996 1.9308555361733666 -7.2406932704176468
5.6679567458515852 1.8947893446531723 -9.2764628214412337
5.6723200689815707 1.8503749343403559 -10.98784125627302
5.6766833921115571 1.7997262088893911 -12.132769751989352
5.6810467152415427 1.745295302907578 -12.728512462427881
5.6854100383715283 1.6894508573678686 -12.772927116361421
5.6897733615015147 1.6346367380439724 -12.263003876034704
5.6941366846315002 1.5829371688880287 -11.408475102689088
5.6985000077614858 1.5350598962652047 -10.567088967197494
5.7028633308914722 1.4904525300858553 -9.910922706395338
5.7072266540214578 1.4483138123340675 -9.4314341897197753
5.7115899771514433 1.4078952773354669 -9.1255263442338457
5.7159533002814289 1.3684211286853205 -8.9966234779128147
5.7203166234114153 1.3292035791220143 -8.9924060282887588
5.7246799465414009 1.2898979627459501 -9.0223044369061167
5.7290432696713864 1.2504856036229703 -9.0408694390033748
5.7334065928013729 1.2110156638323968 -9.0496914795103169
5.7377699159313584 1.171524264239608 -9.050182539354731
5.742133239061344 1.1320513700360841 -9.0414275641915385
5.7464965621913304 1.0926338676421323 -9.0251484336599859
5.750859885321316 1.0532996669011403 -9.0036613303598383
5.7552232084513015 1.0140676324573803 -8.9783705047262981
5.7595865315812871 0.97495447409550995 -8.9490433655541626
5.7639498547112735 0.93597795666717465 -8.9159621889393996
5.7683131778412591 0.89715315665485895 -8.8793534375685006
5.7726765009712446 0.85850935946807305 -8.8301080324800463
5.7770398241012311 0.82013974504235876 -8.7507358481100184
5.7814031472312166 0.78220229526633012 -8.6318212846019371
5.7857664703612022 0.74487009798611992 -8.4735762346268899
5.7901297934911886 0.70831327977716696 -8.2762186557583544
5.7944931166211742 0.67270382019340391 -8.0394268306333014
5.7988564397511597 0.63820749360473761 -7.7672620272331336
5.8032197628811462 0.6049615466632372 -7.4676814752245635
5.8075830860111317 0.57307316142895814 -7.1450800927705949
5.8119464091411173 0.5426423225689897 -6.7995404312601879
5.8163097322711028 0.51376983470110749 -6.4307221732857514
5.8206730554010893 0.48655772958627208 -6.0384965590204605
5.8250363785310748 0.46110019840216293 -5.6282660116535803
5.8293997016610604 0.43745152159701434 -5.2113809824801978
5.8337630247910468 0.41562258555107429 -4.7943134027920893
5.8381263479210324 0.39561330814612217 -4.3772020435932495
5.8424896710510179 0.37742497365468058 -3.9596218125413127
5.8468529941810043 0.3610599794040048 -3.5414295668576083
5.8512163173109899 0.34651300742640384 -3.1281623360015387
5.8555796404409755 0.33373679987712057 -2.7319555263620945
5.8599429635709619 0.32263692693124696 -2.3599992827949596
5.8643062867009474 0.31310640644516557 -2.012461022602583
5.868669609830933 0.30503994906528031 -1.6889473936556383
5.8730329329609186 0.29833268278153391 -1.3894135661992566
5.877396256090905 0.29287539657795958 -1.1171285478132715
5.8817595792208905 0.28853333020984223 -0.8796107743705196
5.8861229023508761 0.28514202816631845 -0.68150081158689002
5.8904862254808625 0.282528679719034 -0.52287954617546539
5.8948495486108481 0.28052184538854263 -0.40358468865806696
5.8992128717408336 0.27894917642093747 -0.3238668800014981
5.9035761948708201 0.27764111768712901 -0.28159026194496606
5.9079395180008056 0.2764445612805726 -0.27181859438824202
5.9123028411307912 0.27522630934106856 -0.29143527924893464
5.9166661642607767 0.27385885012268113 -0.34024432526092635
5.9210294873907632 0.27221429764641847 -0.41849411507722012
5.9253928105207487 0.27016339138927659 -0.52658947989622551
5.9297561336507343 0.26758398480341139 -0.65871657009239903
5.9341194567807207 0.26440092029173728 -0.80052752119542092
5.9384827799107063 0.26059770662524051 -0.94258439448823172
5.9428461030406918 0.25617564058898945 -1.0844206482368586
5.9472094261706783 0.25113395037839387 -1.2265325079825897
5.9515727493006638 0.24547156533596851 -1.3690293468948975
5.9559360724306494 0.23919129412160342 -1.5085157007135122
5.9602993955606358 0.23232465109735931 -1.636060244163702
5.9646627186906214 0.22494017866868785 -1.7455885483001152
5.9690260418206069 0.21711818409380979 -1.8367821299365079
5.9733893649505925 0.20893748201960216 -1.9099266778035942
5.9777526880805789 0.20047752616698045 -1.96478476918751
5.9821160112105645 0.19181656048230591 -2.0024127909864173
5.98647933434055 0.18302432766189963 -2.0254994270095867
5.9908426574705365 0.17415913442301706 -2.0359413841135661
5.995205980600522 0.16527556576752361 -2.0338848141000545
5.9995693037305076 0.15642847338762186 -2.019223903149411
6.003932626860494 0.14767317909165306 -1.991729163918198
6.0082959499904796 0.13906258025368956 -1.953768049771734
6.0126592731204651 0.13062881307191948 -1.9120414858787289
6.0170225962504515 0.12237526175045177 -1.8714210662260096
6.0213859193804371 0.11429544913123636 -1.8322680778444844
6.0257492425104227 0.10638392907537449 -1.7943370752556584
6.0301125656404082 0.098634947205880716 -1.7577516056860931
6.0344758887703946 0.091042964500914772 -1.7223267873145733
6.0388392119003802 0.083603741515394764 -1.6876370097496467
6.0432025350303658 0.076314950709487989 -1.6533615439981644
6.0475658581603522 0.069174900813754325 -1.6194569199042614
6.0519291812903377 0.062181977733273087 -1.5859272184991089
6.0562925044203233 0.055334059327956646 -1.5530958306493341
6.0606558275503097 0.048631144801671772 -1.5185558893149258
6.0650191506802953 0.042095505956503639 -1.4748394326059162
6.0693824738102808 0.035782501022896061 -1.4161631121523979
6.0737457969402664 0.029759713905994231 -1.3419739761276681
6.0781091200702528 0.02409370088736696 -1.2525679673897911
6.0824724432002384 0.018851235159533714 -1.1478716712769872
6.0868357663302239 0.014099265688611057 -1.0276128135711755
6.0911990894602104 0.0099077599756020283 -0.89075766106939769
6.0955624125901959 0.0063512740123313951 -0.73648321519076287
6.0999257357201815 0.0035061811331260611 -0.56471087689721366
6.1042890588501679 0.0014485364727868466 -0.37554730613539622
6.1086523819801535 0.0002551160999034656 -0.16836756247559459
6.113015705110139 0 0.053077239700274947
6.1173790282401255 0.00072030922695703534 0.2759018377383422
6.121742351370111 0.0023942732104927128 0.48949640889602242
6.1261056745000966 0.0049767385863673588 0.6926177837551597
6.1304689976300821 0.0084239920639865191 0.8857617595514774
6.1348323207600686 0.01269233669690642 1.069189675874652
6.1391956438900541 0.017736509778734096 1.2402950772999402
6.1435589670200397 0.023483844283619482 1.3893240865508505
6.1479222901500261 0.029816531973660038 1.5080200348196837
6.1522856132800117 0.036598126514020592 1.5953120519148438
6.1566489364099972 0.043693330878081554 1.6517158820229432
6.1610122595399837 0.0509662183319044 1.6765966698472907
6.1653755826699692 0.058282264662731315 1.6725094400625051
6.1697389057999548 0.065533454349597758 1.6490592857207911
6.1741022289299412 0.072657114175310844 1.614671915531896
6.1784655520599268 0.079609891659852022 1.5704984336478733
6.1828288751899123 0.086347658858731427 1.5162595050204033
6.1871921983198979 0.092826043615160087 1.4512202875837514
6.1915555214498843 0.099002454879707033 1.3796561758544732
6.1959188445798699 0.10488200993816091 1.3192268681156112
6.2002821677098554 0.11055420511887919 1.2858347680092206
6.2046454908398418 0.11614586009395307 1.2818869597831959
6.2090088139698274 0.12178244758491677 1.306588248699899
6.213372137099813 0.12758971612167133 1.3599758663409394
6.2177354602297994 0.13369366080291403 1.4430552411961868
6.2220987833597849 0.14023285514389972 1.5605852381241454
6.2264621064897705 0.14736886140465366 1.71697914800115
6.2308254296197561 0.15527379303525379 1.9128853029877606
6.2351887527497425 0.1641194399546885 2.1483291038796128
6.239552075879728 0.1740778317358565 2.4225029456357801
6.2439153990097136 0.18532036095993729 2.7383386582702944
6.2482787221397 0.19798082863580979 3.0586325022616254
6.2526420452696856 0.21212168277155743 3.4543628348156323
6.2570053683996711 0.22777152404885614 3.6064895496046829
6.2613686915296576 0.24311626459294167 3.4299836804234785
6.2657320146596431 0.25596645567776544 2.0589827606574578
6.2700953377896287 0.26596130246278893 4.0411763100530802
6.2744586609196151 0.27310061466053781 -6.4431080582424149
6.2788219840496007 0.27738425634879599 29.585100489802475
6.2831853071795862 0.47827483855676073 29.170111228550567
