# q  U_kJmol  dU_dq   # conservative spline pchip_hermite_v1
0 4.6771604871344232 -0.033647097151836405
0.0043633231299858239 4.6771155620711742 -0.0088175855945914847
0.0087266462599716477 4.6770257121509857 -0.023747013288771063
0.013089969389957472 4.6769358627080182 -0.019746542330642311
0.017453292519943295 4.6768460137222103 -0.020818356036218313
0.021816615649929118 4.6767561648718452 -0.020531164728637724
0.026179938779914945 4.6766663156819046 -0.020608256604697471
0.030543261909900768 4.6765764656759252 -0.020587874949884691
0.034906585039886591 4.6764866143799528 -0.020593757693875506
0.039269908169872414 4.6763967613114463 -0.020592714011268994
0.043633231299858237 4.6763069065213578 -0.020593408374977324
0.04799655442984406 4.6762170511853967 -0.020593233589743413
0.05235987755982989 4.676127197070846 -0.020592773901359607
0.056723200689815713 4.6760373459583491 -0.020591883600014797
0.061086523819801536 4.67594749961237 -0.020590563217416522
0.065449846949787352 4.6758576598487593 -0.020588932129725627
0.069813170079773182 4.6757678265645177 -0.020587796273926127
0.074176493209759012 4.6756779954669714 -0.020588012437895001
0.078539816339744828 4.6755881599825573 -0.020589796364992786
0.082903139469730658 4.6754983134566848 -0.02059305222832818
0.087266462599716474 4.6754084493192192 -0.020597945234933347
0.091629785729702304 4.6753185607427117 -0.020604029232095613
0.09599310885968812 4.6752286477941229 -0.020608360293034304
0.10035643198967395 4.6751387261318555 -0.020607700144974886
0.10471975511965978 4.6750488202009963 -0.020601184640882373
0.1090830782496456 4.6749589548706325 -0.020589175841382867
0.11344640137963143 4.6748691546099703 -0.020571073067746984
0.11780972450961724 4.6747794450690501 -0.020548380030480547
0.12217304763960307 4.6746898271535979 -0.020531883621783872
0.1265363707695889 4.6746002438017715 -0.020533801063864873
0.1308996938995747 4.6745106041319344 -0.020557584917567321
0.13526301702956053 4.6744208152067639 -0.020601873880661755
0.13962634015954636 4.6743307858781167 -0.020668843837811892
0.14398966328953219 4.6742404198546348 -0.02075345861737803
0.14835298641951802 4.6741497095509486 -0.020816233490241767
0.15271630954950383 4.6740588627021156 -0.020811110378825434
0.15707963267948966 4.673968217102197 -0.020724340917949124
0.16144295580947549 4.6738781200553481 -0.020561016002986404
0.16580627893946132 4.6737889111524886 -0.020313284988611228
0.17016960206944712 4.6737009516148387 -0.019997890891815893
0.17453292519943295 4.67361428504615 -0.019759218076228241
0.17889624832941878 4.6735281559633455 -0.019770775388553902
0.18325957145940461 4.6734413091554883 -0.0200871422787205
0.18762289458939044 4.6733524467950502 -0.020689380677414222
0.19198621771937624 4.6732603034388616 -0.021605698577042989
0.19634954084936207 4.673163524952165 -0.022780916076291267
0.2007128639793479 4.6730618930012868 -0.023687605330307126
0.20507618710933373 4.6729581521578352 -0.023672594705391934
0.20943951023931956 4.6728569654456136 -0.022519824400238888
0.21380283336930536 4.672763182497329 -0.020299371854855829
0.21816615649929119 4.672681519657254 -0.016910326656541935
0.22252947962927702 4.6726170499663802 -0.012532648794192032
0.22689280275926285 4.6725707902892921 -0.0090909835950776507
0.23125612588924865 4.6725327810312836 -0.0090424687266685792
0.23561944901923448 4.6724857040219474 -0.013240149658734959
0.23998277214922031 4.6724114382144473 -0.021426107985772023
0.24434609527920614 4.6722924026511032 -0.033959651079744725
0.24870941840919197 4.6721096037412826 -0.050261384781935717
0.2530727415391778 4.6718585127906342 -0.063315503133234724
0.25743606466916363 4.6715752297787354 -0.063885075512752687
0.26179938779914941 4.6713240555229021 -0.048609944069509727
0.26616271092913524 4.6711726979728718 -0.018435631358362098
0.27052603405912107 4.6711867029726779 0.027915812304508729
0.2748893571891069 4.6714371450184071 0.088592777506845133
0.27925268031909273 4.6719435749964209 0.13809994877208245
0.28361600344907856 4.6725753511525996 0.1415803198663754
0.28797932657906439 4.6730936100474914 0.086284628383818493
0.29234264970905022 4.6732460787463115 -0.025560509529766028
0.29670597283903605 4.6727857356243288 -0.19572145107165614
0.30106929596902182 4.671456515295608 -0.42196688093774087
0.30543261909900765 4.6690757207539422 -0.66722935322450094
0.30979594222899348 4.6656824156739463 -0.879094171875897
0.31415926535897931 4.6614813699131581 -1.0378849750945762
0.31852258848896514 4.6566990478247989 -1.1458746905816841
0.32288591161895097 4.6515561760842719 -1.2026768695123311
0.3272492347489368 4.6462775756546026 -1.2086942913524625
0.33161255787892263 4.6410649887338966 -1.1757550521682669
0.33597588100890846 4.6360486791617275 -1.1211566773894628
0.34033920413889424 4.6313032737015423 -1.0512791042337042
0.34470252726888007 4.6268963177236246 -0.96642710145467436
0.3490658503988659 4.6228943908990301 -0.86453442999663777
0.35342917352885173 4.6193738273602394 -0.74751856955646734
0.35779249665883756 4.6163321571369993 -0.65725087668894422
0.36215581978882339 4.6135074056074865 -0.65693241100549082
0.36651914291880922 4.6104301531895473 -0.77293848159169876
0.37088246604879505 4.6065981306760282 -1.0017811794449418
0.37524578917878088 4.6015203404693024 -1.3458727820926464
0.37960911230876665 4.5946880574012141 -1.8034908802453464
0.38397243543875248 4.5857079308818456 -2.311975696447679
0.38833575856873831 4.5745800801536607 -2.7738331039226778
0.39269908169872414 4.5616307058726324 -3.1469723928385736
0.39706240482870997 4.5472405568503058 -3.435548914904563
0.4014257279586958 4.5317750719535814 -3.6380537665341173
0.40578905108868163 4.5156168327736381 -3.7551070839105956
0.41015237421866746 4.4990514199715976 -3.840643683694462
0.41451569734865329 4.4820207038037951 -3.9813149567019397
0.41887902047863912 4.4641713730470984 -4.2158502254025993
0.42324234360862489 4.4450979540806195 -4.5414968675573251
0.42760566673861072 4.4244070932841675 -4.9580671738891873
0.43196898986859655 4.401697814477604 -5.4659723912622828
0.43633231299858238 4.3766005155173584 -6.0474249290870326
0.44069563612856821 4.3488597035818435 -6.673136913644985
0.44505895925855404 4.3183216297095584 -7.3296377144747415
0.44942228238853987 4.2848512352512129 -8.0172932897590456
0.4537856055185257 4.2483107536897897 -8.7371217178458824
0.45814892864851153 4.2085591579073736 -9.4887883439090679
0.46251225177849731 4.1654816826397614 -10.256799212388387
0.46687557490848314 4.1190674676148333 -11.013968669590872
0.47123889803846897 4.0694012300976752 -11.747379201670515
0.4756022211684548 4.0165864191760736 -12.457293191127194
0.47996554429844063 3.9607237042713539 -13.144610727087166
0.48432886742842646 3.9019111989815607 -13.809137483071767
0.48869219055841229 3.8402677449770595 -14.438256357778204
0.49305551368839812 3.7759984617918629 -15.009058220730534
0.49741883681838395 3.7093905066599966 -15.510071438046296
0.50178215994836972 3.6407483979015982 -15.941750104527621
0.50614548307835561 3.570373031366143 -16.304303498667082
0.51050880620834138 3.4985674695336382 -16.597441373635817
0.51487212933832727 3.4256272513502593 -16.825798573659831
0.51923545246831304 3.3518165625855163 -16.997855625858151
0.52359877559829882 3.2773685429308603 -17.117958144815621
0.5279620987282847 3.2025096420929438 -17.186188550716217
0.53232542185827048 3.1274668824901606 -17.20207747538258
0.53668874498825636 3.0524694987274139 -17.165505216345242
0.54105206811824214 2.9777329593171014 -17.085363832265216
0.54541539124822802 2.9034097469856195 -16.978975495465455
0.5497787143782138 2.8295880901384978 -16.855643311293175
0.55414203750819968 2.7563412489247154 -16.71530211797451
0.55850536063818546 2.6837449301557577 -16.55751867115584
0.56286868376817123 2.6118748426685876 -16.382407516184973
0.56723200689815712 2.5408031733700231 -16.192363824201138
0.57159533002814289 2.4705842467996968 -15.992395125122203
0.57595865315812877 2.4012535915316127 -15.785280541186779
0.58032197628811455 2.3328421019976937 -15.571005408946075
0.58468529941810043 2.2653814900933056 -15.349473414889596
0.58904862254808621 2.1989031108353951 -15.120767801572274
0.59341194567807209 2.1334391266160928 -14.88434217352539
0.59777526880805787 2.0690255114315415 -14.639123093905608
0.60213859193804364 2.0057024124734526 -14.384460761761224
0.60650191506802953 1.9435110947433429 -14.120389990411352
0.6108652381980153 1.882492492520482 -13.846880165992335
0.61522856132800119 1.8226881767651517 -13.563808568887302
0.61959188445798696 1.7641368150785828 -13.273255144448923
0.62395520758797285 1.7068614757482798 -12.979744331601697
0.62831853071795862 1.6508675531382311 -12.685975422071657
0.63268185384794451 1.5961557191168028 -12.392025453544328
0.63704517697793028 1.5427272305743429 -12.097731700880566
0.64140850010791606 1.490583679602556 -11.803035327990592
0.64577182323790194 1.4397241931731526 -11.509798828553459
0.65013514636788772 1.3901333864415097 -11.222303545552904
0.6544984694978736 1.3417788992865662 -10.943210543673665
0.65886179262785938 1.2946235633495351 -10.672571462287657
0.66322511575784526 1.2486309872477936 -10.410290370505654
0.66758843888783104 1.2037642799809913 -10.156508654898634
0.67195176201781692 1.1599880494007324 -9.9100696772247083
0.6763150851478027 1.1172758219017636 -9.6682961306092121
0.68067840827778847 1.0756119668554007 -9.4294668606785947
0.68504173140777436 1.0349840233894367 -9.1935093462436264
0.68940505453776013 0.99537915158474877 -8.9605160758804701
0.69376837766774602 0.95678441972809669 -8.7305133429212045
0.69813170079773179 0.91918780122263344 -8.5027442862558011
0.70249502392771768 0.8825834971290073 -8.2753059229120876
0.70685834705770345 0.84697350409495586 -8.0469253731313088
0.71122167018768934 0.81236224547340741 -7.8175688084656434
0.71558499331767511 0.77875371248176317 -7.5872730573809726
0.71994831644766089 0.74615244563319538 -7.3558440810121937
0.72431163957764677 0.7145609160760249 -7.1250663288665681
0.72867496270763255 0.68396690331890364 -6.8995200596147894
0.73303828583761843 0.65433907079817732 -6.6823442596003781
0.73740160896760421 0.62564000250808438 -6.4737258844411096
0.74176493209759009 0.59783294390235919 -6.2735032557677002
0.74612825522757587 0.57088120051877911 -6.0816400346452495
0.75049157835756175 0.54474703500473609 -5.8991189830487203
0.75485490148754752 0.51938411995399802 -5.728668516445417
0.7592182246175333 0.49473459939973174 -5.572224751208684
0.76358154774751918 0.4707367548154634 -5.4298969611584615
0.76794487087750496 0.44732940710817137 -5.3015967479075714
0.77230819400749084 0.42445083827152574 -5.1875680735597944
0.77667151713747662 0.4020411421797041 -5.0860482603114354
0.7810348402674625 0.38005570143629042 -4.992086543971582
0.78539816339744828 0.35847123247950508 -4.9020688388523119
0.78976148652743416 0.33727177205749015 -4.81570111331144
0.79412480965741994 0.31644073975030768 -4.7331648387615308
0.79848813278740571 0.29596125598418466 -4.6546581777358158
0.8028514559173916 0.27581844449080462 -4.578035320340974
0.80721477904737737 0.25601704111534568 -4.4968196762784398
0.81157810217736326 0.23659006093840015 -4.4061357506235286
0.81594142530734903 0.21758064528611595 -4.305556449736641
0.82030474843733492 0.1990310259996359 -4.1953286653369837
0.82466807156732069 0.18098356038188024 -4.0754309788510987
0.82903139469730658 0.16348105225008888 -3.9453089110575199
0.83339471782729235 0.14657182320780332 -3.8031010463753789
0.83775804095727824 0.13031240444170394 -3.6473692823565926
0.84212136408726401 0.11476239281589398 -3.47797514625714
0.84648468721724979 0.099981097605578356 -3.2950005585306594
0.85084801034723567 0.086028012485493577 -3.0983272578882595
0.85521133347722145 0.072962153444143585 -2.8885480181144656
0.85957465660720733 0.060836954057725059 -2.6675766221970543
0.86393797973719311 0.049697197243591298 -2.4369511032776168
0.86830130286717899 0.039584341387431214 -2.1968390803016207
0.87266462599716477 0.030540051838831177 -1.9471755260501993
0.87702794912715065 0.022606081467603081 -1.6878504580848845
0.88139127225713643 0.015823598140722504 -1.4197108772260658
0.8857545953871222 0.010225248962721867 -1.1457394256678695
0.89011791851710809 0.0058300342735544061 -0.8683998027004971
0.89448124164709386 0.0026515029708092555 -0.58798552881871291
0.89884456477707975 0.00070352918733902075 -0.30438334313456211
0.90320788790706552 0 -0.017520253768259563
0.90757121103705141 0.00055441131694836121 0.27193846272722244
0.91193453416703718 0.0023732402070647737 0.56148617448616345
0.91629785729702307 0.005451330294149629 0.84899031946193348
0.92066118042700884 0.0097787007856515919 1.1341721857085105
0.92502450355699462 0.015345636347080634 1.4171446742283891
0.9293878266869805 0.022142352053344777 1.6978695615025803
0.93375114981696627 0.030159075733017196 1.9763477624056591
0.93811447294695216 0.039385894548905509 2.2525258950761096
0.94247779607693793 0.049812667240791184 2.5263628053251646
0.94684111920692382 0.061429144516416373 2.7978451623063383
0.95120444233690959 0.074225111638755142 3.0670169246629717
0.95556776546689548 0.088190240834444211 3.3336616290347232
0.95993108859688125 0.10331462794295157 3.5988147068875422
0.96429441172686703 0.11959985515028343 3.866739580590687
0.96865773485685291 0.13706795011996795 4.141301834210009
0.97302105798683869 0.15575002943051597 4.4230820616056983
0.97738438111682457 0.175676920369252 4.7119424789287647
0.98174770424681035 0.19687942588561319 5.0076379922480241
0.98611102737679623 0.21938873855897773 5.3115379174526716
0.99047435050678201 0.24325214044094295 5.6297402809645867
0.99483767363676789 0.26854655512901393 5.9679259931849868
0.99920099676675367 0.2953625698940644 6.3270478616323578
1.0035643198967394 0.3237904269121365 6.7067709259033768
1.0079276430267252 0.35392048527842368 7.1073253380503605
1.0122909661567112 0.38584298126409389 7.528121390374225
1.016654289286697 0.41964139599177164 7.9665588160235998
1.0210176124166828 0.45538630072736291 8.4201077284356192
1.0253809355466685 0.49314211013212911 8.8883788075146608
1.0297442586766545 0.53297331571647444 9.371279088237106
1.0341075818066403 0.5749444259611356 9.8696342563155319
1.0384709049366261 0.61911980459213889 10.380146675856672
1.0428342280666119 0.66552199895368469 10.886330852393037
1.0471975511965976 0.71409089859965325 11.371844263021003
1.0515608743265836 0.76472553650030195 11.833620265787127
1.0559241974565694 0.8173251121139351 12.272291502478625
1.0602875205865552 0.87178871235403455 12.688431136529067
1.064650843716541 0.92801570782534748 13.0792315440398
1.0690141668465269 0.98586735400189407 13.429339075402874
1.0733774899765127 1.04512688463901 13.72312613714611
1.0777408131064985 1.1055376063135574 13.957361064701482
1.0821041362364843 1.1668425214932738 14.132937114004438
1.08646745936647 1.2287847650802939 14.249394891035168
1.090830782496456 1.2911072461653688 14.307614514648444
1.0951941056264418 1.3535643954029102 14.312301290632384
1.0995574287564276 1.4159350450004828 14.268452792744077
1.1039207518864134 1.4780109882571424 14.177062082357249
1.1082840750163994 1.5395841682043037 14.038173678690582
1.1126473981463851 1.6004467867753356 13.850897399758049
1.1170107212763709 1.6603898614586343 13.6181130977804
1.1213740444063567 1.7192470163217675 13.357671307472415
1.1257373675363425 1.7769454189542964 13.088899951880952
1.1301006906663285 1.8334635970452158 12.816265195429063
1.1344640137963142 1.8887815446033611 12.538895227835903
1.1388273369263 1.942879011506935 12.256651441202363
1.1431906600562858 1.9957352719195562 11.970465148288019
1.1475539831862718 2.0473447524967563 11.686840714727399
1.1519173063162575 2.0977364166293482 11.412993161292276
1.1562806294462433 2.146958828747525 11.150780431265225
1.1606439525762291 2.1950614359326903 10.899639278976847
1.1650072757062149 2.2420931557313759 10.660207528734542
1.1693705988362009 2.2881041547307839 10.430991824723572
1.1737339219661866 2.3331199910637967 10.201267016130693
1.1780972450961724 2.377108307279455 9.9586877128831954
1.1824605682261582 2.4200026179922727 9.7000761644733409
1.1868238913561442 2.4617347543975012 9.4258666898358179
1.19118721448613 2.5022366916830912 9.1364413320029527
1.1955505376161157 2.5414414654174622 8.8306656659048208
1.1999138607461015 2.5792618531585516 8.4994960306689009
1.2042771838760873 2.6155610869283454 8.1322481115883107
1.2086405070060733 2.6501722254364624 7.7258921856863125
1.2130038301360591 2.6829263284395299 7.2811114393101581
1.2173671532660448 2.7136552834316046 6.7973975815441667
1.2217304763960306 2.7421895934963878 6.2757178495906425
1.2260937995260166 2.7683781858616632 5.7244272434754579
1.2304571226560024 2.7921164765604307 5.1537693822611432
1.2348204457859882 2.8133293101754915 4.5666117180834433
1.2391837689159739 2.8319435095377812 3.9628345469717581
1.2435470920459597 2.8478861273810043 3.3415674454012381
1.2479104151759457 2.8610814299558838 2.7046540363672174
1.2522737383059315 2.8714914714160233 2.069655455060428
1.2566370614359172 2.8791775512492652 1.4587006514021439
1.261000384565903 2.8842658784691251 0.87857725842966272
1.265363707695889 2.8868881561205648 0.3284117143009519
1.2697270308258748 2.8871750027198728 -0.19205761586951212
1.2740903539558606 2.8852562446974273 -0.68220089584256072
1.2784536770858463 2.8812750291487892 -1.1356618191021364
1.2828170002158321 2.8754110796706986 -1.5441886834451894
1.2871803233458181 2.8678688148958305 -1.9050173984289203
1.2915436464758039 2.8588552051455824 -2.2187225600867735
1.2959069696057897 2.8485760998400136 -2.4847861377858185
1.3002702927357754 2.8372394752943455 -2.7040139876200029
1.3046336158657614 2.8250327968457096 -2.8863406801898877
1.3089969389957472 2.812085716437799 -3.0450739480593612
1.313360262125733 2.7984873057988393 -3.1846987526286661
1.3177235852557188 2.7843223435730371 -3.304820123812902
1.3220869083857045 2.7696762404307842 -3.4050501385010024
1.3264502315156905 2.754635740180261 -3.485984312000622
1.3308135546456763 2.7392722609312901 -3.5552490821757194
1.3351768777756621 2.7236119717652563 -3.6233912965492232
1.3395402009056478 2.7076482516917522 -3.6942528601265341
1.3439035240356338 2.6913704189543211 -3.7672560751212463
1.3482668471656196 2.6747691512896021 -3.842727086149182
1.3526301702956054 2.6578332913458373 -3.9202660077757456
1.3569934934255912 2.6405656531780322 -3.9928019192677868
1.3613568165555769 2.6230114529989681 -4.0502587811023636
1.3657201396855629 2.6052478312738105 -4.0889085968015007
1.3700834628155487 2.5873560097964665 -4.1089837777524156
1.3744467859455345 2.5694166669691842 -4.1108501685278416
1.3788101090755203 2.5515091412518247 -4.0941068645554113
1.3831734322055063 2.5337257608435357 -4.0519818292174818
1.387536755335492 2.5162003663395005 -3.9744912056172756
1.3919000784654778 2.4990990341054529 -3.8576369536530648
1.3962634015954636 2.4825926056111109 -3.7019551632375443
1.4006267247254494 2.4668503347750308 -3.5071147904315891
1.4049900478554354 2.4520437789307752 -3.2734117293544358
1.4093533709854211 2.43832898478788 -3.0090740555013369
1.4137166941154069 2.4258109864652524 -2.726631566044913
1.4180800172453927 2.4145536333671553 -2.4311271944938362
1.4224433403753787 2.4046146285428067 -2.1224018560374458
1.4268066635053644 2.396052302560125 -1.7998434287746452
1.4311699866353502 2.3889274989107969 -1.4639002759293784
1.435533309765336 2.3832804305372721 -1.1258478281961555
1.4398966328953218 2.3790797696193389 -0.80350832554091278
1.4442599560253078 2.376234551271764 -0.50450860810839593
1.4486232791552935 2.3746439133749497 -0.22832733798842336
1.4529866022852793 2.3742090958261857 0.02521737658095545
1.4573499254152651 2.3748308579965705 0.25599148552305262
1.4617132485452511 2.3764095063095674 0.46370748805615036
1.4660765716752369 2.378843114398955 0.64780286042407187
1.4704398948052226 2.3820278993438606 0.80800357237603793
1.4748032179352084 2.3858596646995651 0.94440747766632593
1.4791665410651942 2.3902345663420834 1.0568551113682831
1.4835298641951802 2.3950476900010584 1.1453929388802384
1.487893187325166 2.400200893628408 1.2139150221403385
1.4922565104551517 2.4056215229966451 1.2689790196379551
1.4966198335851375 2.4112597009106995 1.3136447039940218
1.5009831567151235 2.4170698703973974 1.3477460259379102
1.5053464798451093 2.4230055537623754 1.3712247344469668
1.509709802975095 2.4290206949320501 1.3841367267182516
1.5140731261050808 2.4350680187150728 1.3857683464485682
1.5184364492350666 2.4410956914492359 1.3749459443265439
1.5227997723650526 2.4470476709318807 1.351050020936712
1.5271630954950384 2.4528669815396507 1.3141968711857221
1.5315264186250241 2.458497135885271 1.2642347284670392
1.5358897417550099 2.4638803975476948 1.2011312783392101
1.5402530648849959 2.4689660998515719 1.129169571899004
1.5446163880149817 2.4737327400906799 1.0561621864274635
1.5489797111449675 2.4781868471572897 0.98590053728224392
1.5533430342749532 2.4823405967525338 0.91856195297722265
1.557706357404939 2.4862061148645496 0.85349398374747076
1.562069680534925 2.4897918366228238 0.79055727251948149
1.5664330036649108 2.4931285406379806 0.7437862958967375
1.5707963267948966 2.4963445813723566 0.73963296439050552
1.5751596499248823 2.4996650600386583 0.79186153891184863
1.5795229730548683 2.5033366308527305 0.90029998442680725
1.5838862961848541 2.5076024240678199 1.0642680353398
1.5882496193148399 2.512705096782708 1.2839105738118626
1.5926129424448257 2.5188952765327799 1.5644830882862577
1.5969762655748114 2.5264615670741453 1.916409337400671
1.6013395887047974 2.5357313183046437 2.3454892089158932
1.6057029118347832 2.5470414248500819 2.8513017494234982
1.610066234964769 2.5607257729001538 3.4342249080394245
1.6144295580947547 2.5771239392676271 4.0950119776204934
1.6187928812247407 2.5965479885736804 4.8152684322837347
1.6231562043547265 2.6191773864740813 5.5577347601168174
1.6275195274847123 2.6450505197822243 6.3016765346628576
1.6318828506146981 2.6741713930629847 7.0466528139378548
1.6362461737446838 2.7065479484798871 7.7942295929796979
1.6406094968746698 2.7421935984736936 8.5450522126094981
1.6449728200046556 2.7810868076691282 9.2747060517430313
1.6493361431346414 2.8230244286945676 9.9313086947540654
1.6536994662646272 2.8676037266073733 10.484710908884258
1.6580627893946132 2.9143702293217424 10.934593895874968
1.6624261125245989 2.962877465774973 11.282311340419508
1.6667894356545847 3.0126776827604602 11.527386863056362
1.6711527587845705 3.0633191949205534 11.6667872118107
1.6755160819145565 3.1143254030250058 11.693288709118335
1.6798794050445423 3.1651917074669016 11.60243815930634
1.684242728174528 3.2154054584697001 11.394485492809133
1.6886060513045138 3.2644566403037594 11.069160331876237
1.6929693744344996 3.3118294266610477 10.625110234901719
1.6973326975644856 3.3570340646187629 10.08194702581411
1.7016960206944713 3.3997320137499729 9.4844686435598327
1.7060593438244571 3.4397631114463567 8.8604811162825605
1.7104226669544429 3.4770173582323034 8.211095575937172
1.7147859900844289 3.5113790507674496 7.5346294075315638
1.7191493132144147 3.5427286484669507 6.8301419555899896
1.7235126363444004 3.5709726492575893 6.1183429238953266
1.7278759594743862 3.5961833853600145 5.4492561762868421
1.732239282604372 3.6186353274260723 4.8550759630905436
1.736602605734358 3.6386627259954918 4.3370831902877489
1.7409659288643438 3.6565920431221937 3.893706638546683
1.7453292519943295 3.6727507651971951 3.5252995931349966
1.7496925751243153 3.687470921223496 3.2358476845563198
1.7540558982543013 3.7011191781073012 3.0359936434416501
1.7584192213842871 3.7141056250623632 2.932851164252618
1.7627825445142729 3.7268540388277094 2.9265885671847727
1.7671458676442586 3.7397855768341679 3.0170288224954147
1.7715091907742444 3.753325259980536 3.2055671502065222
1.7758725139042304 3.7678831148729817 3.4791467086660042
1.7802358370342162 3.7837609869593085 3.8039104426826444
1.7845991601642019 3.8011191075500181 4.1565968204664827
1.7889624832941877 3.8200725298105587 4.5356801112725371
1.7933258064241737 3.8407406203098917 4.9424282432168809
1.7976891295541595 3.8632452747551951 5.3779998197286902
1.8020524526841453 3.8876918321064187 5.826847825458775
1.806415775814131 3.914050970994468 6.2460325152447886
1.8107790989441168 3.9421112231803908 6.6050393000885546
1.8151424220741028 3.9716002637087464 6.9017893222939932
1.8195057452040886 4.0022523683449913 7.1378089269176872
1.8238690683340744 4.0338002846531511 7.3125591989122993
1.8282323914640601 4.0659761562672969 7.4252035078516903
1.8325957145940461 4.0985025025021864 7.472594864309249
1.8369590377240319 4.1310886235606468 7.4524518700213731
1.8413223608540177 4.1634390378405044 7.3646705886587274
1.8456856839840035 4.195259312996515 7.2093818527840616
1.8500490071139892 4.226252718864381 6.9853078203949357
1.8544123302439752 4.2561314618747899 6.7019935130415211
1.858775653373961 4.2846940745560138 6.3880344892793026
1.8631389765039468 4.3118644769993644 6.0650670839645446
1.8675022996339325 4.3376115753097233 5.7350906416778082
1.8718656227639185 4.361900908811446 5.3970867260406488
1.8762289458939043 4.3846962488765415 5.0495993557175769
1.8805922690238901 4.4059726506416146 4.7060134829953082
1.8849555921538759 4.4258317190683361 4.4090126756138623
1.8893189152838616 4.4445649698670948 4.1920599734487833
1.8936822384138476 4.4625354176004857 4.0583516515429148
1.8980455615438334 4.4800988144279872 4.0058052989355524
1.9024088846738192 4.4976177374088113 4.0392534792583561
1.906772207803805 4.5154335209170373 4.1315354099044388
1.911135530933791 4.5336280354704517 4.1934620564049911
1.9154988540637767 4.5518792675100537 4.1528658962728811
1.9198621771937625 4.5697080831786119 4.0018878582026227
1.9242255003237483 4.5866480081847962 3.744807866687939
1.9285888234537341 4.6022248870504443 3.3757881763737023
1.9329521465837201 4.6159834272779685 2.9215878792521801
1.9373154697137058 4.6277301130821895 2.4739619923716965
1.9416787928436916 4.6376937200500388 2.1094619252572322
1.9460421159736774 4.6462729730932431 1.837321731422817
1.9504054391036634 4.6538557086923991 1.6534160019987587
1.9547687622336491 4.6608331879959248 1.5598806133078009
1.9591320853636349 4.6675937944893278 1.5526735618017597
1.9634954084936207 4.6744895860800586 1.6188728223421665
1.9678587316236065 4.6818115087195693 1.7472153854208725
1.9722220547535925 4.6898252966284222 1.9363235190400632
1.9765853778835782 4.6987972393005082 2.1860186292278621
1.980948701013564 4.7089962506019827 2.5005789871434985
1.9853120241435498 4.7206799455769133 2.8571059897477009
1.9896753472735358 4.7338592464353235 3.1655337814867961
1.9940386704035216 4.7481187801387588 3.3463118661221714
1.9984019935335073 4.7628587896146888 3.3878359378450105
2.0027653166634933 4.7774881049694793 3.2952047018861892
2.0071286397934789 4.7914112575678232 3.0625761553760582
2.0114919629234649 4.8040414917459113 2.7112546054263964
2.0158552860534504 4.8150246464790349 2.3277757182799039
2.0202186091834364 4.8244232423457261 1.991101982945638
2.0245819323134224 4.8324862910528408 1.713558799176143
2.028945255443408 4.8394565283731534 1.4907889193648172
2.033308578573394 4.8455785912209679 1.324888048389959
2.0376719017033795 4.8510957822983665 1.2122204062248161
2.0420352248333655 4.8562142048766779 1.1387396267575127
2.0463985479633515 4.8610707405065474 1.091097160522619
2.0507618710933371 4.8657702141345993 1.0670997247541603
2.0551251942233231 4.8704181613255892 1.0673170876266074
2.0594885173533091 4.8751200130766152 1.092080148819897
2.0638518404832946 4.8799809073816975 1.1392221919384278
2.0682151636132806 4.8850788069096867 1.1981933515373007
2.0725784867432662 4.8904395281471151 1.2588223545481916
2.0769418098732522 4.8960638531864591 1.3192787032495195
2.0813051330032382 4.9019528760973268 1.3800577798061098
2.0856684561332237 4.90810761086541 1.4411679913121298
2.0900317792632097 4.9145290798343568 1.5020310120871687
2.0943951023931953 4.9212103800508658 1.5595084514674729
2.0987584255231813 4.9281288674584909 1.6104603796886001
2.1031217486531673 4.9352540613815545 1.6543740586793654
2.1074850717831528 4.9425555300725277 1.6910859485158249
2.1118483949131388 4.9500027083828551 1.7217048676910114
2.1162117180431244 4.9575655158399456 1.7422006010140527
2.1205750411731104 4.9651597101152074 1.7306794802880963
2.1249383643030963 4.9725895036142145 1.6648145688941702
2.1293016874330819 4.9796017474649394 1.539675696654677
2.1336650105630679 4.985942572095909 1.3573762550903319
2.1380283336930539 4.9913589931608087 1.1145059678435854
2.1423916568230394 4.9955952056013393 0.82126180610807242
2.1467549799530254 4.9985380982233458 0.53643585689682927
2.151118303083011 5.000378837581291 0.32197784464509077
2.155481626212997 5.0014707088368189 0.19196729781019065
2.159844949342983 5.0021705942483559 0.14207410336103396
2.1642082724729685 5.0028332459968405 0.17654783313347067
2.1685715956029545 5.003818354333025 0.28465094612502462
2.1729349187329401 5.0053281685245512 0.40023075496566218
2.1772982418629261 5.0072173867450367 0.45142857364962818
2.1816615649929121 5.009148905255282 0.42100002205356418
2.1860248881228976 5.0107792774773152 0.31354701069199109
2.1903882112528836 5.011767954829077 0.12553777814640532
2.1947515343828692 5.0117690767989966 -0.13516223891056775
2.1991148575128552 5.0105587183227991 -0.41629860141851643
2.2034781806428412 5.0081915703461357 -0.65935560657225378
2.2078415037728267 5.0048816184693461 -0.84956531001889246
2.2122048269028127 5.0008497723004091 -0.99023165804259727
2.2165681500327987 4.9963145604622001 -1.0797832576491468
2.2209314731627843 4.9914972365714512 -1.1209652115360511
2.2252947962927703 4.9865740870566411 -1.1334120953821665
2.2296581194227558 4.9816151865927791 -1.1397834875183963
2.2340214425527418 4.9766276846098556 -1.1460965330171535
2.2383847656827278 4.9716153421363245 -1.1512169781184358
2.2427480888127134 4.9665828340622395 -1.1553660611260694
2.2471114119426994 4.9615344722458428 -1.1584143599187056
2.2514747350726849 4.9564767554004732 -1.1594043561563789
2.2558380582026709 4.9514213830333427 -1.1572161720422975
2.2602013813326569 4.9463832505181147 -1.1515137187201434
2.2645647044626425 4.9413774878991426 -1.1424025658170112
2.2689280275926285 4.9364190686236675 -1.1297428442417785
2.2732913507226145 4.93152336618249 -1.1138210792844256
2.2776546738526 4.9267002128707533 -1.0971658346816768
2.282017996982586 4.9219453474751953 -1.082876158292956
2.2863813201125716 4.9172455578591245 -1.07187147916907
2.2907446432425576 4.912586944668746 -1.0640017305459868
2.2951079663725436 4.9079557930645725 -1.0592933834112908
2.2994712895025291 4.9033383009849123 -1.0577237274568949
2.3038346126325151 4.8987211894601268 -1.0590574508936514
2.3081979357625007 4.8940925146469585 -1.0629808943022168
2.3125612588924866 4.8894412380732648 -1.0694435545427607
2.3169245820224726 4.8847563219083119 -1.0783381752681216
2.3212879051524582 4.8800269954849362 -1.0899601558673462
2.3256512282824442 4.8752414241021809 -1.1037830427376873
2.3300145514124297 4.8703998601833254 -1.1140383321864662
2.3343778745424157 4.8655356835665895 -1.1132392653776664
2.3387411976724017 4.8607047897137292 -1.0988440461799347
2.3431045208023873 4.855965453327836 -1.0713901696912917
2.3474678439323733 4.8513748743505332 -1.0303725573597804
2.3518311670623593 4.8469923598870457 -0.97656420087504237
2.3561944901923448 4.8428570997165519 -0.91976108758871444
2.3605578133223308 4.8389511851606253 -0.87309593858401824
2.3649211364523164 4.8352164696723516 -0.8411654103176146
2.3692844595823024 4.8315902371731276 -0.82325745493277247
2.3736477827122884 4.828011270500717 -0.81973480698096457
2.3780111058422739 4.824416476883604 -0.83011757108246276
2.3823744289722599 4.8207577406235655 -0.84695469108312804
2.3867377521022455 4.8170309622474985 -0.8599694827563924
2.3911010752322315 4.8132641623963597 -0.86537224833161852
2.3954643983622175 4.8094894044848173 -0.86373469298598693
2.399827721492203 4.8057373812385968 -0.85472250362531843
2.404191044622189 4.8020406931617385 -0.8387319519974592
2.4085543677521746 4.7984174821017467 -0.82314161242051898
2.4129176908821606 4.7948416462242411 -0.81840167074270209
2.4172810140121466 4.7912537376857518 -0.82867955117148384
2.4216443371421321 4.7875894774106831 -0.85310410857071428
2.4260076602721181 4.7837869865819185 -0.89266391363728903
2.4303709834021041 4.7797789977561722 -0.94633047899516021
2.4347343065320897 4.7755395590732306 -0.99252762743708667
2.4390976296620757 4.7711746343019481 -0.99948354714032694
2.4434609527920612 4.7668932645972619 -0.95429236680504759
2.4478242759220472 4.7629200339582916 -0.85879212074467159
2.4521875990520332 4.7594739978565981 -0.7116512060779101
2.4565509221820188 4.7567831627346049 -0.51400490133407362
2.4609142453120048 4.7550145222714706 -0.29843874701913631
2.4652775684419903 4.7541326632209744 -0.11458933937942074
2.4696408915719763 4.7539382193963506 0.016784757870748075
2.4740042147019623 4.7542057984489379 0.097734386648843527
2.4783675378319479 4.7547170151418117 0.12773820734583291
2.4827308609619338 4.755246852520937 0.10708883881336397
2.4870941840919194 4.7556071052744366 0.055887333228520297
2.4914575072219054 4.7557359597733075 0.0056472037534072159
2.4958208303518914 4.7556777102671663 -0.029931731090582982
2.5001841534818769 4.7554945601753751 -0.051894417043300216
2.5045474766118629 4.7552445410473645 -0.060315818051667712
2.5089107997418489 4.754988074666465 -0.055076095291015155
2.5132741228718345 4.7547760944616746 -0.041459948232407777
2.5176374460018205 4.754626166685493 -0.027913710360931619
2.522000769131806 4.7545268082219216 -0.01828180346623353
2.526364092261792 4.7544613046312216 -0.012309874713400171
2.530727415391778 4.7544141184787687 -0.0099584578050746844
2.5350907385217636 4.7543690585915428 -0.011279999071023785
2.5394540616517496 4.7543123384873303 -0.014900313290444167
2.5438173847817351 4.7542389836692989 -0.018551676548034392
2.5481807079117211 4.7541519628742011 -0.021159129746934357
2.5525440310417071 4.7540557665881895 -0.022782590251488512
2.5569073541716927 4.7539545551359126 -0.023438072212941707
2.5612706773016787 4.7538526667372345 -0.023106292250245929
2.5656340004316642 4.7537538314946346 -0.022144168710796181
2.5699973235616502 4.7536594542407187 -0.021160160101086907
2.5743606466916362 4.7535687696361357 -0.020454352174840741
2.5787239698216218 4.7534805715547943 -0.020013106376715287
2.5830872929516078 4.7533937459205022 -0.019830664964264152
2.5874506160815938 4.7533071304969532 -0.019913521069188284
2.5918139392115793 4.7532197164695456 -0.020169087368545242
2.5961772623415653 4.7531311081065724 -0.020434210280145516
2.6005405854715509 4.7530415020953667 -0.020625249379044131
2.6049039086015369 4.7529512223124373 -0.020745153783271672
2.6092672317315229 4.7528605671206865 -0.020795860473640796
2.6136305548615084 4.7527698478560554 -0.020775294668108884
2.6179938779914944 4.7526793372473932 -0.020707443190669764
2.62235720112148 4.7525891465091865 -0.020636026904204414
2.626720524251466 4.7524992252699416 -0.020584322965301206
2.631083847381452 4.7524094865849538 -0.020551746108702779
2.6354471705114375 4.7523198505408422 -0.02053767174430567
2.6398104936414235 4.7522302337467739 -0.020542740035457755
2.6441738167714091 4.7521405624997053 -0.020560745005592084
2.6485371399013951 4.7520508056122344 -0.020579977962420684
2.6529004630313811 4.7519609759341472 -0.020593970309432
2.6572637861613666 4.7518710967985909 -0.020602819556750387
2.6616271092913526 4.7517811896118554 -0.020606721241606559
2.6659904324213386 4.751691276707807 -0.020605482759724465
2.6703537555513241 4.7516013779968276 -0.020600707501772501
2.6747170786813101 4.7515115022069967 -0.020595529159206025
2.6790804018112957 4.7514216460747756 -0.020591742789656038
2.6834437249412817 4.7513318033403795 -0.020589339367551099
2.6878070480712677 4.7512419682690776 -0.020588259004099451
2.6921703712012532 4.7511521348799466 -0.020588558549097781
2.6965336943312392 4.7510622977962518 -0.020589824352007863
2.7008970174612248 4.7509724545799763 -0.020591218242176308
2.7052603405912108 4.750882606055816 -0.020592242763233383
2.7096236637211968 4.7507927539025392 -0.020592895418344331
2.7139869868511823 4.7507028996566607 -0.020593194240509941
2.7183503099811683 4.7506130449197066 -0.020593122702376343
2.7227136331111539 4.7505231911431416 -0.020592787356567142
2.7270769562411399 4.7504333390067712 -0.020592412248260947
2.7314402793711259 4.7503434883034013 -0.020592135054029317
2.7358036025011114 4.7502536385829854 -0.02059195785127951
2.7401669256310974 4.7501637894337918 -0.020591875283569351
2.7445302487610834 4.7500739404270123 -0.020591892097003017
2.748893571891069 4.7499840911709503 -0.020591980888209953
2.753256895021055 4.7498942414763698 -0.020592081807031922
2.7576202181510405 4.7498043913949735 -0.020592156798717145
2.7619835412810265 4.7497145410473625 -0.020592204903865565
2.7663468644110125 4.7496246905438806 -0.020592227696177936
2.7707101875409981 4.7495348399993311 -0.020592223826701127
2.7750735106709841 4.7494449895193842 -0.020592200330855091
2.7794368338009696 4.7493551391566351 -0.020592173187001073
2.7838001569309556 4.7492652888982834 -0.020592152900635711
2.7881634800609416 4.749175438712026 -0.020592139843183577
2.7925268031909272 4.7490855885682874 -0.020592133557126753
2.7968901263209132 4.7489957384363333 -0.020592134422656446
2.8012534494508987 4.7489058882876645 -0.020592140636404237
2.8056167725808847 4.7488160381076856 -0.020592147935231633
2.8099800957108707 4.7487261878995355 -0.020592153422503399
2.8143434188408563 4.7486363376718632 -0.020592156966164885
2.8187067419708423 4.7485464874325967 -0.02059215869833729
2.8230700651008283 4.748456637189963 -0.020592158512657055
2.8274333882308138 4.7483667869516459 -0.020592156870409401
2.8317967113607998 4.7482769367216902 -0.020592154908426658
2.8361600344907854 4.7481870864993345 -0.020592153424317632
2.8405233576207713 4.7480972362822653 -0.020592152462576247
2.8448866807507573 4.7480073860683571 -0.020592151985595445
2.8492500038807429 4.7479175358554073 -0.020592152022995119
2.8536133270107289 4.7478276856413446 -0.020592152456633189
2.8579766501407144 4.7477378354250508 -0.020592152983840598
2.8623399732707004 4.7476479852067062 -0.020592153385396085
2.8667032964006864 4.7475581349869298 -0.020592153646383782
2.871066619530672 4.7474682847662919 -0.020592153777624699
2.875429942660658 4.7473784345453822 -0.020592153770883782
2.8797932657906435 4.7472885843247594 -0.020592153656225194
2.8841565889206295 4.7471987341047326 -0.020592153514597981
2.8885199120506155 4.7471088838852582 -0.020592153406167345
2.8928832351806011 4.7470190336661711 -0.020592153335438245
2.8972465583105871 4.7469291834473184 -0.020592153299318721
2.9016098814405731 4.746839333228543 -0.020592153300175678
2.9059732045705586 4.7467494830096939 -0.020592153330431007
2.9103365277005446 4.7466596327906858 -0.02059215336854734
2.9146998508305302 4.7465697825715285 -0.020592153397727971
2.9190631739605162 4.7464799323522673 -0.020592153416929056
2.9234264970905022 4.7463900821329412 -0.020592153426964448
2.9277898202204877 4.7463002319135938 -0.020592153426862731
2.9321531433504737 4.7462103816942651 -0.0205921534190662
2.9365164664804593 4.7461205314749781 -0.020592153408828712
2.9408797896104453 4.746030681255732 -0.020592153400783214
2.9452431127404313 4.7459408310365143 -0.02059215339556442
2.9496064358704168 4.7458509808173144 -0.020592153392736713
2.9539697590004028 4.7457611305981207 -0.020592153392778353
2.9583330821303884 4.7456712803789216 -0.020592153394828828
2.9626964052603744 4.7455814301597119 -0.020592153397577282
2.9670597283903604 4.7454915799404906 -0.020592153399793377
2.9714230515203459 4.7454017297212623 -0.02059215340101082
2.9757863746503319 4.7453118795020295 -0.020592153401863614
2.9801496977803179 4.745222029282794 -0.020592153402114038
2.9845130209103035 4.7451321790635594 -0.020592153401487165
2.9888763440402895 4.7450423288443284 -0.020592153400690913
2.993239667170275 4.7449524786251001 -0.020592153400228134
2.997602990300261 4.7448626284058735 -0.02059215339982217
3.001966313430247 4.7447727781866487 -0.020592153399459846
3.0063296365602326 4.7446829279674247 -0.020592153399489402
3.0106929596902186 4.7445930777481999 -0.020592153399733484
3.0150562828202041 4.7445032275289742 -0.020592153399948937
3.0194196059501901 4.7444133773097477 -0.020592153400064386
3.0237829290801761 4.7443235270905211 -0.0205921533999915
3.0281462522101616 4.7442336768712945 -0.020592153400173886
3.0325095753401476 4.744143826652067 -0.020592153400127905
3.0368728984701332 4.7440539764328404 -0.020592153400129435
3.0412362216001192 4.743964126213613 -0.020592153400169302
3.0455995447301052 4.7438742759943864 -0.020592153400002009
3.0499628678600907 4.7437844257751598 -0.020592153400026941
3.0543261909900767 4.7436945755559332 -0.020592153400094512
3.0586895141200627 4.7436047253367066 -0.020592153399792999
3.0630528372500483 4.74351487511748 -0.020592153400937781
3.0674161603800343 4.7434250248982535 -0.020592153396660168
3.0717794835100198 4.7433351746790269 -0.020592153412625831
3.0761428066400058 4.7432453244598003 -0.0205921533530408
3.0805061297699918 4.7431554742405737 -0.020592153575408959
3.0848694528999774 4.7430656240213471 -0.020592152745527642
3.0892327760299634 4.7429757738021205 -0.020592155842684753
3.0935960991599489 4.742885923582894 -0.020592144283937634
3.0979594222899349 4.7427960733636674 -0.020592187421768986
3.1023227454199209 4.7427062231444408 -0.020592026429184417
3.1066860685499065 4.7426163729252133 -0.020592627262308292
3.1110493916798925 4.7425265227059867 -0.020590384922397356
3.115412714809878 4.7424366724867602 -0.020598753448306556
3.119776037939864 4.7423468222675336 -0.020567521684580706
3.12413936106985 4.742256972048307 -0.020684080213568618
3.1285026841998356 4.7421671218290804 -0.020249077861349118
3.1328660073298216 4.7420772716098538 -0.021872528741239235
3.1372293304598076 4.7419874213906272 -0.015813727573891923
3.1415926535897931 4.7419424962810144 -0.007537251263038525
3.1459559767197791 4.7418975711714006 -0.015813727574056115
3.1503192998497647 4.7418077209521741 -0.021872528741197984
3.1546826229797507 4.7417178707329475 -0.020249077861356459
3.1590459461097367 4.7416280205137209 -0.020684080213574166
3.1634092692397222 4.7415381702944943 -0.020567521684551143
3.1677725923697082 4.7414483200752677 -0.020598753448425544
3.1721359154996938 4.7413584698560403 -0.020590384922561617
3.1764992386296798 4.7412686196368137 -0.020592627262142935
3.1808625617596658 4.7411787694175871 -0.020592026429064637
3.1852258848896513 4.7410889191983605 -0.020592187421802795
3.1895892080196373 4.7409990689791339 -0.020592144283928464
3.1939525311496229 4.7409092187599073 -0.020592155842687622
3.1983158542796088 4.7408193685406808 -0.020592152745525324
3.2026791774095948 4.7407295183214542 -0.020592153575409056
3.2070425005395804 4.7406396681022276 -0.020592153353042739
3.2114058236695664 4.740549817883001 -0.020592153412624263
3.2157691467995524 4.7404599676637744 -0.020592153396658198
3.2201324699295379 4.7403701174445478 -0.020592153400947236
3.2244957930595239 4.7402802672253213 -0.020592153399757139
3.2288591161895095 4.7401904170060947 -0.020592153400228481
3.2332224393194955 4.7401005667868672 -0.020592153400143889
3.2375857624494815 4.7400107165676406 -0.020592153400004604
3.241949085579467 4.739920866348414 -0.02059215340004197
3.246312408709453 4.7398310161291874 -0.020592153400031801
3.2506757318394386 4.7397411659099609 -0.020592153400035104
3.2550390549694246 4.7396513156907343 -0.020592153400032068
3.2594023780994106 4.7395614654715077 -0.020592153400034615
3.2637657012293961 4.7394716152522811 -0.020592153400033762
3.2681290243593821 4.7393817650330545 -0.020592153400034622
3.2724923474893677 4.7392919148138279 -0.02059215340003203
3.2768556706193537 4.7392020645946014 -0.02059215340004153
3.2812189937493397 4.7391122143753748 -0.020592153399999834
3.2855823168793252 4.7390223641561482 -0.020592153400163415
3.2899456400093112 4.7389325139369207 -0.020592153400161448
3.2943089631392972 4.7388426637176941 -0.020592153399999452
3.2986722862692828 4.7387528134984676 -0.020592153400045037
3.3030356093992688 4.738662963279241 -0.020592153400024682
3.3073989325292543 4.7385731130600144 -0.020592153400060507
3.3117622556592403 4.7384832628407878 -0.020592153399937571
3.3161255787892263 4.7383934126215621 -0.020592153399776523
3.3204889019192119 4.7383035624023364 -0.020592153399939285
3.3248522250491979 4.7382137121831098 -0.020592153400059938
3.3292155481791834 4.7381238619638832 -0.020592153400025247
3.3335788713091694 4.7380340117446567 -0.020592153400043355
3.3379421944391554 4.7379441615254301 -0.020592153399999334
3.342305517569141 4.7378543113062035 -0.020592153400163581
3.346668840699127 4.737764461086976 -0.020592153400161281
3.351032163829113 4.7376746108677494 -0.020592153399999945
3.3553954869590985 4.7375847606485229 -0.020592153400043219
3.3597588100890845 4.7374949104292963 -0.020592153400031468
3.3641221332190701 4.7374050602100697 -0.020592153400035191
3.3684854563490561 4.7373152099908431 -0.020592153400032055
3.372848779479042 4.7372253597716165 -0.020592153400034573
3.3772121026090276 4.7371355095523899 -0.020592153400033928
3.3815754257390136 4.7370456593331633 -0.020592153400034004
3.3859387488689991 4.7369558091139368 -0.020592153400034344
3.3903020719989851 4.7368659588947102 -0.020592153400032901
3.3946653951289711 4.7367761086754836 -0.020592153400032041
3.3990287182589567 4.736686258456257 -0.020592153400043216
3.4033920413889427 4.7365964082370304 -0.020592153399999376
3.4077553645189282 4.7365065580178038 -0.020592153400163564
3.4121186876489142 4.7364167077985764 -0.020592153400161316
3.4164820107789002 4.7363268575793498 -0.020592153399999823
3.4208453339088858 4.7362370073601232 -0.020592153400043667
3.4252086570388718 4.7361471571408966 -0.020592153400029789
3.4295719801688578 4.73605730692167 -0.020592153400035177
3.4339353032988433 4.7359674567024435 -0.020592153400033775
3.4382986264288293 4.7358776064832169 -0.020592153400033984
3.4426619495588149 4.7357877562639903 -0.020592153400034559
3.4470252726888009 4.7356979060447637 -0.020592153400032061
3.4513885958187869 4.7356080558255371 -0.020592153400035187
3.4557519189487724 4.7355182056063105 -0.020592153400031465
3.4601152420787584 4.735428355387084 -0.020592153400043219
3.464478565208744 4.7353385051678574 -0.020592153399999941
3.46884188833873 4.7352486549486308 -0.020592153400161285
3.473205211468716 4.7351588047294033 -0.020592153400163574
3.4775685345987015 4.7350689545101767 -0.020592153399999372
3.4819318577286875 4.7349791042909501 -0.020592153400043219
3.4862951808586731 4.7348892540717236 -0.02059215340003203
3.4906585039886591 4.734799403852497 -0.020592153400032932
3.4950218271186451 4.7347095536332704 -0.020592153400034213
3.4993851502486306 4.7346197034140438 -0.020592153400034497
3.5037484733786166 4.7345298531948172 -0.020592153400032075
3.5081117965086026 4.7344400029755906 -0.020592153400035184
3.5124751196385882 4.7343501527563641 -0.020592153400031472
3.5168384427685742 4.7342603025371375 -0.020592153400043212
3.5212017658985597 4.7341704523179109 -0.020592153399999945
3.5255650890285457 4.7340806020986843 -0.020592153400161285
3.5299284121585317 4.7339907518794568 -0.020592153400163574
3.5342917352885173 4.7339009016602303 -0.020592153399999372
3.5386550584185033 4.7338110514410037 -0.020592153400043216
3.5430183815484888 4.7337212012217771 -0.020592153400032041
3.5473817046784748 4.7336313510025505 -0.020592153400032898
3.5517450278084608 4.7335415007833239 -0.020592153400034351
3.5561083509384463 4.7334516505640973 -0.020592153400033984
3.5604716740684323 4.7333618003448708 -0.020592153400033987
3.5648349971984179 4.7332719501256442 -0.020592153400034341
3.5691983203284039 4.7331820999064176 -0.020592153400032929
3.5735616434583899 4.733092249687191 -0.020592153400031923
3.5779249665883754 4.7330023994679644 -0.020592153400043667
3.5822882897183614 4.7329125492487378 -0.02059215339999769
3.5866516128483474 4.7328226990295112 -0.020592153400163564
3.591014935978333 4.7327328488102838 -0.020592153400163002
3.595378259108319 4.7326429985910572 -0.020592153399999372
3.5997415822383045 4.7325531483718306 -0.020592153400043788
3.6041049053682905 4.732463298152604 -0.020592153400029754
3.6084682284982765 4.7323734479333774 -0.020592153400035191
3.6128315516282621 4.7322835977141509 -0.020592153400033768
3.6171948747582481 4.7321937474949243 -0.020592153400033997
3.6215581978882336 4.7321038972756977 -0.020592153400034511
3.6259215210182196 4.7320140470564711 -0.020592153400032238
3.6302848441482056 4.7319241968372445 -0.020592153400034521
3.6346481672781912 4.7318343466180179 -0.020592153400033949
3.6390114904081772 4.7317444963987914 -0.020592153400033956
3.6433748135381627 4.7316546461795648 -0.020592153400034511
3.6477381366681487 4.7315647959603382 -0.02059215340003227
3.6521014597981347 4.7314749457411116 -0.020592153400034393
3.6564647829281203 4.731385095521885 -0.020592153400034445
3.6608281060581063 4.7312952453026584 -0.020592153400032103
3.6651914291880923 4.7312053950834319 -0.020592153400035132
3.6695547523180778 4.7311155448642053 -0.020592153400031652
3.6739180754480638 4.7310256946449787 -0.020592153400042536
3.6782813985780494 4.7309358444257521 -0.020592153400002478
3.6826447217080354 4.7308459942065255 -0.020592153400151844
3.6870080448380214 4.730756143987298 -0.020592153400198814
3.6913713679680069 4.7306662937680715 -0.020592153399867842
3.6957346910979929 4.7305764435488458 -0.02059215339992343
3.7000980142279785 4.7304865933296192 -0.020592153400032041
3.7044613373579645 4.7303967431103926 -0.020592153400152684
3.7088246604879505 4.7303068928911651 -0.020592153400165878
3.713187983617936 4.7302170426719385 -0.020592153399998755
3.717551306747922 4.730127192452712 -0.020592153400043382
3.7219146298779076 4.7300373422334854 -0.020592153400031989
3.7262779530078936 4.7299474920142588 -0.020592153400032943
3.7306412761378795 4.7298576417950322 -0.020592153400034226
3.7350045992678651 4.7297677915758056 -0.020592153400034438
3.7393679223978511 4.729677941356579 -0.020592153400032301
3.7437312455278371 4.7295880911373525 -0.020592153400034341
3.7480945686578226 4.7294982409181259 -0.020592153400034618
3.7524578917878086 4.7294083906988993 -0.020592153400031468
3.7568212149177942 4.7293185404796727 -0.020592153400043788
3.7611845380477802 4.7292286902604461 -0.020592153399997655
3.7655478611777662 4.7291388400412195 -0.020592153400163571
3.7699111843077517 4.7290489898219921 -0.020592153400162998
3.7742745074377377 4.7289591396027655 -0.020592153399999372
3.7786378305677233 4.7288692893835389 -0.020592153400043788
3.7830011536977093 4.7287794391643123 -0.020592153400029754
3.7873644768276953 4.7286895889450857 -0.020592153400035191
3.7917277999576808 4.7285997387258591 -0.020592153400033772
3.7960911230876668 4.7285098885066326 -0.020592153400033987
3.8004544462176524 4.728420038287406 -0.020592153400034549
3.8048177693476384 4.7283301880681794 -0.020592153400032096
3.8091810924776244 4.7282403378489528 -0.020592153400035066
3.8135444156076099 4.7281504876297262 -0.020592153400031919
3.8179077387375959 4.7280606374104996 -0.020592153400041533
3.8222710618675819 4.7279707871912731 -0.020592153399999938
3.8266343849975675 4.7278809369720465 -0.020592153400163002
3.8309977081275535 4.727791086752819 -0.020592153400162998
3.835361031257539 4.7277012365335924 -0.020592153399999945
3.839724354387525 4.7276113863143658 -0.020592153400041498
3.844087677517511 4.7275215360951393 -0.020592153400032041
3.8484510006474966 4.7274316858759127 -0.020592153400034615
3.8528143237774826 4.7273418356566861 -0.020592153400033775
3.8571776469074681 4.7272519854374595 -0.020592153400034559
3.8615409700374541 4.7271621352182329 -0.02059215340003227
3.8659042931674401 4.7270722849990063 -0.020592153400034348
3.8702676162974257 4.7269824347797798 -0.020592153400034615
3.8746309394274117 4.7268925845605532 -0.020592153400031472
3.8789942625573972 4.7268027343413266 -0.020592153400043778
3.8833575856873832 4.7267128841221 -0.02059215339999769
3.8877209088173692 4.7266230339028734 -0.020592153400163449
3.8920842319473548 4.7265331836836459 -0.020592153400163453
3.8964475550773408 4.7264433334644194 -0.02059215339999769
3.9008108782073267 4.7263534832451928 -0.020592153400043781
3.9051742013373123 4.7262636330259662 -0.020592153400031472
3.9095375244672983 4.7261737828067396 -0.020592153400034615
3.9139008475972838 4.726083932587513 -0.020592153400034348
3.9182641707272698 4.7259940823682864 -0.02059215340003227
3.9226274938572558 4.7259042321490599 -0.020592153400034559
3.9269908169872414 4.7258143819298333 -0.020592153400033775
3.9313541401172274 4.7257245317106067 -0.020592153400034615
3.9357174632472129 4.7256346814913801 -0.020592153400032044
3.9400807863771989 4.7255448312721535 -0.020592153400041498
3.9444441095071849 4.7254549810529269 -0.020592153399999945
3.9488074326371705 4.7253651308337004 -0.020592153400162998
3.9531707557671565 4.7252752806144729 -0.020592153400163002
3.957534078897142 4.7251854303952463 -0.020592153399999938
3.961897402027128 4.7250955801760197 -0.02059215340004153
3.966260725157114 4.7250057299567931 -0.020592153400031933
3.9706240482870996 4.7249158797375665 -0.020592153400035021
3.9749873714170856 4.72482602951834 -0.020592153400032266
3.9793506945470716 4.7247361792991134 -0.020592153400033911
3.9837140176770571 4.7246463290798868 -0.020592153400036381
3.9880773408070431 4.7245564788606602 -0.020592153400024845
3.9924406639370287 4.7244666286414336 -0.020592153400068518
3.9968039870670147 4.724376778422207 -0.020592153399905364
4.0011673101970002 4.7242869282029814 -0.020592153399903643
4.0055306333269867 4.7241970779837548 -0.020592153400067387
4.0098939564569722 4.7241072277645282 -0.0205921534000248
4.0142572795869578 4.7240173775453016 -0.020592153400043969
4.0186206027169442 4.723927527326075 -0.020592153399997298
4.0229839258469298 4.7238376771068484 -0.020592153400164834
4.0273472489769153 4.723747826887621 -0.020592153400164608
4.0317105721069009 4.7236579766683944 -0.020592153399997971
4.0360738952368873 4.7235681264491678 -0.020592153400041488
4.0404372183668729 4.7234782762299412 -0.020592153400034074
4.0448005414968584 4.7233884260107146 -0.02059215340003278
4.0491638646268449 4.723298575791488 -0.020592153400032783
4.0535271877568304 4.7232087255722615 -0.020592153400034074
4.057890510886816 4.7231188753530349 -0.020592153400041488
4.0622538340168024 4.7230290251338083 -0.02059215339999796
4.066617157146788 4.7229391749145817 -0.020592153400164653
4.0709804802767735 4.7228493246953542 -0.020592153400164657
4.0753438034067591 4.7227594744761277 -0.020592153399997953
4.0797071265367455 4.7226696242569011 -0.020592153400041505
4.0840704496667311 4.7225797740376745 -0.020592153400034025
4.0884337727967166 4.7224899238184479 -0.020592153400032957
4.092797095926703 4.7224000735992213 -0.020592153400032124
4.0971604190566886 4.7223102233799947 -0.020592153400036527
4.1015237421866741 4.7222203731607681 -0.020592153400032332
4.1058870653166606 4.7221305229415416 -0.02059215340003212
4.1102503884466461 4.722040672722315 -0.020592153400037172
4.1146137115766317 4.7219508225030884 -0.020592153400029751
4.1189770347066181 4.7218609722838618 -0.020592153400041804
4.1233403578366037 4.7217711220646352 -0.020592153400001024
4.1277036809665892 4.7216812718454086 -0.020592153400164657
4.1320670040965748 4.7215914216261812 -0.020592153400161583
4.1364303272265612 4.7215015714069546 -0.020592153399997658
4.1407936503565468 4.721411721187728 -0.020592153400045773
4.1451569734865323 4.7213218709685014 -0.02059215340002981
4.1495202966165188 4.7212320207492748 -0.020592153400032974
4.1538836197465043 4.7211421705300483 -0.020592153400036298
4.1582469428764899 4.7210523203108217 -0.020592153400032395
4.1626102660064763 4.7209624700915951 -0.020592153400032103
4.1669735891364619 4.7208726198723685 -0.020592153400037175
4.1713369122664474 4.7207827696531419 -0.020592153400029751
4.1757002353964339 4.7206929194339153 -0.020592153400041804
4.1800635585264194 4.7206030692146888 -0.020592153400001024
4.184426881656405 4.7205132189954622 -0.020592153400164657
4.1887902047863905 4.7204233687762347 -0.020592153400161583
4.193153527916377 4.7203335185570081 -0.020592153399997658
4.1975168510463625 4.7202436683377815 -0.020592153400045773
4.2018801741763481 4.7201538181185549 -0.02059215340002981
4.2062434973063345 4.7200639678993284 -0.020592153400032964
4.2106068204363201 4.7199741176801018 -0.020592153400036332
4.2149701435663056 4.7198842674608752 -0.02059215340003227
4.2193334666962921 4.7197944172416486 -0.020592153400032575
4.2236967898262776 4.719704567022422 -0.020592153400035427
4.2280601129562632 4.7196147168031954 -0.020592153400036273
4.2324234360862487 4.7195248665839689 -0.020592153400030053
4.2367867592162352 4.7194350163647423 -0.020592153400041502
4.2411500823462207 4.7193451661455157 -0.020592153400001926
4.2455134054762063 4.7192553159262891 -0.020592153400161343
4.2498767286061927 4.7191654657070616 -0.02059215340016135
4.2542400517361783 4.7190756154878351 -0.020592153400001912
4.2586033748661638 4.7189857652686085 -0.020592153400041564
4.2629666979961502 4.7188959150493819 -0.020592153400029813
4.2673300211261358 4.7188060648301553 -0.020592153400037179
4.2716933442561213 4.7187162146109287 -0.020592153400032041
4.2760566673861078 4.7186263643917021 -0.020592153400032634
4.2804199905160933 4.7185365141724755 -0.020592153400035413
4.2847833136460789 4.718446663953249 -0.020592153400036277
4.2891466367760644 4.7183568137340224 -0.020592153400030049
4.2935099599060509 4.7182669635147958 -0.020592153400041502
4.2978732830360364 4.7181771132955692 -0.020592153400001926
4.302236606166022 4.7180872630763426 -0.020592153400161343
4.3065999292960084 4.7179974128571152 -0.02059215340016135
4.310963252425994 4.7179075626378886 -0.020592153400001912
4.3153265755559795 4.717817712418662 -0.020592153400041564
4.319689898685966 4.7177278621994354 -0.020592153400029813
4.3240532218159515 4.7176380119802088 -0.020592153400037175
4.3284165449459371 4.7175481617609822 -0.020592153400032055
4.3327798680759235 4.7174583115417557 -0.020592153400032589
4.3371431912059091 4.7173684613225291 -0.020592153400035576
4.3415065143358946 4.7172786111033025 -0.020592153400035663
4.3458698374658802 4.7171887608840759 -0.020592153400032353
4.3502331605958666 4.7170989106648493 -0.020592153400032905
4.3545964837258522 4.7170090604456227 -0.020592153400034022
4.3589598068558377 4.7169192102263962 -0.020592153400041561
4.3633231299858242 4.7168293600071696 -0.020592153399997717
4.3676864531158097 4.716739509787943 -0.020592153400165555
4.3720497762457953 4.7166496595687155 -0.020592153400161285
4.3764130993757817 4.7165598093494889 -0.020592153399997957
4.3807764225057673 4.7164699591302623 -0.020592153400044871
4.3851397456357528 4.7163801089110358 -0.020592153400033123
4.3895030687657384 4.7162902586918092 -0.020592153400033199
4.3938663918957248 4.7162004084725826 -0.020592153400032065
4.3982297150257104 4.716110558253356 -0.020592153400036541
4.4025930381556959 4.7160207080341294 -0.020592153400032329
4.4069563612856824 4.7159308578149028 -0.020592153400032127
4.4113196844156679 4.7158410075956763 -0.020592153400037155
4.4156830075456535 4.7157511573764497 -0.020592153400029817
4.4200463306756399 4.7156613071572231 -0.020592153400041561
4.4244096538056255 4.7155714569379965 -0.020592153400001926
4.428772976935611 4.7154816067187699 -0.020592153400161281
4.4331363000655974 4.7153917564995425 -0.02059215340016159
4.437499623195583 4.7153019062803159 -0.020592153400001024
4.4418629463255686 4.7152120560610893 -0.020592153400044874
4.4462262694555541 4.7151222058418627 -0.020592153400030049
4.4505895925855405 4.7150323556226361 -0.020592153400032908
4.4549529157155261 4.7149425054034095 -0.020592153400036315
4.4593162388455116 4.714852655184183 -0.020592153400032388
4.4636795619754981 4.7147628049649564 -0.02059215340003211
4.4680428851054836 4.7146729547457298 -0.020592153400037158
4.4724062082354692 4.7145831045265032 -0.020592153400029817
4.4767695313654556 4.7144932543072766 -0.020592153400041561
4.4811328544954412 4.71440340408805 -0.020592153400001926
4.4854961776254267 4.7143135538688234 -0.020592153400161281
4.4898595007554132 4.714223703649596 -0.02059215340016159
4.4942228238853987 4.7141338534303694 -0.020592153400001024
4.4985861470153843 4.7140440032111428 -0.020592153400044874
4.5029494701453698 4.7139541529919162 -0.020592153400030049
4.5073127932753563 4.7138643027726896 -0.020592153400032908
4.5116761164053418 4.7137744525534631 -0.020592153400036315
4.5160394395353274 4.7136846023342365 -0.020592153400032388
4.5204027626653138 4.7135947521150099 -0.02059215340003211
4.5247660857952994 4.7135049018957833 -0.020592153400037158
4.5291294089252849 4.7134150516765567 -0.020592153400029817
4.5334927320552714 4.7133252014573301 -0.020592153400041561
4.5378560551852569 4.7132353512381036 -0.020592153400001926
4.5422193783152425 4.713145501018877 -0.020592153400161281
4.5465827014452289 4.7130556507996495 -0.02059215340016159
4.5509460245752145 4.7129658005804229 -0.020592153400001024
4.5553093477052 4.7128759503611963 -0.020592153400044874
4.5596726708351856 4.7127861001419697 -0.020592153400030049
4.564035993965172 4.7126962499227432 -0.020592153400032905
4.5683993170951576 4.7126063997035166 -0.020592153400036332
4.5727626402251431 4.71251654948429 -0.020592153400032329
4.5771259633551296 4.7124266992650634 -0.020592153400032332
4.5814892864851151 4.7123368490458368 -0.020592153400036332
4.5858526096151007 4.7122469988266102 -0.020592153400032898
4.5902159327450871 4.7121571486073837 -0.020592153400030056
4.5945792558750727 4.7120672983881571 -0.020592153400044867
4.5989425790050582 4.7119774481689305 -0.020592153400001031
4.6033059021350438 4.7118875979497039 -0.020592153400161586
4.6076692252650302 4.7117977477304764 -0.020592153400161288
4.6120325483950158 4.7117078975112499 -0.020592153400001929
4.6163958715250013 4.7116180472920233 -0.020592153400041557
4.6207591946549877 4.7115281970727967 -0.02059215340002982
4.6251225177849733 4.7114383468535701 -0.020592153400037155
4.6294858409149588 4.7113484966343435 -0.02059215340003212
4.6338491640449453 4.7112586464151169 -0.020592153400032343
4.6382124871749308 4.7111687961958904 -0.020592153400036495
4.6425758103049164 4.7110789459766638 -0.020592153400032238
4.6469391334349028 4.7109890957574372 -0.020592153400032533
4.6513024565648884 4.7108992455382106 -0.020592153400035607
4.6556657796948739 4.710809395318984 -0.020592153400035607
4.6600291028248595 4.7107195450997574 -0.020592153400032537
4.6643924259548459 4.7106296948805308 -0.020592153400032238
4.6687557490848315 4.7105398446613043 -0.020592153400036506
4.673119072214817 4.7104499944420777 -0.020592153400032297
4.6774823953448035 4.7103601442228511 -0.020592153400032287
4.681845718474789 4.7102702940036245 -0.020592153400036537
4.6862090416047746 4.7101804437843979 -0.02059215340003212
4.690572364734761 4.7100905935651713 -0.020592153400032964
4.6949356878647466 4.7100007433459448 -0.020592153400034025
4.6992990109947321 4.7099108931267182 -0.020592153400041498
4.7036623341247186 4.7098210429074916 -0.020592153399997957
4.7080256572547041 4.709731192688265 -0.020592153400164653
4.7123889803846897 4.7096413424690375 -0.020592153400164657
4.7167523035146752 4.709551492249811 -0.020592153399997953
4.7211156266446617 4.7094616420305844 -0.020592153400041505
4.7254789497746472 4.7093717918113578 -0.020592153400034025
4.7298422729046328 4.7092819415921312 -0.02059215340003296
4.7342055960346192 4.7091920913729046 -0.020592153400032117
4.7385689191646048 4.709102241153678 -0.020592153400036558
4.7429322422945903 4.7090123909344515 -0.020592153400032218
4.7472955654245768 4.7089225407152249 -0.020592153400032547
4.7516588885545623 4.7088326904959983 -0.02059215340003559
4.7560222116845479 4.7087428402767717 -0.020592153400035656
4.7603855348145334 4.7086529900575451 -0.020592153400032356
4.7647488579445199 4.7085631398383185 -0.020592153400032905
4.7691121810745054 4.708473289619092 -0.020592153400034022
4.773475504204491 4.7083834393998654 -0.020592153400041561
4.7778388273344774 4.7082935891806388 -0.020592153399997721
4.782202150464463 4.7082037389614122 -0.020592153400165538
4.7865654735944485 4.7081138887421847 -0.02059215340016135
4.7909287967244349 4.7080240385229581 -0.020592153399997714
4.7952921198544205 4.7079341883037316 -0.020592153400045773
4.7996554429844061 4.707844338084505 -0.020592153400029751
4.8040187661143925 4.7077544878652784 -0.020592153400033203
4.808382089244378 4.7076646376460518 -0.02059215340003543
4.8127454123743636 4.7075747874268252 -0.020592153400035642
4.8171087355043491 4.7074849372075986 -0.020592153400032568
4.8214720586343356 4.7073950869883721 -0.020592153400032061
4.8258353817643211 4.7073052367691455 -0.020592153400037172
4.8301987048943067 4.7072153865499189 -0.020592153400029813
4.8345620280242931 4.7071255363306923 -0.020592153400041564
4.8389253511542787 4.7070356861114657 -0.020592153400001912
4.8432886742842642 4.7069458358922391 -0.020592153400161347
4.8476519974142507 4.7068559856730117 -0.020592153400161347
4.8520153205442362 4.7067661354537851 -0.020592153400001929
4.8563786436742218 4.7066762852345585 -0.020592153400041498
4.8607419668042082 4.7065864350153319 -0.020592153400030056
4.8651052899341938 4.7064965847961053 -0.02059215340003627
4.8694686130641793 4.7064067345768787 -0.02059215340003543
4.8738319361941649 4.7063168843576522 -0.020592153400032568
4.8781952593241513 4.7062270341384256 -0.020592153400032273
4.8825585824541369 4.706137183919199 -0.020592153400036332
4.8869219055841224 4.7060473336999724 -0.020592153400032957
4.8912852287141089 4.7059574834807458 -0.020592153400029813
4.8956485518440944 4.7058676332615192 -0.020592153400045769
4.90001187497408 4.7057777830422927 -0.020592153399997658
4.9043751981040664 4.7056879328230661 -0.020592153400161586
4.908738521234052 4.7055980826038386 -0.020592153400164653
4.9131018443640375 4.705508232384612 -0.020592153400001031
4.9174651674940231 4.7054183821653854 -0.0205921534000418
4.9218284906240095 4.7053285319461589 -0.020592153400029754
4.9261918137539951 4.7052386817269323 -0.020592153400037172
4.9305551368839806 4.7051488315077057 -0.02059215340003212
4.9349184600139671 4.7050589812884791 -0.020592153400032332
4.9392817831439526 4.7049691310692525 -0.020592153400036527
4.9436451062739382 4.7048792808500259 -0.020592153400032124
4.9480084294039246 4.7047894306307994 -0.020592153400032957
4.9523717525339102 4.7046995804115728 -0.020592153400034029
4.9567350756638957 4.7046097301923462 -0.020592153400041498
4.9610983987938821 4.7045198799731196 -0.020592153399997957
4.9654617219238677 4.704430029753893 -0.020592153400164653
4.9698250450538533 4.7043401795346655 -0.020592153400164657
4.9741883681838388 4.704250329315439 -0.020592153399997953
4.9785516913138252 4.7041604790962124 -0.020592153400041502
4.9829150144438108 4.7040706288769858 -0.020592153400034029
4.9872783375737963 4.7039807786577592 -0.020592153400032943
4.9916416607037828 4.7038909284385326 -0.020592153400032169
4.9960049838337683 4.703801078219306 -0.020592153400036364
5.0003683069637539 4.7037112280000795 -0.02059215340003295
5.0047316300937403 4.7036213777808529 -0.020592153400029817
5.0090949532237259 4.7035315275616263 -0.020592153400045769
5.0134582763537114 4.7034416773423997 -0.020592153399997655
5.0178215994836979 4.7033518271231731 -0.0205921534001616
5.0221849226136834 4.7032619769039457 -0.020592153400164615
5.026548245743669 4.7031721266847191 -0.020592153400001163
5.0309115688736545 4.7030822764654925 -0.020592153400041311
5.035274892003641 4.7029924262462659 -0.020592153400031572
5.0396382151336265 4.7029025760270393 -0.020592153400030393
5.0440015382636121 4.7028127258078127 -0.02059215340005742
5.0483648613935985 4.7027228755885861 -0.020592153399937918
5.0527281845235841 4.7026330253693605 -0.020592153399778216
5.0570915076535696 4.7025431751501348 -0.020592153399938432
5.0614548307835561 4.7024533249309082 -0.020592153400055369
5.0658181539135416 4.7023634747116816 -0.020592153400038084
5.0701814770435272 4.702273624492455 -0.020592153400002849
5.0745448001735127 4.7021837742732284 -0.020592153400161097
5.0789081233034992 4.702093924054001 -0.020592153400161416
5.0832714464334847 4.7020040738347744 -0.020592153400001895
5.0876347695634703 4.7019142236155478 -0.020592153400041571
5.0919980926934567 4.7018243733963212 -0.020592153400029817
5.0963614158234423 4.7017345231770946 -0.020592153400037155
5.1007247389534278 4.701644672957868 -0.02059215340003212
5.1050880620834143 4.7015548227386414 -0.020592153400032343
5.1094513852133998 4.7014649725194149 -0.020592153400036499
5.1138147083433854 4.7013751223001883 -0.020592153400032225
5.1181780314733718 4.7012852720809617 -0.020592153400032582
5.1225413546033574 4.7011954218617351 -0.020592153400035427
5.1269046777333429 4.7011055716425085 -0.020592153400036273
5.1312680008633285 4.7010157214232819 -0.020592153400030053
5.1356313239933149 4.7009258712040554 -0.020592153400041502
5.1399946471233005 4.7008360209848288 -0.020592153400001926
5.144357970253286 4.7007461707656022 -0.020592153400161343
5.1487212933832724 4.7006563205463747 -0.02059215340016135
5.153084616513258 4.7005664703271481 -0.020592153400001912
5.1574479396432436 4.7004766201079216 -0.020592153400041564
5.16181126277323 4.700386769888695 -0.020592153400029813
5.1661745859032155 4.7002969196694684 -0.020592153400037179
5.1705379090332011 4.7002070694502418 -0.020592153400032041
5.1749012321631875 4.7001172192310152 -0.020592153400032634
5.1792645552931731 4.7000273690117886 -0.020592153400035413
5.1836278784231586 4.6999375187925621 -0.020592153400036277
5.1879912015531442 4.6998476685733355 -0.020592153400030049
5.1923545246831306 4.6997578183541089 -0.020592153400041502
5.1967178478131162 4.6996679681348823 -0.020592153400001926
5.2010811709431017 4.6995781179156557 -0.020592153400161343
5.2054444940730882 4.6994882676964282 -0.020592153400161347
5.2098078172030737 4.6993984174772017 -0.020592153400001929
5.2141711403330593 4.6993085672579751 -0.020592153400041498
5.2185344634630457 4.6992187170387485 -0.020592153400030056
5.2228977865930313 4.6991288668195219 -0.02059215340003627
5.2272611097230168 4.6990390166002953 -0.02059215340003543
5.2316244328530024 4.6989491663810687 -0.020592153400032568
5.2359877559829888 4.6988593161618422 -0.020592153400032273
5.2403510791129744 4.6987694659426156 -0.020592153400036332
5.2447144022429599 4.698679615723389 -0.020592153400032953
5.2490777253729464 4.6985897655041624 -0.02059215340002982
5.2534410485029319 4.6984999152849358 -0.020592153400045752
5.2578043716329175 4.6984100650657092 -0.020592153399997721
5.2621676947629039 4.6983202148464827 -0.020592153400161347
5.2665310178928895 4.6982303646272552 -0.020592153400165555
5.270894341022875 4.6981405144080286 -0.020592153399997658
5.2752576641528615 4.698050664188802 -0.020592153400041804
5.279620987282847 4.6979608139695754 -0.02059215340003312
5.2839843104128326 4.6978709637503488 -0.02059215340003627
5.2883476335428181 4.6977811135311223 -0.02059215340003236
5.2927109566728046 4.6976912633118957 -0.020592153400032273
5.2970742798027901 4.6976014130926691 -0.020592153400036541
5.3014376029327757 4.6975115628734425 -0.02059215340003212
5.3058009260627621 4.6974217126542159 -0.020592153400032967
5.3101642491927477 4.6973318624349893 -0.020592153400034004
5.3145275723227332 4.6972420122157628 -0.020592153400041564
5.3188908954527196 4.6971521619965362 -0.020592153399997717
5.3232542185827052 4.6970623117773096 -0.020592153400165555
5.3276175417126908 4.6969724615580821 -0.020592153400161285
5.3319808648426772 4.6968826113388555 -0.020592153399997957
5.3363441879726627 4.696792761119629 -0.020592153400044871
5.3407075111026483 4.6967029109004024 -0.020592153400033123
5.3450708342326338 4.6966130606811758 -0.020592153400033199
5.3494341573626203 4.6965232104619492 -0.020592153400032061
5.3537974804926058 4.6964333602427226 -0.020592153400036551
5.3581608036225914 4.696343510023496 -0.020592153400032284
5.3625241267525778 4.6962536598042695 -0.020592153400032301
5.3668874498825634 4.6961638095850429 -0.020592153400036506
5.3712507730125489 4.6960739593658163 -0.020592153400032235
5.3756140961425354 4.6959841091465897 -0.02059215340003254
5.3799774192725209 4.6958942589273631 -0.0205921534000356
5.3843407424025065 4.6958044087081365 -0.020592153400035611
5.388704065532492 4.69571455848891 -0.020592153400032523
5.3930673886624785 4.6956247082696834 -0.02059215340003228
5.397430711792464 4.6955348580504568 -0.020592153400036339
5.4017940349224496 4.6954450078312302 -0.020592153400032915
5.406157358052436 4.6953551576120036 -0.020592153400029983
5.4105206811824216 4.695265307392777 -0.020592153400045134
5.4148840043124071 4.6951754571735504 -0.020592153400000028
5.4192473274423936 4.6950856069543239 -0.020592153400152743
5.4236106505723791 4.6949957567350964 -0.020592153400197655
5.4279739737023647 4.6949059065158698 -0.020592153399877872
5.4323372968323511 4.6948160562966441 -0.020592153399878174
5.4367006199623367 4.6947262060774175 -0.020592153400196749
5.4410639430923222 4.6946363558581901 -0.02059215340015606
5.4454272662223078 4.6945465056389635 -0.020592153400000261
5.4497905893522942 4.6944566554197369 -0.020592153400040888
5.4541539124822798 4.6943668052005103 -0.020592153400034188
5.4585172356122653 4.6942769549812837 -0.020592153400032915
5.4628805587422518 4.6941871047620571 -0.020592153400032134
5.4672438818722373 4.6940972545428306 -0.020592153400036541
5.4716072050022229 4.694007404323604 -0.020592153400032277
5.4759705281322093 4.6939175541043774 -0.020592153400032346
5.4803338512621949 4.6938277038851508 -0.020592153400036329
5.4846971743921804 4.6937378536659242 -0.020592153400032898
5.4890604975221668 4.6936480034466976 -0.020592153400030056
5.4934238206521524 4.6935581532274711 -0.020592153400044867
5.497787143782138 4.6934683030082445 -0.020592153400001031
5.5021504669121235 4.6933784527890179 -0.020592153400161586
5.5065137900421099 4.6932886025697904 -0.020592153400161288
5.5108771131720955 4.6931987523505638 -0.020592153400001926
5.5152404363020811 4.6931089021313372 -0.020592153400041561
5.5196037594320675 4.6930190519121107 -0.020592153400029813
5.523967082562053 4.6929292016928841 -0.020592153400037172
5.5283304056920386 4.6928393514736575 -0.020592153400032058
5.532693728822025 4.6927495012544309 -0.020592153400032575
5.5370570519520106 4.6926596510352043 -0.020592153400035638
5.5414203750819961 4.6925698008159777 -0.02059215340003543
5.5457836982119817 4.6924799505967512 -0.020592153400033199
5.5501470213419681 4.6923901003775246 -0.020592153400029754
5.5545103444719537 4.692300250158298 -0.020592153400045769
5.5588736676019392 4.6922103999390714 -0.020592153399997717
5.5632369907319257 4.6921205497198448 -0.02059215340016135
5.5676003138619112 4.6920306995006174 -0.020592153400165538
5.5719636369918968 4.6919408492813908 -0.020592153399997721
5.5763269601218832 4.6918509990621642 -0.020592153400041561
5.5806902832518688 4.6917611488429376 -0.020592153400034025
5.5850536063818543 4.691671298623711 -0.020592153400032901
5.5894169295118408 4.6915814484044844 -0.020592153400032363
5.5937802526418263 4.6914915981852578 -0.020592153400035638
5.5981435757718119 4.6914017479660313 -0.020592153400035642
5.6025068989017974 4.6913118977468047 -0.02059215340003236
5.6068702220317839 4.6912220475275781 -0.020592153400032905
5.6112335451617694 4.6911321973083515 -0.020592153400034022
5.615596868291755 4.6910423470891249 -0.020592153400041561
5.6199601914217414 4.6909524968698983 -0.020592153399997721
5.624323514551727 4.6908626466506718 -0.020592153400165538
5.6286868376817125 4.6907727964314443 -0.02059215340016135
5.633050160811699 4.6906829462122177 -0.020592153399997714
5.6374134839416845 4.6905930959929911 -0.020592153400045773
5.6417768070716701 4.6905032457737645 -0.020592153400029751
5.6461401302016565 4.690413395554538 -0.020592153400033203
5.6505034533316421 4.6903235453353114 -0.02059215340003543
5.6548667764616276 4.6902336951160848 -0.020592153400035642
5.6592300995916132 4.6901438448968582 -0.020592153400032568
5.6635934227215996 4.6900539946776316 -0.020592153400032061
5.6679567458515852 4.689964144458405 -0.020592153400037172
5.6723200689815707 4.6898742942391785 -0.020592153400029813
5.6766833921115571 4.6897844440199519 -0.020592153400041564
5.6810467152415427 4.6896945938007253 -0.020592153400001912
5.6854100383715283 4.6896047435814987 -0.020592153400161347
5.6897733615015147 4.6895148933622712 -0.020592153400161347
5.6941366846315002 4.6894250431430446 -0.020592153400001929
5.6985000077614858 4.6893351929238181 -0.020592153400041498
5.7028633308914722 4.6892453427045915 -0.020592153400030056
5.7072266540214578 4.6891554924853649 -0.02059215340003627
5.7115899771514433 4.6890656422661383 -0.020592153400035423
5.7159533002814289 4.6889757920469117 -0.020592153400032596
5.7203166234114153 4.6888859418276851 -0.020592153400032176
5.7246799465414009 4.6887960916084586 -0.020592153400036693
5.7290432696713864 4.688706241389232 -0.020592153400031617
5.7334065928013729 4.6886163911700054 -0.020592153400034827
5.7377699159313584 4.6885265409507788 -0.020592153400027062
5.742133239061344 4.6884366907315522 -0.020592153400067481
5.7464965621913304 4.6883468405123256 -0.020592153399901007
5.750859885321316 4.6882569902930999 -0.020592153399915821
5.7552232084513015 4.6881671400738734 -0.020592153400035607
5.7595865315812871 4.6880772898546468 -0.020592153400152316
5.7639498547112735 4.6879874396354193 -0.020592153400163769
5.7683131778412591 4.6878975894161927 -0.020592153400001263
5.7726765009712446 4.6878077391969661 -0.020592153400041724
5.7770398241012311 4.6877178889777396 -0.02059215340002982
5.7814031472312166 4.687628038758513 -0.020592153400036988
5.7857664703612022 4.6875381885392864 -0.02059215340003278
5.7901297934911886 4.6874483383200598 -0.020592153400029862
5.7944931166211742 4.6873584881008332 -0.020592153400045759
5.7988564397511597 4.6872686378816066 -0.020592153399997662
5.8032197628811462 4.6871787876623801 -0.020592153400161583
5.8075830860111317 4.6870889374431526 -0.020592153400164653
5.8119464091411173 4.686999087223926 -0.020592153400001031
5.8163097322711028 4.6869092370046994 -0.0205921534000418
5.8206730554010893 4.6868193867854728 -0.020592153400029754
5.8250363785310748 4.6867295365662462 -0.020592153400037179
5.8293997016610604 4.6866396863470197 -0.020592153400032103
5.8337630247910468 4.6865498361277931 -0.020592153400032398
5.8381263479210324 4.6864599859085665 -0.020592153400036298
5.8424896710510179 4.6863701356893399 -0.020592153400032967
5.8468529941810043 4.6862802854701133 -0.02059215340002981
5.8512163173109899 4.6861904352508867 -0.020592153400045773
5.8555796404409755 4.6861005850316602 -0.020592153399997658
5.8599429635709619 4.6860107348124336 -0.020592153400161586
5.8643062867009474 4.6859208845932061 -0.020592153400164653
5.868669609830933 4.6858310343739795 -0.020592153400001031
5.8730329329609186 4.6857411841547529 -0.0205921534000418
5.877396256090905 4.6856513339355264 -0.020592153400029754
5.8817595792208905 4.6855614837162998 -0.020592153400037172
5.8861229023508761 4.6854716334970732 -0.02059215340003212
5.8904862254808625 4.6853817832778466 -0.020592153400032332
5.8948495486108481 4.68529193305862 -0.020592153400036541
5.8992128717408336 4.6852020828393934 -0.020592153400032058
5.9035761948708201 4.6851122326201668 -0.020592153400033199
5.9079395180008056 4.6850223824009403 -0.020592153400033123
5.9123028411307912 4.6849325321817137 -0.020592153400044874
5.9166661642607767 4.6848426819624871 -0.020592153399997957
5.9210294873907632 4.6847528317432605 -0.020592153400161288
5.9253928105207487 4.684662981524033 -0.020592153400165559
5.9297561336507343 4.6845731313048065 -0.020592153399997714
5.9341194567807207 4.6844832810855799 -0.020592153400041571
5.9384827799107063 4.6843934308663533 -0.020592153400033994
5.9428461030406918 4.6843035806471267 -0.020592153400033012
5.9472094261706783 4.6842137304279001 -0.02059215340003195
5.9515727493006638 4.6841238802086735 -0.020592153400037175
5.9559360724306494 4.684034029989447 -0.020592153400029914
5.9602993955606358 4.6839441797702204 -0.020592153400041145
5.9646627186906214 4.6838543295509938 -0.020592153400003498
5.9690260418206069 4.6837644793317672 -0.020592153400155425
5.9733893649505925 4.6836746291125397 -0.020592153400196034
5.9777526880805789 4.6835847788933131 -0.020592153399869081
5.9821160112105645 4.6834949286740875 -0.020592153399914957
5.98647933434055 4.6834050784548609 -0.020592153400070982
5.9908426574705365 4.6833152282356343 -0.020592153399999098
5.995205980600522 4.6832253780164077 -0.020592153400130615
5.9995693037305076 4.6831355277971802 -0.020592153400299681
6.003932626860494 4.6830456775779528 -0.020592153400089984
6.0082959499904796 4.6829558273587262 -0.020592153400149044
6.0126592731204651 4.6828659771394987 -0.020592153400135066
6.0170225962504515 4.6827761269202721 -0.020592153400119339
6.0213859193804371 4.6826862767010446 -0.020592153400196246
6.0257492425104227 4.6825964264818181 -0.020592153399916914
6.0301125656404082 4.6825065762625924 -0.020592153399735993
6.0344758887703946 4.6824167260433676 -0.020592153399505098
6.0388392119003802 4.6823268758241436 -0.020592153399388285
6.0432025350303658 4.6822370256049197 -0.020592153399488326
6.0475658581603522 4.6821471753856949 -0.020592153399803068
6.0519291812903377 4.6820573251664683 -0.020592153400276071
6.0562925044203233 4.6819674749472391 -0.0205921534011352
6.0606558275503097 4.6818776247280054 -0.020592153402098443
6.0650191506802953 4.681787774508769 -0.020592153402271694
6.0693824738102808 4.6816979242895336 -0.02059215340184934
6.0737457969402664 4.6816080740703008 -0.020592153400922845
6.0781091200702528 4.6815182238510742 -0.020592153398931931
6.0824724432002384 4.6814283736318583 -0.020592153396219417
6.0868357663302239 4.6813385234126548 -0.020592153393195638
6.0911990894602104 4.6812486731934628 -0.020592153391502693
6.0955624125901959 4.6811588229742718 -0.020592153392748926
6.0999257357201815 4.6810689727550692 -0.020592153396797513
6.1042890588501679 4.6809791225358426 -0.020592153403771005
6.1086523819801535 4.6808892723165787 -0.020592153413964458
6.113015705110139 4.680799422097266 -0.020592153425464367
6.1173790282401255 4.6807095718779115 -0.020592153431546679
6.121742351370111 4.6806197216585526 -0.020592153427472188
6.1261056745000966 4.6805298714392345 -0.020592153412663083
6.1304689976300821 4.6804400212200052 -0.020592153386816699
6.1348323207600686 4.6803501710009137 -0.020592153349278795
6.1391956438900541 4.6802603207820024 -0.020592153306658208
6.1435589670200397 4.6801704705632492 -0.020592153282027088
6.1479222901500261 4.6800806203445227 -0.020592153296140944
6.1522856132800117 4.6799907701256425 -0.020592153351641943
6.1566489364099972 4.6799009199064345 -0.020592153446517904
6.1610122595399837 4.6798110696867194 -0.020592153585526986
6.1653755826699692 4.679721219466332 -0.020592153745579819
6.1697389057999548 4.6796313692453468 -0.020592153839625069
6.1741022289299412 4.6795415190242506 -0.020592153790690529
6.1784655520599268 4.6794516688037087 -0.020592153587660873
6.1828288751899123 4.6793618185843737 -0.02059215323777493
6.1871921983198979 4.6792719683669111 -0.020592152723167622
6.1915555214498843 4.6791821181519504 -0.02059215212393771
6.1959188445798699 4.6790922679392484 -0.020592151762292236
6.2002821677098554 4.6790024177270171 -0.02059215193153845
6.2046454908398418 4.6789125675127821 -0.020592152670196869
6.2090088139698274 4.6788227172941017 -0.020592153980366453
6.213372137099813 4.6787328670685033 -0.020592155813909458
6.2177354602297994 4.6786430168336031 -0.020592158321546858
6.2220987833597849 4.6785531665901754 -0.020592158715973568
6.2264621064897705 4.678463316344776 -0.020592161849330569
6.2308254296197561 4.678373466106617 -0.02059214529900219
6.2351887527497425 4.6782836158848271 -0.020592192134209257
6.239552075879728 4.6781937656886026 -0.020591992511701289
6.2439153990097136 4.6781039155269495 -0.020592702819531374
6.2482787221397 4.6780140653974724 -0.020590015318508362
6.2526420452696856 4.6779242152761462 -0.020600027288068621
6.2570053683996711 4.6778343651286773 -0.020562679281134442
6.2613686915296576 4.6777445149209518 -0.020702118743103331
6.2657320146596431 4.6776546646187525 -0.020181815286983418
6.2700953377896287 4.6775648141880959 -0.022123742925576596
6.2744586609196151 4.6774749636361159 -0.0148765075638288
6.2788219840496007 4.677385113050768 -0.041923627730177451
6.2831853071795862 4.6771604871344232 -0.033647097151836405
