# q  U_kJmol  dU_dq   # conservative spline pchip_hermite_v1
0 4.9302732004284087 84.061038832585282
0.0043633231299858239 4.928845310804002 -22.614795897111438
0.0087266462599716477 4.9302731732434477 6.3981260648580989
0.013089969389957472 4.9302302986523303 -2.025460861687562
0.017453292519943295 4.9281694011478256 0.25727023625370227
0.021816615649929118 4.9288437059280552 0.043028984618626871
0.026179938779914945 4.9287851154649545 -0.0060521936410835352
0.030543261909900768 4.9289229036904407 0.035632160324549481
0.034906585039886591 4.9290080724049092 0.016817452413610941
0.039269908169872414 4.9291073404748609 0.023907422031872509
0.043633231299858237 4.9292028306338969 0.021458754016098501
0.04799655442984406 4.9292993330811123 0.022261954334846956
0.05235987755982989 4.9293955642865273 0.022007327034858679
0.056723200689815713 4.9294918681709632 0.022086114205222735
0.061086523819801536 4.9295881525811138 0.022062173705442945
0.065449846949787352 4.9296844422093837 0.022069346716454611
0.069813170079773182 4.9297807304394636 0.022067221562084488
0.074176493209759012 4.929877019044187 0.022067845429762527
0.078539816339744828 4.9299733075485248 0.02206766367929686
0.082903139469730658 4.9300695960797611 0.022067716287546051
0.087266462599716474 4.9301658846037908 0.022067701144101906
0.091629785729702304 4.9302621731297513 0.022067705482270286
0.09599310885968812 4.9303584616551941 0.022067704244611318
0.10035643198967395 4.9304547501807754 0.02206770459632422
0.10471975511965978 4.9305510387063194 0.022067704496747338
0.1090830782496456 4.930647327231874 0.022067704525022162
0.11344640137963143 4.930743615757426 0.022067704516995752
0.11780972450961724 4.930839904282978 0.02206770451899458
0.12217304763960307 4.9309361928085291 0.022067704518415016
0.1265363707695889 4.9310324813340811 0.022067704518734237
0.1308996938995747 4.9311287698596331 0.022067704518647993
0.13526301702956053 4.9312250583851851 0.02206770451867375
0.13962634015954636 4.9313213469107371 0.022067704518656531
0.14398966328953219 4.9314176354362891 0.022067704518699671
0.14835298641951802 4.9315139239618411 0.022067704518544326
0.15271630954950383 4.9316102124873922 0.022067704518512338
0.15707963267948966 4.9317065010129442 0.022067704518795615
0.16144295580947549 4.931802789538497 0.022067704518915404
0.16580627893946132 4.9318990780640499 0.02206770451876363
0.17016960206944712 4.9319953665896019 0.0220677045186407
0.17453292519943295 4.9320916551151539 0.022067704518673525
0.17889624832941878 4.9321879436407059 0.022067704518664737
0.18325957145940461 4.9322842321662579 0.022067704518667065
0.18762289458939044 4.9323805206918099 0.022067704518666551
0.19198621771937624 4.9324768092173619 0.0220677045186667
0.19634954084936207 4.9325730977429139 0.0220677045186666
0.2007128639793479 4.9326693862684658 0.022067704518666423
0.20507618710933373 4.9327656747940178 0.022067704518667235
0.20943951023931956 4.9328619633195698 0.022067704518664182
0.21380283336930536 4.9329582518451218 0.022067704518675988
0.21816615649929119 4.9330545403706738 0.022067704518631815
0.22252947962927702 4.9331508288962258 0.022067704518796288
0.22689280275926285 4.9332471174217787 0.022067704518793241
0.23125612588924865 4.9333434059473307 0.022067704518641366
0.23561944901923448 4.9334396944728827 0.022067704518641248
0.23998277214922031 4.9335359829984347 0.022067704518793162
0.24434609527920614 4.9336322715239875 0.022067704518796298
0.24870941840919197 4.9337285600495395 0.022067704518631843
0.2530727415391778 4.9338248485750915 0.022067704518675867
0.25743606466916363 4.9339211371006435 0.022067704518664223
0.26179938779914941 4.9340174256261955 0.022067704518667616
0.26616271092913524 4.9341137141517475 0.022067704518665694
0.27052603405912107 4.9342100026772995 0.022067704518669132
0.2748893571891069 4.9343062912028515 0.022067704518657305
0.27925268031909273 4.9344025797284035 0.022067704518701173
0.28361600344907856 4.9344988682539555 0.022067704518537536
0.28797932657906439 4.9345951567795066 0.022067704518537554
0.29234264970905022 4.9346914453050585 0.022067704518701117
0.29670597283903605 4.9347877338306105 0.022067704518657503
0.30106929596902182 4.9348840223561625 0.02206770451866925
0.30543261909900765 4.9349803108817145 0.022067704518665875
0.30979594222899348 4.9350765994072665 0.02206770451866678
0.31415926535897931 4.9351728879328185 0.022067704518666534
0.31852258848896514 4.9352691764583705 0.02206770451866661
0.32288591161895097 4.9353654649839225 0.022067704518666569
0.3272492347489368 4.9354617535094745 0.022067704518666652
0.33161255787892263 4.9355580420350265 0.022067704518666364
0.33597588100890846 4.9356543305605785 0.022067704518667436
0.34033920413889424 4.9357506190861304 0.022067704518664282
0.34470252726888007 4.9358469076116824 0.022067704518675804
0.3490658503988659 4.9359431961372344 0.022067704518632023
0.35342917352885173 4.9360394846627864 0.022067704518795635
0.35779249665883756 4.9361357731883393 0.022067704518795639
0.36215581978882339 4.9362320617138913 0.022067704518632009
0.36651914291880922 4.9363283502394433 0.022067704518675856
0.37088246604879505 4.9364246387649953 0.022067704518664105
0.37524578917878088 4.9365209272905473 0.022067704518667255
0.37960911230876665 4.9366172158160992 0.022067704518667255
0.38397243543875248 4.9367135043416512 0.022067704518664105
0.38833575856873831 4.9368097928672032 0.02206770451867586
0.39269908169872414 4.9369060813927552 0.022067704518631999
0.39706240482870997 4.9370023699183072 0.022067704518795687
0.4014257279586958 4.9370986584438601 0.022067704518795458
0.40578905108868163 4.9371949469694121 0.022067704518632672
0.41015237421866746 4.9372912354949641 0.022067704518673386
0.41451569734865329 4.9373875240205161 0.02206770451867332
0.41887902047863912 4.9374838125460681 0.02206770451863287
0.42324234360862489 4.93758010107162 0.02206770451879559
0.42760566673861072 4.9376763895971729 0.022067704518795816
0.43196898986859655 4.9377726781227249 0.022067704518631347
0.43633231299858238 4.9378689666482769 0.022067704518678337
0.44069563612856821 4.9379652551738289 0.022067704518654842
0.44505895925855404 4.9380615436993809 0.022067704518701818
0.44942228238853987 4.9381578322249329 0.022067704518537422
0.4537856055185257 4.938254120750484 0.022067704518537363
0.45814892864851153 4.938350409276036 0.022067704518702002
0.46251225177849731 4.938446697801588 0.022067704518655008
0.46687557490848314 4.9385429863271399 0.022067704518678337
0.47123889803846897 4.9386392748526919 0.022067704518631184
0.4756022211684548 4.9387355633782439 0.022067704518796475
0.47996554429844063 4.9388318519037968 0.02206770451879312
0.48432886742842646 4.9389281404293488 0.022067704518641238
0.48869219055841229 4.9390244289549008 0.022067704518641467
0.49305551368839812 4.9391207174804528 0.022067704518792426
0.49741883681838395 4.9392170060060057 0.022067704518799029
0.50178215994836972 4.9393132945315577 0.022067704518622503
0.50614548307835561 4.9394095830571096 0.022067704518710488
0.51050880620834138 4.9395058715826616 0.022067704518535076
0.51487212933832727 4.9396021601082127 0.022067704518538084
0.51923545246831304 4.9396984486337647 0.022067704518701461
0.52359877559829882 4.9397947371593167 0.022067704518657288
0.5279620987282847 4.9398910256848687 0.022067704518668917
0.53232542185827048 4.9399873142104207 0.022067704518666586
0.53668874498825636 4.9400836027359727 0.022067704518664282
0.54105206811824214 4.9401798912615247 0.022067704518675811
0.54541539124822802 4.9402761797870767 0.022067704518632013
0.5497787143782138 4.9403724683126287 0.02206770451879567
0.55414203750819968 4.9404687568381815 0.022067704518795507
0.55850536063818546 4.9405650453637335 0.022067704518632495
0.56286868376817123 4.9406613338892855 0.022067704518675724
0.56723200689815712 4.9407576224148375 0.022067704518664143
0.57159533002814289 4.9408539109403895 0.022067704518667245
0.57595865315812877 4.9409501994659415 0.022067704518666423
0.58032197628811455 4.9410464879914935 0.022067704518666593
0.58468529941810043 4.9411427765170455 0.022067704518666749
0.58904862254808621 4.9412390650425975 0.022067704518665951
0.59341194567807209 4.9413353535681495 0.022067704518668987
0.59777526880805787 4.9414316420937014 0.022067704518657631
0.60213859193804364 4.9415279306192534 0.022067704518701697
0.60650191506802953 4.9416242191448054 0.022067704518535139
0.6108652381980153 4.9417205076703565 0.022067704518546616
0.61522856132800119 4.9418167961959085 0.022067704518667255
0.61959188445798696 4.9419130847214605 0.022067704518783891
0.62395520758797285 4.9420093732470134 0.022067704518807376
0.62831853071795862 4.9421056617725654 0.022067704518596801
0.63268185384794451 4.9422019502981174 0.022067704518804951
0.63704517697793028 4.9422982388236703 0.022067704518793592
0.64140850010791606 4.9423945273492222 0.022067704518632561
0.64577182323790194 4.9424908158747742 0.022067704518675704
0.65013514636788772 4.9425871044003262 0.022067704518664161
0.6544984694978736 4.9426833929258782 0.022067704518667196
0.65886179262785938 4.9427796814514302 0.0220677045186666
0.66322511575784526 4.9428759699769822 0.022067704518665947
0.66758843888783104 4.9429722585025342 0.022067704518669143
0.67195176201781692 4.9430685470280862 0.022067704518657014
0.6763150851478027 4.9431648355536382 0.022067704518702321
0.68067840827778847 4.9432611240791902 0.02206770451853492
0.68504173140777436 4.9433574126047413 0.022067704518546883
0.68940505453776013 4.9434537011302933 0.022067704518666416
0.69376837766774602 4.9435499896558452 0.022067704518786993
0.69813170079773179 4.9436462781813981 0.022067704518795819
0.70249502392771768 4.9437425667069501 0.022067704518639941
0.70685834705770345 4.9438388552325021 0.022067704518643962
0.71122167018768934 4.9439351437580541 0.022067704518783759
0.71558499331767511 4.944031432283607 0.022067704518831201
0.71994831644766089 4.944127720809159 0.022067704518503321
0.72431163957764677 4.9442240093347101 0.022067704518544406
0.72867496270763255 4.9443202978602621 0.022067704518707924
0.73303828583761843 4.944416586385814 0.022067704518623429
0.73740160896760421 4.944512874911366 0.022067704518797897
0.74176493209759009 4.9446091634369189 0.022067704518795188
0.74612825522757587 4.9447054519624709 0.022067704518631548
0.75049157835756175 4.9448017404880229 0.02206770451867816
0.75485490148754752 4.9448980290135749 0.022067704518655334
0.7592182246175333 4.9449943175391269 0.022067704518701704
0.76358154774751918 4.9450906060646789 0.022067704518537384
0.76794487087750496 4.94518689459023 0.02206770451853763
0.77230819400749084 4.945283183115782 0.022067704518700978
0.77667151713747662 4.945379471641334 0.022067704518657992
0.7810348402674625 4.9454757601668859 0.022067704518666579
0.78539816339744828 4.9455720486924379 0.022067704518675214
0.78976148652743416 4.9456683372179899 0.022067704518632106
0.79412480965741994 4.9457646257435419 0.022067704518795896
0.79848813278740571 4.9458609142690948 0.022067704518796191
0.8028514559173916 4.9459572027946468 0.022067704518629556
0.80721477904737737 4.9460534913201988 0.022067704518685113
0.81157810217736326 4.9461497798457508 0.022067704518629529
0.81594142530734903 4.9462460683713028 0.022067704518796315
0.82030474843733492 4.9463423568968556 0.022067704518795413
0.82466807156732069 4.9464386454224076 0.022067704518632238
0.82903139469730658 4.9465349339479596 0.022067704518675166
0.83339471782729235 4.9466312224735116 0.022067704518666627
0.83775804095727824 4.9467275109990636 0.022067704518657857
0.84212136408726401 4.9468237995246156 0.022067704518701475
0.84648468721724979 4.9469200880501676 0.022067704518537463
0.85084801034723567 4.9470163765757187 0.022067704518537554
0.85521133347722145 4.9471126651012707 0.022067704518701197
0.85957465660720733 4.9472089536268227 0.022067704518657194
0.86393797973719311 4.9473052421523747 0.022067704518669559
0.86830130286717899 4.9474015306779267 0.022067704518664095
0.87266462599716477 4.9474978192034786 0.022067704518673584
0.87702794912715065 4.9475941077290306 0.02206770451864111
0.88139127225713643 4.9476903962545826 0.02206770451876151
0.8857545953871222 4.9477866847801355 0.022067704518924734
0.89011791851710809 4.9478829733056884 0.022067704518760431
0.89448124164709386 4.9479792618312404 0.02206770451864375
0.89884456477707975 4.9480755503567924 0.022067704518664105
0.90320788790706552 4.9481718388823444 0.022067704518699351
0.90757121103705141 4.9482681274078963 0.022067704518538015
0.91193453416703718 4.9483644159334474 0.02206770451853745
0.91629785729702307 4.9484607044589994 0.022067704518701058
0.92066118042700884 4.9485569929845514 0.022067704518657846
0.92502450355699462 4.9486532815101034 0.022067704518668768
0.9293878266869805 4.9487495700356554 0.022067704518666624
0.93375114981696627 4.9488458585612074 0.022067704518664279
0.93811447294695216 4.9489421470867594 0.022067704518675808
0.94247779607693793 4.9490384356123114 0.022067704518632027
0.94684111920692382 4.9491347241378634 0.022067704518795625
0.95120444233690959 4.9492310126634163 0.022067704518795677
0.95556776546689548 4.9493273011889682 0.022067704518631878
0.95993108859688125 4.9494235897145202 0.022067704518676342
0.96429441172686703 4.9495198782400722 0.022067704518663977
0.96865773485685291 4.9496161667656242 0.02206770451866729
0.97302105798683869 4.9497124552911762 0.022067704518666412
0.97738438111682457 4.9498087438167282 0.022067704518666596
0.98174770424681035 4.9499050323422802 0.022067704518666745
0.98611102737679623 4.9500013208678322 0.022067704518665968
0.99047435050678201 4.9500976093933842 0.022067704518668917
0.99483767363676789 4.9501938979189362 0.022067704518657905
0.99920099676675367 4.9502901864444881 0.022067704518699001
1.0035643198967394 4.9503864749700401 0.022067704518547299
1.0079276430267252 4.9504827634955912 0.022067704518502356
1.0122909661567112 4.9505790520211432 0.022067704518830462
1.016654289286697 4.9506753405466961 0.022067704518784315
1.0210176124166828 4.9507716290722481 0.022067704518644177
1.0253809355466685 4.9508679175978001 0.022067704518640194
1.0297442586766545 4.9509642061233521 0.022067704518792898
1.0341075818066403 4.951060494648905 0.022067704518796739
1.0384709049366261 4.951156783174457 0.02206770451863202
1.0428342280666119 4.9512530717000089 0.022067704518676387
1.0471975511965976 4.9513493602255609 0.022067704518663651
1.0515608743265836 4.9514456487511129 0.022067704518666856
1.0559241974565694 4.9515419372766649 0.022067704518666784
1.0602875205865552 4.9516382258022169 0.022067704518667235
1.064650843716541 4.9517345143277689 0.022067704518665496
1.0690141668465269 4.9518308028533209 0.02206770451866864
1.0733774899765127 4.9519270913788729 0.022067704518657812
1.0777408131064985 4.9520233799044249 0.022067704518701336
1.0821041362364843 4.9521196684299769 0.022067704518538074
1.08646745936647 4.952215956955528 0.022067704518536936
1.090830782496456 4.95231224548108 0.022067704518701367
1.0951941056264418 4.9524085340066319 0.022067704518655442
1.0995574287564276 4.9525048225321839 0.022067704518678077
1.1039207518864134 4.9526011110577359 0.02206770451863346
1.1082840750163994 4.9526973995832879 0.022067704518785935
1.1126473981463851 4.9527936881088408 0.022067704518831319
1.1170107212763709 4.9528899766343928 0.02206770451850067
1.1213740444063567 4.9529862651599439 0.022067704518556556
1.1257373675363425 4.9530825536854959 0.022067704518663668
1.1301006906663285 4.9531788422110479 0.022067704518786622
1.1344640137963142 4.9532751307366008 0.022067704518798362
1.1388273369263 4.9533714192621527 0.022067704518631808
1.1431906600562858 4.9534677077877047 0.022067704518675617
1.1475539831862718 4.9535639963132567 0.022067704518663578
1.1519173063162575 4.9536602848388087 0.022067704518667935
1.1562806294462433 4.9537565733643607 0.022067704518665906
1.1606439525762291 4.9538528618899127 0.022067704518669656
1.1650072757062149 4.9539491504154647 0.022067704518656694
1.1693705988362009 4.9540454389410167 0.022067704518701419
1.1737339219661866 4.9541417274665687 0.022067704518535479
1.1780972450961724 4.9542380159921198 0.022067704518547213
1.1824605682261582 4.9543343045176718 0.022067704518666222
1.1868238913561442 4.9544305930432238 0.022067704518785758
1.19118721448613 4.9545268815687766 0.022067704518799271
1.1955505376161157 4.9546231700943286 0.02206770451862904
1.1999138607461015 4.9547194586198806 0.022067704518685789
1.2042771838760873 4.9548157471454326 0.02206770451862904
1.2086405070060733 4.9549120356709846 0.022067704518795903
1.2130038301360591 4.9550083241965375 0.022067704518795875
1.2173671532660448 4.9551046127220895 0.022067704518632478
1.2217304763960306 4.9552009012476415 0.022067704518675429
1.2260937995260166 4.9552971897731934 0.022067704518663668
1.2304571226560024 4.9553934782987454 0.022067704518667745
1.2348204457859882 4.9554897668242974 0.022067704518666572
1.2391837689159739 4.9555860553498494 0.022067704518667179
1.2435470920459597 4.9556823438754014 0.022067704518665944
1.2479104151759457 4.9557786324009534 0.022067704518666891
1.2522737383059315 4.9558749209265054 0.022067704518664348
1.2566370614359172 4.9559712094520574 0.022067704518676939
1.261000384565903 4.9560674979776094 0.022067704518629112
1.265363707695889 4.9561637865031614 0.022067704518804465
1.2697270308258748 4.9562600750287142 0.022067704518761545
1.2740903539558606 4.9563563635542662 0.022067704518761232
1.2784536770858463 4.9564526520798191 0.022067704518805402
1.2828170002158321 4.9565489406053711 0.022067704518629053
1.2871803233458181 4.9566452291309231 0.022067704518676238
1.2915436464758039 4.9567415176564751 0.022067704518663859
1.2959069696057897 4.9568378061820271 0.022067704518669535
1.3002702927357754 4.9569340947075791 0.022067704518659199
1.3046336158657614 4.9570303832331311 0.022067704518691521
1.3089969389957472 4.957126671758683 0.022067704518572574
1.313360262125733 4.9572229602842341 0.022067704518408723
1.3177235852557188 4.9573192488097853 0.022067704518572429
1.3220869083857045 4.9574155373353372 0.022067704518692131
1.3264502315156905 4.9575118258608892 0.02206770451865691
1.3308135546456763 4.9576081143864412 0.022067704518678091
1.3351768777756621 4.9577044029119932 0.022067704518631943
1.3395402009056478 4.9578006914375452 0.022067704518795351
1.3439035240356338 4.9578969799630981 0.022067704518795171
1.3482668471656196 4.9579932684886501 0.022067704518632502
1.3526301702956054 4.9580895570142021 0.022067704518676026
1.3569934934255912 4.9581858455397541 0.022067704518664594
1.3613568165555769 4.958282134065306 0.022067704518666818
1.3657201396855629 4.958378422590858 0.022067704518665993
1.3700834628155487 4.95847471111641 0.022067704518667058
1.3744467859455345 4.958570999641962 0.022067704518666981
1.3788101090755203 4.958667288167514 0.022067704518666225
1.3831734322055063 4.958763576693066 0.022067704518665972
1.387536755335492 4.958859865218618 0.022067704518667741
1.3919000784654778 4.95895615374417 0.022067704518664268
1.3962634015954636 4.959052442269722 0.022067704518676394
1.4006267247254494 4.959148730795274 0.022067704518631392
1.4049900478554354 4.959245019320826 0.022067704518795889
1.4093533709854211 4.9593413078463788 0.022067704518793575
1.4137166941154069 4.9594375963719308 0.022067704518641696
1.4180800172453927 4.9595338848974828 0.02206770451864086
1.4224433403753787 4.9596301734230348 0.022067704518792714
1.4268066635053644 4.9597264619485877 0.022067704518796791
1.4311699866353502 4.9598227504741397 0.022067704518632009
1.435533309765336 4.9599190389996917 0.022067704518676391
1.4398966328953218 4.9600153275252437 0.022067704518663654
1.4442599560253078 4.9601116160507956 0.022067704518666843
1.4486232791552935 4.9602079045763476 0.022067704518666829
1.4529866022852793 4.9603041931018996 0.022067704518667054
1.4573499254152651 4.9604004816274516 0.022067704518666159
1.4617132485452511 4.9604967701530036 0.022067704518666156
1.4660765716752369 4.9605930586785556 0.022067704518667075
1.4704398948052226 4.9606893472041076 0.022067704518666756
1.4748032179352084 4.9607856357296596 0.022067704518667124
1.4791665410651942 4.9608819242552116 0.022067704518665986
1.4835298641951802 4.9609782127807636 0.022067704518666794
1.487893187325166 4.9610745013063156 0.022067704518664692
1.4922565104551517 4.9611707898318675 0.022067704518675658
1.4966198335851375 4.9612670783574195 0.0220677045186339
1.5009831567151235 4.9613633668829715 0.022067704518786601
1.5053464798451093 4.9614596554085244 0.02206770451882822
1.509709802975095 4.9615559439340764 0.022067704518512404
1.5140731261050808 4.9616522324596275 0.022067704518512716
1.5184364492350666 4.9617485209851795 0.022067704518827294
1.5227997723650526 4.9618448095107324 0.022067704518786622
1.5271630954950384 4.9619410980362844 0.022067704518634733
1.5315264186250241 4.9620373865618363 0.022067704518675658
1.5358897417550099 4.9621336750873883 0.022067704518663855
1.5402530648849959 4.9622299636129403 0.02206770451866678
1.5446163880149817 4.9623262521384923 0.022067704518666895
1.5489797111449675 4.9624225406640443 0.022067704518666856
1.5533430342749532 4.9625188291895963 0.022067704518666898
1.557706357404939 4.9626151177151483 0.022067704518666773
1.562069680534925 4.9627114062407003 0.022067704518663869
1.5664330036649108 4.9628076947662523 0.022067704518675606
1.5707963267948966 4.9629039832918043 0.022067704518634917
1.5751596499248823 4.9630002718173563 0.022067704518785942
1.5795229730548683 4.9630965603429091 0.02206770451882983
1.5838862961848541 4.9631928488684611 0.022067704518503258
1.5882496193148399 4.9632891373940122 0.022067704518547684
1.5926129424448257 4.9633854259195642 0.022067704518696548
1.5969762655748114 4.9634817144451162 0.022067704518667353
1.6013395887047974 4.9635780029706682 0.022067704518631898
1.6057029118347832 4.9636742914962202 0.022067704518802907
1.610066234964769 4.9637705800217731 0.022067704518768352
1.6144295580947547 4.9638668685473251 0.022067704518735565
1.6187928812247407 4.9639631570728779 0.022067704518897911
1.6231562043547265 4.9640594455984308 0.022067704518891982
1.6275195274847123 4.9641557341239837 0.022067704518756708
1.6318828506146981 4.9642520226495357 0.022067704518693065
1.6362461737446838 4.9643483111750877 0.022067704518472259
1.6406094968746698 4.9644445997006379 0.022067704518194418
1.6449728200046556 4.9645408882261881 0.022067704518305253
1.6493361431346414 4.9646371767517383 0.022067704518143112
1.6536994662646272 4.9647334652772876 0.022067704518070178
1.6580627893946132 4.9648297538028379 0.022067704518520706
1.6624261125245989 4.9649260423283907 0.022067704519234194
1.6667894356545847 4.9650223308539472 0.022067704520207728
1.6711527587845705 4.965118619379508 0.022067704521096097
1.6755160819145565 4.9652149079050716 0.02206770452145107
1.6798794050445423 4.9653111964306351 0.022067704520974802
1.684242728174528 4.9654074849561942 0.022067704519474925
1.6886060513045138 4.9655037734817444 0.022067704516790698
1.6929693744344996 4.9656000620072804 0.022067704513150169
1.6973326975644856 4.9656963505328005 0.022067704509630488
1.7016960206944713 4.9657926390583089 0.022067704508419078
1.7060593438244571 4.9658889275838201 0.022067704510681095
1.7104226669544429 4.9659852161093481 0.022067704516279093
1.7147859900844289 4.9660815046349089 0.022067704525819052
1.7191493132144147 4.9661777931605195 0.022067704538853209
1.7235126363444004 4.9662740816861888 0.022067704551681295
1.7278759594743862 4.9663703702119006 0.022067704556950778
1.732239282604372 4.9664666587376081 0.02206770454930344
1.736602605734358 4.9665629472632524 0.022067704528209265
1.7409659288643438 4.9666592357887751 0.022067704493214674
1.7453292519943295 4.9667555243141148 0.02206770444483196
1.7496925751243153 4.9668518128392352 0.022067704396725486
1.7540558982543013 4.9669481013641947 0.022067704376165474
1.7584192213842871 4.967044389889165 0.022067704403309359
1.7627825445142729 4.9671406784143652 0.022067704480787816
1.7671458676442586 4.9672369669400132 0.022067704609668639
1.7715091907742444 4.967333255466337 0.022067704789160009
1.7758725139042304 4.9674295439934806 0.022067704970672727
1.7802358370342162 4.9675258325212388 0.022067705051356881
1.7845991601642019 4.9676221210489748 0.022067704954425459
1.7889624832941877 4.9677184095758724 0.022067704669731163
1.7933258064241737 4.9678146981011189 0.022067704193738213
1.7976891295541595 4.9679109866238642 0.02206770352753842
1.8020524526841453 4.9680072751435507 0.022067702845561619
1.806415775814131 4.9681035636609012 0.022067702530480304
1.8107790989441168 4.9681998521782633 0.022067702874668145
1.8151424220741028 4.968296140698679 0.022067703920404812
1.8195057452040886 4.9683924292251813 0.02206770567763925
1.8238690683340744 4.9684887177609358 0.022067708149178623
1.8282323914640601 4.9685850063080963 0.0220677107092788
1.8325957145940461 4.9686812948641252 0.022067711937019525
1.8369590377240319 4.9687775834203807 0.022067710719181403
1.8413223608540177 4.9688738719655268 0.022067706880299916
1.8456856839840035 4.9689701604882428 0.022067700393675643
1.8500490071139892 4.969066448976732 0.022067691224638277
1.8544123302439752 4.969162737422697 0.0220676816172738
1.858775653373961 4.9692590258350151 0.022067676844399475
1.8631389765039468 4.9693553142454903 0.022067681142252646
1.8675022996339325 4.9694516026963598 0.022067695229693665
1.8718656227639185 4.9695478912298681 0.022067719173428483
1.8762289458939043 4.9696441798899915 0.022067753183464659
1.8805922690238901 4.9697404687085998 0.022067789219870633
1.8849555921538759 4.96983675765477 0.022067807735463171
1.8893189152838616 4.9699330466115228 0.022067792617922282
1.8936822384138476 4.9700293354215033 0.022067740935331658
1.8980455615438334 4.9701256239270588 0.02206765256282165
1.9024088846738192 4.9702219119642939 0.022067526434839006
1.906772207803805 4.9703181994110102 0.022067391315044996
1.911135530933791 4.9704144863744455 0.022067319631899226
1.9154988540637767 4.970510773284663 0.022067372614841683
1.9198621771937625 4.9706070607277688 0.022067562163381019
1.9242255003237483 4.9707033492921457 0.022067888302560644
1.9285888234537341 4.9707996395885434 0.022068355976254343
1.9329521465837201 4.970895932084674 0.022068862416937639
1.9373154697137058 4.9709922264105151 0.022069139421749373
1.9416787928436916 4.9710885209858127 0.022068954491792293
1.9460421159736774 4.9711848136278993 0.022068259542511029
1.9504054391036634 4.9712811021407495 0.022067056037772675
1.9547687622336491 4.9713773842486182 0.022065322211264518
1.9591320853636349 4.9714736581643013 0.022063424749274387
1.9634954084936207 4.9715699251572714 0.0220623561849271
1.9678587316236065 4.9716661910309705 0.022062998643423311
1.9722220547535925 4.9717624639119542 0.022065545673752476
1.9765853778835782 4.9718587519968489 0.022069986387094693
1.980948701013564 4.9719550637649093 0.022076413287849449
1.9853120241435498 4.9720514060347032 0.022083519763961706
1.9896753472735358 4.9721477744796818 0.022087635137306511
1.9940386704035216 4.9722441477989268 0.022085415197804079
1.9984019935335073 4.9723404957421034 0.022076083581724942
2.0027653166634933 4.9724367877139217 0.022059699614938231
2.0071286397934789 4.9725329921226633 0.022035880090081124
2.0114919629234649 4.9726290829922268 0.022009274430855534
2.0158552860534504 4.9727250749541465 0.02199344891741651
2.0202186091834364 4.9728210461451505 0.022001071714102725
2.0245819323134224 4.9729171091435083 0.022035247097903485
2.028945255443408 4.9730133781568657 0.022095690332785946
2.033308578573394 4.9731099708861839 0.022183958189176033
2.0376719017033795 4.9732069861527055 0.022283529409783773
2.0420352248333655 4.9733043749301471 0.02234429904409747
2.0463985479633515 4.9734018507705802 0.022318316581589788
2.0507618710933371 4.973498994807505 0.022193205613091859
2.0551251942233231 4.9735953807001305 0.021970239038435636
2.0594885173533091 4.9736905699303566 0.021643190222335369
2.0638518404832946 4.9737841870480697 0.021270682658535562
2.0682151636132806 4.9738763945001194 0.021037642070432773
2.0725784867432662 4.9739682417280546 0.021125425412955652
2.0769418098732522 4.9740612868096798 0.021583244304610026
2.0813051330032382 4.9741571213656242 0.022405670192933918
2.0856684561332237 4.9742573792211093 0.023617285757083155
2.0900317792632097 4.9743634850183396 0.025010382924701837
2.0943951023931953 4.9744749079104613 0.025902892418685999
2.0987584255231813 4.9745878056587829 0.025609558861435237
2.1031217486531673 4.9746963842166485 0.023934763415641349
2.1074850717831528 4.9747947010300599 0.02090216637560605
2.1118483949131388 4.9748766699703131 0.016411924577722645
2.1162117180431244 4.9749368868323485 0.011209891847275609
2.1205750411731104 4.9749770727709626 0.0077803887752867151
2.1249383643030963 4.9750112281332948 0.0087818665043951725
2.1293016874330819 4.9750610857663409 0.014855225920279522
2.1336650105630679 4.9751481953635217 0.025968960497687706
2.1380283336930539 4.9752973205367761 0.043691995931121275
2.1423916568230394 4.9755222255201152 0.056427248378960085
2.1467549799530254 4.9757246616451312 0.024417113607303934
2.151118303083011 4.975609388487868 -0.094166860623348267
2.155481626212997 4.974757194383832 -0.31293116178814345
2.159844949342983 4.9727346162052095 -0.63065631851428405
2.1642082724729685 4.9691044095509183 -1.0510121252131117
2.1685715956029545 4.963451142556873 -1.5481414918804113
2.1729349187329401 4.9556192330126869 -2.028146326819372
2.1772982418629261 4.9459236393991493 -2.3902966769196992
2.1816615649929121 4.934981528932969 -2.6001070767943295
2.1860248881228976 4.9234506805420839 -2.6605433640750302
2.1903882112528836 4.9119880148812749 -2.5668952029476659
2.1947515343828692 4.9012294266187784 -2.350084607661604
2.1991148575128552 4.8914805731172635 -2.1326447066642213
2.2034781806428412 4.8824236676603867 -2.049223991955166
2.2078415037728267 4.8733345978320033 -2.1467129134445622
2.2122048269028127 4.8634326681100193 -2.4211738299174663
2.2165681500327987 4.8519412208857382 -2.877594269526544
2.2209314731627843 4.8381005329613851 -3.4855422528376354
2.2252947962927703 4.821491132903704 -4.1161750451940859
2.2296581194227558 4.8023583971072625 -4.6242399890797055
2.2340214425527418 4.7813907648566074 -4.9578471507261028
2.2383847656827278 4.7593415725520067 -5.120561348865289
2.2427480888127134 4.736959305183877 -5.1087288560511626
2.2471114119426994 4.7149763877521753 -4.9477773831099343
2.2514747350726849 4.6938483106198037 -4.7410980811034102
2.2558380582026709 4.6734960532009744 -4.6076075233707749
2.2602013813326569 4.6534656841026658 -4.5935206064333798
2.2645647044626425 4.6332384967511091 -4.6973669879393833
2.2689280275926285 4.6122975034819733 -4.9221674393847277
2.2732913507226145 4.5901460928551119 -5.2421177222854896
2.2776546738526 4.5665523454741237 -5.5614155155801051
2.282017996982586 4.5417775600221173 -5.7679737262408892
2.2863813201125716 4.5164511017317288 -5.8137673570021828
2.2907446432425576 4.4912766861360369 -5.6988000704888409
2.2951079663725436 4.4669638046782438 -5.4159914891397145
2.2994712895025291 4.4441886314001628 -5.0125955951117085
2.3038346126325151 4.4231255553209765 -4.674586163376012
2.3081979357625007 4.402975955310807 -4.6248085797022735
2.3125612588924866 4.382204980957658 -4.9610939930478279
2.3169245820224726 4.359120100473028 -5.6838801178227758
2.3212879051524582 4.3320296235991336 -6.801420082111175
2.3256512282824442 4.2992791015743341 -8.254079698638721
2.3300145514124297 4.259873791893944 -9.7929566108982247
2.3343778745424157 4.2141362321440665 -11.114018745621998
2.3387411976724017 4.163404378997539 -12.0784509394382
2.3431045208023873 4.1092541967373153 -12.68375320320834
2.3474678439323733 4.0532391810138826 -12.930546971968891
2.3518311670623593 3.996898014587714 -12.844479381416301
2.3561944901923448 3.9414643881494813 -12.542222147316933
2.3605578133223308 3.8875503022805624 -12.168581004643061
2.3649211364523164 3.8352766461784276 -11.792767245698446
2.3692844595823024 3.784639366791946 -11.416697243453696
2.3736477827122884 3.7356494493837706 -11.039058593121569
2.3780111058422739 3.6883160040135294 -10.654134252590262
2.3823744289722599 3.6427491367420672 -10.217954354303615
2.3867377521022455 3.5993067599982487 -9.6722965669039009
2.3911010752322315 3.5585379102887948 -8.9922337387968554
2.3954643983622175 3.5210286914687714 -8.1788039400050785
2.399827721492203 3.487361578456952 -7.2297914834301782
2.404191044622189 3.4581210567543095 -6.1541337457469227
2.4085543677521746 3.4337570184598025 -5.0094541394919903
2.4129176908821606 3.4143925720293491 -3.873541127195915
2.4172810140121466 3.399889696740412 -2.7818365269173313
2.4216443371421321 3.3900511631645722 -1.7350327093832474
2.4260076602721181 3.3846881819780315 -0.72982429263264703
2.4303709834021041 3.38361431844231 0.22868144831378634
2.4347343065320897 3.3865653009191821 1.1057104150416572
2.4390976296620757 3.3930734580808171 1.8521022408558017
2.4434609527920612 3.4025053193292325 2.4454299846160734
2.4478242759220472 3.4141915304802408 2.8858948599442806
2.4521875990520332 3.427467948426997 3.1740300898345235
2.4565509221820188 3.4416688739040997 3.3100145057418109
2.4609142453120048 3.4561412114736307 3.300195376484909
2.4652775684419903 3.4702699179624559 3.1538333588571006
2.4696408915719763 3.483470937321127 2.8750065438205423
2.4740042147019623 3.4951667703198783 2.4639552247477385
2.4783675378319479 3.5047783567296436 1.9190750102661933
2.4827308609619338 3.5117242369785324 1.2438202418212259
2.4870941840919194 3.5154832988766915 0.46582008193959568
2.4914575072219054 3.515699184459284 -0.37412799638073352
2.4958208303518914 3.512157887732632 -1.2556923808211213
2.5001841534818769 3.504681673008466 -2.1781853627621666
2.5045474766118629 3.4930872825427945 -3.1435484497858401
2.5089107997418489 3.4771915541848069 -4.1484342809994272
2.5132741228718345 3.4568532608045581 -5.1753926708516458
2.5176374460018205 3.4320323435002811 -6.199181175979172
2.522000769131806 3.4027804336430578 -7.2056200175642653
2.526364092261792 3.3691788190280318 -8.1932389111494466
2.530727415391778 3.3313057665405643 -9.1637855427411168
2.5350907385217636 3.289238248055776 -10.114706860802244
2.5394540616517496 3.2430899142154317 -11.030139306603566
2.5438173847817351 3.1930684114758217 -11.886244942715132
2.5481807079117211 3.1394685782625769 -12.669663533806151
2.5525440310417071 3.0826126563370306 -13.378884030655419
2.5569073541716927 3.0228212148171631 -14.015619744582853
2.5612706773016787 2.9604108358339154 -14.578419754739047
2.5656340004316642 2.8957366958868365 -15.047580150359668
2.5699973235616502 2.8292797020631948 -15.390385977755756
2.5743606466916362 2.7616390781353393 -15.589606417646189
2.5787239698216218 2.6934440698012256 -15.644889584883565
2.5830872929516078 2.6253204165340245 -15.556642986349573
2.5874506160815938 2.5578949200101455 -15.325268865100403
2.5918139392115793 2.4917815333821283 -14.956854419181525
2.5961772623415653 2.4275570849981043 -14.461007742923575
2.6005405854715509 2.3657626897417927 -13.843289165648182
2.6049039086015369 2.3069273646437534 -13.104721916256809
2.6092672317315229 2.2515810154418343 -12.243359590821424
2.6136305548615084 2.2002589323764408 -11.261651434787325
2.6179938779914944 2.1534327817919974 -10.191789327624784
2.62235720112148 2.1113668639227243 -9.0888755097455043
2.626720524251466 2.0741189274420964 -7.9848979673698999
2.631083847381452 2.041683101181905 -6.8825586884521091
2.6354471705114375 2.0140594807080268 -5.7787010918574753
2.6398104936414235 1.991252134550868 -4.6764154808006717
2.6441738167714091 1.9732071808421485 -3.6036093735521177
2.6485371399013951 1.9596924192165641 -2.6080089204703518
2.6529004630313811 1.9502928329833371 -1.7191000158201952
2.6572637861613666 1.9445303731844463 -0.94024597332992566
2.6616271092913526 1.9419306520156023 -0.26932821457021783
2.6659904324213386 1.9420211915129346 0.29237259390044024
2.6703537555513241 1.9443116032615322 0.73685933038692364
2.6747170786813101 1.9482613377872713 1.0505986253171444
2.6790804018112957 1.9532766610896175 1.2246658880247285
2.6834437249412817 1.9587438458867394 1.2579794963187279
2.6878070480712677 1.9640494597605216 1.1502468953434262
2.6921703712012532 1.9685778927217987 0.90242547250218907
2.6965336943312392 1.971744024663409 0.53044434414723074
2.7008970174612248 1.9730686877767261 0.063440390575518993
2.7052603405912108 1.9721867780689033 -0.47979108845080987
2.7096236637211968 1.9687747115895926 -1.0965965910012532
2.7139869868511823 1.9625068612976884 -1.7892430718866112
2.7183503099811683 1.9530527887350739 -2.5560290261825789
2.7227136331111539 1.9401279824397784 -3.3732245288969085
2.7270769562411399 1.9236070366235258 -4.1964807051915027
2.7314402793711259 1.9035411135342415 -4.9961307369643349
2.7358036025011114 1.8800480427502817 -5.7679544522288548
2.7401669256310974 1.8532434340088282 -6.514188527413558
2.7445302487610834 1.8232397736521653 -7.2337801673016893
2.748893571891069 1.790171292378254 -7.9159010467796582
2.753256895021055 1.7542446621130197 -8.5401600243089888
2.7576202181510405 1.7157491502225539 -9.092354630116219
2.7619835412810265 1.6750070397210184 -9.5701975557824017
2.7663468644110125 1.6323404739086078 -9.9744366774948006
2.7707101875409981 1.5880704307589326 -10.305265078719826
2.7750735106709841 1.5425177319021479 -10.562071262777783
2.7794368338009696 1.4960101176393368 -10.742458699038007
2.7838001569309556 1.4488851864438614 -10.845090098990575
2.7881634800609416 1.4014812807566539 -10.870421652896992
2.7925268031909272 1.3541357575130786 -10.818131957525374
2.7968901263209132 1.3071877574979385 -10.68850153471897
2.8012534494508987 1.2609637563565717 -10.488211124269899
2.8056167725808847 1.2157445509978086 -10.230371539410536
2.8099800957108707 1.1717566760867968 -9.9245731437998064
2.8143434188408563 1.1292031486406919 -9.5728211838664663
2.8187067419708423 1.088286194486946 -9.1742178358852247
2.8230700651008283 1.0492117863938659 -8.72831692353334
2.8274333882308138 1.0121675186054522 -8.2478609115880648
2.8317967113607998 0.97724182349167998 -7.7631409422153856
2.8361600344907854 0.94439607161964167 -7.2957899249293829
2.8405233576207713 0.91354518748287994 -6.848280307890878
2.8448866807507573 0.88460652299183329 -6.4193543878929509
2.8492500038807429 0.85749879696218978 -6.0089617458685156
2.8536133270107289 0.83213189024003797 -5.6236984867554707
2.8579766501407144 0.8083616635086911 -5.2804486781886464
2.8623399732707004 0.78597220114733601 -4.9915712242649573
2.8667032964006864 0.76472094774012767 -4.7584123663747988
2.871066619530672 0.74436704537808074 -4.5803772889884726
2.875429942660658 0.72466889907823939 -4.4578386678171906
2.8797932657906435 0.70538768583101041 -4.3885015217842716
2.8841565889206295 0.68630320050456883 -4.3664665211548925
2.8885199120506155 0.66722072007535704 -4.387305049026466
2.8928832351806011 0.64795527934030017 -4.4504017124955517
2.8972465583105871 0.62832158914753877 -4.5561604476811741
2.9016098814405731 0.60813296583038934 -4.7047624315549532
2.9059732045705586 0.5872114688190051 -4.8900265072987539
2.9103365277005446 0.56542886466580822 -5.0963087148127499
2.9146998508305302 0.54272511020565051 -5.3113057668587373
2.9190631739605162 0.51906951969729209 -5.5328059099968874
2.9234264970905022 0.49443166195387778 -5.761599748672654
2.9277898202204877 0.46877867176153809 -5.9982351135478806
2.9321531433504737 0.44208899142325792 -6.2336291153158703
2.9365164664804593 0.41441834298605096 -6.442657366536805
2.9408797896104453 0.38593392219305472 -6.6051230004044541
2.9452431127404313 0.35685013652839659 -6.7178338017802117
2.9496064358704168 0.32738073403718687 -6.7817484928747058
2.9539697590004028 0.2977387303662089 -6.7971813568449528
2.9583330821303884 0.26813913552034496 -6.7610488792281647
2.9626964052603744 0.23882864668900536 -6.6622131118382715
2.9670597283903604 0.21010467071542555 -6.4916574688859567
2.9714230515203459 0.18228359133807157 -6.2486732999239631
2.9757863746503319 0.15567961654966156 -5.9335601730487859
2.9801496977803179 0.13060956328864598 -5.5455306199521246
2.9845130209103035 0.10737920762526784 -5.0932323086283224
2.9888763440402895 0.086221464763034966 -4.6005486190756262
2.993239667170275 0.067260822826895911 -4.0879427730115259
2.997602990300261 0.050570090049231353 -3.5597599481631037
3.001966313430247 0.036220219300395401 -3.0149643416237599
3.0063296365602326 0.024284888289979635 -2.4527561788015917
3.0106929596902186 0.014828651844914317 -1.8817693315918156
3.0150562828202041 0.0078365292641204235 -1.3292251200029215
3.0194196059501901 0.003167507620732648 -0.81894236846429391
3.0237829290801761 0.0006219760482812902 -0.35536681022112243
3.0281462522101616 0 0.062591790426779079
3.0325095753401476 0.0011012096449960138 0.43449639842546806
3.0368728984701332 0.0037293737970078697 0.76355116141420321
3.0412362216001192 0.0077145525736337867 1.0582986153212917
3.0455995447301052 0.012926111096420143 1.3264651678627679
3.0499628678600907 0.019254686690075906 1.570252471872581
3.0543261909900767 0.026593152767677965 1.7892906189569211
3.0586895141200627 0.034831697979289561 1.9825491038942693
3.0630528372500483 0.043869740436751008 2.1590196593739268
3.0674161603800343 0.053690716260178253 2.3478780976699798
3.0717794835100198 0.064416163745275923 2.576148025958743
3.0761428066400058 0.076238163099252604 2.8500123105897601
3.0805061297699918 0.089352073581958305 3.1684714352093906
3.0848694528999774 0.10395203333237801 3.5307555285489101
3.0892327760299634 0.12023269637810219 3.9404587100494139
3.0935960991599489 0.13838993412077741 4.3851660768402212
3.0979594222899349 0.15862604263220259 4.9161974035222453
3.1023227454199209 0.18113599203862993 5.3400688232463303
3.1066860685499065 0.20440306805500386 5.1974915681678562
3.1110493916798925 0.225817606722306 4.5907802225355532
3.115412714809878 0.24437769810240365 3.9239186134443504
3.119776037939864 0.26008298883791453 3.2726866672164947
3.12413936106985 0.27293317992273963 2.6186378009025102
3.1285026841998356 0.28292802670776301 1.9598531622797644
3.1328660073298216 0.29006733890551123 1.3225294926064637
3.1372293304598076 0.29435098059376991 0.60387343418316264
3.1415926535897931 0.29577887021817606 0.18893643593090625
3.1459559767197791 0.29720675984258244 0.60387000022921666
3.1503192998497647 0.30149040153084067 1.322543228422379
3.1546826229797507 0.30862971372858872 1.9598016529698996
3.1590459461097367 0.3186245605136131 2.6188301023258922
3.1634092692397222 0.33147475159843692 3.2719689708329067
3.1677725923697082 0.34718004233394761 3.9265970975551734
3.1721359154996938 0.36574013371404512 4.580783982475622
3.1764992386296798 0.3871546723813471 5.2347980442965518
3.1808625617596658 0.411423250633904 5.8894213744640647
3.1852258848896513 0.43854540643296541 6.5411824646914241
3.1895892080196373 0.46852062341178613 7.2031105442641836
3.1939525311496229 0.50134833088543718 7.8264855047195336
3.1983158542796088 0.53619575069841341 8.0209374952706458
3.2026791774095948 0.57038367874841334 7.5549733513882584
3.2070425005395804 0.60175036889113676 6.831204499591558
3.2114058236695664 0.63002897531933089 6.1292937860824814
3.2157691467995524 0.65521677643872467 5.4124143345154341
3.2201324699295379 0.67724351220844081 4.6833732207848193
3.2244957930595239 0.69608935396212712 3.9560070612925284
3.2288591161895095 0.71178332855495807 3.2404269557941028
3.2332224393194955 0.72439198584768638 2.5417413893906708
3.2375857624494815 0.7339880851125905 1.8594735170559291
3.241949085579467 0.74064263177265166 1.1934856527293674
3.246312408709453 0.74442821035333873 0.54468523862132334
3.2506757318394386 0.74542350784152833 -0.085138353753999349
3.2550390549694246 0.74371563028185661 -0.69406579153787451
3.2594023780994106 0.73939860843269212 -1.2810141775004966
3.2637657012293961 0.73256870252371575 -1.8459404794046907
3.2681290243593821 0.72332158394516954 -2.3889717080429769
3.2724923474893677 0.71175342867748514 -2.9097007780003667
3.2768556706193537 0.69796371608731034 -3.4070108484249895
3.2812189937493397 0.68205750037392432 -3.8796721545043282
3.2855823168793252 0.66414388006506864 -4.3271069483455733
3.2899456400093112 0.64433310091245244 -4.7492865378087963
3.2943089631392972 0.62273478051704845 -5.1465465508818138
3.2986722862692828 0.59945948164748375 -5.517355202980168
3.3030356093992688 0.57463457209564606 -5.8552998721495415
3.3073989325292543 0.54842088679639234 -6.1529982353701964
3.3117622556592403 0.52100229868480541 -6.4075421319645169
3.3161255787892263 0.49256704383888128 -6.6191068893927669
3.3204889019192119 0.46330179690106282 -6.7879730464112438
3.3248522250491979 0.43339519195133724 -6.9125694745165278
3.3292155481791834 0.4030487537128048 -6.9886899856030293
3.3335788713091694 0.37248477451552947 -7.0115887524939922
3.3379421944391554 0.34194224322488154 -6.9786968251781838
3.342305517569141 0.31166534095157916 -6.889986213881599
3.346668840699127 0.2818969849053562 -6.7454368970750638
3.351032163829113 0.25288161163057521 -6.5449813274120032
3.3553954869590985 0.22485722699874541 -6.2922865032385058
3.3597588100890845 0.19804007844849983 -5.9921333799494008
3.3641221332190701 0.17263334157854557 -5.6456786691911685
3.3684854563490561 0.14884004533590164 -5.2526029343556875
3.372848779479042 0.12686407160264607 -4.8125416055513535
3.3772121026090276 0.10690827058880654 -4.3273952894606644
3.3815754257390136 0.089153423043418528 -3.8058092983444269
3.3859387488689991 0.07373391607418299 -3.2583735382661589
3.3903020719989851 0.060749264045751497 -2.6899577228096319
3.3946653951289711 0.050290392587642646 -2.1003750028296646
3.3990287182589567 0.042451362642233759 -1.4892525582885914
3.4033920413889427 0.03732195983059397 -0.85905233055333952
3.4077553645189282 0.03497877202792482 -0.21231297024565823
3.4121186876489142 0.035490397465465215 0.44901469029330404
3.4164820107789002 0.038913798120997795 1.1217788579555537
3.4208453339088858 0.045295472830663985 1.8053431126877026
3.4252086570388718 0.054684449158145576 2.4999496265198067
3.4295719801688578 0.067125641080930776 3.2041764628417906
3.4339353032988433 0.08266694921843265 3.9226943662616458
3.4382986264288293 0.10138957994733422 4.663195110581948
3.4426619495588149 0.12339466841745744 5.4268422229876823
3.4470252726888009 0.14877939451902819 6.2122723998551423
3.4513885958187869 0.17763989517700512 7.0203388022166386
3.4557519189487724 0.21007513614472145 7.8502199585979451
3.4601152420787584 0.24616148671121707 8.6907573685483062
3.464478565208744 0.28590845140231302 9.5258974961499323
3.46884188833873 0.32927403882150519 10.349634172620048
3.473205211468716 0.37620937644153796 11.161908503865099
3.4775685345987015 0.42666515449442899 11.963930493467741
3.4819318577286875 0.48059836536512457 12.754951437777509
3.4862951808586731 0.5379224252913124 13.511128437089551
3.4906585039886591 0.59840205840607441 14.19638788147817
3.4950218271186451 0.66168606558350418 14.796930988008617
3.4993851502486306 0.72740848588724816 15.314174063269789
3.5037484733786166 0.79520687119537325 15.748516423874468
3.5081117965086026 0.86471901135979645 16.099523348835806
3.5124751196385882 0.93557213405242279 16.361436004223698
3.5168384427685742 1.0073568504402692 16.525286772397877
3.5212017658985597 1.0796341444067281 16.587159083845865
3.5255650890285457 1.1519598685733226 16.547788618751806
3.5299284121585317 1.2238922966199881 16.40628582725034
3.5342917352885173 1.2949841010787844 16.163286760177062
3.5386550584185033 1.3648267792081756 15.839979614000146
3.5430183815484888 1.4331461130579468 15.46999688912652
3.5473817046784748 1.4997812701765676 15.06790593539785
3.5517450278084608 1.5645910156319693 14.633237241275888
3.5561083509384463 1.6274306890578358 14.164420609830303
3.5604716740684323 1.6881520557775638 13.663393670473063
3.5648349971984179 1.7466557304034538 13.155104884798067
3.5691983203284039 1.8029991749298795 12.679249390300964
3.5735616434583899 1.8573782833710595 12.255117337485236
3.5779249665883754 1.910020256343983 11.882556667208114
3.5822882897183614 1.9611467485934462 11.560597239197012
3.5866516128483474 2.010981394615496 11.290819789534192
3.591014935978333 2.0597574309107567 11.075834542913697
3.595378259108319 2.1077200884154101 10.918468482933411
3.5997415822383045 2.1551267677492874 10.821417475065362
3.6041049053682905 2.2022435769640034 10.785425121056637
3.6084682284982765 2.2493361795587714 10.810502285825992
3.6128315516282621 2.2966721126369292 10.896844451550336
3.6171948747582481 2.3445065548964465 11.03645000627005
3.6215581978882336 2.3930397433896298 11.214857809028631
3.6259215210182196 2.4424210616765163 11.425174656853123
3.6302848441482056 2.4927898955057111 11.667596228029147
3.6346481672781912 2.5442884210732104 11.94327759390594
3.6390114904081772 2.5970599245576946 12.250084528969499
3.6433748135381627 2.6512113404395024 12.57116844509069
3.6477381366681487 2.7067451673752756 12.87925955044871
3.6521014597981347 2.7635616792555622 13.15819624541211
3.6564647829281203 2.8215280507001159 13.406852766174651
3.6608281060581063 2.8805134963832004 13.624539023483971
3.6651914291880923 2.9403825395332186 13.813318175744898
3.6695547523180778 3.0010604713533882 14.004183059868575
3.6739180754480638 3.0626728952863211 14.250604702455647
3.6782813985780494 3.1255473140283598 14.584246412529202
3.6826447217080354 3.1900710900584737 15.004956183788076
3.6870080448380214 3.2566258724471782 15.518907037002474
3.6913713679680069 3.3256218695501918 16.117266563210276
3.6957346910979929 3.3971685091905939 16.642025834613012
3.7000980142279785 3.4703335038689338 16.811020813192151
3.7044613373579645 3.543108121906489 16.454577381354209
3.7088246604879505 3.6131488925071129 15.563297883246401
3.713187983617936 3.6781405970537229 14.133722163361147
3.717551306747922 3.7357204481985247 12.175807416957726
3.7219146298779076 3.7839943547214254 9.942730888327528
3.7262779530078936 3.8227638139006426 7.8998789018749553
3.7306412761378795 3.8536288753147012 6.3349231651089948
3.7350045992678651 3.8787760948089334 5.2716360010443566
3.7393679223978511 3.900346556201217 4.6992441519502561
3.7437312455278371 3.9205041174282904 4.6214623933405985
3.7480945686578226 3.9412412904590881 4.9320544021086645
3.7524578917878086 3.9638045553157926 5.4215081024918668
3.7568212149177942 3.9886249957177853 5.9605491361066516
3.7611845380477802 4.0158776278710109 6.5391027573921425
3.7655478611777662 4.0457675859759394 7.1713908611745021
3.7699111843077517 4.0785142177783911 7.8410807353258285
3.7742745074377377 4.1140657425442662 8.4226396361884586
3.7786378305677233 4.151568405597482 8.696720373400229
3.7830011536977093 4.1892868501106513 8.5087027964525941
3.7873644768276953 4.2251097138971891 7.8317474661109951
3.7917277999576808 4.2569171337800524 6.6634651974544168
3.7960911230876668 4.2825658782280911 5.0183404221214749
3.8004544462176524 4.3003297818337387 3.1115112456162644
3.8048177693476384 4.3099262812912595 1.3472420509704068
3.8091810924776244 4.3127064688380585 0.0091037069250481939
3.8135444156076099 4.3106937658248494 -0.85597338327561812
3.8179077387375959 4.3059105299208431 -1.257753587244298
3.8222710618675819 4.3003850856277586 -1.2007386794676591
3.8266343849975675 4.2959129748936009 -0.81310419701441405
3.8309977081275535 4.2934039875843641 -0.34669398351727615
3.835361031257539 4.2927409262351865 0.018940124636246679
3.839724354387525 4.2933777801862929 0.25291460535421051
3.844087677517511 4.2947690073271101 0.36380729887688418
3.8484510006474966 4.2963733841973104 0.35148180222345426
3.8528143237774826 4.297705119456408 0.24898749046060192
3.8571776469074681 4.298513175815116 0.12378058078693492
3.8615409700374541 4.2988236195417686 0.024914197705927357
3.8659042931674401 4.2987819957239548 -0.038610416904023441
3.8702676162974257 4.2985346250199887 -0.069170526894512252
3.8746309394274117 4.2982264878636558 -0.066646546095643244
3.8789942625573972 4.2979887248380715 -0.039576606234301058
3.8833575856873832 4.2978906283174156 -0.0059670430720415229
3.8877209088173692 4.2979266421509488 0.020759867086918595
3.8920842319473548 4.2980580027640247 0.038005767392829716
3.8964475550773408 4.2982454607165987 0.046420562247656345
3.9008108782073267 4.2984501817568583 0.045954396853223452
3.9051742013373123 4.2986367747809444 0.038809582552864354
3.9095375244672983 4.2987861327216015 0.029790141772891941
3.9139008475972838 4.2988993537571014 0.022565855827517991
3.9182641707272698 4.2989867554777881 0.017884481362328491
3.9226274938572558 4.2990588666100562 0.015569177751968618
3.9269908169872414 4.2991260889332592 0.015637434951430999
3.9313541401172274 4.2991979705907806 0.017521934550011033
3.9357174632472129 4.2992797751987339 0.019941719418483082
3.9400807863771989 4.2993713152544215 0.021894199308945934
3.9444441095071849 4.2994698463691892 0.023164793836076843
3.9488074326371705 4.2995725441021637 0.023801389649658083
3.9531707557671565 4.2996766223911829 0.023798367942214852
3.957534078897142 4.2997795060221051 0.023301672972288207
3.961897402027128 4.2998797463145859 0.022652662518233148
3.966260725157114 4.2999773643462023 0.022125039902341753
3.9706240482870996 4.3000730895911055 0.021780222774008266
3.9749873714170856 4.3001676797593191 0.021605308376251364
3.9793506945470716 4.3002618810724016 0.021602004756480192
3.9837140176770571 4.3003563878812274 0.021732819940058243
3.9880773408070431 4.3004515985445977 0.021906840964008797
3.9924406639370287 4.3005475153783568 0.022049403416834815
3.9968039870670147 4.3006439446269313 0.02214297005178115
4.0011673101970002 4.3007406830138573 0.022190999408429359
4.0055306333269867 4.3008375306717328 0.022192992391548233
4.0098939564569722 4.3009343004386968 0.022158566427369783
4.0142572795869578 4.3010308828677459 0.022111919392643856
4.0186206027169442 4.3011272751647143 0.022073404243952006
4.0229839258469298 4.3012235287529537 0.022048017587120012
4.0273472489769153 4.3013196981685944 0.022034837450297214
4.0317105721069009 4.3014158369440327 0.022034005187213501
4.0360738952368873 4.3015119955140149 0.022043057450796353
4.0404372183668729 4.3016082039236636 0.022055557615934942
4.0448005414968584 4.301704463514719 0.022065961665504109
4.0491638646268449 4.3018007606504902 0.022072848890262141
4.0535271877568304 4.3018970806992929 0.022076463626738384
4.057890510886816 4.301993409322904 0.022076766900069759
4.0622538340168024 4.3020897329345082 0.022074388672199973
4.066617157146788 4.3021860432927834 0.022071039990439075
4.0709804802767735 4.3022823398764709 0.02206822991863033
4.0753438034067591 4.3023786262986663 0.022066361651429053
4.0797071265367455 4.3024749064850658 0.022065370847274435
4.0840704496667311 4.3025711842761103 0.022065267988863761
4.0884337727967166 4.3026674633309661 0.022065892234501682
4.092797095926703 4.3027637459084644 0.022066789033634775
4.0971604190566886 4.3028600321923687 0.02206754791907186
4.1015237421866741 4.3029563212262598 0.022068054666871926
4.1058870653166606 4.3030526119568417 0.022068326100596884
4.1102503884466461 4.3031489033554386 0.022068359469818159
4.1146137115766317 4.3032451944368511 0.0220681957724886
4.1189770347066181 4.3033414845824307 0.022067955681374197
4.1233403578366037 4.3034377737309208 0.022067750763705284
4.1277036809665892 4.3035340621352454 0.022067613326661826
4.1320670040965748 4.3036303500780226 0.022067539005404396
4.1364303272265612 4.3037266378347931 0.022067528502122451
4.1407936503565468 4.3038229256707403 0.022067571385541183
4.1451569734865323 4.3039192137551767 0.022067635641635757
4.1495202966165188 4.3040155021077897 0.022067690967076954
4.1538836197465043 4.3041117906617625 0.022067728238672889
4.1582469428764899 4.3042080793412634 0.022067748578391659
4.1626102660064763 4.3043043680724811 0.022067751812513674
4.1669735891364619 4.3044006567840585 0.022067740590527442
4.1713369122664474 4.3044969454296895 0.02206772339931868
4.1757002353964339 4.3045932340032085 0.022067708464125892
4.1800635585264194 4.3046895225222466 0.022067698357199073
4.184426881656405 4.3047858110071511 0.022067692793305345
4.1887902047863905 4.3048820994776955 0.022067691814026909
4.193153527916377 4.304978387953077 0.022067694747454691
4.1975168510463625 4.3050746764459502 0.022067699345177806
4.2018801741763481 4.3051709649582097 0.022067703376354716
4.2062434973063345 4.3052672534852086 0.022067706116938708
4.2106068204363201 4.305363542021488 0.022067707638290628
4.2149701435663056 4.3054598305617491 0.022067707930784594
4.2193334666962921 4.3055561191008289 0.0220677071648748
4.2236967898262776 4.3056524076352716 0.022067705935543781
4.2280601129562632 4.3057486961645033 0.022067704847720988
4.2324234360862487 4.3058449846897489 0.022067704104891596
4.2367867592162352 4.305941273212472 0.022067703689054377
4.2411500823462207 4.306037561734092 0.022067703602492005
4.2455134054762063 4.3061338502559972 0.022067703802168329
4.2498767286061927 4.3062301387791306 0.022067704130587631
4.2542400517361783 4.3063264273036639 0.022067704424196283
4.2586033748661638 4.3064227158292763 0.022067704625726031
4.2629666979961502 4.3065190043555743 0.02206770473937926
4.2673300211261358 4.3066152928821779 0.02206770476474041
4.2716933442561213 4.3067115814087131 0.022067704712704011
4.2760566673861078 4.3068078699349233 0.022067704624949724
4.2804199905160933 4.3069041584607568 0.02206770454557673
4.2847833136460789 4.3070004469862981 0.022067704491004599
4.2891466367760644 4.3070967355116538 0.022067704460127544
4.2935099599060509 4.3071930240369252 0.022067704452551788
4.2978732830360364 4.3072893125622116 0.022067704466099895
4.302236606166022 4.3073856010875851 0.022067704489723339
4.3065999292960084 4.3074818896130598 0.022067704511129268
4.310963252425994 4.3075781781386135 0.022067704525847415
4.3153265755559795 4.3076744666642171 0.022067704534129023
4.319689898685966 4.3077707551898436 0.022067704536345611
4.3240532218159515 4.3078670437154667 0.022067704532632328
4.3284165449459371 4.3079633322410658 0.022067704526351678
4.3327798680759235 4.3080596207666391 0.022067704520976755
4.3371431912059091 4.3081559092921919 0.022067704517002445
4.3415065143358946 4.3082521978177306 0.022067704514472097
4.3458698374658802 4.3083484863432622 0.022067704513911802
4.3502331605958666 4.3084447748687955 0.022067704515005844
4.3545964837258522 4.3085410633943351 0.022067704516685983
4.3589598068558377 4.3086373519198817 0.022067704518044857
4.3633231299858242 4.3087336404454328 0.022067704518854408
4.3676864531158097 4.3088299289709875 0.022067704519753342
4.3720497762457953 4.3089262174965457 0.02206770452024685
4.3764130993757817 4.3090225060221039 0.022067704519803069
4.3807764225057673 4.3091187945476594 0.022067704519252683
4.3851397456357528 4.3092150830732132 0.022067704518858155
4.3895030687657384 4.3093113715987652 0.022067704518543986
4.3938663918957248 4.3094076601243163 0.0220677045183497
4.3982297150257104 4.3095039486498665 0.022067704518219686
4.4025930381556959 4.3096002371754167 0.022067704518336829
4.4069563612856824 4.3096965257009678 0.022067704518595476
4.4113196844156679 4.3097928142265198 0.022067704518665077
4.4156830075456535 4.3098891027520718 0.022067704518752181
4.4200463306756399 4.3099853912776247 0.022067704518931343
4.4244096538056255 4.3100816798031776 0.022067704518738272
4.428772976935611 4.3101779683287296 0.022067704518734192
4.4331363000655974 4.3102742568542824 0.022067704518930104
4.437499623195583 4.3103705453798353 0.022067704518761198
4.4418629463255686 4.3104668339053873 0.022067704518643715
4.4462262694555541 4.3105631224309393 0.022067704518671905
4.4505895925855405 4.3106594109564913 0.022067704518663148
4.4549529157155261 4.3107556994820433 0.022067704518669986
4.4593162388455116 4.3108519880075953 0.022067704518664862
4.4636795619754981 4.3109482765331473 0.022067704518665035
4.4680428851054836 4.3110445650586993 0.022067704518669483
4.4724062082354692 4.3111408535842513 0.02206770451866499
4.4767695313654556 4.3112371421098032 0.022067704518665042
4.4811328544954412 4.3113334306353552 0.02206770451866933
4.4854961776254267 4.3114297191609072 0.02206770451866559
4.4898595007554132 4.3115260076864592 0.022067704518662773
4.4942228238853987 4.3116222962120112 0.022067704518677806
4.4985861470153843 4.3117185847375632 0.022067704518633963
4.5029494701453698 4.3118148732631152 0.022067704518794303
4.5073127932753563 4.3119111617886681 0.02206770451879397
4.5116761164053418 4.3120074503142201 0.022067704518634979
4.5160394395353274 4.312103738839772 0.022067704518674073
4.5204027626653138 4.312200027365324 0.022067704518663196
4.5247660857952994 4.312296315890876 0.022067704518667623
4.5291294089252849 4.312392604416428 0.022067704518674264
4.5334927320552714 4.31248889294198 0.022067704518629799
4.5378560551852569 4.312585181467532 0.022067704518801027
4.5422193783152425 4.3126814699930849 0.022067704518784717
4.5465827014452289 4.3127777585186369 0.022067704518665243
4.5509460245752145 4.3128740470441889 0.022067704518548802
4.5553093477052 4.31297033556974 0.022067704518536846
4.5596726708351856 4.313066624095292 0.022067704518701117
4.564035993965172 4.3131629126208439 0.02206770451865317
4.5683993170951576 4.3132592011463959 0.022067704518680689
4.5727626402251431 4.3133554896719479 0.02206770451863203
4.5771259633551296 4.3134517781974999 0.022067704518785668
4.5814892864851151 4.3135480667230528 0.022067704518830437
4.5858526096151007 4.3136443552486048 0.0220677045185112
4.5902159327450871 4.3137406437741559 0.022067704518508584
4.5945792558750727 4.3138369322997079 0.022067704518838285
4.5989425790050582 4.3139332208252608 0.022067704518756896
4.6033059021350438 4.3140295093508128 0.02206770451875276
4.6076692252650302 4.3141257978763656 0.022067704518837206
4.6120325483950158 4.3142220864019176 0.02206770451850356
4.6163958715250013 4.3143183749274687 0.022067704518545846
4.6207591946549877 4.3144146634530207 0.022067704518696885
4.6251225177849733 4.3145109519785727 0.022067704518661101
4.6294858409149588 4.3146072405041247 0.022067704518666669
4.6338491640449453 4.3147035290296767 0.022067704518666683
4.6382124871749308 4.3147998175552287 0.022067704518661076
4.6425758103049164 4.3148961060807807 0.022067704518696968
4.6469391334349028 4.3149923946063327 0.022067704518545526
4.6513024565648884 4.3150886831318838 0.022067704518504733
4.6556657796948739 4.3151849716574358 0.022067704518832835
4.6600291028248595 4.3152812601829886 0.022067704518782552
4.6643924259548459 4.3153775487085406 0.022067704518642099
4.6687557490848315 4.3154738372340926 0.022067704518643531
4.673119072214817 4.3155701257596446 0.022067704518791736
4.6774823953448035 4.3156664142851975 0.022067704518794664
4.681845718474789 4.3157627028107495 0.022067704518634747
4.6862090416047746 4.3158589913363015 0.022067704518674309
4.690572364734761 4.3159552798618535 0.022067704518662502
4.6949356878647466 4.3160515683874054 0.022067704518670177
4.6992990109947321 4.3161478569129574 0.022067704518664751
4.7036623341247186 4.3162441454385094 0.022067704518665292
4.7080256572547041 4.3163404339640614 0.022067704518668574
4.7123889803846897 4.3164367224896134 0.022067704518668369
4.7167523035146752 4.3165330110151654 0.022067704518665913
4.7211156266446617 4.3166292995407174 0.022067704518662454
4.7254789497746472 4.3167255880662694 0.022067704518678771
4.7298422729046328 4.3168218765918214 0.022067704518630413
4.7342055960346192 4.3169181651173734 0.022067704518794043
4.7385689191646048 4.3170144536429262 0.022067704518798557
4.7429322422945903 4.3171107421684782 0.022067704518630351
4.7472955654245768 4.3172070306940302 0.022067704518674517
4.7516588885545623 4.3173033192195822 0.022067704518666065
4.7560222116845479 4.3173996077451342 0.022067704518669171
4.7603855348145334 4.3174958962706862 0.022067704518665205
4.7647488579445199 4.3175921847962382 0.02206770451866448
4.7691121810745054 4.3176884733217902 0.022067704518671363
4.773475504204491 4.3177847618473422 0.022067704518658023
4.7778388273344774 4.3178810503728942 0.022067704518691028
4.782202150464463 4.3179773388984461 0.022067704518572345
4.7865654735944485 4.3180736274239973 0.022067704518416872
4.7909287967244349 4.3181699159495484 0.0220677045185333
4.7952921198544205 4.3182662044751003 0.022067704518833751
4.7996554429844061 4.3183624930006532 0.022067704518750311
4.8040187661143925 4.3184587815262052 0.022067704518770142
4.808382089244378 4.3185550700517581 0.022067704518774257
4.8127454123743636 4.3186513585773101 0.022067704518751442
4.8171087355043491 4.318747647102863 0.022067704518838608
4.8214720586343356 4.318843935628415 0.022067704518499272
4.8258353817643211 4.3189402241539661 0.022067704518548129
4.8301987048943067 4.319036512679518 0.022067704518705496
4.8345620280242931 4.31913280120507 0.022067704518624356
4.8389253511542787 4.319229089730622 0.022067704518791562
4.8432886742842642 4.3193253782561749 0.022067704518828012
4.8476519974142507 4.3194216667817269 0.02206770451850153
4.8520153205442362 4.319517955307278 0.022067704518549679
4.8563786436742218 4.31961424383283 0.022067704518697041
4.8607419668042082 4.319710532358382 0.022067704518656635
4.8651052899341938 4.319806820883934 0.022067704518670891
4.8694686130641793 4.319903109409486 0.022067704518667748
4.8738319361941649 4.319999397935038 0.022067704518666083
4.8781952593241513 4.3200956864605899 0.022067704518662405
4.8825585824541369 4.3201919749861419 0.022067704518678784
4.8869219055841224 4.3202882635116939 0.02206770451863041
4.8912852287141089 4.3203845520372459 0.02206770451879405
4.8956485518440944 4.3204808405627988 0.022067704518798553
4.90001187497408 4.3205771290883508 0.022067704518630354
4.9043751981040664 4.3206734176139028 0.022067704518674507
4.908738521234052 4.3207697061394548 0.022067704518666104
4.9131018443640375 4.3208659946650068 0.022067704518669028
4.9174651674940231 4.3209622831905588 0.02206770451866575
4.9218284906240095 4.3210585717161107 0.022067704518662454
4.9261918137539951 4.3211548602416627 0.022067704518678937
4.9305551368839806 4.3212511487672147 0.022067704518629751
4.9349184600139671 4.3213474372927667 0.022067704518796531
4.9392817831439526 4.3214437258183196 0.022067704518789272
4.9436451062739382 4.3215400143438716 0.022067704518665
4.9480084294039246 4.3216363028694236 0.022067704518545207
4.9523717525339102 4.3217325913949747 0.02206770451853798
4.9567350756638957 4.3218288799205267 0.02206770451870016
4.9610983987938821 4.3219251684460787 0.022067704518655858
4.9654617219238677 4.3220214569716306 0.022067704518670891
4.9698250450538533 4.3221177454971826 0.022067704518668522
4.9741883681838388 4.3222140340227346 0.022067704518662992
4.9785516913138252 4.3223103225482866 0.022067704518673983
4.9829150144438108 4.3224066110738386 0.022067704518635559
4.9872783375737963 4.3225028995993906 0.022067704518791736
4.9916416607037828 4.3225991881249435 0.022067704518802651
4.9960049838337683 4.3226954766504955 0.022067704518602814
5.0003683069637539 4.3227917651760475 0.02206770451879405
5.0047316300937403 4.3228880537016003 0.022067704518826139
5.0090949532237259 4.3229843422271523 0.022067704518506547
5.0134582763537114 4.3230806307527034 0.022067704518544964
5.0178215994836979 4.3231769192782554 0.022067704518697398
5.0221849226136834 4.3232732078038074 0.022067704518659928
5.026548245743669 4.3233694963293594 0.02206770451867085
5.0309115688736545 4.3234657848549114 0.022067704518664633
5.035274892003641 4.3235620733804634 0.022067704518665087
5.0396382151336265 4.3236583619060154 0.022067704518669511
5.0440015382636121 4.3237546504315674 0.022067704518664827
5.0483648613935985 4.3238509389571194 0.02206770451866566
5.0527281845235841 4.3239472274826714 0.022067704518667026
5.0570915076535696 4.3240435160082233 0.022067704518674194
5.0614548307835561 4.3241398045337753 0.022067704518630674
5.0658181539135416 4.3242360930593273 0.022067704518797592
5.0701814770435272 4.3243323815848802 0.022067704518797592
5.0745448001735127 4.3244286701104322 0.022067704518630681
5.0789081233034992 4.3245249586359842 0.022067704518674149
5.0832714464334847 4.3246212471615362 0.022067704518667203
5.0876347695634703 4.3247175356870882 0.02206770451866499
5.0919980926934567 4.3248138242126402 0.022067704518667308
5.0963614158234423 4.3249101127381921 0.022067704518660275
5.1007247389534278 4.3250064012637441 0.022067704518699553
5.1050880620834143 4.3251026897892961 0.022067704518535996
5.1094513852133998 4.3251989783148472 0.022067704518540281
5.1138147083433854 4.3252952668403992 0.02206770451870017
5.1181780314733718 4.3253915553659512 0.022067704518653506
5.1225413546033574 4.3254878438915032 0.02206770451868029
5.1269046777333429 4.3255841324170552 0.022067704518633297
5.1312680008633285 4.3256804209426072 0.02206770451879448
5.1356313239933149 4.3257767094681601 0.022067704518793935
5.1399946471233005 4.3258729979937121 0.022067704518634941
5.144357970253286 4.325969286519264 0.02206770451867425
5.1487212933832724 4.326065575044816 0.02206770451866253
5.153084616513258 4.326161863570368 0.022067704518670121
5.1574479396432436 4.32625815209592 0.022067704518664952
5.16181126277323 4.326354440621472 0.022067704518664556
5.1661745859032155 4.326450729147024 0.022067704518671301
5.1705379090332011 4.326547017672576 0.022067704518658193
5.1749012321631875 4.326643306198128 0.02206770451869039
5.1792645552931731 4.32673959472368 0.022067704518574736
5.1836278784231586 4.3268358832492311 0.022067704518407963
5.1879912015531442 4.3269321717747822 0.022067704518580044
5.1923545246831306 4.3270284603003342 0.022067704518655664
5.1967178478131162 4.3271247488258862 0.022067704518791774
5.2010811709431017 4.327221037351439 0.022067704518795847
5.2054444940730882 4.327317325876991 0.022067704518629976
5.2098078172030737 4.327413614402543 0.022067704518678722
5.2141711403330593 4.327509902928095 0.022067704518663089
5.2185344634630457 4.327606191453647 0.022067704518663397
5.2228977865930313 4.327702479979199 0.022067704518677799
5.2272611097230168 4.327798768504751 0.022067704518633352
5.2316244328530024 4.327895057030303 0.022067704518796756
5.2359877559829888 4.3279913455558559 0.022067704518784766
5.2403510791129744 4.3280876340814078 0.022067704518669323
5.2447144022429599 4.3281839226069598 0.022067704518545884
5.2490777253729464 4.3282802111325109 0.022067704518530941
5.2534410485029319 4.3283764996580629 0.02206770451871418
5.2578043716329175 4.3284727881836149 0.022067704518620296
5.2621676947629039 4.3285690767091669 0.022067704518799105
5.2665310178928895 4.3286653652347198 0.022067704518788436
5.270894341022875 4.3287616537602718 0.022067704518665774
5.2752576641528615 4.3288579422858238 0.022067704518542942
5.279620987282847 4.3289542308113749 0.022067704518546283
5.2839843104128326 4.3290505193369269 0.022067704518669209
5.2883476335428181 4.3291468078624789 0.022067704518784856
5.2927109566728046 4.3292430963880317 0.022067704518796517
5.2970742798027901 4.3293393849135837 0.022067704518634237
5.3014376029327757 4.3294356734391357 0.022067704518674486
5.3058009260627621 4.3295319619646877 0.022067704518662294
5.3101642491927477 4.3296282504902397 0.022067704518670829
5.3145275723227332 4.3297245390157917 0.022067704518662336
5.3188908954527196 4.3298208275413437 0.022067704518674305
5.3232542185827052 4.3299171160668957 0.02206770451863492
5.3276175417126908 4.3300134045924477 0.022067704518793977
5.3319808648426772 4.3301096931180005 0.022067704518794307
5.3363441879726627 4.3302059816435525 0.022067704518633945
5.3407075111026483 4.3303022701691045 0.022067704518677855
5.3450708342326338 4.3303985586946565 0.022067704518662589
5.3494341573626203 4.3304948472202085 0.022067704518666263
5.3537974804926058 4.3305911357457605 0.022067704518666846
5.3581608036225914 4.3306874242713125 0.022067704518674309
5.3625241267525778 4.3307837127968645 0.022067704518630393
5.3668874498825634 4.3308800013224165 0.022067704518798605
5.3712507730125489 4.3309762898479693 0.0220677045187938
5.3756140961425354 4.3310725783735213 0.02206770451863134
5.3799774192725209 4.3311688668990733 0.022067704518675329
5.3843407424025065 4.3312651554246253 0.022067704518675294
5.388704065532492 4.3313614439501773 0.022067704518631468
5.3930673886624785 4.3314577324757293 0.022067704518793314
5.397430711792464 4.3315540210012822 0.022067704518800423
5.4017940349224496 4.3316503095268342 0.022067704518623617
5.406157358052436 4.3317465980523862 0.022067704518699584
5.4105206811824216 4.3318428865779381 0.022067704518572536
5.4148840043124071 4.3319391751034892 0.022067704518407564
5.4192473274423936 4.3320354636290404 0.022067704518570347
5.4236106505723791 4.3321317521545923 0.022067704518694876
5.4279739737023647 4.3322280406801443 0.022067704518658117
5.4323372968323511 4.3323243292056963 0.022067704518667124
5.4367006199623367 4.3324206177312483 0.022067704518667873
5.4410639430923222 4.3325169062568003 0.022067704518669341
5.4454272662223078 4.3326131947823523 0.022067704518662731
5.4497905893522942 4.3327094833079043 0.022067704518674208
5.4541539124822798 4.3328057718334563 0.022067704518634927
5.4585172356122653 4.3329020603590083 0.022067704518794043
5.4628805587422518 4.3329983488845611 0.02206770451879405
5.4672438818722373 4.3330946374101131 0.02206770451863491
5.4716072050022229 4.3331909259356651 0.022067704518674264
5.4759705281322093 4.3332872144612171 0.022067704518662513
5.4803338512621949 4.3333835029867691 0.022067704518670173
5.4846971743921804 4.3334797915123211 0.022067704518664754
5.4890604975221668 4.3335760800378731 0.022067704518665302
5.4934238206521524 4.3336723685634251 0.022067704518668515
5.497787143782138 4.3337686570889771 0.022067704518668595
5.5021504669121235 4.3338649456145291 0.02206770451866507
5.5065137900421099 4.3339612341400811 0.022067704518665601
5.5108771131720955 4.334057522665633 0.022067704518667023
5.5152404363020811 4.334153811191185 0.02206770451867426
5.5196037594320675 4.334250099716737 0.022067704518630413
5.523967082562053 4.334346388242289 0.02206770451879856
5.5283304056920386 4.3344426767678419 0.022067704518793977
5.532693728822025 4.3345389652933939 0.022067704518630677
5.5370570519520106 4.3346352538189459 0.022067704518677806
5.5414203750819961 4.3347315423444979 0.022067704518666059
5.5457836982119817 4.3348278308700499 0.02206770451866593
5.5501470213419681 4.3349241193956018 0.022067704518664705
5.5545103444719537 4.3350204079211538 0.022067704518669736
5.5588736676019392 4.3351166964467058 0.022067704518664299
5.5632369907319257 4.3352129849722578 0.022067704518667533
5.5676003138619112 4.3353092734978098 0.022067704518660046
5.5719636369918968 4.3354055620233618 0.022067704518700229
5.5763269601218832 4.3355018505489138 0.022067704518533505
5.5806902832518688 4.3355981390744649 0.022067704518549561
5.5850536063818543 4.3356944276000169 0.022067704518665548
5.5894169295118408 4.3357907161255689 0.022067704518782722
5.5937802526418263 4.3358870046511218 0.022067704518808715
5.5981435757718119 4.3359832931766737 0.022067704518601027
5.6025068989017974 4.3360795817022257 0.022067704518795139
5.6068702220317839 4.3361758702277786 0.022067704518823561
5.6112335451617694 4.3362721587533306 0.022067704518515772
5.615596868291755 4.3363684472788817 0.022067704518510627
5.6199601914217414 4.3364647358044337 0.022067704518825532
5.624323514551727 4.3365610243299866 0.022067704518792398
5.6286868376817125 4.3366573128555386 0.022067704518623506
5.633050160811699 4.3367536013810906 0.022067704518708042
5.6374134839416845 4.3368498899066426 0.022067704518538806
5.6417768070716701 4.3369461784321937 0.022067704518534029
5.6461401302016565 4.3370424669577456 0.022067704518708885
5.6505034533316421 4.3371387554832976 0.022067704518624907
5.6548667764616276 4.3372350440088496 0.022067704518799445
5.6592300995916132 4.3373313325344025 0.022067704518795944
5.6635934227215996 4.3374276210599545 0.022067704518621927
5.6679567458515852 4.3375239095855065 0.022067704518710825
5.6723200689815707 4.3376201981110585 0.022067704518542737
5.6766833921115571 4.3377164866366096 0.022067704518502033
5.6810467152415427 4.3378127751621616 0.022067704518832935
5.6854100383715283 4.3379090636877145 0.022067704518784835
5.6897733615015147 4.3380053522132664 0.02206770451863287
5.6941366846315002 4.3381016407388184 0.022067704518678156
5.6985000077614858 4.3381979292643704 0.022067704518662447
5.7028633308914722 4.3382942177899224 0.022067704518666537
5.7072266540214578 4.3383905063154744 0.022067704518665892
5.7115899771514433 4.3384867948410264 0.022067704518677851
5.7159533002814289 4.3385830833665784 0.02206770451863066
5.7203166234114153 4.3386793718921304 0.02206770451879398
5.7246799465414009 4.3387756604176833 0.02206770451879856
5.7290432696713864 4.3388719489432352 0.022067704518630403
5.7334065928013729 4.3389682374687872 0.022067704518674309
5.7377699159313584 4.3390645259943392 0.022067704518666846
5.742133239061344 4.3391608145198912 0.02206770451866626
5.7464965621913304 4.3392571030454432 0.022067704518662589
5.750859885321316 4.3393533915709952 0.022067704518677858
5.7552232084513015 4.3394496800965472 0.022067704518633935
5.7595865315812871 4.3395459686220992 0.022067704518794352
5.7639498547112735 4.3396422571476521 0.022067704518793804
5.7683131778412591 4.3397385456732041 0.022067704518635593
5.7726765009712446 4.339834834198756 0.022067704518671769
5.7770398241012311 4.339931122724308 0.02206770451867179
5.7814031472312166 4.34002741124986 0.022067704518635541
5.7857664703612022 4.340123699775412 0.022067704518794001
5.7901297934911886 4.3402199883009649 0.022067704518793602
5.7944931166211742 4.3403162768265169 0.022067704518636738
5.7988564397511597 4.3404125653520689 0.022067704518667412
5.8032197628811462 4.3405088538776209 0.022067704518688086
5.8075830860111317 4.3406051424031729 0.022067704518574732
5.8119464091411173 4.340701430928724 0.022067704518410263
5.8163097322711028 4.3407977194542751 0.022067704518570833
5.8206730554010893 4.3408940079798271 0.02206770451869022
5.8250363785310748 4.340990296505379 0.022067704518662776
5.8293997016610604 4.341086585030931 0.022067704518666631
5.8337630247910468 4.341182873556483 0.02206770451866517
5.8381263479210324 4.341279162082035 0.022067704518667179
5.8424896710510179 4.341375450607587 0.022067704518674063
5.8468529941810043 4.341471739133139 0.022067704518631045
5.8512163173109899 4.341568027658691 0.022067704518796253
5.8555796404409755 4.3416643161842439 0.022067704518802574
5.8599429635709619 4.3417606047097959 0.022067704518598592
5.8643062867009474 4.3418568932353478 0.02206770451879754
5.868669609830933 4.3419531817609007 0.022067704518829865
5.8730329329609186 4.3420494702864527 0.022067704518501621
5.877396256090905 4.3421457588120038 0.022067704518547452
5.8817595792208905 4.3422420473375558 0.022067704518692392
5.8861229023508761 4.3423383358631078 0.022067704518690945
5.8904862254808625 4.3424346243886598 0.022067704518538303
5.8948495486108481 4.3425309129142109 0.02206770451853966
5.8992128717408336 4.3426272014397629 0.02206770451870034
5.9035761948708201 4.3427234899653149 0.022067704518653461
5.9079395180008056 4.3428197784908669 0.022067704518680301
5.9123028411307912 4.3429160670164189 0.022067704518633297
5.9166661642607767 4.3430123555419708 0.02206770451879448
5.9210294873907632 4.3431086440675237 0.022067704518793935
5.9253928105207487 4.3432049325930757 0.022067704518634941
5.9297561336507343 4.3433012211186277 0.02206770451867425
5.9341194567807207 4.3433975096441797 0.022067704518662523
5.9384827799107063 4.3434937981697317 0.022067704518670149
5.9428461030406918 4.3435900866952837 0.022067704518664834
5.9472094261706783 4.3436863752208357 0.022067704518664997
5.9515727493006638 4.3437826637463877 0.02206770451866966
5.9559360724306494 4.3438789522719397 0.022067704518664313
5.9602993955606358 4.3439752407974916 0.022067704518667561
5.9646627186906214 4.3440715293230436 0.022067704518659938
5.9690260418206069 4.3441678178485956 0.022067704518700638
5.9733893649505925 4.3442641063741476 0.022067704518545467
5.9777526880805789 4.3443603948996987 0.022067704518501305
5.9821160112105645 4.3444566834252507 0.022067704518833123
5.98647933434055 4.3445529719508036 0.022067704518784825
5.9908426574705365 4.3446492604763556 0.022067704518632724
5.995205980600522 4.3447455490019076 0.022067704518678757
5.9995693037305076 4.3448418375274596 0.022067704518660209
6.003932626860494 4.3449381260530116 0.022067704518674888
6.0082959499904796 4.3450344145785635 0.022067704518634712
6.0126592731204651 4.3451307031041155 0.022067704518794206
6.0170225962504515 4.3452269916296684 0.022067704518793613
6.0213859193804371 4.3453232801552204 0.022067704518636495
6.0257492425104227 4.3454195686807724 0.022067704518668366
6.0301125656404082 4.3455158572063244 0.022067704518698012
6.0344758887703946 4.3456121457318764 0.022067704518534067
6.0388392119003802 4.3457084342574275 0.022067704518549548
6.0432025350303658 4.3458047227829795 0.022067704518665042
6.0475658581603522 4.3459010113085315 0.022067704518784762
6.0519291812903377 4.3459972998340843 0.022067704518801044
6.0562925044203233 4.3460935883596363 0.022067704518629681
6.0606558275503097 4.3461898768851883 0.022067704518674697
6.0650191506802953 4.3462861654107403 0.02206770451866601
6.0693824738102808 4.3463824539362923 0.022067704518669223
6.0737457969402664 4.3464787424618443 0.022067704518665066
6.0781091200702528 4.3465750309873963 0.022067704518664986
6.0824724432002384 4.3466713195129483 0.022067704518669483
6.0868357663302239 4.3467676080385003 0.022067704518665042
6.0911990894602104 4.3468638965640523 0.022067704518664823
6.0955624125901959 4.3469601850896042 0.022067704518670152
6.0999257357201815 4.3470564736151562 0.022067704518662527
6.1042890588501679 4.3471527621407082 0.022067704518674212
6.1086523819801535 4.3472490506662602 0.022067704518635108
6.113015705110139 4.3473453391918122 0.022067704518793314
6.1173790282401255 4.3474416277173651 0.022067704518796784
6.121742351370111 4.3475379162429171 0.022067704518624696
6.1261056745000966 4.3476342047684691 0.022067704518712389
6.1304689976300821 4.3477304932940211 0.02206770451853372
6.1348323207600686 4.3478267818195722 0.022067704518536551
6.1391956438900541 4.3479230703451242 0.0220677045187039
6.1435589670200397 4.3480193588706761 0.022067704518655803
6.1479222901500261 4.3481156473962281 0.022067704518667373
6.1522856132800117 4.3482119359217801 0.022067704518669188
6.1566489364099972 4.3483082244473321 0.022067704518663821
6.1610122595399837 4.348404512972885 0.022067704519280671
6.1653755826699692 4.348500801498437 0.022067704516818637
6.1697389057999548 4.3485970900239881 0.02206770452484207
6.1741022289299412 4.3486933785495419 0.02206770449641822
6.1784655520599268 4.3487896670750859 0.022067704597204869
6.1828288751899123 4.348885955600668 0.022067704242036915
6.1871921983198979 4.3489822441261108 0.022067705492306116
6.1915555214498843 4.3490785326520705 0.022067701105917048
6.1959188445798699 4.3491748211761001 0.022067716429633743
6.2002821677098554 4.3492711097073347 0.022067663147917818
6.2046454908398418 4.3493673982116796 0.022067847416849726
6.2090088139698274 4.3494636868163754 0.022067214131064147
6.213372137099813 4.3495599750465557 0.022069374503531837
6.2177354602297994 4.3496562646744517 0.022062069800063828
6.2220987833597849 4.349752549086003 0.022086502745587058
6.2264621064897705 4.3498488529652155 0.022005874150480085
6.2308254296197561 4.3499450841901268 0.022267387145415971
6.2351887527497425 4.3500415865645827 0.021438439037136495
6.239552075879728 4.3501370769951597 0.023983385809193708
6.2439153990097136 4.3502363440517069 0.016533402215553966
6.2482787221397 4.3503215165482541 0.03669430093959794
6.2526420452696856 4.3504592906588337 -0.010023810232383988
6.2570053683996711 4.3504007528732798 0.057879824087142234
6.2613686915296576 4.3510748610582244 0.20173954442291198
6.2657320146596431 4.3490146972573083 -1.81781964536581
6.2700953377896287 4.3504006329939742 6.6059739669105477
6.2744586609196151 4.3518284410640176 -22.671488485212393
6.2788219840496007 4.3504005786245719 84.079942592283288
6.2831853071795862 4.9302732004284087 84.061038832585282
