# q  U_kJmol  dU_dq   # conservative spline pchip_hermite_v1
0 4.1140743526651331 463.70360291689576
0.0043633231299858239 4.1126464630407265 -124.2725154926826
0.0087266462599716477 4.1140743254801722 33.386440362832303
0.013089969389957472 4.1126465174101288 -9.2732085769991777
0.017453292519943295 4.1140742439273614 3.7063378735820649
0.021816615649929118 4.122657361281604 1.3308063210701468
0.026179938779914945 4.1301970629669214 2.055670659976756
0.030543261909900768 4.1401983120588977 2.5067804172506096
0.034906585039886591 4.1525955262253946 3.3172566184931349
0.039269908169872414 4.1698250131958368 4.5940123412814344
0.043633231299858237 4.1907324475057273 4.5277096122097218
0.04799655442984406 4.2056738036625569 1.9429619425823232
0.05235987755982989 4.2069179685906013 -1.1712128139395621
0.056723200689815713 4.1974744331691607 -2.8955825740525336
0.061086523819801536 4.1836787432729805 -3.2245712480892039
0.065449846949787352 4.1709452214036506 -2.4462748492610622
0.069813170079773182 4.1631195551955766 -1.1257858394776299
0.074176493209759012 4.1609192782359425 0.056087457399217312
0.078539816339744828 4.1630746736161583 0.87057770893817787
0.082903139469730658 4.1680000143669602 1.3299572606853183
0.087266462599716474 4.1741655013460033 1.435084691041848
0.091629785729702304 4.1800709451756646 1.2290646567456616
0.09599310885968812 4.1846796614878414 0.87766069699946769
0.10035643198967395 4.187776686799868 0.55837023227817428
0.10471975511965978 4.18969584480989 0.33773197729537308
0.1090830782496456 4.1908623598392269 0.21225436389118515
0.11344640137963143 4.1916862353591924 0.18174230383291753
0.11780972450961724 4.192570603023408 0.23527791880390755
0.12217304763960307 4.1937980307021441 0.32910954510962437
0.1265363707695889 4.1954314127288415 0.41523176609440615
0.1308996938995747 4.1973833328205599 0.4750355464872128
0.13526301702956053 4.199539710497989 0.50928352581874681
0.13962634015954636 4.2017906700455487 0.51809221283094564
0.14398966328953219 4.2040279027091225 0.50420127895472844
0.14835298641951802 4.2061744328597195 0.47915596301065089
0.15271630954950383 4.2082119731221583 0.45592977923280731
0.15707963267948966 4.2101633780017629 0.43972157623771813
0.16144295580947549 4.2120592508449421 0.43037722937889544
0.16580627893946132 4.2139290385794022 0.4278470043770089
0.17016960206944712 4.2158018338427361 0.43144527612522943
0.17453292519943295 4.2176985947906633 0.43812782963316604
0.17889624832941878 4.2196246099496522 0.44439064873900358
0.18325957145940461 4.2215739143298796 0.44878302175091878
0.18762289458939044 4.2235382990823105 0.45133169978777188
0.19198621771937624 4.2255098719401305 0.45205529201528277
0.19634954084936207 4.2274808200493235 0.45112487677125568
0.2007128639793479 4.2294454400586448 0.44934251902499805
0.20507618710933373 4.2314022098399526 0.44765406507364047
0.20943951023931956 4.2333526834096205 0.44646386317796216
0.21380283336930536 4.2352990623885551 0.445768935251179
0.21816615649929119 4.2372434621475881 0.44556280427470085
0.22252947962927702 4.2391879804065358 0.44580291928207311
0.22689280275926285 4.2411341684511052 0.44627812479475992
0.23125612588924865 4.2430824625341703 0.44673325316995655
0.23561944901923448 4.2450324585898294 0.44705572972173802
0.23998277214922031 4.2469835662254383 0.44724515137380699
0.24434609527920614 4.2489352184270031 0.44730367026163687
0.24870941840919197 4.2508868520751992 0.44724183267290096
0.2530727415391778 4.2528380454298826 0.44711518426306546
0.25743606466916363 4.2547886739270435 0.44699252454599675
0.26179938779914941 4.2567388424085477 0.44690516093166449
0.26616271092913524 4.2586887091701051 0.44685354428384916
0.27052603405912107 4.2606384262047499 0.44683698249277393
0.2748893571891069 4.2625881446502083 0.44685287166684051
0.27925268031909273 4.2645379791093525 0.44688661190041401
0.28361600344907856 4.2664879650288778 0.44691966341400091
0.28797932657906439 4.2684380752670839 0.44694332884191645
0.29234264970905022 4.2703882673888387 0.44695738982639516
0.29670597283903605 4.2723385006481651 0.44696206355244444
0.30106929596902182 4.2742887344872544 0.44695799039016204
0.30543261909900765 4.2762389377787189 0.44694900492909967
0.30979594222899348 4.2781891004675545 0.44694010062464257
0.31415926535897931 4.2801392295650791 0.44693369130808602
0.31852258848896514 4.2820893364476031 0.44692986328528994
0.32288591161895097 4.284039432042154 0.44692854974508139
0.3272492347489368 4.2859895272328323 0.44692959320774234
0.33161255787892263 4.2879396304685864 0.44693198660164968
0.33597588100890846 4.2898897445895319 0.4469343850562999
0.34033920413889424 4.2918398677812739 0.44693611857045124
0.34470252726888007 4.2937899969841293 0.44693715561663694
0.3490658503988659 4.2957401292549457 0.44693751622945238
0.35342917352885173 4.2976902616646724 0.44693724161423637
0.35779249665883756 4.2996403919276114 0.44693659894746196
0.36215581978882339 4.3015905192591859 0.44693595274956432
0.36651914291880922 4.3035406441573745 0.44693549167724156
0.37088246604879505 4.305490767484053 0.44693522860079221
0.37524578917878088 4.3074408900790804 0.44693515844190507
0.37960911230876665 4.3093910127638582 0.44693526081547053
0.38397243543875248 4.3113411361332181 0.44693545387197359
0.38833575856873831 4.3132912603456255 0.44693562959310901
0.39269908169872414 4.3152413851556286 0.44693572416533883
0.39706240482870997 4.3171915101752392 0.44693572514731827
0.4014257279586958 4.3191416349904683 0.44693563024033206
0.40578905108868163 4.3210917592437399 0.44693548199041855
0.41015237421866746 4.3230418828617108 0.4469353467228927
0.41451569734865329 4.3249920060306222 0.44693529049178415
0.41887902047863912 4.3269421292467829 0.44693537441944126
0.42324234360862489 4.3288922531991378 0.44693563359603294
0.42760566673861072 4.3308423787005772 0.44693608420385739
0.43196898986859655 4.3327925063729289 0.44693658027731742
0.43633231299858238 4.3347426359309846 0.44693693449962235
0.44069563612856821 4.3366927664693131 0.44693699203743309
0.44505895925855404 4.338642896268289 0.44693657330839442
0.44942228238853987 4.3405930229655114 0.44693554973672023
0.4537856055185257 4.3425431437344999 0.44693385419043358
0.45814892864851153 4.3444932563967944 0.44693201024165058
0.46251225177849731 4.3464433620809224 0.44693070999701118
0.46687557490848314 4.348393464195361 0.44693050275282509
0.47123889803846897 4.3503435690281451 0.44693204663325375
0.4756022211684548 4.3522936853191574 0.44693582544981181
0.47996554429844063 4.3542438235180718 0.44694210716449151
0.48432886742842646 4.3561939918927992 0.44694901161390638
0.48869219055841229 4.3581441865435311 0.4469539255121911
0.49305551368839812 4.3600943948500026 0.44695482051452667
0.49741883681838395 4.3620445937375694 0.44694923963998695
0.50178215994836972 4.3639947506878736 0.44693535823615571
0.50614548307835561 4.3659448268986498 0.44691211837792216
0.51050880620834138 4.3678947908441872 0.44688625891190076
0.51487212933832727 4.3698446557552257 0.44686765763602637
0.51923545246831304 4.3717944683034489 0.44686382907991773
0.52359877559829882 4.3737443131594578 0.44688395575758599
0.5279620987282847 4.3756943113568143 0.44693492054475631
0.53232542185827048 4.3776446069929316 0.44702086829077092
0.53668874498825636 4.3795953201736459 0.44711769886546671
0.54105206811824214 4.381546406535695 0.44718809192442266
0.54541539124822802 4.3834976934969658 0.4472041915648845
0.5497787143782138 4.3854488704531072 0.44713168785368329
0.55414203750819968 4.3873994869376292 0.44694461720241979
0.55850536063818546 4.3893490079256194 0.44662684368591704
0.56286868376817123 4.3912969763793148 0.44626435651860002
0.56723200689815712 4.393243539033409 0.44599807814471004
0.57159533002814289 4.3951893340215067 0.44593131393959118
0.57595865315812877 4.3971355004412152 0.44619221843794177
0.58032197628811455 4.3990837146957125 0.44687872970027509
0.58468529941810043 4.4010359629240456 0.44805332374462004
0.58904862254808621 4.4029939823000976 0.44940994129726064
0.59341194567807209 4.4049572957904708 0.45041679081151803
0.59777526880805787 4.4069235441048411 0.45069057642799992
0.60213859193804364 4.4088885508467852 0.449752778471885
0.60650191506802953 4.4108460780271637 0.44723397463620729
0.6108652381980153 4.4127887538820341 0.44289340094975255
0.61522856132800119 4.4147099827130853 0.43781759289439054
0.61959188445798696 4.4166112805870705 0.43401199476834268
0.62395520758797285 4.4185013688204799 0.43289949753116974
0.62831853071795862 4.4203955561703898 0.43626624837020772
0.63268185384794451 4.4223170514272407 0.44550562093443158
0.63704517697793028 4.4242932115750522 0.46154172409416094
0.64140850010791606 4.4263490531350627 0.48052765286178856
0.64577182323790194 4.4284799058533837 0.49490661157826993
0.65013514636788772 4.4306535381255765 0.49939177603136359
0.6544984694978736 4.432813845018182 0.48732335800901455
0.65886179262785938 4.4348744964164926 0.45343193877549764
0.66322511575784526 4.4367339618325614 0.39422267083551671
0.66758843888783104 4.4382975168385288 0.32317285831962378
0.67195176201781692 4.4395786995353754 0.26898346620179803
0.6763150851478027 4.4406972059557903 0.25079797962388783
0.68067840827778847 4.4418568979104567 0.29419843673128288
0.68504173140777436 4.4433831881716861 0.41915361126727069
0.68940505453776013 4.4456443620148933 0.63325561709782874
0.69376837766774602 4.4490015879323455 0.91075104717851785
0.69813170079773179 4.4535296180558923 1.1452428925394482
0.70249502392771768 4.4587227706607679 1.1920702892326156
0.70685834705770345 4.4634769815503548 0.92577929671253534
0.71122167018768934 4.4662714129991556 0.29487668843781778
0.71558499331767511 4.4655189938865538 -0.70130178752959071
0.71994831644766089 4.4596480825876998 -2.0435360850842761
0.72431163957764677 4.447370755328139 -3.6023635720582905
0.72867496270763255 4.4282201836449175 -5.1552412473036711
0.73303828583761843 4.4026492739780823 -6.5248970579021783
0.73740160896760421 4.3716247834253519 -7.6573013903062472
0.74176493209759009 4.3361593906248936 -8.5609737383310076
0.74612825522757587 4.2972457428987978 -9.2380649332183733
0.75049157835756175 4.2557930745383734 -9.7425752500587262
0.75485490148754752 4.2123012810200198 -10.195143970513374
0.7592182246175333 4.1667678435962783 -10.686088905802665
0.76358154774751918 4.1189667715036338 -11.232582144826292
0.76794487087750496 4.0686708791666488 -11.830087053244842
0.77230819400749084 4.0156501941070974 -12.482315704893212
0.77667151713747662 3.9597136558115151 -13.154118675743083
0.7810348402674625 3.900968126541589 -13.750791080187707
0.78539816339744828 3.8399265599586658 -14.202257393473733
0.78976148652743416 3.7772513094253446 -14.50159705254922
0.79412480965741994 3.7135928581917357 -14.65200945444362
0.79848813278740571 3.6496099725139457 -14.650083886844095
0.8028514559173916 3.5859291877064816 -14.522729189626821
0.80721477904737737 3.5229533038098846 -14.341710121801272
0.81157810217736326 3.4607717730572363 -14.162329933214936
0.81594142530734903 3.3993511099459557 -13.991578708869973
0.82030474843733492 3.3386640951573394 -13.826410308988654
0.82466807156732069 3.2786816149389422 -13.669013413697304
0.82903139469730658 3.2193772483980858 -13.513130484970439
0.83339471782729235 3.1607862322079936 -13.337358901175403
0.83775804095727824 3.1030396572702412 -13.125269554457132
0.84212136408726401 3.0463004773894209 -12.876169666680857
0.84648468721724979 2.9907266016418363 -12.590820639527937
0.85084801034723567 2.9364788928666608 -12.268307286328104
0.85521133347722145 2.8837104911514522 -11.914807867216028
0.85957465660720733 2.8325232585056219 -11.54709051071992
0.86393797973719311 2.78294368382649 -11.178983386643511
0.86830130286717899 2.7349653754056189 -10.812835461035951
0.87266462599716477 2.6885820692322469 -10.44794194069509
0.87702794912715065 2.6437882606248313 -10.084163157611686
0.88139127225713643 2.6005757240167666 -9.7241112434784203
0.8857545953871222 2.5589119332902222 -9.3760559106029042
0.89011791851710809 2.5187266778226429 -9.0469239632451188
0.89448124164709386 2.4799335703447638 -8.7377706719426094
0.89884456477707975 2.4424465908680171 -8.4483178696762629
0.90320788790706552 2.4061796128771338 -8.1784436727432333
0.90757121103705141 2.3710472767168946 -7.9284597712068674
0.91193453416703718 2.3369581491381823 -7.7008899299466318
0.91629785729702307 2.3038087140526846 -7.4978108432283088
0.92066118042700884 2.2714919399211082 -7.3191165634456219
0.92502450355699462 2.2399020139435479 -7.1647332893309308
0.9293878266869805 2.2089321356389848 -7.0349033095921003
0.93375114981696627 2.1784786277004438 -6.9272630138820874
0.93811447294695216 2.1484575674233337 -6.8352949544731345
0.94247779607693793 2.11881516780779 -6.7531304841907476
0.94684111920692382 2.0895132541970236 -6.679307598740535
0.95120444233690959 2.0605148779081319 -6.6139657885221181
0.95556776546689548 2.0317817413659998 -6.5580936086472406
0.95993108859688125 2.0032797096062174 -6.505662777936716
0.96429441172686703 1.9750367959428605 -6.4342058569592409
0.96865773485685291 1.9471881172794965 -6.3232518721002871
0.97302105798683869 1.9199187620715519 -6.1691552452607885
0.97738438111682457 1.8934135647641941 -5.9727859988336993
0.98174770424681035 1.8678574355854056 -5.734432161510302
0.98611102737679623 1.8434347072052988 -5.4524165912476183
0.99047435050678201 1.8203533007473378 -5.1173387011991567
0.99483767363676789 1.7988673796115142 -4.7204659075652113
0.99920099676675367 1.7792508621002427 -4.2607528146273674
1.0035643198967394 1.7617757161550165 -3.738872088048967
1.0079276430267252 1.746715855319005 -3.1531817331102698
1.0122909661567112 1.7343390827300589 -2.5124405710813815
1.016654289286697 1.7248223964905642 -1.8498894603209566
1.0210176124166828 1.7181808009786452 -1.1976177701060149
1.0253809355466685 1.7143457242355273 -0.56286870192011951
1.0297442586766545 1.7132451916417022 0.055617565800093242
1.0341075818066403 1.7148089379218519 0.65888070958890221
1.0384709049366261 1.7189636010051117 1.2405482604618192
1.0428342280666119 1.7255632605801177 1.7730538466504258
1.0471975511965976 1.7343251681877783 2.2290719482181767
1.0515608743265836 1.7448954278530104 2.6024774834089239
1.0559241974565694 1.7569181104626566 2.8947809877446202
1.0602875205865552 1.7700371190727535 3.1045521261615563
1.064650843716541 1.7838989698001559 3.2376829197076029
1.0690141668465269 1.7982163640058286 3.3193378493751178
1.0733774899765127 1.8128280702016135 3.3751499801564657
1.0777408131064985 1.8276417484605401 3.4114663076571663
1.0821041362364843 1.8425691427337785 3.4274400006412473
1.08646745936647 1.8575202425207786 3.4217129840785052
1.090830782496456 1.8724076971997647 3.4011869151114094
1.0951941056264418 1.8872258505675592 3.3976109828801722
1.0995574287564276 1.9021304512936803 3.4442295344067446
1.1039207518864134 1.9173680627035121 3.5497293664304332
1.1082840750163994 1.9331909793832482 3.7124990276286276
1.1126473981463851 1.9498502425145554 3.9333762737487246
1.1170107212763709 1.9675969015910091 4.2097654704982723
1.1213740444063567 1.9866488171658736 4.5283980796699987
1.1257373675363425 2.0071553046664254 4.8749966968063658
1.1301006906663285 2.0292264442872834 5.2458351619664256
1.1344640137963142 2.0529694958854856 5.6411802392170856
1.1388273369263 2.0784929883867895 6.0626244583278268
1.1431906600562858 2.105903987730823 6.5033976083620715
1.1475539831862718 2.135224485401273 6.9294892408904678
1.1519173063162575 2.1662991942553793 7.3033306682121131
1.1562806294462433 2.1988660032309419 7.6138725676209127
1.1606439525762291 2.2326528753649715 7.862609654143573
1.1650072757062149 2.2673906460298574 8.0497627160379395
1.1693705988362009 2.3028078499471403 8.1733469465740267
1.1737339219661866 2.3386144949194714 8.2267608022942618
1.1780972450961724 2.374487134357361 8.2026555469318136
1.1824605682261582 2.4100789897697301 8.0979842894298244
1.1868238913561442 2.4450387787686676 7.9131448450555135
1.19118721448613 2.4790161812709401 7.6471578244009804
1.1955505376161157 2.5116596719015005 7.3033759041820652
1.1999138607461015 2.5426682006737362 6.9032433900517542
1.2042771838760873 2.5718563693656855 6.4718509994953681
1.2086405070060733 2.5991115156678672 6.0169173826604814
1.2130038301360591 2.6243284449131301 5.5376211237843576
1.2173671532660448 2.6473992910983579 5.0328269331139941
1.2217304763960306 2.6682182956922431 4.5075097009857261
1.2260937995260166 2.6867391671954106 3.9852406660872859
1.2304571226560024 2.7030410785036385 3.4939094665887032
1.2348204457859882 2.7172895999076752 3.0440517480921399
1.2391837689159739 2.7296649549185235 2.635112575252553
1.2435470920459597 2.7403435431089949 2.2662217097370729
1.2479104151759457 2.7495045227067241 1.9406826053301129
1.2522737383059315 2.7573597656330504 1.6705406755482586
1.2566370614359172 2.7641842047605771 1.4701606078335638
1.261000384565903 2.770300143731633 1.3459654973452955
1.265363707695889 2.7760406752652624 1.2978860408629029
1.2697270308258748 2.78173726151971 1.3260732878127117
1.2740903539558606 2.7877220463250416 1.4293399357056442
1.2784536770858463 2.7943068422482185 1.5987740812749116
1.2828170002158321 2.8017539116728662 1.8231636967094655
1.2871803233458181 2.810290805989724 2.0983350792279114
1.2915436464758039 2.8201393327222304 2.424380354773346
1.2959069696057897 2.8315234089050003 2.8026059231488594
1.3002702927357754 2.844666093664507 3.2285545980564976
1.3046336158657614 2.8597331390947938 3.6787574575601982
1.3089969389957472 2.8767610710064337 4.1232965148273646
1.313360262125733 2.8956888405263954 4.5493757806898198
1.3177235852557188 2.916435072798695 4.9570346715060438
1.3220869083857045 2.9389220352755752 5.3474406612281582
1.3264502315156905 2.9630715110420955 5.7180556780131528
1.3308135546456763 2.9887739918486238 6.056017171980578
1.3351768777756621 3.015848163481619 6.3444289334271158
1.3395402009056478 3.0440566264733846 6.5758068266624061
1.3439035240356338 3.0731498997300282 6.7501155095904739
1.3482668471656196 3.1028798114318135 6.8675739625999492
1.3526301702956054 3.132998771825823 6.9286419964980865
1.3569934934255912 3.1632637787623654 6.9348157909658275
1.3613568165555769 3.1934388929814443 6.8876611053566412
1.3657201396855629 3.223294158904157 6.7883888838943367
1.3700834628155487 3.2526036100791149 6.6374463884497272
1.3744467859455345 3.2811389326948133 6.4329624234299452
1.3788101090755203 3.3086725704902888 6.1808814367872822
1.3831734322055063 3.3350534167279648 5.9123805061210275
1.387536755335492 3.3603056657541619 5.6698978405302274
1.3919000784654778 3.3846007416642969 5.4742593919399827
1.3962634015954636 3.4081469660574708 5.3263197172807617
1.4006267247254494 3.4311525861787198 5.2271523696452817
1.4049900478554354 3.4538218517375254 5.1688089546534863
1.4093533709854211 3.4762671394295057 5.1160937623992444
1.4137166941154069 3.4984080989023658 5.02206143821972
1.4180800172453927 3.5199946878166237 4.8605081371536363
1.4224433403753787 3.5407223243396682 4.6290243842357519
1.4268066635053644 3.5602885627334717 4.3274220014642282
1.4311699866353502 3.5783918572550428 3.9609506372688799
1.435533309765336 3.5948079866553173 3.562583072796734
1.4398966328953218 3.609502449124681 3.178784418955781
1.4442599560253078 3.6226056087541241 2.8345163725145124
1.4486232791552935 3.6342988624437038 2.5319080538897736
1.4529866022852793 3.6447543943762963 2.2662346618126827
1.4573499254152651 3.6541449816648135 2.048339751856195
1.4617132485452511 3.6627781735426423 1.9326440560517557
1.4660765716752369 3.6712725167165283 1.9971096870443128
1.4704398948052226 3.6805321336673997 2.2856410132769867
1.4748032179352084 3.6915494351215736 2.8017084135307413
1.4791665410651942 3.7053195312000322 3.5500844973942201
1.4835298641951802 3.7228381384255846 4.5104813459743687
1.487893187325166 3.744809571478338 5.5593418076906325
1.4922565104551517 3.7712163043887861 6.5145281865621971
1.4966198335851375 3.801371460221544 7.2716355213517039
1.5009831567151235 3.8343703068079567 7.8204233037598918
1.5053464798451093 3.8693179396840729 8.1632293353108629
1.509709802975095 3.9053212180829759 8.3089125789864706
1.5140731261050808 3.9416335426419069 8.3216664578757502
1.5184364492350666 3.9778890926646717 8.2984168907013256
1.5227997723650526 4.0140815788086153 8.2962664556806747
1.5271630954950384 4.0503277031414351 8.3216371359035399
1.5315264186250241 4.0867377171773418 8.3718660116643981
1.5358897417550099 4.1234208963172421 8.4460765787374754
1.5402530648849959 4.1604573973709353 8.5297461791499032
1.5446163880149817 4.1978363129865954 8.599210374999263
1.5489797111449675 4.2354594536273558 8.6410276604015621
1.5533430342749532 4.2732016249464744 8.6540505472497582
1.557706357404939 4.3109385793376482 8.6383942850456865
1.562069680534925 4.3485465824930802 8.5957492127213087
1.5664330036649108 4.3859236660590932 8.5345568108035916
1.5707963267948966 4.4230153603634088 8.4669836736695014
1.5751596499248823 4.4598150677446471 8.4014940011760988
1.5795229730548683 4.4963366601866301 8.3390526610320936
1.5838862961848541 4.5325951139864307 8.2821691437488187
1.5882496193148399 4.568613139319079 8.2259173122294005
1.5926129424448257 4.6042956995272979 8.111852888635255
1.5969762655748114 4.6391717604128129 7.8392054964344986
1.6013395887047974 4.6723855741276195 7.3464744317075112
1.6057029118347832 4.7029559156860392 6.6296515402905714
1.610066234964769 4.7299093983334082 5.6853875884607881
1.6144295580947547 4.7522500526402007 4.5209501324265169
1.6187928812247407 4.7692368731614758 3.2703918004959966
1.6231562043547265 4.7810163854042562 2.175756178980448
1.6275195274847123 4.7886677321082054 1.386258003121813
1.6318828506146981 4.7935752142103683 0.91402644314290082
1.6362461737446838 4.7971025251716624 0.75697274753432287
1.6406094968746698 4.8006334109283832 0.91094116170392192
1.6449728200046556 4.8053329679275967 1.2580982069186386
1.6493361431346414 4.8115759997916401 1.5802359163592907
1.6536994662646272 4.8188849926176047 1.7386439507788896
1.6580627893946132 4.8264905381659213 1.7196695073116863
1.6624261125245989 4.8336399766939548 1.5274577922653776
1.6667894356545847 4.8395701125081034 1.1633522152425164
1.6711527587845705 4.8436409834343594 0.69531907204950272
1.6755160819145565 4.8456743870982253 0.25236154859465898
1.6798794050445423 4.8460028089595228 -0.080893651970619235
1.684242728174528 4.8451420520916351 -0.2947935306884501
1.6886060513045138 4.84359944224604 -0.39236545693313246
1.6929693744344996 4.8418868756239144 -0.37383911962741484
1.6973326975644856 4.8404571673165613 -0.27274716290397077
1.7016960206944713 4.8395314175883337 -0.1546658798640522
1.7060593438244571 4.8390678164488214 -0.06383660945180597
1.7104226669544429 4.8389264231252103 -0.0059512347178129468
1.7147859900844289 4.8389709239390504 0.02102316580730294
1.7191493132144147 4.8390644980921813 0.016791925854791664
1.7235126363444004 4.839084710303065 -0.0099571281363579744
1.7278759594743862 4.8389703714302437 -0.041680138933540424
1.732239282604372 4.8387313941907513 -0.066244580964029631
1.736602605734358 4.8384051480125612 -0.081960532992344043
1.7409659288643438 4.8380281924205875 -0.089399209984765554
1.7453292519943295 4.8376371801074844 -0.088458464217390953
1.7496925751243153 4.8372651693199007 -0.081382973229724848
1.7540558982543013 4.8369290847173643 -0.07286017102237248
1.7584192213842871 4.8366266061039296 -0.066220069410124607
1.7627825445142729 4.8363477446956944 -0.06195950778186473
1.7671458676442586 4.8360826772131489 -0.059919857026016599
1.7715091907742444 4.8358215680238334 -0.060133495024539095
1.7758725139042304 4.8355554840758304 -0.062017463955171138
1.7802358370342162 4.835279765554704 -0.064312586885415704
1.7845991601642019 4.8349949893807516 -0.066099954113013573
1.7889624832941877 4.834703886159379 -0.067233102990552365
1.7933258064241737 4.834409158336892 -0.067755389775528266
1.7976891295541595 4.834113510437418 -0.067657784251557399
1.8020524526841453 4.8338193940775698 -0.067105508820115442
1.806415775814131 4.8335280337678146 -0.06646428652778856
1.8107790989441168 4.8332391129348746 -0.066009269958263644
1.8151424220741028 4.8329516545359157 -0.065787802280743976
1.8195057452040886 4.8326646811447285 -0.065789727240987583
1.8238690683340744 4.8323772058633576 -0.066015102568950129
1.8282323914640601 4.8320884069619234 -0.066366804688165262
1.8325957145940461 4.8317981653702127 -0.066636595770933463
1.8369590377240319 4.8315072515877793 -0.066659814385775062
1.8413223608540177 4.8312168547111121 -0.066403914915167478
1.8456856839840035 4.8309281787390042 -0.065865689138740066
1.8500490071139892 4.8306424681284348 -0.065052452486078272
1.8544123302439752 4.8303605657275455 -0.064186460356466496
1.858775653373961 4.8300817339634801 -0.063734119056428409
1.8631389765039468 4.8298032195570393 -0.064080062991217865
1.8675022996339325 4.8295212458037486 -0.06530890121468122
1.8718656227639185 4.8292319774218964 -0.067441493234827801
1.8762289458939043 4.8289314233818192 -0.070457151110870073
1.8805922690238901 4.8286169566737955 -0.073587020471566608
1.8849555921538759 4.8282914866984656 -0.075182820344003434
1.8893189152838616 4.8279651224283819 -0.073849912603950282
1.8936822384138476 4.8276517558638652 -0.069264051404039267
1.8980455615438334 4.8273655150276742 -0.061353562884247745
1.9024088846738192 4.8271211161747223 -0.050162672619245605
1.906772207803805 4.8269285162719742 -0.038453958887732294
1.911135530933791 4.8267774399899999 -0.032315830674859665
1.9154988540637767 4.8266307352064048 -0.037021897725194916
1.9198621771937625 4.8264367202320768 -0.053858227932879532
1.9242255003237483 4.8261427488258235 -0.083059911349397164
1.9285888234537341 4.8256939685631783 -0.12458055691971112
1.9329521465837201 4.82505212486996 -0.16847565745380208
1.9373154697137058 4.8242530879604191 -0.19219334110953409
1.9416787928436916 4.8234333414742085 -0.17574445637707339
1.9460421159736774 4.8227852715788417 -0.11402503855672796
1.9504054391036634 4.8225052342936117 -0.0062748820038635812
1.9547687622336491 4.822797807844494 0.14774386792492664
1.9591320853636349 4.8238098578326438 0.31229248198373066
1.9634954084936207 4.8254167424372083 0.40373299194030904
1.9678587316236065 4.8271173092591333 0.3468116424435036
1.9722220547535925 4.8281959623686088 0.1198713071803143
1.9765853778835782 4.8279169890180498 -0.27647756938935664
1.980948701013564 4.8255356382070813 -0.84306518872937464
1.9853120241435498 4.8203979436399118 -1.5209764693090471
1.9896753472735358 4.8123085817577849 -2.1672830531460354
1.9940386704035216 4.8017209113990855 -2.651272772856041
1.9984019935335073 4.7894670255906515 -2.932323046083074
2.0027653166634933 4.7764215831297676 -3.0139718549865528
2.0071286397934789 4.7634553665882757 -2.8960888816061834
2.0114919629234649 4.7513837744253991 -2.6164018227837627
2.0158552860534504 4.7407221159455277 -2.2685356245691941
2.0202186091834364 4.7315598516947874 -1.9393809492297378
2.0245819323134224 4.723727135550269 -1.6588283731821876
2.028945255443408 4.7170175839011526 -1.4238323875331969
2.033308578573394 4.7112399060254555 -1.2314286716807681
2.0376719017033795 4.7061867550577849 -1.0971823019860583
2.0420352248333655 4.7015043600772231 -1.0735104494479932
2.0463985479633515 4.6965846703382894 -1.2106830476715418
2.0507618710933371 4.6906898376793418 -1.5192752500455229
2.0551251942233231 4.6830793719611048 -1.997775129077092
2.0594885173533091 4.6730051709120648 -2.6487054479684615
2.0638518404832946 4.6597562491731077 -3.4432010888609157
2.0682151636132806 4.6428666419897135 -4.3002162923922356
2.0725784867432662 4.622254042081261 -5.1405520070314186
2.0769418098732522 4.5980679398752118 -5.9388943853792515
2.0813051330032382 4.5704862009421436 -6.6968161927518599
2.0856684561332237 4.5396842162929634 -7.4155322858689212
2.0900317792632097 4.5058160067929194 -8.1050048842789764
2.0943951023931953 4.4689801879376141 -8.7769572090336183
2.0987584255231813 4.4292313361331805 -9.4429071300160707
2.1031217486531673 4.3865690801976331 -10.113118172885708
2.1074850717831528 4.3409704875073034 -10.788309648511417
2.1118483949131388 4.2924154958676199 -11.468879330735293
2.1162117180431244 4.2408946339253273 -12.143261525545292
2.1205750411731104 4.1865134681922784 -12.770945299180749
2.1249383643030963 4.1295745986061911 -13.310975666133821
2.1293016874330819 4.070500247103463 -13.749967269571847
2.1336650105630679 4.0097278863775827 -14.089684846197761
2.1380283336930539 3.9476899862283186 -14.329408894190543
2.1423916568230394 3.8848241561840333 -14.470158603414626
2.1467549799530254 3.8215369333736575 -14.526406707306462
2.151118303083011 3.7581579528708904 -14.513480848829648
2.155481626212997 3.6949806362209041 -14.433370269251409
2.159844949342983 3.6323017278631093 -14.285404294897685
2.1642082724729685 3.5704166677091149 -14.068888652670825
2.1685715956029545 3.5096231669679367 -13.786606406804653
2.1729349187329401 3.4501724469989763 -13.458522010477548
2.1772982418629261 3.3922105758961036 -13.106256712623509
2.1816615649929121 3.3358267467801301 -12.734763475121525
2.1860248881228976 3.2811086958865636 -12.342715233077588
2.1903882112528836 3.2281459813016387 -11.930216352435931
2.1947515343828692 3.177023742557767 -11.499961795853764
2.1991148575128552 3.1278069240066899 -11.057990504012883
2.2034781806428412 3.0805324983654963 -10.610568814292023
2.2078415037728267 3.0352148574611797 -10.161349792246058
2.2122048269028127 2.9918607379699562 -9.7102436086412336
2.2165681500327987 2.9504802511822517 -9.256899595010319
2.2209314731627843 2.9110778345912398 -8.8043910562808509
2.2252947962927703 2.8736398238124816 -8.3571223910992831
2.2296581194227558 2.838133973042142 -7.919624277121434
2.2340214425527418 2.8045086721738248 -7.4954591617028834
2.2383847656827278 2.7727035107346447 -7.085211177778139
2.2427480888127134 2.7426595737023032 -6.688003836471613
2.2471114119426994 2.7143182145171028 -6.3055461829713479
2.2514747350726849 2.6875977647783431 -5.9475225960275591
2.2558380582026709 2.662363966449306 -5.6254731376445166
2.2602013813326569 2.6384488727883229 -5.3428737986630219
2.2645647044626425 2.6156817140158162 -5.099384178943084
2.2689280275926285 2.5938910154617565 -4.8953155130649426
2.2732913507226145 2.5729084068356003 -4.7281134957118596
2.2776546738526 2.552586681559065 -4.590998602768031
2.282017996982586 2.5328116929920363 -4.4763618001763001
2.2863813201125716 2.5134962350201664 -4.3801654680550444
2.2907446432425576 2.4945615202371165 -4.3018579016421752
2.2951079663725436 2.4759275578081605 -4.2427226790222008
2.2994712895025291 2.4575131829065895 -4.1998117864633864
2.3038346126325151 2.4392815346639618 -4.153979720340419
2.3081979357625007 2.4213018941240185 -4.0813175478240487
2.3125612588924866 2.4037163591333481 -3.9735635549170194
2.3169245820224726 2.3866760570363592 -3.8314001592721714
2.3212879051524582 2.3703314408884038 -3.6546147858898754
2.3256512282824442 2.3548309629718958 -3.4452145542589925
2.3300145514124297 2.3403051046058478 -3.209115115846191
2.3343778745424157 2.326855027506336 -2.9531613436397008
2.3387411976724017 2.3145572983524456 -2.6811270700802599
2.3431045208023873 2.3034801972859098 -2.3936797976226534
2.3474678439323733 2.2936929218520254 -2.0894423271814699
2.3518311670623593 2.2852665674692005 -1.7713203109838833
2.3561944901923448 2.2782247969237233 -1.4603757333568266
2.3605578133223308 2.2724715919255889 -1.1843539270536108
2.3649211364523164 2.2678231134753952 -0.95387929547213235
2.3692844595823024 2.2640821171824119 -0.76830683244565745
2.3736477827122884 2.2610527279431851 -0.62786757480992161
2.3780111058422739 2.2585403364895908 -0.53047060454346961
2.3823744289722599 2.2563727637464543 -0.4679563679563255
2.3867377521022455 2.2544205847124497 -0.43023659729177804
2.3911010752322315 2.2525898676090077 -0.41202503902100213
2.3954643983622175 2.2507978093153143 -0.41250013118038636
2.399827721492203 2.2489603547418935 -0.43344366394633882
2.404191044622189 2.2469907585157247 -0.47126053153491437
2.4085543677521746 2.2448632927266798 -0.49844655241531438
2.4129176908821606 2.2427118184442172 -0.47693574144531847
2.4172810140121466 2.2407956409873582 -0.39052180810946024
2.4216443371421321 2.2393977938540952 -0.23953249271558422
2.4260076602721181 2.23879861107996 -0.024404844092036086
2.4303709834021041 2.2392767537291021 0.25393080931761486
2.4347343065320897 2.2411061401070609 0.59522169910335099
2.4390976296620757 2.2445637633938875 1.0002624747139413
2.4434609527920612 2.2499266603275658 1.4682713829778695
2.4478242759220472 2.2574665792181769 1.9979746801713376
2.4521875990520332 2.2674551598414996 2.5915384164825359
2.4565509221820188 2.28016888806388 3.2448294386344019
2.4609142453120048 2.2958042709183433 3.9205568407885258
2.4652775684419903 2.314335577005072 4.5642281134111649
2.4696408915719763 2.335551547912305 5.1507453322642931
2.4740042147019623 2.3592008342800086 5.6798692210002182
2.4783675378319479 2.385036748861693 6.1532957368158181
2.4827308609619338 2.412816091966099 6.570083626768799
2.4870941840919194 2.4422654079195718 6.9138973306245086
2.4914575072219054 2.4730071567108238 7.1586547419905528
2.4958208303518914 2.504576014118479 7.2931007506006065
2.5001841534818769 2.5364924000444806 7.3181803081624732
2.5045474766118629 2.5682788988272738 7.2330552562189387
2.5089107997418489 2.5994563188487745 7.0404003760453255
2.5132741228718345 2.6295894700529914 6.7593868888383231
2.5176374460018205 2.6583559107104029 6.4184284131746958
2.522000769131806 2.6855350245135017 6.0322292957417067
2.526364092261792 2.7109350773094172 5.6034264411239203
2.530727415391778 2.734365918132672 5.1277143105304521
2.5350907385217636 2.7556184958110941 4.6077718491088744
2.5394540616517496 2.7746254888363993 4.1216401290197071
2.5438173847817351 2.7918246418550772 3.7991799638666497
2.5481807079117211 2.8081095839334815 3.7036079740440826
2.5525440310417071 2.8244696442381465 3.8314384448887804
2.5569073541716927 2.8418729940051684 4.184649035326923
2.5612706773016787 2.861313334238599 4.7618206783751171
2.5656340004316642 2.883619576703031 5.4709042233498506
2.5699973235616502 2.9090195161078478 6.1549169617235231
2.5743606466916362 2.9371794342979021 6.7344734278484175
2.5787239698216218 2.9676394631772283 7.2112960751527178
2.5830872929516078 2.9999619065154901 7.586390497122796
2.5874506160815938 3.0336949142310141 7.8595246469332869
2.5918139392115793 3.0684628927393671 8.0733197524880094
2.5961772623415653 3.1041695744891111 8.3020034880029243
2.6005405854715509 3.1409902268764753 8.5847880401977203
2.6049039086015369 3.1791632530660734 8.92069962265386
2.6092672317315229 3.2189211254848211 9.3137524762265702
2.6136305548615084 3.2605091596841165 9.7536160309907523
2.6179938779914944 3.3039636645981734 10.14272624306672
2.62235720112148 3.3487144978839178 10.321002309215242
2.626720524251466 3.3935836823665144 10.191449856233682
2.631083847381452 3.4371908252035679 9.7450399726552739
2.6354471705114375 3.4781604201361263 8.9790716833472946
2.6398104936414235 3.5151052294163505 7.9086715899815321
2.6441738167714091 3.5469363494076012 6.6730877088761167
2.6485371399013951 3.5734344289281057 5.5031810273160797
2.6529004630313811 3.5952682863121495 4.5447801857367125
2.6572637861613666 3.613432138500043 3.8180976136814513
2.6616271092913526 3.6289123009826083 3.3147499174600821
2.6659904324213386 3.6426804640394423 3.0325700512647988
2.6703537555513241 3.6557126496231396 2.9815322764602801
2.6747170786813101 3.6690762344445536 3.1896957374046147
2.6790804018112957 3.6839443347735061 3.6703616658195033
2.6834437249412817 3.7014923205030223 4.4165166331150569
2.6878070480712677 3.7228857105067692 5.4376895371088265
2.6921703712012532 3.7493318994695177 6.7247968400063689
2.6965336943312392 3.7816708853662475 8.0808321115058028
2.7008970174612248 3.8194146647044014 9.1372346887512901
2.7052603405912108 3.8606303792016936 9.6587781246131144
2.7096236637211968 3.9028946476026443 9.6242611395172588
2.7139869868511823 3.9438122661537127 9.0358299687387511
2.7183503099811683 3.9809526511419082 7.9011489057333293
2.7227136331111539 4.0122713058860056 6.4285429624736992
2.7270769562411399 4.0371344523596555 5.0124403870110399
2.7314402793711259 4.0564753997413483 3.9141916708167175
2.7358036025011114 4.0718015513131904 3.1661344257215003
2.7401669256310974 4.0845991080819717 2.7577081323927222
2.7445302487610834 4.0963587406872355 2.6873127387424636
2.748893571891069 4.1084384688137821 2.8837779873093043
2.753256895021055 4.121718473781284 3.2136434224270896
2.7576202181510405 4.1365425605725932 3.5845984609219426
2.7619835412810265 4.1530361387073986 3.9804030275403903
2.7663468644110125 4.1713246777730815 4.4082116463239354
2.7707101875409981 4.1915516411374103 4.8680592079506786
2.7750735106709841 4.2137771235280992 5.307703183120581
2.7794368338009696 4.2376746753480887 5.6129904428800428
2.7838001569309556 4.2624515753554659 5.7064229632110033
2.7881634800609416 4.2871552091621119 5.5816267714492316
2.7925268031909272 4.3108457646209342 5.2404635254161214
2.7968901263209132 4.3325698133754127 4.681300923036912
2.8012534494508987 4.3514614634725151 3.9596302964755727
2.8056167725808847 4.3670641168394786 3.1967139598748786
2.8099800957108707 4.379422373049267 2.4780191851618589
2.8143434188408563 4.3887687392839174 1.814208443372894
2.8187067419708423 4.3953278272229026 1.2009317860035758
2.8230700651008283 4.3993235689070271 0.63903070321864586
2.8274333882308138 4.400977090176581 0.12709249638635889
2.8317967113607998 4.4005037280465542 -0.33598303457966922
2.8361600344907854 4.3981144234746177 -0.75138500016939846
2.8405233576207713 4.3940149216183135 -1.1198516337292974
2.8448866807507573 4.3884099285225915 -1.441527701598502
2.8492500038807429 4.3815032114560113 -1.7164558013671791
2.8536133270107289 4.3735089810700201 -1.9377858902755416
2.8579766501407144 4.3646939789617347 -2.0895775828453358
2.8623399732707004 4.3553925052516975 -2.1598750268315854
2.8667032964006864 4.3459667038775205 -2.1468481990995589
2.871066619530672 4.3367781448081493 -2.0510236777772954
2.875429942660658 4.328189113878671 -1.8720276119681167
2.8797932657906435 4.3205560752673611 -1.614339310208988
2.8841565889206295 4.3141992854350573 -1.2893126583697847
2.8885199120506155 4.3093901723470029 -0.90551939778342516
2.8928832351806011 4.306380685769752 -0.46428290078918683
2.8972465583105871 4.3054230520558736 0.035060006910990579
2.9016098814405731 4.3067718511114803 0.59298835121913063
2.9059732045705586 4.3106686183988048 1.1995723394826003
2.9103365277005446 4.3172728076998546 1.8286482112177016
2.9146998508305302 4.3266295454746535 2.4597599183934227
2.9190631739605162 4.3387365712586305 3.0897088878233712
2.9234264970905022 4.3535925488954961 3.7198001184453222
2.9277898202204877 4.3711978114614256 4.3497953749623131
2.9321531433504737 4.3915429945095301 4.9738227536045931
2.9365164664804593 4.4145735932028529 5.5779043329925972
2.9408797896104453 4.4401737705072106 6.1506185437836631
2.9452431127404313 4.4681981449614119 6.6891474204264698
2.9496064358704168 4.4984981614880022 7.1936891249539103
2.9539697590004028 4.5309327398507806 7.6692262792440102
2.9583330821303884 4.5653336692150575 8.0821159305618782
2.9626964052603744 4.6012100904231303 8.3214569963922518
2.9670597283903604 4.6375682475922027 8.2968937948756505
2.9714230515203459 4.6732152836683811 7.9980919358269524
2.9757863746503319 4.7069743629839733 7.4308682739744665
2.9801496977803179 4.7376536173523318 6.5829696756261997
2.9845130209103035 4.7641094095790164 5.5204174096722776
2.9888763440402895 4.7858459111548024 4.4699411649177483
2.993239667170275 4.8034112112784886 3.6217463063349356
2.997602990300261 4.8177816202496198 3.0004497724300214
3.001966313430247 4.8299089063161729 2.5949277137529125
3.0063296365602326 4.8407550737694303 2.4152225028597409
3.0106929596902186 4.8512656003284018 2.4279634498447327
3.0150562828202041 4.8620415224382318 2.5084077322919116
3.0194196059501901 4.8730974741301285 2.5488963534018252
3.0237829290801761 4.8842075455875342 2.536241754631881
3.0281462522101616 4.8951619430741156 2.4765480003260358
3.0325095753401476 4.9057453004598068 2.3658356964867089
3.0368728984701332 4.9157473268155014 2.2135765101908627
3.0412362216001192 4.9250524511435758 2.054477245987032
3.0455995447301052 4.9337113817597764 1.9196888808374415
3.0499628678600907 4.941846514262302 1.8135144816152102
3.0543261909900767 4.9495765319019469 1.734326926554826
3.0586895141200627 4.9570226861628699 1.6835450009759305
3.0630528372500483 4.9642986038774817 1.6536441481731776
3.0674161603800343 4.9714491811245729 1.6208056999994196
3.0717794835100198 4.9784063635347122 1.5629140927601139
3.0761428066400058 4.9850443448857211 1.4748839925961921
3.0805061297699918 4.9912347822131489 1.3577209140693258
3.0848694528999774 4.9968496668062325 1.2109738131895302
3.0892327760299634 5.0017633915818669 1.0373224048059566
3.0935960991599489 5.0058755312795373 0.84546385691587844
3.0979594222899349 5.0091271964228152 0.64380143006275969
3.1023227454199209 5.011482127447608 0.4341419972089744
3.1066860685499065 5.0129046454952402 0.21681325120801137
3.1110493916798925 5.013362355394352 -0.0086454915891839602
3.115412714809878 5.0128081518840322 -0.248575404917662
3.119776037939864 5.0111222459668303 -0.53723867887367882
3.12413936106985 5.0079905194571879 -0.91482994323005107
3.1285026841998356 5.003212627569817 -1.2416945687009957
3.1328660073298216 4.9977239800175228 -1.1771443431349558
3.1372293304598076 4.9937121935439004 -0.58174533748895663
3.1415926535897931 4.9923954486867652 -0.15950258197679479
3.1459559767197791 4.9911150971520879 -0.56587628147800861
3.1503192998497647 4.986986944195233 -1.2956060622194761
3.1546826229797507 4.979909305529044 -1.9562342628856686
3.1590459461097367 4.9699758676720638 -2.5754115632574988
3.1634092692397222 4.9581500124079421 -2.7027074164108149
3.1677725923697082 4.947542153230013 -2.0380446470737796
3.1721359154996938 4.9408278481899552 -1.0549568159721383
3.1764992386296798 4.9380565383845605 -0.26395644981074223
3.1808625617596658 4.9381540507661326 0.2724149233192803
3.1852258848896513 4.9400975688746049 0.57760595177850449
3.1895892080196373 4.9428396264845889 0.63872582864498872
3.1939525311496229 4.9453693564441359 0.49210487232541261
3.1983158542796088 4.946997294920525 0.25145692998021246
3.2026791774095948 4.9476024536165815 0.037431926438427514
3.2070425005395804 4.9474219022666608 -0.10924612912796856
3.2114058236695664 4.9467422099778267 -0.19190736817006326
3.2157691467995524 4.9458408657010855 -0.21016506775160754
3.2201324699295379 4.9449904139470178 -0.17187859042094014
3.2244957930595239 4.9443787271802018 -0.10761296628631457
3.2288591161895095 4.9440418524385494 -0.049852396959379465
3.2332224393194955 4.943917498725642 -0.010094771927568887
3.2375857624494815 4.9439287668368914 0.012479552285236199
3.241949085579467 4.9440013092749018 0.017800451801722343
3.246312408709453 4.9440618830047809 0.0078425757681335126
3.2506757318394386 4.9440592664165264 -0.0093223595814813411
3.2550390549694246 4.943982830719035 -0.024905485451429236
3.2594023780994106 4.9438489161546606 -0.035681885305364307
3.2637657012293961 4.9436781585005001 -0.041844160410377369
3.2681290243593821 4.9434904784457112 -0.043385088346790605
3.2724923474893677 4.9433055546277114 -0.040799038294727183
3.2768556706193537 4.9431373440434028 -0.03621608871208707
3.2812189937493397 4.9429889577611847 -0.032012577965426829
3.2855823168793252 4.942856115832706 -0.029091874061489786
3.2899456400093112 4.9427332809820497 -0.02741033015587423
3.2943089631392972 4.9426151153748759 -0.026966514447667435
3.2986722862692828 4.9424963330225395 -0.027637028583460739
3.3030356093992688 4.9423731329995455 -0.028860197094248502
3.3073989325292543 4.9422446104044599 -0.029993906526880686
3.3117622556592403 4.9421118844841452 -0.030785424836196094
3.3161255787892263 4.9419764409645754 -0.031244119325558518
3.3204889019192119 4.9418397102155582 -0.031371340446676194
3.3248522250491979 4.9417031118306323 -0.031197788402660173
3.3292155481791834 4.9415676803660578 -0.030871453278160724
3.3335788713091694 4.9414336775921077 -0.030565735170030726
3.3379421944391554 4.9413008113115611 -0.030351252105392839
3.342305517569141 4.9411686829225205 -0.030226170338111227
3.346668840699127 4.9410369091116966 -0.030189853619607094
3.351032163829113 4.9409051087146576 -0.030234691572055734
3.3553954869590985 4.940773000285831 -0.030321722872378807
3.3597588100890845 4.9406405084621969 -0.03040414962753878
3.3641221332190701 4.9405077093882861 -0.030462263888192429
3.3684854563490561 4.9403747099915041 -0.030496361680482732
3.372848779479042 4.9402416129981148 -0.030506690595637175
3.3772121026090276 4.9401085207315676 -0.030495129689830223
3.3815754257390136 4.9399755097194342 -0.030471928040944823
3.3859387488689991 4.9398426015666983 -0.030449708210237268
3.3903020719989851 4.9397097764691953 -0.03043396369792236
3.3946653951289711 4.9395770057469575 -0.030424671327675078
3.3990287182589567 4.9394442618684149 -0.030421743277188471
3.4033920413889427 4.9393115173700455 -0.030424717645593319
3.4077553645189282 4.9391787514533609 -0.030430900532744311
3.4121186876489142 4.9390459579480748 -0.030436889289694062
3.4164820107789002 4.9389131419941981 -0.030441154413893317
3.4208453339088858 4.9387803112830211 -0.030443686046354959
3.4252086570388718 4.9386474731936225 -0.030444513656067856
3.4295719801688578 4.9385146350958644 -0.030443750223826914
3.4339353032988433 4.93838180263967 -0.030442103237228863
3.4382986264288293 4.9382489775812584 -0.030440489421603177
3.4426619495588149 4.9381161585896018 -0.030439334136346821
3.4470252726888009 4.9379833436024505 -0.030438644604503618
3.4513885958187869 4.9378505306419482 -0.030438411300919122
3.4557519189487724 4.9377177177307239 -0.030438606744851188
3.4601152420787584 4.9375849033346668 -0.030439045287473512
3.464478565208744 4.9374520869554512 -0.030439480088180839
3.46884188833873 4.9373192689369017 -0.030439792985127362
3.473205211468716 4.9371864498318541 -0.030439980740658925
3.4775685345987015 4.9370536301704702 -0.030440046351266375
3.4819318577286875 4.9369208104832021 -0.030439996458629659
3.4862951808586731 4.9367879911864208 -0.030439879736307299
3.4906585039886591 4.9366551724211307 -0.030439762612820984
3.4950218271186451 4.9365223540987548 -0.030439677877244761
3.4993851502486306 4.9363895360711245 -0.030439626765587337
3.5037484733786166 4.936256718196125 -0.030439608354467119
3.5081117965086026 4.936123900331479 -0.030439621050850896
3.5124751196385882 4.935991082364227 -0.030439652104542556
3.5168384427685742 4.9358582642545734 -0.030439683648188522
3.5212017658985597 4.9357254460252706 -0.030439706592788805
3.5255650890285457 4.9355926277160203 -0.030439720503381326
3.5299284121585317 4.935459809364918 -0.030439725659541325
3.5342917352885173 4.935326991010121 -0.030439722439906839
3.5386550584185033 4.9351941726822615 -0.030439714181753164
3.5430183815484888 4.9350613543925448 -0.030439705688025325
3.5473817046784748 4.9349285361351463 -0.030439699475695654
3.5517450278084608 4.9347957178994299 -0.030439695690820428
3.5561083509384463 4.9346628996751827 -0.030439694249533238
3.5604716740684323 4.9345300814521735 -0.030439695062751612
3.5648349971984179 4.9343972632220989 -0.030439697257748206
3.5691983203284039 4.9342644449818112 -0.030439699544449542
3.5735616434583899 4.9341316267327944 -0.030439701226322717
3.5779249665883754 4.9339988084778987 -0.030439702255769852
3.5822882897183614 4.9338659902198616 -0.030439702658037131
3.5866516128483474 4.9337331719614257 -0.030439702453628249
3.591014935978333 4.9336003537048407 -0.030439701870566084
3.595378259108319 4.9334675354509896 -0.030439701254963116
3.5997415822383045 4.9333347171994966 -0.030439700799486127
3.6041049053682905 4.9332018989495978 -0.030439700519531144
3.6084682284982765 4.9330690807005588 -0.030439700407547229
3.6128315516282621 4.9329362624516442 -0.030439700458828666
3.6171948747582481 4.9328034442022446 -0.030439700613617452
3.6215581978882336 4.932670625952114 -0.030439700779183322
3.6259215210182196 4.9325378077013466 -0.030439700902557477
3.6302848441482056 4.9324049894501467 -0.030439700978728126
3.6346481672781912 4.9322721711987114 -0.030439701009901864
3.6390114904081772 4.9321393529472379 -0.030439700997121559
3.6433748135381627 4.9320065346958915 -0.030439700956002406
3.6477381366681487 4.9318737164447404 -0.030439700911587375
3.6521014597981347 4.9317408981937607 -0.030439700878152086
3.6564647829281203 4.9316080799428992 -0.030439700857240282
3.6608281060581063 4.9314752616921025 -0.03043970084852549
3.6651914291880923 4.9313424434413173 -0.03043970085176986
3.6695547523180778 4.9312096251904984 -0.030439700862783119
3.6739180754480638 4.9310768069396271 -0.030439700874720348
3.6782813985780494 4.9309439886887096 -0.030439700883742152
3.6826447217080354 4.9308111704377602 -0.030439700889456398
3.6870080448380214 4.930678352186793 -0.030439700891765627
3.6913713679680069 4.9305455339358231 -0.030439700890869087
3.6957346910979929 4.9304127156848621 -0.030439700887871356
3.7000980142279785 4.9302798974339153 -0.030439700884881474
3.7044613373579645 4.9301470791829791 -0.030439700882740083
3.7088246604879505 4.9300142609320519 -0.030439700880851565
3.713187983617936 4.9298814426811308 -0.030439700880174989
3.717551306747922 4.9297486244302098 -0.030439700880495146
3.7219146298779076 4.929615806179287 -0.03043970088111244
3.7262779530078936 4.9294829879283606 -0.030439700881987101
3.7306412761378795 4.9293501696774307 -0.030439700882747191
3.7350045992678651 4.9292173514264981 -0.030439700883116139
3.7393679223978511 4.9290845331755646 -0.030439700883322925
3.7437312455278371 4.9289517149246302 -0.030439700883338857
3.7480945686578226 4.9288188966736968 -0.030439700883077656
3.7524578917878086 4.9286860784227642 -0.030439700882885182
3.7568212149177942 4.9285532601718325 -0.030439700882694931
3.7611845380477802 4.9284204419209017 -0.030439700882427083
3.7655478611777662 4.9282876236699718 -0.030439700882458114
3.7699111843077517 4.9281548054190409 -0.030439700882611127
3.7742745074377377 4.9280219871681101 -0.030439700882578708
3.7786378305677233 4.9278891689171793 -0.030439700882555373
3.7830011536977093 4.9277563506662485 -0.03043970088268114
3.7873644768276953 4.9276235324153168 -0.030439700882802786
3.7917277999576808 4.9274907141643851 -0.030439700882810384
3.7960911230876668 4.9273578959134534 -0.030439700882658346
3.8004544462176524 4.9272250776625226 -0.03043970088264826
3.8048177693476384 4.9270922594115909 -0.030439700882840644
3.8091810924776244 4.9269594411606592 -0.030439700882682538
3.8135444156076099 4.9268266229097284 -0.030439700882521216
3.8179077387375959 4.9266938046587976 -0.030439700882713937
3.8222710618675819 4.9265609864078659 -0.030439700882705752
3.8266343849975675 4.9264281681569351 -0.03043970088255506
3.8309977081275535 4.9262953499060043 -0.030439700882555338
3.835361031257539 4.9261625316550735 -0.03043970088270492
3.839724354387525 4.9260297134041418 -0.030439700882716993
3.844087677517511 4.9258968951532109 -0.030439700882509829
3.8484510006474966 4.9257640769022801 -0.030439700882725032
3.8528143237774826 4.9256312586513484 -0.030439700882682032
3.8571776469074681 4.9254984404004176 -0.03043970088263883
3.8615409700374541 4.9253656221494859 -0.030439700882854661
3.8659042931674401 4.9252328038985542 -0.030439700882635892
3.8702676162974257 4.9250999856476234 -0.030439700882693786
3.8746309394274117 4.9249671673966917 -0.030439700882680967
3.8789942625573972 4.9248343491457609 -0.030439700882674333
3.8833575856873832 4.9247015308948292 -0.030439700882713711
3.8877209088173692 4.9245687126438984 -0.030439700882553523
3.8920842319473548 4.9244358943929676 -0.030439700882553516
3.8964475550773408 4.9243030761420368 -0.030439700882713732
3.9008108782073267 4.9241702578911051 -0.030439700882674274
3.9051742013373123 4.9240374396401743 -0.030439700882681189
3.9095375244672983 4.9239046213892426 -0.03043970088269296
3.9139008475972838 4.9237718031383118 -0.030439700882638979
3.9182641707272698 4.9236389848873801 -0.030439700882843129
3.9226274938572558 4.9235061666364484 -0.030439700882681872
3.9269908169872414 4.9233733483855175 -0.030439700882521389
3.9313541401172274 4.9232405301345867 -0.030439700882713892
3.9357174632472129 4.923107711883655 -0.030439700882715047
3.9400807863771989 4.9229748936327242 -0.030439700882517937
3.9444441095071849 4.9228420753817934 -0.030439700882685255
3.9488074326371705 4.9227092571308617 -0.030439700882833067
3.9531707557671565 4.92257643887993 -0.030439700882685151
3.957534078897142 4.9224436206289992 -0.030439700882518354
3.961897402027128 4.9223108023780684 -0.030439700882722784
3.966260725157114 4.9221779841271367 -0.030439700882673209
3.9706240482870996 4.9220451658762059 -0.03043970088267637
3.9749873714170856 4.9219123476252742 -0.030439700882713319
3.9793506945470716 4.9217795293743434 -0.030439700882553045
3.9837140176770571 4.9216467111234126 -0.030439700882555844
3.9880773408070431 4.9215138928724818 -0.030439700882704909
3.9924406639370287 4.9213810746215501 -0.030439700882716504
3.9968039870670147 4.9212482563706192 -0.030439700882521094
4.0011673101970002 4.9211154381196884 -0.03043970088268045
4.0055306333269867 4.9209826198687567 -0.030439700882839829
4.0098939564569722 4.920849801617825 -0.030439700882653617
4.0142572795869578 4.9207169833668942 -0.030439700882646994
4.0186206027169442 4.9205841651159625 -0.030439700882841102
4.0229839258469298 4.9204513468650308 -0.030439700882681983
4.0273472489769153 4.9203185286141 -0.030439700882532266
4.0317105721069009 4.9201857103631692 -0.0304397008826796
4.0360738952368873 4.9200528921122375 -0.03043970088283204
4.0404372183668729 4.9199200738613058 -0.030439700882685623
4.0448005414968584 4.919787255610375 -0.030439700882526746
4.0491638646268449 4.9196544373594442 -0.030439700882679423
4.0535271877568304 4.9195216191085125 -0.030439700882838257
4.057890510886816 4.9193888008575808 -0.030439700882679499
4.0622538340168024 4.91925598260665 -0.030439700882526437
4.066617157146788 4.9191231643557192 -0.030439700882686788
4.0709804802767735 4.9189903461047875 -0.030439700882827703
4.0753438034067591 4.9188575278538558 -0.03043970088271435
4.0797071265367455 4.918724709602925 -0.03043970088239761
4.0840704496667311 4.918591891351995 -0.03043970088255659
4.0884337727967166 4.9184590731010633 -0.030439700882866651
4.092797095926703 4.9183262548501316 -0.03043970088267017
4.0971604190566886 4.9181934365992008 -0.030439700882535371
4.1015237421866741 4.91806061834827 -0.030439700882678968
4.1058870653166606 4.9179278000973383 -0.030439700882831433
4.1102503884466461 4.9177949818464066 -0.030439700882688686
4.1146137115766317 4.9176621635954758 -0.030439700882515092
4.1189770347066181 4.917529345344545 -0.030439700882722989
4.1233403578366037 4.9173965270936133 -0.030439700882675651
4.1277036809665892 4.9172637088426825 -0.030439700882675707
4.1320670040965748 4.9171308905917508 -0.030439700882722822
4.1364303272265612 4.91699807234082 -0.030439700882515703
4.1407936503565468 4.9168652540898892 -0.030439700882686424
4.1451569734865323 4.9167324358389575 -0.030439700882839905
4.1495202966165188 4.9165996175880258 -0.03043970088264732
4.1538836197465043 4.916466799337095 -0.03043970088265352
4.1582469428764899 4.9163339810861633 -0.030439700882839898
4.1626102660064763 4.9162011628352316 -0.030439700882680255
4.1669735891364619 4.9160683445843008 -0.030439700882521781
4.1713369122664474 4.9159355263333699 -0.030439700882723224
4.1757002353964339 4.9158027080824382 -0.030439700882668026
4.1800635585264194 4.9156698898315074 -0.030439700882687395
4.184426881656405 4.9155370715805757 -0.03043970088268369
4.1887902047863905 4.9154042533296449 -0.030439700882679152
4.193153527916377 4.9152714350787132 -0.030439700882682413
4.1975168510463625 4.9151386168277824 -0.030439700882673892
4.2018801741763481 4.9150057985768507 -0.030439700882723308
4.2062434973063345 4.9148729803259199 -0.030439700882515564
4.2106068204363201 4.9147401620749891 -0.030439700882686483
4.2149701435663056 4.9146073438240574 -0.030439700882839805
4.2193334666962921 4.9144745255731257 -0.03043970088264767
4.2236967898262776 4.9143417073221949 -0.030439700882652208
4.2280601129562632 4.9142088890712632 -0.030439700882844787
4.2324234360862487 4.9140760708203315 -0.030439700882680606
4.2367867592162352 4.9139432525694007 -0.030439700882515477
4.2411500823462207 4.9138104343184699 -0.030439700882729532
4.2455134054762063 4.9136776160675382 -0.030439700882667661
4.2498767286061927 4.9135447978166074 -0.030439700882682514
4.2542400517361783 4.9134119795656757 -0.030439700882684998
4.2586033748661638 4.9132791613147448 -0.030439700882678767
4.2629666979961502 4.9131463430638131 -0.030439700882682632
4.2673300211261358 4.9130135248128823 -0.030439700882673407
4.2716933442561213 4.9128807065619506 -0.030439700882725039
4.2760566673861078 4.9127478883110198 -0.030439700882509132
4.2804199905160933 4.912615070060089 -0.030439700882710464
4.2847833136460789 4.9124822518091573 -0.030439700882750304
4.2891466367760644 4.9123494335582265 -0.030439700882389623
4.2935099599060509 4.9122166153072966 -0.030439700882552576
4.2978732830360364 4.9120837970563649 -0.030439700882872102
4.302236606166022 4.9119509788054332 -0.030439700882670985
4.3065999292960084 4.9118181605545024 -0.030439700882526656
4.310963252425994 4.9116853423035716 -0.030439700882694445
4.3153265755559795 4.9115525240526399 -0.030439700882796846
4.319689898685966 4.9114197058017082 -0.030439700882811518
4.3240532218159515 4.9112868875507765 -0.030439700882650449
4.3284165449459371 4.9111540692998457 -0.030439700882687968
4.3327798680759235 4.911021251048914 -0.030439700882680377
4.3371431912059091 4.9108884327979831 -0.030439700882673219
4.3415065143358946 4.9107556145470515 -0.030439700882728026
4.3458698374658802 4.9106227962961206 -0.030439700882515967
4.3502331605958666 4.9104899780451898 -0.030439700882680155
4.3545964837258522 4.9103571597942581 -0.030439700882846123
4.3589598068558377 4.9102243415433264 -0.030439700882647313
4.3633231299858242 4.9100915232923956 -0.030439700882647313
4.3676864531158097 4.9099587050414639 -0.030439700882846137
4.3720497762457953 4.9098258867905322 -0.030439700882680106
4.3764130993757817 4.9096930685396014 -0.030439700882516151
4.3807764225057673 4.9095602502886706 -0.030439700882727357
4.3851397456357528 4.9094274320377389 -0.030439700882675714
4.3895030687657384 4.9092946137868081 -0.030439700882671103
4.3938663918957248 4.9091617955358764 -0.030439700882722555
4.3982297150257104 4.9090289772849456 -0.030439700882521389
4.4025930381556959 4.9088961590340148 -0.030439700882682504
4.4069563612856824 4.9087633407830831 -0.030439700882831301
4.4113196844156679 4.9086305225321514 -0.030439700882685671
4.4156830075456535 4.9084977042812206 -0.030439700882527312
4.4200463306756399 4.9083648860302898 -0.030439700882677109
4.4244096538056255 4.9082320677793581 -0.030439700882846962
4.428772976935611 4.9080992495284264 -0.030439700882647001
4.4331363000655974 4.9079664312774955 -0.030439700882647733
4.437499623195583 4.9078336130265638 -0.030439700882844783
4.4418629463255686 4.9077007947756321 -0.030439700882685095
4.4462262694555541 4.9075679765247013 -0.030439700882516151
4.4505895925855405 4.9074351582737705 -0.030439700882722343
4.4549529157155261 4.9073023400228388 -0.030439700882677209
4.4593162388455116 4.907169521771908 -0.030439700882670132
4.4636795619754981 4.9070367035209763 -0.030439700882724959
4.4680428851054836 4.9069038852700455 -0.030439700882512733
4.4724062082354692 4.9067710670191147 -0.030439700882714735
4.4767695313654556 4.906638248768183 -0.030439700882711022
4.4811328544954412 4.9065054305172522 -0.03043970088252388
4.4854961776254267 4.9063726122663214 -0.030439700882684061
4.4898595007554132 4.9062397940153897 -0.030439700882822565
4.4942228238853987 4.906106975764458 -0.030439700882719047
4.4985861470153843 4.9059741575135272 -0.03043970088240255
4.5029494701453698 4.9058413392625972 -0.030439700882550727
4.5073127932753563 4.9057085210116655 -0.030439700882866582
4.5116761164053418 4.9055757027607338 -0.030439700882676328
4.5160394395353274 4.905442884509803 -0.030439700882529393
4.5204027626653138 4.9053100662588722 -0.030439700882678132
4.5247660857952994 4.9051772480079405 -0.030439700882840776
4.5291294089252849 4.9050444297570088 -0.030439700882670732
4.5334927320552714 4.904911611506078 -0.030439700882559019
4.5378560551852569 4.9047787932551472 -0.030439700882565233
4.5422193783152425 4.9046459750042164 -0.030439700882670666
4.5465827014452289 4.9045131567532847 -0.030439700882834802
4.5509460245752145 4.904380338502353 -0.03043970088268352
4.5553093477052 4.9042475202514222 -0.030439700882532426
4.5596726708351856 4.9041147020004914 -0.030439700882677403
4.564035993965172 4.9039818837495597 -0.030439700882840669
4.5683993170951576 4.903849065498628 -0.030439700882653312
4.5727626402251431 4.9037162472476972 -0.030439700882647375
4.5771259633551296 4.9035834289967655 -0.030439700882839895
4.5814892864851151 4.9034506107458338 -0.030439700882686424
4.5858526096151007 4.903317792494903 -0.030439700882515693
4.5902159327450871 4.9031849742439721 -0.030439700882722829
4.5945792558750727 4.9030521559930405 -0.030439700882675703
4.5989425790050582 4.9029193377421096 -0.030439700882675655
4.6033059021350438 4.9027865194911779 -0.030439700882722989
4.6076692252650302 4.9026537012402471 -0.030439700882515085
4.6120325483950158 4.9025208829893163 -0.030439700882688728
4.6163958715250013 4.9023880647383846 -0.030439700882831291
4.6207591946549877 4.9022552464874529 -0.030439700882679478
4.6251225177849733 4.9021224282365221 -0.030439700882533508
4.6294858409149588 4.9019896099855913 -0.030439700882677116
4.6338491640449453 4.9018567917346596 -0.030439700882840735
4.6382124871749308 4.9017239734837279 -0.030439700882653332
4.6425758103049164 4.9015911552327971 -0.030439700882647223
4.6469391334349028 4.9014583369818654 -0.030439700882840481
4.6513024565648884 4.9013255187309337 -0.030439700882684238
4.6556657796948739 4.9011927004800029 -0.030439700882523846
4.6600291028248595 4.9010598822290721 -0.030439700882711033
4.6643924259548459 4.9009270639781404 -0.030439700882714738
4.6687557490848315 4.9007942457272096 -0.030439700882512733
4.673119072214817 4.9006614274762788 -0.030439700882724952
4.6774823953448035 4.9005286092253471 -0.030439700882670156
4.681845718474789 4.9003957909744162 -0.03043970088267714
4.6862090416047746 4.9002629727234845 -0.030439700882722596
4.690572364734761 4.9001301544725537 -0.030439700882515176
4.6949356878647466 4.8999973362216229 -0.030439700882688738
4.6992990109947321 4.8998645179706912 -0.030439700882831155
4.7036623341247186 4.8997316997197595 -0.030439700882679995
4.7080256572547041 4.8995988814688287 -0.030439700882531562
4.7123889803846897 4.8994660632178979 -0.03043970088268437
4.7167523035146752 4.8993332449669662 -0.030439700882832262
4.7211156266446617 4.8992004267160345 -0.03043970088267995
4.7254789497746472 4.8990676084651037 -0.03043970088253066
4.7298422729046328 4.8989347902141729 -0.030439700882688055
4.7342055960346192 4.8988019719632412 -0.030439700882799819
4.7385689191646048 4.8986691537123095 -0.03043970088280604
4.7429322422945903 4.8985363354613778 -0.030439700882687968
4.7472955654245768 4.898403517210447 -0.030439700882524793
4.7516588885545623 4.8982706989595162 -0.030439700882684911
4.7560222116845479 4.8981378807085845 -0.030439700882836852
4.7603855348145334 4.8980050624576528 -0.030439700882679641
4.7647488579445199 4.897872244206722 -0.030439700882527274
4.7691121810745054 4.8977394259557911 -0.030439700882683319
4.773475504204491 4.8976066077048594 -0.030439700882840738
4.7778388273344774 4.8974737894539278 -0.030439700882647098
4.782202150464463 4.8973409712029969 -0.030439700882653565
4.7865654735944485 4.8972081529520652 -0.030439700882839944
4.7909287967244349 4.8970753347011335 -0.030439700882680023
4.7952921198544205 4.8969425164502027 -0.030439700882522677
4.7996554429844061 4.8968096981992719 -0.030439700882719894
4.8040187661143925 4.8966768799483402 -0.030439700882680436
4.808382089244378 4.8965440616974094 -0.030439700882641068
4.8127454123743636 4.8964112434464777 -0.030439700882856587
4.8171087355043491 4.896278425195546 -0.030439700882644565
4.8214720586343356 4.8961456069446152 -0.030439700882647851
4.8258353817643211 4.8960127886936835 -0.030439700882846733
4.8301987048943067 4.8958799704427518 -0.030439700882677164
4.8345620280242931 4.895747152191821 -0.030439700882527301
4.8389253511542787 4.8956143339408902 -0.030439700882685678
4.8432886742842642 4.8954815156899585 -0.030439700882831294
4.8476519974142507 4.8953486974390268 -0.0304397008826825
4.8520153205442362 4.895215879188096 -0.03043970088252141
4.8563786436742218 4.8950830609371652 -0.030439700882722496
4.8607419668042082 4.8949502426862335 -0.030439700882671308
4.8651052899341938 4.8948174244353027 -0.030439700882675003
4.8694686130641793 4.894684606184371 -0.030439700882729969
4.8738319361941649 4.8945517879334401 -0.03043970088250644
4.8781952593241513 4.8944189696825093 -0.030439700882716331
4.8825585824541369 4.8942861514315776 -0.030439700882710957
4.8869219055841224 4.8941533331806468 -0.030439700882541137
4.8912852287141089 4.894020514929716 -0.030439700882596513
4.8956485518440944 4.8938876966787852 -0.030439700882544853
4.90001187497408 4.8937548784278544 -0.0304397008827147
4.9043751981040664 4.8936220601769227 -0.030439700882679058
4.908738521234052 4.8934892419259919 -0.030439700882651782
4.9131018443640375 4.8933564236750602 -0.030439700882815127
4.9174651674940231 4.8932236054241285 -0.030439700882799684
4.9218284906240095 4.8930907871731968 -0.030439700882679502
4.9261918137539951 4.892957968922266 -0.030439700882565021
4.9305551368839806 4.8928251506713352 -0.030439700882551025
4.9349184600139671 4.8926923324204044 -0.030439700882702907
4.9392817831439526 4.8925595141694727 -0.030439700882720078
4.9436451062739382 4.8924266959185418 -0.030439700882518097
4.9480084294039246 4.892293877667611 -0.030439700882679579
4.9523717525339102 4.8921610594166793 -0.030439700882846303
4.9567350756638957 4.8920282411657476 -0.030439700882647174
4.9610983987938821 4.8918954229148168 -0.030439700882647691
4.9654617219238677 4.8917626046638851 -0.030439700882844777
4.9698250450538533 4.8916297864129534 -0.030439700882685154
4.9741883681838388 4.8914969681620226 -0.030439700882515911
4.9785516913138252 4.8913641499110918 -0.030439700882723228
4.9829150144438108 4.8912313316601601 -0.030439700882673892
4.9872783375737963 4.8910985134092293 -0.030439700882682504
4.9916416607037828 4.8909656951582976 -0.030439700882678798
4.9960049838337683 4.8908328769073668 -0.030439700882684998
5.0003683069637539 4.8907000586564351 -0.030439700882682511
5.0047316300937403 4.8905672404055043 -0.030439700882667665
5.0090949532237259 4.8904344221545726 -0.030439700882729539
5.0134582763537114 4.8903016039036418 -0.030439700882515467
5.0178215994836979 4.890168785652711 -0.030439700882680616
5.0221849226136834 4.8900359674017793 -0.030439700882844783
5.026548245743669 4.8899031491508476 -0.030439700882652212
5.0309115688736545 4.8897703308999168 -0.030439700882647667
5.035274892003641 4.8896375126489851 -0.030439700882839808
5.0396382151336265 4.8895046943980534 -0.030439700882686483
5.0440015382636121 4.8893718761471225 -0.030439700882515561
5.0483648613935985 4.8892390578961917 -0.030439700882723315
5.0527281845235841 4.88910623964526 -0.030439700882673892
5.0570915076535696 4.8889734213943292 -0.03043970088268241
5.0614548307835561 4.8888406031433975 -0.030439700882679166
5.0658181539135416 4.8887077848924667 -0.030439700882683638
5.0701814770435272 4.888574966641535 -0.030439700882687572
5.0745448001735127 4.8884421483906042 -0.03043970088266737
5.0789081233034992 4.8883093301396725 -0.03043970088272565
5.0832714464334847 4.8881765118887417 -0.030439700882512733
5.0876347695634703 4.8880436936378109 -0.030439700882714048
5.0919980926934567 4.8879108753868792 -0.03043970088271376
5.0963614158234423 4.8877780571359484 -0.030439700882513628
5.1007247389534278 4.8876452388850176 -0.030439700882722357
5.1050880620834143 4.8875124206340859 -0.030439700882679638
5.1094513852133998 4.8873796023831551 -0.030439700882641793
5.1138147083433854 4.8872467841322234 -0.030439700882854474
5.1181780314733718 4.8871139658812917 -0.030439700882633678
5.1225413546033574 4.8869811476303608 -0.030439700882693519
5.1269046777333429 4.8868483293794291 -0.030439700882693533
5.1312680008633285 4.8867155111284983 -0.030439700882633661
5.1356313239933149 4.8865826928775666 -0.030439700882854522
5.1399946471233005 4.8864498746266349 -0.03043970088264162
5.144357970253286 4.8863170563757041 -0.030439700882680287
5.1487212933832724 4.8861842381247724 -0.030439700882719925
5.153084616513258 4.8860514198738416 -0.030439700882522715
5.1574479396432436 4.8859186016229108 -0.030439700882679839
5.16181126277323 4.8857857833719791 -0.030439700882840613
5.1661745859032155 4.8856529651210474 -0.030439700882651088
5.1705379090332011 4.8855201468701166 -0.030439700882656316
5.1749012321631875 4.8853873286191849 -0.030439700882806339
5.1792645552931731 4.8852545103682532 -0.030439700882811713
5.1836278784231586 4.8851216921173215 -0.030439700882658776
5.1879912015531442 4.8849888738663907 -0.030439700882654474
5.1923545246831306 4.884856055615459 -0.030439700882806019
5.1967178478131162 4.8847232373645273 -0.030439700882814828
5.2010811709431017 4.8845904191135956 -0.030439700882646636
5.2054444940730882 4.8844576008626648 -0.030439700882681341
5.2098078172030737 4.8843247826117331 -0.03043970088271071
5.2141711403330593 4.8841919643608023 -0.030439700882577105
5.2185344634630457 4.8840591461098715 -0.030439700882452899
5.2228977865930313 4.8839263278589415 -0.030439700882472675
5.2272611097230168 4.8837935096080107 -0.030439700882536367
5.2316244328530024 4.8836606913570808 -0.03043970088226183
5.2359877559829888 4.8835278731061509 -0.030439700882667033
5.2403510791129744 4.8833950548552183 -0.030439700883152739
5.2447144022429599 4.8832622366042848 -0.030439700883265971
5.2490777253729464 4.8831294183533505 -0.030439700883530072
5.2534410485029319 4.8829966001024152 -0.030439700883581781
5.2578043716329175 4.8828637818514808 -0.030439700883129417
5.2621676947629039 4.8827309636005491 -0.030439700882425934
5.2665310178928895 4.882598145349621 -0.030439700881417557
5.270894341022875 4.8824653270986982 -0.030439700880066478
5.2752576641528615 4.8823325088477807 -0.030439700879132548
5.279620987282847 4.882199690596865 -0.03043970087933404
5.2839843104128326 4.8820668723459457 -0.030439700880701925
5.2883476335428181 4.8819340540950176 -0.030439700883578252
5.2927109566728046 4.8818012358440734 -0.030439700887785075
5.2970742798027901 4.8816684175931098 -0.030439700892508161
5.3014376029327757 4.8815355993421274 -0.030439700895686216
5.3058009260627621 4.8814027810911398 -0.030439700894720319
5.3101642491927477 4.8812699628401663 -0.030439700889299186
5.3145275723227332 4.8811371445892258 -0.030439700879602873
5.3188908954527196 4.8810043263383385 -0.030439700864556024
5.3232542185827052 4.8808715080875258 -0.030439700846503763
5.3276175417126908 4.8807386898367833 -0.030439700834239598
5.3319808648426772 4.8806058715860647 -0.030439700836599266
5.3363441879726627 4.8804730533352974 -0.030439700856523453
5.3407075111026483 4.8803402350844056 -0.030439700893565597
5.3450708342326338 4.8802074168333132 -0.030439700948976765
5.3494341573626203 4.8800745985819489 -0.030439701015145929
5.3537974804926058 4.8799417803303227 -0.030439701062068693
5.3581608036225914 4.8798089620785987 -0.030439701055546973
5.3625241267525778 4.8796761438270471 -0.030439700983396503
5.3668874498825634 4.8795433255759511 -0.030439700846778908
5.3712507730125489 4.8794105073255984 -0.030439700641018565
5.3756140961425354 4.8792776890762584 -0.030439700393371256
5.3799774192725209 4.879144870827905 -0.030439700215110582
5.3843407424025065 4.8790120525799345 -0.030439700234171436
5.388704065532492 4.8788792343313467 -0.030439700497404652
5.3930673886624785 4.8787464160810856 -0.030439701000301234
5.397430711792464 4.8786135978280818 -0.03043970176171553
5.4017940349224496 4.8784807795713148 -0.03043970268631244
5.406157358052436 4.8783479613108378 -0.03043970336463982
5.4105206811824216 4.878215143048851 -0.030439703315620407
5.4148840043124071 4.8780823247890677 -0.030439702356458737
5.4192473274423936 4.8779495065354288 -0.030439700502451851
5.4236106505723791 4.8778166882919267 -0.030439697683513459
5.4279739737023647 4.8776838700624001 -0.03043969423491839
5.4323372968323511 4.8775510518468117 -0.030439691656191717
5.4367006199623367 4.8774182336371572 -0.030439691756641265
5.4410639430923222 4.8772854154196521 -0.030439695251406638
5.4454272662223078 4.8771525971795811 -0.030439702084780522
5.4497905893522942 4.8770197789020644 -0.030439712517404335
5.4541539124822798 4.8768869605726541 -0.030439725378646351
5.4585172356122653 4.8767541421908946 -0.030439735173168003
5.4628805587422518 4.8766213237858977 -0.030439735103371831
5.4672438818722373 4.8764885054088047 -0.030439722379593099
5.4716072050022229 4.8763556871145592 -0.030439697197463714
5.4759705281322093 4.8762228689586253 -0.030439658591951187
5.4803338512621949 4.8760900509953471 -0.030439610639809215
5.4846971743921804 4.8759572332286032 -0.030439573466565749
5.4890604975221668 4.8758244155526018 -0.030439572594637289
5.4934238206521524 4.8756915977776636 -0.030439618889603722
5.497787143782138 4.8755587796986379 -0.03043971168076887
5.5021504669121235 4.8754259611087756 -0.030439854521699887
5.5065137900421099 4.8752931418038212 -0.030440033253272426
5.5108771131720955 4.8751603217613431 -0.030440174231110104
5.5152404363020811 4.875027501365409 -0.0304401816906286
5.5196037594320675 4.8748946813193026 -0.030440013369270984
5.523967082562053 4.8747618623890121 -0.030439671492867918
5.5283304056920386 4.8746290453452774 -0.030439143041143715
5.532693728822025 4.8744962309552884 -0.030438477043082925
5.5370570519520106 4.874363419331849 -0.030437942766501122
5.5414203750819961 4.8742306090819945 -0.030437899324135338
5.5457836982119817 4.874097797598913 -0.030438510867164162
5.5501470213419681 4.8739649820226498 -0.030439770306221591
5.5545103444719537 4.8738321594798313 -0.030441725122081268
5.5588736676019392 4.873699327090673 -0.030444206114754842
5.5632369907319257 4.8735664843278981 -0.030446229546129622
5.5676003138619112 4.8734336362384587 -0.030446449546070307
5.5719636369918968 4.8733007924818805 -0.030444229403742213
5.5763269601218832 4.8731679637359422 -0.030439590361459698
5.5806902832518688 4.8730351607132851 -0.03043236009175608
5.5850536063818543 4.8729023942172685 -0.030423120319436725
5.5894169295118408 4.8727696666039009 -0.03041546207012014
5.5937802526418263 4.8726369596067132 -0.030414426458271138
5.5981435757718119 4.8725042374434713 -0.030422479924608115
5.6025068989017974 4.8723714602499317 -0.030439565127482596
5.6068702220317839 4.8722385880848433 -0.0304663045223122
5.6112335451617694 4.8721055804428035 -0.030500706457654909
5.615596868291755 4.8719724271140725 -0.030529673202348503
5.6199601914217414 4.8718391941368351 -0.030534333357799922
5.624323514551727 4.8717060140191366 -0.030505144728596102
5.6286868376817125 4.871573035581819 -0.030442230332507165
5.633050160811699 4.8714404077498354 -0.030343352859431925
5.6374134839416845 4.8713082823104346 -0.030215298981066549
5.6417768070716701 4.8711767025365127 -0.030105800324201525
5.6461401302016565 4.8710454299616561 -0.030085462363377551
5.6505034533316421 4.8709139740421632 -0.030191156830914681
5.6548667764616276 4.8707817792340329 -0.030422797813356061
5.6592300995916132 4.8706482902291066 -0.03078838599269202
5.6635934227215996 4.8705129385175034 -0.031264919236786232
5.6679567458515852 4.8703755437530862 -0.031678600496562605
5.6723200689815707 4.8702369659885081 -0.031765412852806006
5.6766833921115571 4.8700990206191994 -0.031383050205554597
5.6810467152415427 4.8699637813378933 -0.030530316420752771
5.6854100383715283 4.8698333188650773 -0.029178753556477876
5.6897733615015147 4.8697097615013023 -0.027405843944543973
5.6941366846315002 4.8695938509945478 -0.025843850389266908
5.6985000077614858 4.8694824894958861 -0.025479475040247931
5.7028633308914722 4.8693689608603554 -0.026861315969968456
5.7072266540214578 4.8692455251341737 -0.029999954933448262
5.7115899771514433 4.8691044603168701 -0.034996042143787327
5.7159533002814289 4.8689378024045658 -0.041590440492818265
5.7203166234114153 4.8687425330227319 -0.047485073221431216
5.7246799465414009 4.868529795156765 -0.048994386338235579
5.7290432696713864 4.8683244270692274 -0.044005859726816435
5.7334065928013729 4.8681553154061028 -0.032455485467145079
5.7377699159313584 4.8680512579569246 -0.013989445144014621
5.742133239061344 4.8680420429381952 0.010532853889560786
5.7464965621913304 4.8681398453585887 0.032766240386331864
5.750859885321316 4.8683046417692433 0.038951841254589142
5.7552232084513015 4.8684446049295733 0.020963640798971946
5.7595865315812871 4.8684519351657487 -0.021534924811571453
5.7639498547112735 4.868219231196715 -0.089779506023371397
5.7683131778412591 4.8676351192455094 -0.18094830952063012
5.7726765009712446 4.8666508514421194 -0.2647657432392484
5.7770398241012311 4.8654099630778793 -0.28989340347479242
5.7814031472312166 4.8642518219752411 -0.22511180341727455
5.7857664703612022 4.8635786705352873 -0.068763387787871222
5.7901297934911886 4.8637911054288399 0.18339999064108628
5.7944931166211742 4.8653053033290856 0.52230868746594328
5.7988564397511597 4.8683154487661264 0.83807459903118886
5.8032197628811462 4.8723069903960239 0.93939833729175637
5.8075830860111317 4.8760277504479976 0.70692009223594765
5.8119464091411173 4.8779740279529511 0.12928930601339469
5.8163097322711028 4.8766515163167101 -0.79520749611105523
5.8206730554010893 4.8705468222276016 -2.0550298212236524
5.8250363785310748 4.858450144583049 -3.4990145992443469
5.8293997016610604 4.8401326376872991 -4.8601647196967148
5.8337630247910468 4.8164088893933048 -5.9657643756249028
5.8381263479210324 4.7884751782061734 -6.7938306814413769
5.8424896710510179 4.757518050855567 -7.3492709009971806
5.8468529941810043 4.7247269129064815 -7.6391643499994881
5.8512163173109899 4.6911221886919066 -7.7445038483242596
5.8555796404409755 4.6572086037016334 -7.8049901442715051
5.8599429635709619 4.6229365616179674 -7.9165194320639172
5.8643062867009474 4.5880242507090312 -8.0965893453037001
5.868669609830933 4.5521884564507475 -8.3399372022769747
5.8730329329609186 4.5151544015733798 -8.6452795563257965
5.877396256090905 4.4766620361870366 -9.0070860465213318
5.8817595792208905 4.4364798331905426 -9.4190249377863609
5.8861229023508761 4.3944011400625342 -9.8752402051134212
5.8904862254808625 4.3502425468173787 -10.372404791877507
5.8948495486108481 4.3038242324182665 -10.911234979727716
5.8992128717408336 4.2549634311255913 -11.491749747753042
5.9035761948708201 4.203483055636827 -12.111277320688027
5.9079395180008056 4.1492226965701695 -12.765114721157964
5.9123028411307912 4.0920414794672091 -13.44984751634245
5.9166661642607767 4.0318066985744059 -14.164788803162736
5.9210294873907632 3.9683850289781057 -14.910909942131502
5.9253928105207487 3.9016410216505673 -15.686898530700402
5.9297561336507343 3.8314650333817348 -16.480750478535189
5.9341194567807207 3.7578240727747505 -17.271349871550946
5.9384827799107063 3.6807721942808369 -18.042614235162524
5.9428461030406918 3.6004064579158706 -18.790572616962045
5.9472094261706783 3.516825432880275 -19.516585214070609
5.9515727493006638 3.430125771426431 -20.219462547973837
5.9559360724306494 3.3404133810488479 -20.897556896248407
5.9602993955606358 3.2477942285172956 -21.55224443665049
5.9646627186906214 3.1523690072752997 -22.183253098003064
5.9690260418206069 3.0542462643711081 -22.788520918456555
5.9733893649505925 2.9535387092063652 -23.368306252316533
5.9777526880805789 2.8503553549529554 -23.923317161203322
5.9821160112105645 2.7448152410725015 -24.44611081570935
5.98647933434055 2.6370964636552685 -24.918252555928341
5.9908426574705365 2.5274553653533136 -25.326521130942012
5.995205980600522 2.4161756649948112 -25.66961535914114
5.9995693037305076 2.3035396585253558 -25.948117047670838
6.003932626860494 2.1898279444728415 -26.163145509955893
6.0082959499904796 2.0753275203459491 -26.30640912853578
6.0126592731204651 1.9604027549663032 -26.352358848475689
6.0170225962504515 1.8455278943009501 -26.282739950311619
6.0213859193804371 1.7312114993910468 -26.096981099468277
6.0257492425104227 1.6179567548673295 -25.795725594180691
6.0301125656404082 1.5062699781217486 -25.378514195614933
6.0344758887703946 1.3966469568289279 -24.85162633327014
6.0388392119003802 1.2895382091571039 -24.228768248241305
6.0432025350303658 1.1853347629811184 -23.520863079331335
6.0475658581603522 1.0844001132609455 -22.730344780826027
6.0519291812903377 0.98709648252529403 -21.856359493952723
6.0562925044203233 0.89378971646332972 -20.898272457179178
6.0606558275503097 0.80482907730850395 -19.868387418000019
6.0650191506802953 0.72046281937037226 -18.798974025113207
6.0693824738102808 0.64079716817349797 -17.715749668465236
6.0737457969402664 0.56587753862405721 -16.623037240338036
6.0781091200702528 0.49574975409213717 -15.519357243959927
6.0824724432002384 0.43046143809855114 -14.404786242587559
6.0868357663302239 0.37005231049558457 -13.284693949689361
6.0911990894602104 0.3145183396101755 -12.173040443295008
6.0955624125901959 0.26379340382755723 -11.081386930157118
6.0999257357201815 0.21778258152121241 -10.012019834033854
6.1042890588501679 0.17639036453953427 -8.9644369475435255
6.1086523819801535 0.13952117780569828 -7.9388099558105161
6.113015705110139 0.1070826825515054 -6.9327752182045241
6.1173790282401255 0.079001569653402631 -5.9403066703150014
6.121742351370111 0.055231393943373057 -4.9563180952626356
6.1261056745000966 0.035739112617991169 -3.9794953425778958
6.1304689976300821 0.020492744084189236 -3.0102368093948404
6.1348323207600686 0.0094579327831255406 -2.049165641787936
6.1391956438900541 0.0026107451428539563 -1.0878574466035511
6.1435589670200397 0 -0.10220014849643282
6.1479222901500261 0.0017846953168541035 0.92870801622120369
6.1522856132800117 0.0081768299733304406 2.0093422508266712
6.1566489364099972 0.019390286337456236 3.1386357162399263
6.1610122595399837 0.035636902921661932 4.3162703049414963
6.1653755826699692 0.057133958524218507 5.5469204995150179
6.1697389057999548 0.084151531030890431 6.8522489206670105
6.1741022289299412 0.11705592233073668 8.2433913328047286
6.1784655520599268 0.15623049537569403 9.7320311316869663
6.1828288751899123 0.20214690482248376 11.332734197235318
6.1871921983198979 0.25494662541659913 12.809243533877524
6.1915555214498843 0.31273369757972164 13.464169605782653
6.1959188445798699 0.37096044943188261 13.099307817979332
6.2002821677098554 0.42658102208932569 12.414253561384163
6.2046454908398418 0.47935562366466411 11.770709973964415
6.2090088139698274 0.52928324940553528 11.11575660449917
6.213372137099813 0.57636294876192529 10.463587327161932
6.2177354602297994 0.62059382540423103 9.8104216424567117
6.2220987833597849 0.6619750372403006 9.1572622443464642
6.2264621064897705 0.70050579643151978 8.5039534493851612
6.2308254296197561 0.73618536940777435 7.8501899116381875
6.2351887527497425 0.76901307688143228 7.1974233324494756
6.239552075879728 0.79898829386025005 6.5402269050317052
6.2439153990097136 0.82611044965931169 5.8989308249179135
6.2482787221397 0.85037902791187114 5.1977158021411096
6.2526420452696856 0.87179356657917106 4.7196035006436032
6.2570053683996711 0.8903536579592688 3.408401267038963
6.2613686915296576 0.90605894869478121 5.2059327747302175
6.2657320146596431 0.91502365225560678 -7.2702937204566043
6.2700953377896287 0.92113301151663207 34.239404264782273
6.2744586609196151 0.92256081958667568 -124.50514880803441
6.2788219840496007 0.92113295714722976 463.78115358566373
6.2831853071795862 4.1140743526651331 463.70360291689576
