# q  U_kJmol  dU_dq   # conservative spline pchip_hermite_v1
0 4.8893385871512756 73.938027300893083
0.0043633231299858239 4.9044287225738623 -15.727193240492991
0.0087266462599716477 4.9157356505470062 7.1200295504545501
0.013089969389957472 4.9226764217511931 -0.20673117710040301
0.017453292519943295 4.9261559039019112 0.87133362226413191
0.021816615649929118 4.9275695009160296 0.085630107666225544
0.026179938779914945 4.9280407492844089 0.082070172493095062
0.030543261909900768 4.928193646262117 0.015219931963838295
0.034906585039886591 4.9282781782125635 0.020294205862427868
0.039269908169872414 4.9283621506294111 0.01945831349213905
0.043633231299858237 4.9284519609514099 0.021356750026479878
0.04799655442984406 4.9285465437427067 0.021894052359365729
0.05235987755982989 4.9286424429210038 0.022032795708911437
0.056723200689815713 4.9287386646176916 0.022067348320918202
0.061086523819801536 4.9288349710499828 0.022070401743955564
0.065449846949787352 4.9289312547774378 0.022066284653718453
0.069813170079773182 4.929027544588636 0.022068271769908721
0.074176493209759012 4.9291238327697 0.022067502471401709
0.078539816339744828 4.9292201213875577 0.022067772068723849
0.082903139469730658 4.9293164098883766 0.022067682825209885
0.087266462599716474 4.9294126984205571 0.022067711294610447
0.091629785729702304 4.9295089869443336 0.02206770244502982
0.09599310885968812 4.9296052754703608 0.02206770514325427
0.10035643198967395 4.9297015639957849 0.022067704332723453
0.10471975511965978 4.9297978525213715 0.022067704573731483
0.1090830782496456 4.9298941410469155 0.022067704502670364
0.11344640137963143 4.9299904295724692 0.022067704523312155
0.11780972450961724 4.9300867180980212 0.022067704517302108
0.12217304763960307 4.9301830066235723 0.022067704518868515
0.1265363707695889 4.9302792951491243 0.022067704518612723
0.1308996938995747 4.9303755836746763 0.02206770451868055
0.13526301702956053 4.9304718722002283 0.022067704518665028
0.13962634015954636 4.9305681607257803 0.022067704518658866
0.14398966328953219 4.9306644492513323 0.022067704518699046
0.14835298641951802 4.9307607377768843 0.022067704518544489
0.15271630954950383 4.9308570263024354 0.022067704518512289
0.15707963267948966 4.9309533148279874 0.022067704518795625
0.16144295580947549 4.9310496033535403 0.022067704518915404
0.16580627893946132 4.9311458918790931 0.02206770451876363
0.17016960206944712 4.9312421804046451 0.0220677045186407
0.17453292519943295 4.9313384689301971 0.022067704518673525
0.17889624832941878 4.9314347574557491 0.022067704518664737
0.18325957145940461 4.9315310459813011 0.022067704518667065
0.18762289458939044 4.9316273345068531 0.022067704518666551
0.19198621771937624 4.9317236230324051 0.0220677045186667
0.19634954084936207 4.9318199115579571 0.0220677045186666
0.2007128639793479 4.9319162000835091 0.022067704518666423
0.20507618710933373 4.9320124886090611 0.022067704518667235
0.20943951023931956 4.932108777134613 0.022067704518664182
0.21380283336930536 4.932205065660165 0.022067704518675988
0.21816615649929119 4.932301354185717 0.022067704518631815
0.22252947962927702 4.932397642711269 0.022067704518796288
0.22689280275926285 4.9324939312368219 0.022067704518793241
0.23125612588924865 4.9325902197623739 0.022067704518641366
0.23561944901923448 4.9326865082879259 0.022067704518641248
0.23998277214922031 4.9327827968134779 0.022067704518793162
0.24434609527920614 4.9328790853390307 0.022067704518796298
0.24870941840919197 4.9329753738645827 0.022067704518631843
0.2530727415391778 4.9330716623901347 0.022067704518675867
0.25743606466916363 4.9331679509156867 0.022067704518664223
0.26179938779914941 4.9332642394412387 0.022067704518667616
0.26616271092913524 4.9333605279667907 0.022067704518665694
0.27052603405912107 4.9334568164923427 0.022067704518669132
0.2748893571891069 4.9335531050178947 0.022067704518657305
0.27925268031909273 4.9336493935434467 0.022067704518701173
0.28361600344907856 4.9337456820689987 0.022067704518537536
0.28797932657906439 4.9338419705945498 0.022067704518537554
0.29234264970905022 4.9339382591201018 0.022067704518701117
0.29670597283903605 4.9340345476456537 0.022067704518657503
0.30106929596902182 4.9341308361712057 0.02206770451866925
0.30543261909900765 4.9342271246967577 0.022067704518665875
0.30979594222899348 4.9343234132223097 0.02206770451866678
0.31415926535897931 4.9344197017478617 0.022067704518666534
0.31852258848896514 4.9345159902734137 0.02206770451866661
0.32288591161895097 4.9346122787989657 0.022067704518666569
0.3272492347489368 4.9347085673245177 0.022067704518666652
0.33161255787892263 4.9348048558500697 0.022067704518666364
0.33597588100890846 4.9349011443756217 0.022067704518667436
0.34033920413889424 4.9349974329011737 0.022067704518664282
0.34470252726888007 4.9350937214267256 0.022067704518675804
0.3490658503988659 4.9351900099522776 0.022067704518632023
0.35342917352885173 4.9352862984778296 0.022067704518795635
0.35779249665883756 4.9353825870033825 0.022067704518795639
0.36215581978882339 4.9354788755289345 0.022067704518632009
0.36651914291880922 4.9355751640544865 0.022067704518675856
0.37088246604879505 4.9356714525800385 0.022067704518664105
0.37524578917878088 4.9357677411055905 0.022067704518667255
0.37960911230876665 4.9358640296311425 0.022067704518667255
0.38397243543875248 4.9359603181566944 0.022067704518664105
0.38833575856873831 4.9360566066822464 0.02206770451867586
0.39269908169872414 4.9361528952077984 0.022067704518631999
0.39706240482870997 4.9362491837333504 0.022067704518795687
0.4014257279586958 4.9363454722589033 0.022067704518795458
0.40578905108868163 4.9364417607844553 0.022067704518632672
0.41015237421866746 4.9365380493100073 0.022067704518673386
0.41451569734865329 4.9366343378355593 0.02206770451867332
0.41887902047863912 4.9367306263611113 0.02206770451863287
0.42324234360862489 4.9368269148866633 0.02206770451879559
0.42760566673861072 4.9369232034122161 0.022067704518795816
0.43196898986859655 4.9370194919377681 0.022067704518631347
0.43633231299858238 4.9371157804633201 0.022067704518678337
0.44069563612856821 4.9372120689888721 0.022067704518654842
0.44505895925855404 4.9373083575144241 0.022067704518701818
0.44942228238853987 4.9374046460399761 0.022067704518537422
0.4537856055185257 4.9375009345655272 0.022067704518537363
0.45814892864851153 4.9375972230910792 0.022067704518702002
0.46251225177849731 4.9376935116166312 0.022067704518655008
0.46687557490848314 4.9377898001421832 0.022067704518678337
0.47123889803846897 4.9378860886677352 0.022067704518631184
0.4756022211684548 4.9379823771932871 0.022067704518796475
0.47996554429844063 4.93807866571884 0.02206770451879312
0.48432886742842646 4.938174954244392 0.022067704518641238
0.48869219055841229 4.938271242769944 0.022067704518641467
0.49305551368839812 4.938367531295496 0.022067704518792426
0.49741883681838395 4.9384638198210489 0.022067704518799029
0.50178215994836972 4.9385601083466009 0.022067704518622503
0.50614548307835561 4.9386563968721529 0.022067704518710488
0.51050880620834138 4.9387526853977048 0.022067704518535076
0.51487212933832727 4.9388489739232559 0.022067704518538084
0.51923545246831304 4.9389452624488079 0.022067704518701461
0.52359877559829882 4.9390415509743599 0.022067704518657288
0.5279620987282847 4.9391378394999119 0.022067704518668917
0.53232542185827048 4.9392341280254639 0.022067704518666586
0.53668874498825636 4.9393304165510159 0.022067704518664282
0.54105206811824214 4.9394267050765679 0.022067704518675811
0.54541539124822802 4.9395229936021199 0.022067704518632013
0.5497787143782138 4.9396192821276719 0.02206770451879567
0.55414203750819968 4.9397155706532248 0.022067704518795507
0.55850536063818546 4.9398118591787767 0.022067704518632495
0.56286868376817123 4.9399081477043287 0.022067704518675724
0.56723200689815712 4.9400044362298807 0.022067704518664143
0.57159533002814289 4.9401007247554327 0.022067704518667245
0.57595865315812877 4.9401970132809847 0.022067704518666423
0.58032197628811455 4.9402933018065367 0.022067704518666593
0.58468529941810043 4.9403895903320887 0.022067704518666749
0.58904862254808621 4.9404858788576407 0.022067704518665951
0.59341194567807209 4.9405821673831927 0.022067704518668987
0.59777526880805787 4.9406784559087447 0.022067704518657631
0.60213859193804364 4.9407747444342967 0.022067704518701697
0.60650191506802953 4.9408710329598486 0.022067704518535139
0.6108652381980153 4.9409673214853997 0.022067704518546616
0.61522856132800119 4.9410636100109517 0.022067704518667255
0.61959188445798696 4.9411598985365037 0.022067704518783891
0.62395520758797285 4.9412561870620566 0.022067704518807376
0.62831853071795862 4.9413524755876086 0.022067704518596801
0.63268185384794451 4.9414487641131606 0.022067704518804951
0.63704517697793028 4.9415450526387135 0.022067704518793592
0.64140850010791606 4.9416413411642655 0.022067704518632561
0.64577182323790194 4.9417376296898174 0.022067704518675704
0.65013514636788772 4.9418339182153694 0.022067704518664161
0.6544984694978736 4.9419302067409214 0.022067704518667196
0.65886179262785938 4.9420264952664734 0.0220677045186666
0.66322511575784526 4.9421227837920254 0.022067704518665947
0.66758843888783104 4.9422190723175774 0.022067704518669143
0.67195176201781692 4.9423153608431294 0.022067704518657014
0.6763150851478027 4.9424116493686814 0.022067704518702321
0.68067840827778847 4.9425079378942334 0.02206770451853492
0.68504173140777436 4.9426042264197845 0.022067704518546883
0.68940505453776013 4.9427005149453365 0.022067704518666416
0.69376837766774602 4.9427968034708885 0.022067704518786993
0.69813170079773179 4.9428930919964413 0.022067704518795819
0.70249502392771768 4.9429893805219933 0.022067704518639941
0.70685834705770345 4.9430856690475453 0.022067704518643962
0.71122167018768934 4.9431819575730973 0.022067704518783759
0.71558499331767511 4.9432782460986502 0.022067704518831201
0.71994831644766089 4.9433745346242022 0.022067704518503321
0.72431163957764677 4.9434708231497533 0.022067704518544406
0.72867496270763255 4.9435671116753053 0.022067704518707924
0.73303828583761843 4.9436634002008573 0.022067704518623429
0.73740160896760421 4.9437596887264093 0.022067704518797897
0.74176493209759009 4.9438559772519621 0.022067704518795188
0.74612825522757587 4.9439522657775141 0.022067704518631548
0.75049157835756175 4.9440485543030661 0.02206770451867816
0.75485490148754752 4.9441448428286181 0.022067704518655334
0.7592182246175333 4.9442411313541701 0.022067704518701704
0.76358154774751918 4.9443374198797221 0.022067704518537384
0.76794487087750496 4.9444337084052732 0.02206770451853763
0.77230819400749084 4.9445299969308252 0.022067704518700978
0.77667151713747662 4.9446262854563772 0.022067704518657992
0.7810348402674625 4.9447225739819292 0.022067704518666579
0.78539816339744828 4.9448188625074811 0.022067704518675214
0.78976148652743416 4.9449151510330331 0.022067704518632106
0.79412480965741994 4.9450114395585851 0.022067704518795896
0.79848813278740571 4.945107728084138 0.022067704518796191
0.8028514559173916 4.94520401660969 0.022067704518629556
0.80721477904737737 4.945300305135242 0.022067704518685113
0.81157810217736326 4.945396593660794 0.022067704518629529
0.81594142530734903 4.945492882186346 0.022067704518796315
0.82030474843733492 4.9455891707118989 0.022067704518795413
0.82466807156732069 4.9456854592374508 0.022067704518632238
0.82903139469730658 4.9457817477630028 0.022067704518675166
0.83339471782729235 4.9458780362885548 0.022067704518666627
0.83775804095727824 4.9459743248141068 0.022067704518657857
0.84212136408726401 4.9460706133396588 0.022067704518701475
0.84648468721724979 4.9461669018652108 0.022067704518537463
0.85084801034723567 4.9462631903907619 0.022067704518537554
0.85521133347722145 4.9463594789163139 0.022067704518701197
0.85957465660720733 4.9464557674418659 0.022067704518657194
0.86393797973719311 4.9465520559674179 0.022067704518669559
0.86830130286717899 4.9466483444929699 0.022067704518664095
0.87266462599716477 4.9467446330185219 0.022067704518673584
0.87702794912715065 4.9468409215440738 0.02206770451864111
0.88139127225713643 4.9469372100696258 0.02206770451876151
0.8857545953871222 4.9470334985951787 0.022067704518924734
0.89011791851710809 4.9471297871207316 0.022067704518760431
0.89448124164709386 4.9472260756462836 0.02206770451864375
0.89884456477707975 4.9473223641718356 0.022067704518664105
0.90320788790706552 4.9474186526973876 0.022067704518699351
0.90757121103705141 4.9475149412229396 0.022067704518538015
0.91193453416703718 4.9476112297484907 0.02206770451853745
0.91629785729702307 4.9477075182740426 0.022067704518701058
0.92066118042700884 4.9478038067995946 0.022067704518657846
0.92502450355699462 4.9479000953251466 0.022067704518668768
0.9293878266869805 4.9479963838506986 0.022067704518666624
0.93375114981696627 4.9480926723762506 0.022067704518664279
0.93811447294695216 4.9481889609018026 0.022067704518675808
0.94247779607693793 4.9482852494273546 0.022067704518632027
0.94684111920692382 4.9483815379529066 0.022067704518795625
0.95120444233690959 4.9484778264784595 0.022067704518795677
0.95556776546689548 4.9485741150040115 0.022067704518631878
0.95993108859688125 4.9486704035295634 0.022067704518676342
0.96429441172686703 4.9487666920551154 0.022067704518663977
0.96865773485685291 4.9488629805806674 0.02206770451866729
0.97302105798683869 4.9489592691062194 0.022067704518666412
0.97738438111682457 4.9490555576317714 0.022067704518666596
0.98174770424681035 4.9491518461573234 0.022067704518666745
0.98611102737679623 4.9492481346828754 0.022067704518665968
0.99047435050678201 4.9493444232084274 0.022067704518668917
0.99483767363676789 4.9494407117339794 0.022067704518657905
0.99920099676675367 4.9495370002595314 0.022067704518699001
1.0035643198967394 4.9496332887850834 0.022067704518547299
1.0079276430267252 4.9497295773106345 0.022067704518502356
1.0122909661567112 4.9498258658361864 0.022067704518830462
1.016654289286697 4.9499221543617393 0.022067704518784315
1.0210176124166828 4.9500184428872913 0.022067704518644177
1.0253809355466685 4.9501147314128433 0.022067704518640194
1.0297442586766545 4.9502110199383953 0.022067704518792898
1.0341075818066403 4.9503073084639482 0.022067704518796739
1.0384709049366261 4.9504035969895002 0.02206770451863202
1.0428342280666119 4.9504998855150522 0.022067704518676387
1.0471975511965976 4.9505961740406041 0.022067704518663651
1.0515608743265836 4.9506924625661561 0.022067704518666856
1.0559241974565694 4.9507887510917081 0.022067704518666784
1.0602875205865552 4.9508850396172601 0.022067704518667235
1.064650843716541 4.9509813281428121 0.022067704518665496
1.0690141668465269 4.9510776166683641 0.02206770451866864
1.0733774899765127 4.9511739051939161 0.022067704518657812
1.0777408131064985 4.9512701937194681 0.022067704518701336
1.0821041362364843 4.9513664822450201 0.022067704518538074
1.08646745936647 4.9514627707705712 0.022067704518536936
1.090830782496456 4.9515590592961232 0.022067704518701367
1.0951941056264418 4.9516553478216752 0.022067704518655442
1.0995574287564276 4.9517516363472271 0.022067704518678077
1.1039207518864134 4.9518479248727791 0.02206770451863346
1.1082840750163994 4.9519442133983311 0.022067704518785935
1.1126473981463851 4.952040501923884 0.022067704518831319
1.1170107212763709 4.952136790449436 0.02206770451850067
1.1213740444063567 4.9522330789749871 0.022067704518556556
1.1257373675363425 4.9523293675005391 0.022067704518663668
1.1301006906663285 4.9524256560260911 0.022067704518786622
1.1344640137963142 4.952521944551644 0.022067704518798362
1.1388273369263 4.952618233077196 0.022067704518631808
1.1431906600562858 4.9527145216027479 0.022067704518675617
1.1475539831862718 4.9528108101282999 0.022067704518663578
1.1519173063162575 4.9529070986538519 0.022067704518667935
1.1562806294462433 4.9530033871794039 0.022067704518665906
1.1606439525762291 4.9530996757049559 0.022067704518669656
1.1650072757062149 4.9531959642305079 0.022067704518656694
1.1693705988362009 4.9532922527560599 0.022067704518701419
1.1737339219661866 4.9533885412816119 0.022067704518535479
1.1780972450961724 4.953484829807163 0.022067704518547213
1.1824605682261582 4.953581118332715 0.022067704518666222
1.1868238913561442 4.953677406858267 0.022067704518785758
1.19118721448613 4.9537736953838198 0.022067704518799271
1.1955505376161157 4.9538699839093718 0.02206770451862904
1.1999138607461015 4.9539662724349238 0.022067704518685789
1.2042771838760873 4.9540625609604758 0.02206770451862904
1.2086405070060733 4.9541588494860278 0.022067704518795903
1.2130038301360591 4.9542551380115807 0.022067704518795875
1.2173671532660448 4.9543514265371327 0.022067704518632478
1.2217304763960306 4.9544477150626847 0.022067704518675429
1.2260937995260166 4.9545440035882367 0.022067704518663668
1.2304571226560024 4.9546402921137886 0.022067704518667745
1.2348204457859882 4.9547365806393406 0.022067704518666572
1.2391837689159739 4.9548328691648926 0.022067704518667179
1.2435470920459597 4.9549291576904446 0.022067704518665944
1.2479104151759457 4.9550254462159966 0.022067704518666891
1.2522737383059315 4.9551217347415486 0.022067704518664348
1.2566370614359172 4.9552180232671006 0.022067704518676939
1.261000384565903 4.9553143117926526 0.022067704518629112
1.265363707695889 4.9554106003182046 0.022067704518804465
1.2697270308258748 4.9555068888437575 0.022067704518761545
1.2740903539558606 4.9556031773693094 0.022067704518761232
1.2784536770858463 4.9556994658948623 0.022067704518805402
1.2828170002158321 4.9557957544204143 0.022067704518629053
1.2871803233458181 4.9558920429459663 0.022067704518676238
1.2915436464758039 4.9559883314715183 0.022067704518663859
1.2959069696057897 4.9560846199970703 0.022067704518669535
1.3002702927357754 4.9561809085226223 0.022067704518659199
1.3046336158657614 4.9562771970481743 0.022067704518691521
1.3089969389957472 4.9563734855737263 0.022067704518572574
1.313360262125733 4.9564697740992774 0.022067704518408723
1.3177235852557188 4.9565660626248285 0.022067704518572429
1.3220869083857045 4.9566623511503805 0.022067704518692131
1.3264502315156905 4.9567586396759324 0.02206770451865691
1.3308135546456763 4.9568549282014844 0.022067704518678091
1.3351768777756621 4.9569512167270364 0.022067704518631943
1.3395402009056478 4.9570475052525884 0.022067704518795351
1.3439035240356338 4.9571437937781413 0.022067704518795171
1.3482668471656196 4.9572400823036933 0.022067704518632502
1.3526301702956054 4.9573363708292453 0.022067704518676026
1.3569934934255912 4.9574326593547973 0.022067704518664594
1.3613568165555769 4.9575289478803493 0.022067704518666818
1.3657201396855629 4.9576252364059012 0.022067704518665993
1.3700834628155487 4.9577215249314532 0.022067704518667058
1.3744467859455345 4.9578178134570052 0.022067704518666981
1.3788101090755203 4.9579141019825572 0.022067704518666225
1.3831734322055063 4.9580103905081092 0.022067704518665972
1.387536755335492 4.9581066790336612 0.022067704518667741
1.3919000784654778 4.9582029675592132 0.022067704518664268
1.3962634015954636 4.9582992560847652 0.022067704518676394
1.4006267247254494 4.9583955446103172 0.022067704518631392
1.4049900478554354 4.9584918331358692 0.022067704518795889
1.4093533709854211 4.958588121661422 0.022067704518793575
1.4137166941154069 4.958684410186974 0.022067704518641696
1.4180800172453927 4.958780698712526 0.02206770451864086
1.4224433403753787 4.958876987238078 0.022067704518792714
1.4268066635053644 4.9589732757636309 0.022067704518796791
1.4311699866353502 4.9590695642891829 0.022067704518632009
1.435533309765336 4.9591658528147349 0.022067704518676391
1.4398966328953218 4.9592621413402869 0.022067704518663654
1.4442599560253078 4.9593584298658389 0.022067704518666843
1.4486232791552935 4.9594547183913908 0.022067704518666829
1.4529866022852793 4.9595510069169428 0.022067704518667054
1.4573499254152651 4.9596472954424948 0.022067704518666159
1.4617132485452511 4.9597435839680468 0.022067704518666156
1.4660765716752369 4.9598398724935988 0.022067704518667075
1.4704398948052226 4.9599361610191508 0.022067704518666756
1.4748032179352084 4.9600324495447028 0.022067704518667124
1.4791665410651942 4.9601287380702548 0.022067704518665986
1.4835298641951802 4.9602250265958068 0.022067704518666794
1.487893187325166 4.9603213151213588 0.022067704518664692
1.4922565104551517 4.9604176036469108 0.022067704518675658
1.4966198335851375 4.9605138921724627 0.0220677045186339
1.5009831567151235 4.9606101806980147 0.022067704518786601
1.5053464798451093 4.9607064692235676 0.02206770451882822
1.509709802975095 4.9608027577491196 0.022067704518512404
1.5140731261050808 4.9608990462746707 0.022067704518512716
1.5184364492350666 4.9609953348002227 0.022067704518827294
1.5227997723650526 4.9610916233257756 0.022067704518786622
1.5271630954950384 4.9611879118513276 0.022067704518634733
1.5315264186250241 4.9612842003768796 0.022067704518675658
1.5358897417550099 4.9613804889024316 0.022067704518663855
1.5402530648849959 4.9614767774279835 0.02206770451866678
1.5446163880149817 4.9615730659535355 0.022067704518666895
1.5489797111449675 4.9616693544790875 0.022067704518666856
1.5533430342749532 4.9617656430046395 0.022067704518666898
1.557706357404939 4.9618619315301915 0.022067704518666773
1.562069680534925 4.9619582200557435 0.022067704518663869
1.5664330036649108 4.9620545085812955 0.022067704518675606
1.5707963267948966 4.9621507971068475 0.022067704518634917
1.5751596499248823 4.9622470856323995 0.022067704518785942
1.5795229730548683 4.9623433741579523 0.02206770451882983
1.5838862961848541 4.9624396626835043 0.022067704518503258
1.5882496193148399 4.9625359512090554 0.022067704518547684
1.5926129424448257 4.9626322397346074 0.022067704518696548
1.5969762655748114 4.9627285282601594 0.022067704518667353
1.6013395887047974 4.9628248167857114 0.022067704518631898
1.6057029118347832 4.9629211053112634 0.022067704518802907
1.610066234964769 4.9630173938368163 0.022067704518768352
1.6144295580947547 4.9631136823623683 0.022067704518735565
1.6187928812247407 4.9632099708879212 0.022067704518897908
1.6231562043547265 4.963306259413474 0.022067704518891985
1.6275195274847123 4.9634025479390269 0.022067704518756694
1.6318828506146981 4.9634988364645789 0.022067704518693124
1.6362461737446838 4.9635951249901309 0.022067704518472037
1.6406094968746698 4.9636914135156811 0.022067704518195258
1.6449728200046556 4.9637877020412313 0.022067704518302117
1.6493361431346414 4.9638839905667815 0.022067704518154825
1.6536994662646272 4.9639802790923309 0.022067704518026476
1.6580627893946132 4.9640765676178811 0.022067704518683791
1.6624261125245989 4.9641728561434348 0.022067704519236217
1.6667894356545847 4.9642691446689904 0.022067704520036553
1.6711527587845705 4.9643654331945513 0.022067704521168109
1.6755160819145565 4.9644617217201148 0.022067704521334188
1.6798794050445423 4.9645580102456774 0.022067704520759641
1.684242728174528 4.9646542987712357 0.02206770451923112
1.6886060513045138 4.964750587296785 0.022067704516759757
1.6929693744344996 4.9648468758223219 0.022067704513517736
1.6973326975644856 4.9649431643478437 0.022067704510023149
1.7016960206944713 4.9650394528733539 0.022067704508923532
1.7060593438244571 4.9651357413988677 0.022067704511323952
1.7104226669544429 4.9652320299243984 0.022067704516867223
1.7147859900844289 4.965328318449961 0.022067704525877013
1.7191493132144147 4.9654246069755699 0.02206770453803324
1.7235126363444004 4.9655208955012338 0.022067704550017882
1.7278759594743862 4.9656171840269367 0.02206770455465373
1.732239282604372 4.9657134725526335 0.022067704546720381
1.736602605734358 4.9658097610782672 0.022067704526182556
1.7409659288643438 4.9659060496037855 0.02206770449352324
1.7453292519943295 4.9660023381291332 0.022067704448067063
1.7496925751243153 4.966098626654273 0.022067704402407167
1.7540558982543013 4.9661949151792628 0.022067704384400973
1.7584192213842871 4.966291203704273 0.022067704412928348
1.7627825445142729 4.9663874922295124 0.022067704488425689
1.7671458676442586 4.9664837807551789 0.022067704609191486
1.7715091907742444 4.9665800692814752 0.022067704777324094
1.7758725139042304 4.966676357808546 0.022067704949488239
1.7802358370342162 4.9667726463361923 0.02206770502091213
1.7845991601642019 4.96686893486378 0.022067704918463684
1.7889624832941877 4.9669652233905301 0.022067704640671065
1.7933258064241737 4.9670615119157038 0.02206770419449508
1.7976891295541595 4.9671578004385477 0.022067703571280382
1.8020524526841453 4.9672540889585051 0.02206770292387419
1.806415775814131 4.9673503774762677 0.022067702643090596
1.8107790989441168 4.9674466659941814 0.022067703008487562
1.8151424220741028 4.9675429545151477 0.022067704030353991
1.8195057452040886 4.967639243041936 0.022067705679270955
1.8238690683340744 4.9677355315773406 0.022067707988734638
1.8282323914640601 4.9678318201234992 0.022067710419988618
1.8325957145940461 4.9679281086780085 0.022067711520942036
1.8369590377240319 4.9680243972322158 0.022067710219734197
1.8413223608540177 4.9681206857752942 0.022067706464337665
1.8456856839840035 4.9682169742969018 0.022067700373228458
1.8500490071139892 4.9683132627866264 0.022067691809714574
1.8544123302439752 4.9684095512362836 0.022067682685393542
1.858775653373961 4.9685058396542159 0.022067678385407786
1.8631389765039468 4.9686021280723027 0.0220676830035345
1.8675022996339325 4.968698416530918 0.022067696802592376
1.8718656227639185 4.9687947050687278 0.022067719303632178
1.8762289458939043 4.9688909937244921 0.022067751050057836
1.8805922690238901 4.9689872825295041 0.022067785278060279
1.8849555921538759 4.9690835714549326 0.022067802027133904
1.8893189152838616 4.9691798603833961 0.022067785681816301
1.8936822384138476 4.9692761491643704 0.022067734994599679
1.8980455615438334 4.9693724376532851 0.022067651877261497
1.9024088846738192 4.9694687257058359 0.022067534206697187
1.906772207803805 4.9695650132026117 0.022067405861890745
1.911135530933791 4.9696613002426693 0.022067340772631436
1.9154988540637767 4.9697575872579991 0.022067398456592755
1.9198621771937625 4.9698538748097016 0.022067584591164129
1.9242255003237483 4.9699501634383383 0.022067891596980461
1.9285888234537341 4.9700464536811175 0.022068327687187292
1.9329521465837201 4.9701427459930079 0.022068808739244303
1.9373154697137058 4.9702390400357928 0.022069061132235404
1.9416787928436916 4.9703353342206 0.02206885823104477
1.9460421159736774 4.9704316264562118 0.022068174922133678
1.9504054391036634 4.9705279147214148 0.022067041038809198
1.9547687622336491 4.9706241970162246 0.022065425089051245
1.9591320853636349 4.9707204716097158 0.022063622794818227
1.9634954084936207 4.9708167396483285 0.02206264608239137
1.9678587316236065 4.9709130069724035 0.022063357143932098
1.9722220547535925 4.9710092813744344 0.022065864774291587
1.9765853778835782 4.9711055704120204 0.022070052301770039
1.980948701013564 4.9712018815313499 0.022076039516394173
1.9853120241435498 4.9712982213086034 0.022082789156093019
1.9896753472735358 4.9713945858908541 0.022086561779613389
1.9940386704035216 4.9714909538241248 0.02208408029718752
1.9984019935335073 4.971587296076768 0.022074880896161272
2.0027653166634933 4.971683584389802 0.02205941714041873
2.0071286397934789 4.971779791037779 0.022037236663777708
2.0114919629234649 4.971875891069133 0.022011969378583726
2.0158552860534504 4.9719718973005351 0.02199742270937172
2.0202186091834364 4.9720678884883851 0.022006041390542901
2.0245819323134224 4.9721639727714493 0.022039777704877878
2.028945255443408 4.9722602558140272 0.022096878296076792
2.033308578573394 4.9723568408617851 0.022179040058692194
2.0376719017033795 4.972453822468835 0.022273589968623893
2.0420352248333655 4.9725511585317221 0.02232958853332298
2.0463985479633515 4.972648560143587 0.022299818403834173
2.0507618710933371 4.9727456245844355 0.022176146799856099
2.0551251942233231 4.9728419567636726 0.021965315632707781
2.0594885173533091 4.972937172155186 0.021660999229203327
2.0638518404832946 4.9730309128700689 0.021307336367312663
2.0682151636132806 4.9731233150670313 0.021092094121661457
2.0725784867432662 4.9732154377762603 0.021194267223793636
2.0769418098732522 4.973308780455306 0.021647444909900729
2.0813051330032382 4.9734048203733714 0.022425835468907102
2.0856684561332237 4.973504989890368 0.023552883570888847
2.0900317792632097 4.9736106420975963 0.024875223809844554
2.0943951023931953 4.9737213454888085 0.025701373165725367
2.0987584255231813 4.9738332211287002 0.025353352611628664
2.1031217486531673 4.9739406870190317 0.023693343832508703
2.1074850717831528 4.974038217442267 0.020818355055790126
2.1118483949131388 4.9741204657055889 0.016639955777902431
2.1162117180431244 4.97418228399839 0.011674689450576124
2.1205750411731104 4.9742248810967862 0.0084520212015621928
2.1249383643030963 4.9742621536615248 0.0094315610482267609
2.1293016874330819 4.974314223845127 0.01524928352587737
2.1336650105630679 4.9744008190330264 0.024910591468158043
2.1380283336930539 4.9745402385456146 0.040504611951686739
2.1423916568230394 4.974751977994285 0.054510077744884138
2.1467549799530254 4.9749513205247267 0.024094226312883806
2.151118303083011 4.974832389306111 -0.095600237483542724
2.155481626212997 4.9739723411426748 -0.3147899182414256
2.159844949342983 4.9719471861277595 -0.62895967143794096
2.1642082724729685 4.9683380669199773 -1.043212998966013
2.1685715956029545 4.9627221046169874 -1.5408871674749605
2.1729349187329401 4.9549147590526799 -2.0224249859450913
2.1772982418629261 4.9452531709715544 -2.3801669344734617
2.1816615649929121 4.9343613962041299 -2.5883586284352251
2.1860248881228976 4.9228701354965434 -2.6558401367025843
2.1903882112528836 4.9113965469126972 -2.5777481233917436
2.1947515343828692 4.9005555454830025 -2.375549321818573
2.1991148575128552 4.8906678667552601 -2.1720452441068328
2.2034781806428412 4.8814041759709621 -2.1037814409788069
2.2078415037728267 4.8720586103052979 -2.2076112454913956
2.2122048269028127 4.8619007450835454 -2.4753448875445132
2.2165681500327987 4.8502109229554247 -2.9123725315590629
2.2209314731627843 4.8362699495189423 -3.4976019231922111
2.2252947962927703 4.8196558305186361 -4.1053538467932409
2.2296581194227558 4.8006209721980175 -4.5914140229941447
2.2340214425527418 4.7798284367880584 -4.9122888984452171
2.2383847656827278 4.7579876258745664 -5.0719601134638799
2.2427480888127134 4.7358176641753742 -5.0594489335006676
2.2471114119426994 4.714069585760071 -4.8860642690958089
2.2514747350726849 4.6932485330678322 -4.6646725901310369
2.2558380582026709 4.6732359840435089 -4.5303618585062937
2.2602013813326569 4.6535298736865442 -4.5224185814286137
2.2645647044626425 4.6335962835285516 -4.6342143038149235
2.2689280275926285 4.6128937849843554 -4.8800407459679711
2.2732913507226145 4.5908221236810407 -5.2549686900758896
2.2776546738526 4.5670254597411954 -5.6368218909262247
2.282017996982586 4.5418424339258827 -5.8736978041880352
2.2863813201125716 4.5160390925783291 -5.9240307059618473
2.2907446432425576 4.4903944226754593 -5.8032262798550569
2.2951079663725436 4.4656736470061418 -5.4917937496029037
2.2994712895025291 4.4427305606696779 -5.0008562604364295
2.3038346126325151 4.4219608127297798 -4.5595121837359356
2.3081979357625007 4.4024433594802215 -4.4605341632234596
2.3125612588924866 4.382413633944398 -4.7889883959907262
2.3169245820224726 4.3600690018308255 -5.5179744874719256
2.3212879051524582 4.3336426590241404 -6.6715659621519192
2.3256512282824442 4.3012478488737642 -8.2382073903174451
2.3300145514124297 4.2615899766957019 -9.9153796767756592
2.3343778745424157 4.2151401330116869 -11.303578331484944
2.3387411976724017 4.1635410994995032 -12.283749189346128
2.3431045208023873 4.1084867061229415 -12.890919687117938
2.3474678439323733 4.0515985368386369 -13.118608722339701
2.3518311670623593 3.9945511105595881 -12.970990568595569
2.3561944901923448 3.938741211355496 -12.592410251097306
2.3605578133223308 3.8847130108501435 -12.178482944075613
2.3649211364523164 3.8324297374506755 -11.78804319533781
2.3692844595823024 3.7818394829448665 -11.399971945698125
2.3736477827122884 3.7329535604176129 -11.00685029495533
2.3780111058422739 3.6858069975710754 -10.599700171321647
2.3823744289722599 3.6405309305039597 -10.139468526381476
2.3867377521022455 3.5974734576858562 -9.5760940216360169
2.3911010752322315 3.5571446333658812 -8.8883501299038254
2.3954643983622175 3.5200884192502344 -8.0765386565720512
2.399827721492203 3.4868470302536734 -7.1385668623910652
2.404191044622189 3.4579681992943776 -6.0799110046037566
2.4085543677521746 3.4338881874928955 -4.9536072562684161
2.4129176908821606 3.4147292341282625 -3.834582544702104
2.4172810140121466 3.4003684336709958 -2.7545476566705811
2.4216443371421321 3.3906295827546504 -1.71692656595106
2.4260076602721181 3.3853175268394877 -0.72598735100590528
2.4303709834021041 3.3842151282608226 0.21062192547414577
2.4347343065320897 3.3870335259330639 1.06333371763183
2.4390976296620757 3.3933131013933644 1.7913487554151803
2.4434609527920612 3.4024569881387552 2.3756627390954255
2.4478242759220472 3.4138321272036078 2.8138432319666218
2.4521875990520332 3.4267975930810866 3.1043315409277428
2.4565509221820188 3.4407077795360781 3.2471680080603229
2.4609142453120048 3.4549250902567108 3.2460389439841091
2.4652775684419903 3.4688334282420477 3.106447819039134
2.4696408915719763 3.4818378367510761 2.8320112506511816
2.4740042147019623 3.4933555117574753 2.4256498619714506
2.4783675378319479 3.5028165540692111 1.889292844588859
2.4827308609619338 3.5096595635957195 1.22701907120024
2.4870941840919194 3.5133769141831888 0.46339964664066513
2.4914575072219054 3.513609644451765 -0.36474211632071768
2.4958208303518914 3.5101253283880944 -1.2400568947608448
2.5001841534818769 3.5027220823222667 -2.1607666151168559
2.5045474766118629 3.4912024514412008 -3.1272884684005686
2.5089107997418489 3.4753649773557154 -4.1394393626373995
2.5132741228718345 3.455041691942736 -5.1772609200459367
2.5176374460018205 3.4301962673161586 -6.207234372980527
2.522000769131806 3.4009049547223098 -7.215480300103204
2.526364092261792 3.3672579830209002 -8.2040211455607377
2.530727415391778 3.3293367371570963 -9.1751168827812215
2.5350907385217636 3.2872147289085198 -10.12919899290595
2.5394540616517496 3.2409915008775512 -11.04979729244325
2.5438173847817351 3.1908779790607777 -11.907881976720358
2.5481807079117211 3.1371864857740124 -12.689745893370429
2.5525440310417071 3.080250745994253 -13.394817096858596
2.5569073541716927 3.0204088579839494 -14.021368286239131
2.5612706773016787 2.9580118590123692 -14.564977555448936
2.5656340004316642 2.893447981699365 -15.010589984637463
2.5699973235616502 2.8271957434789252 -15.335198254347466
2.5743606466916362 2.7598190534219933 -15.525100331766419
2.5787239698216218 2.6919148686208012 -15.576678557083405
2.5830872929516078 2.6240918028612246 -15.487368904461235
2.5874506160815938 2.556969282144927 -15.255596652891237
2.5918139392115793 2.4911609916957964 -14.886737848329432
2.5961772623415653 2.4272416864232187 -14.391576608591512
2.6005405854715509 2.3657459293554091 -13.776000830997077
2.6049039086015369 2.3071958482207067 -13.041858592792654
2.6092672317315229 2.2521042598824366 -12.190821249293336
2.6136305548615084 2.200975432669213 -11.22663452075097
2.6179938779914944 2.1542571559521306 -10.177353781117263
2.62235720112148 2.1122135430195539 -9.0921302571574181
2.626720524251466 2.0749250563023329 -7.9988590683901144
2.631083847381452 2.042415620564682 -6.9019499746269357
2.6354471705114375 2.0146974217188989 -5.8028122933455455
2.6398104936414235 1.9917770489302484 -4.7033180746786378
2.6441738167714091 1.9736141264736888 -3.6307085204250136
2.6485371399013951 1.959978119069967 -2.6371815319416219
2.6529004630313811 1.9504438878704593 -1.7512479391216422
2.6572637861613666 1.9445385608573909 -0.97328498909770556
2.6616271092913526 1.9417951616673119 -0.30203821974235162
2.6659904324213386 1.9417476732817782 0.26256491792996067
2.6703537555513241 1.9439195141094063 0.71237569758646302
2.6747170786813101 1.9477717200697076 1.0297617701764492
2.6790804018112957 1.9526994348732249 1.2052060724208746
2.6834437249412817 1.9580845606214332 1.2400008010030796
2.6878070480712677 1.9633174289973137 1.1351857260263978
2.6921703712012532 1.9677881563352606 0.89095726093391014
2.6965336943312392 1.9709112968897196 0.5221441952152488
2.7008970174612248 1.9722073338962267 0.058868636152341128
2.7052603405912108 1.9713138650553017 -0.48083325757433648
2.7096236637211968 1.9679027352306786 -1.0951596382575124
2.7139869868511823 1.9616481971723243 -1.784151899832876
2.7183503099811683 1.9522250138738282 -2.5474399559666794
2.7227136331111539 1.939341512583612 -3.3630348586535335
2.7270769562411399 1.9228700729525101 -4.1833912811880207
2.7314402793711259 1.9028698514732072 -4.9794670580847304
2.7358036025011114 1.8794535887807484 -5.7497161385353976
2.7401669256310974 1.8527303079393369 -6.4950791622126154
2.7445302487610834 1.8228097031851136 -7.2154341708336283
2.748893571891069 1.789814966378499 -7.9005866111738952
2.753256895021055 1.7539503184660974 -8.526444875678342
2.7576202181510405 1.7155158818284293 -9.0779214829693142
2.7619835412810265 1.6748396666223682 -9.5543467745392778
2.7663468644110125 1.6322479159242176 -9.9555275982781524
2.7707101875409981 1.5880736834554474 -10.27943852156131
2.7750735106709841 1.5426551096518737 -10.526194405139416
2.7794368338009696 1.4963237148661233 -10.698415505395522
2.7838001569309556 1.4494007856023807 -10.797093845854546
2.7881634800609416 1.4022105776517031 -10.820635820646297
2.7925268031909272 1.3550845090378298 -10.767457910009819
2.7968901263209132 1.3083605042420863 -10.636089899683123
2.8012534494508987 1.262372305733152 -10.432397995861018
2.8056167725808847 1.2174023207487812 -10.172558432988279
2.8099800957108707 1.1736654344104336 -9.8677203594054976
2.8143434188408563 1.1313533873568644 -9.519448708900379
2.8187067419708423 1.0906531630455489 -9.1295183690247708
2.8230700651008283 1.0517383465599464 -8.70174769610162
2.8274333882308138 1.0147557510963545 -8.2467074144247245
2.8317967113607998 0.97978313547943297 -7.7841815528368503
2.8361600344907854 0.94681420490817536 -7.3297325763380465
2.8405233576207713 0.91579839813868502 -6.8895529763473045
2.8448866807507573 0.8866644293217858 -6.4679948753809962
2.8492500038807429 0.85932107528824475 -6.0694143724649656
2.8536133270107289 0.83365598952118336 -5.7002661845334126
2.8579766501407144 0.80951904319266088 -5.3708758924259765
2.8623399732707004 0.78671668321499166 -5.0893199811622418
2.8667032964006864 0.76503236038303135 -4.8586342172713994
2.871066619530672 0.74424129814782791 -4.6800667202502524
2.875429942660658 0.72411467902057958 -4.5540242960830772
2.8797932657906435 0.70442566155420849 -4.479051320710095
2.8841565889206295 0.68495809623218329 -4.4518536282333567
2.8885199120506155 0.6655107328814478 -4.4694682423772845
2.8928832351806011 0.64589184971264457 -4.5302459661043386
2.8972465583105871 0.62591624933379275 -4.6327094845753605
2.9016098814405731 0.60540503762916364 -4.7755975954657623
2.9059732045705586 0.58419070068698065 -4.9532741575235928
2.9103365277005446 0.5621483699275911 -5.1523997156398087
2.9146998508305302 0.53921207516462577 -5.3621519086816711
2.9190631739605162 0.51534415344455176 -5.5792014643713728
2.9234264970905022 0.4905174906324053 -5.8009723799025537
2.9277898202204877 0.4647191037148688 -6.0241292618277607
2.9321531433504737 0.43795732482997002 -6.2402186246353484
2.9365164664804593 0.41029896530264165 -6.4315272580919736
2.9408797896104453 0.38188951188578435 -6.5830609217668226
2.9452431127404313 0.3529170439416438 -6.6891320268803112
2.9496064358704168 0.32358749911421258 -6.7459221978590307
2.9539697590004028 0.29412621483892115 -6.7487757616148185
2.9583330821303884 0.26477756271747083 -6.6937085432754753
2.9626964052603744 0.23580090650995236 -6.5779181378734313
2.9670597283903604 0.20746660040095904 -6.3987340320623884
2.9714230515203459 0.18005781507266649 -6.1532722502972241
2.9757863746503319 0.15386758330908115 -5.8401465517191857
2.9801496977803179 0.12919216744032203 -5.4587847212200042
2.9845130209103035 0.10632001527996332 -5.016014253556496
2.9888763440402895 0.085478097052885019 -4.5327391270098687
2.993239667170275 0.066796720208044058 -4.0272452392583853
2.997602990300261 0.050358775914111566 -3.5045464833525068
3.001966313430247 0.036234700564090908 -2.9674656952639213
3.0063296365602326 0.02447797468361711 -2.4199189066837405
3.0106929596902186 0.015119652588043193 -1.8704962769268123
3.0150562828202041 0.0081298935866298324 -1.3382085855486918
3.0194196059501901 0.0033921021231450472 -0.83993912886281985
3.0237829290801761 0.00074189601380379895 -0.38164785870976076
3.0281462522101616 0 0.034292939699001088
3.0325095753401476 0.00097584276761640337 0.40532603940465811
3.0368728984701332 0.0034741620926815745 0.73306080574237065
3.0412362216001192 0.007323833552136871 1.0269877017174047
3.0455995447301052 0.012400075234945787 1.2959942036128964
3.0499628678600907 0.018600066332364069 1.5420020492002162
3.0543261909900767 0.025824971966509767 1.7662766769973677
3.0586895141200627 0.033984694952323029 1.9705827144077894
3.0630528372500483 0.043004406562037849 2.1631016263091949
3.0674161603800343 0.052878597915499093 2.3675015601920419
3.0717794835100198 0.063713791707741663 2.6056165148398187
3.0761428066400058 0.075674301501787611 2.8832036587556109
3.0805061297699918 0.088931743658985984 3.2001554273770365
3.0848694528999774 0.103655104285187 3.5543575142568256
3.0892327760299634 0.11999408006955531 3.9393038532898577
3.0935960991599489 0.13806170881951993 4.3446657988995909
3.0979594222899349 0.15792656852482587 4.7624908901006622
3.1023227454199209 0.17962714357437418 5.1836584616510866
3.1066860685499065 0.20264113119526503 5.2463439487680175
3.1110493916798925 0.22452019584364771 4.6971548371521665
3.115412714809878 0.24336780822773296 3.9666371932570472
3.119776037939864 0.2592249746742864 3.2975446609867887
3.12413936106985 0.27214325082329571 2.6277211349556633
3.1285026841998356 0.28216388476835186 1.963203619430516
3.1328660073298216 0.28931141504327718 1.3234246088319035
3.1372293304598076 0.29359724729113579 0.60409896362435989
3.1415926535897931 0.29502561398546967 0.18897332889955198
3.1459559767197791 0.2964535736576252 0.60387306931882712
3.1503192998497647 0.30073721534588344 1.3225422203799844
3.1546826229797507 0.30787652754363148 1.9598026160498672
3.1590459461097367 0.31787139327829522 2.6188402868607183
3.1634092692397222 0.33072171544896334 3.2720304264135192
3.1677725923697082 0.34642759500780362 3.9268360637854558
3.1721359154996938 0.36498983950099223 4.5816518785890654
3.1764992386296798 0.38641093261424919 5.2370743702109168
3.1808625617596658 0.41069605821314081 5.8953317970618162
3.1852258848896513 0.43785255941621654 6.5502557260198024
3.1895892080196373 0.46788529679952501 7.2240693536576259
3.1939525311496229 0.50078709501903451 7.8240661672377829
3.1983158542796088 0.53545348998066022 7.936133560635791
3.2026791774095948 0.56918320177747284 7.4570986188338546
3.2070425005395804 0.60027323375506458 6.8022449327423269
3.2114058236695664 0.62853681626762081 6.1424609597815154
3.2157691467995524 0.65381360182862103 5.439556718431299
3.2201324699295379 0.67597401068654583 4.7147245522448795
3.2244957930595239 0.69494907084759272 3.9842102295284234
3.2288591161895095 0.71076240067736551 3.2671695999910426
3.2332224393194955 0.72348573292968688 2.5674749548478126
3.2375857624494815 0.73319129858699372 1.8839048528349869
3.241949085579467 0.7399478943953276 1.2154541175415638
3.246312408709453 0.74381958843330831 0.5617524966258407
3.2506757318394386 0.74487725172039776 -0.073287658784013568
3.2550390549694246 0.7432138151104285 -0.68510091840121035
3.2594023780994106 0.73893295926471525 -1.2733031064357481
3.2637657012293961 0.73213494574983029 -1.8389561295249413
3.2681290243593821 0.72291691294374905 -2.382694679593214
3.2724923474893677 0.7113736258803891 -2.9046972197834005
3.2768556706193537 0.69760260448095934 -3.4033528757951115
3.2812189937493397 0.68171064836936524 -3.8766523071130634
3.2855823168793252 0.66380982912487441 -4.3242387670013711
3.2899456400093112 0.64401181781681993 -4.7461992237579036
3.2943089631392972 0.62242824373958161 -5.142846643616199
3.2986722862692828 0.59917010858176256 -5.5133024256368648
3.3030356093992688 0.57436320527165596 -5.8510298099897087
3.3073989325292543 0.54816915160398749 -6.148253365862332
3.3117622556592403 0.52077140914167586 -6.4029615438421086
3.3161255787892263 0.49235372709618241 -6.6157595311072095
3.3204889019192119 0.46309702063041902 -6.7879889040433801
3.3248522250491979 0.43317574066746706 -6.9200712020939301
3.3292155481791834 0.40277699118560073 -7.0047235750966879
3.3335788713091694 0.37213042633624066 -7.0327009402648102
3.3379421944391554 0.34148941344864431 -7.0027071547329811
3.342305517569141 0.31110094557341811 -6.9172505238186872
3.346668840699127 0.28120224409488831 -6.7786951031206444
3.351032163829113 0.25201953807163285 -6.5893526342353974
3.3553954869590985 0.22377342448382634 -6.3490421935219832
3.3597588100890845 0.19668928986604631 -6.0567550107740251
3.3641221332190701 0.17099207324658378 -5.7137217180815201
3.3684854563490561 0.14689824935645016 -5.322155862077615
3.372848779479042 0.12461735596429691 -4.8825617502560021
3.3772121026090276 0.10435794132236829 -4.39615845137092
3.3815754257390136 0.086307763665426418 -3.8725398873666372
3.3859387488689991 0.07059993088438099 -3.323980273425712
3.3903020719989851 0.057332531805821305 -2.7534409705513307
3.3946653951289711 0.046606905224824899 -2.1586451408681411
3.3990287182589567 0.038536752251130367 -1.5350045596809985
3.4033920413889427 0.033259150720178612 -0.87857660952367922
3.4077553645189282 0.030900554519068632 -0.20095182111830953
3.4121186876489142 0.031510743411239384 0.48026757793224145
3.4164820107789002 0.03509502433624416 1.1637865232192428
3.4208453339088858 0.0416811633048043 1.857251958516946
3.4252086570388718 0.051328389312958564 2.5684452482476119
3.4295719801688578 0.064130810815948625 3.3042076958313062
3.4339353032988433 0.080191343412241101 4.0594294184520372
3.4382986264288293 0.099568603975359493 4.8233064298625372
3.4426619495588149 0.12229513676120239 5.5957807867359168
3.4470252726888009 0.14842063803843869 6.3817548925192851
3.4513885958187869 0.17800752564441144 7.1822166383787538
3.4557519189487724 0.21111512671342511 7.9949337516558607
3.4601152420787584 0.24778661462097371 8.8146159144965619
3.464478565208744 0.28803706328998413 9.6342304040765949
3.46884188833873 0.3318511607534852 10.446986870106144
3.473205211468716 0.37918403838101378 11.245865972696842
3.4775685345987015 0.42995617382540519 12.021587616268858
3.4819318577286875 0.48404177096490236 12.762649878647117
3.4862951808586731 0.54126674136698827 13.459321693206894
3.4906585039886591 0.60141990323421257 14.103322382443812
3.4950218271186451 0.66424948616500634 14.684095535345488
3.4993851502486306 0.72945565821318537 15.191196120970421
3.5037484733786166 0.79669981075931273 15.617255113472519
3.5081117965086026 0.86561646095484956 15.957055411664038
3.5124751196385882 0.93581996373812804 16.206494570678299
3.5168384427685742 1.0069088787833436 16.362476930884128
3.5212017658985597 1.0784713618564563 16.423474351634276
3.5255650890285457 1.1500939460804709 16.390426207644619
3.5299284121585317 1.2213739755313986 16.26742055733547
3.5342917352885173 1.2919341208240178 16.062012101454563
3.5386550584185033 1.3614373837163498 15.785036875437189
3.5430183815484888 1.4295985189973586 15.448908451288535
3.5473817046784748 1.4961849895170984 15.064958661914915
3.5517450278084608 1.5610100390841355 14.643162665499748
3.5561083509384463 1.6239279210799051 14.191960770215029
3.5604716740684323 1.684828541785057 13.720325818345044
3.5648349971984179 1.743657930074151 13.247026313609755
3.5691983203284039 1.8004644088854596 12.796934669481963
3.5735616434583899 1.85538722074275 12.38463664807292
3.5779249665883754 1.9086025644501701 12.014837756471717
3.5822882897183614 1.9603000908445918 11.688788407318397
3.5866516128483474 2.0106690497006272 11.405754629277451
3.591014935978333 2.0599066030131423 11.172586186889607
3.595378259108319 2.1082595309537941 11.002172980649487
3.5997415822383045 2.1560153050542739 10.898197907759535
3.6041049053682905 2.2034542813958855 10.856124573908689
3.6084682284982765 2.2508361283459601 10.871299611435909
3.6128315516282621 2.2984005503130964 10.938922853992478
3.6171948747582481 2.3463663759773321 11.054769034001815
3.6215581978882336 2.394936940130973 11.215533481929326
3.6259215210182196 2.4443001140286023 11.417375385612033
3.6302848441482056 2.494625704341257 11.655910425108802
3.6346481672781912 2.5460676844234476 11.929210213055292
3.6390114904081772 2.5987766747542378 12.236181164939298
3.6433748135381627 2.6528723162875503 12.559520786327088
3.6477381366681487 2.7083584024240066 12.868581776509608
3.6521014597981347 2.7651289657640556 13.148138955030065
3.6564647829281203 2.8230580344299701 13.400520311115431
3.6608281060581063 2.8820342911626016 13.627960775791834
3.6651914291880923 2.9419523259047486 13.833329902150691
3.6695547523180778 3.0027596272012964 14.043346439396339
3.6739180754480638 3.0645764991692608 14.30345547231475
3.6782813985780494 3.1276888039675494 14.637806472347155
3.6826447217080354 3.1924132078623004 15.039365137751961
3.6870080448380214 3.2590158672510028 15.498570520513647
3.6913713679680069 3.3277222501613459 15.997997424503893
3.6957346910979929 3.3984876641328352 16.403183650690234
3.7000980142279785 3.4703828617769807 16.475479352706941
3.7044613373579645 3.5415757888032111 16.075046643134659
3.7088246604879505 3.6099687212304961 15.196501591463164
3.713187983617936 3.6735063837055009 13.847742309630004
3.717551306747922 3.7301566903024774 12.047689682898906
3.7219146298779076 3.7782966905446163 10.010006747921175
3.7262779530078936 3.8177417775590223 8.1313535024383672
3.7306412761378795 3.8498393032752367 6.6536564199650012
3.7350045992678651 3.87642843831502 5.6039965181182962
3.7393679223978511 3.899365317454567 4.981936570530765
3.7437312455278371 3.9205130889508264 4.7786302726425474
3.7480945686578226 3.941564297280447 4.9174236642668818
3.7524578917878086 3.9637317845580173 5.2666613225217871
3.7568212149177942 3.987699833554962 5.7363892148755262
3.7611845380477802 4.0139256739560185 6.2985580561993766
3.7655478611777662 4.0427977613286741 6.951923216529539
3.7699111843077517 4.0747518497094521 7.714746932795812
3.7742745074377377 4.1100846203693164 8.4521255289335109
3.7786378305677233 4.1480041619980046 8.8413309559710722
3.7830011536977093 4.1864591631139874 8.6938181853165286
3.7873644768276953 4.2231200658586197 8.0292874890450481
3.7917277999576808 4.2557944165586434 6.8604405846879786
3.7960911230876668 4.2822197870535206 5.1629253106159627
3.8004544462176524 4.3003866461357791 3.1472168190279195
3.8048177693476384 4.3099427659699998 1.3091236626060712
3.8091810924776244 4.3125183911985419 -0.042537986752806491
3.8135444156076099 4.3102719036580721 -0.91267331073223279
3.8179077387375959 4.3052268864005985 -1.3200381849767397
3.8222710618675819 4.2994498423485226 -1.2478752133886306
3.8266343849975675 4.2948556663757484 -0.81918659137441552
3.8309977081275535 4.2923931266643001 -0.32721873227053383
3.835361031257539 4.2918143191574725 0.036985204763813707
3.839724354387525 4.2925247781242852 0.26979478950184943
3.844087677517511 4.2939925182747842 0.38145503356175325
3.8484510006474966 4.2956665706153112 0.36452247435135421
3.8528143237774826 4.2970330973375477 0.2510032398991372
3.8571776469074681 4.2978295392295038 0.11861223980206335
3.8615409700374541 4.2981174089981149 0.020065582820522457
3.8659042931674401 4.2980560625930933 -0.043128578746788646
3.8702676162974257 4.2977881929911703 -0.073903520786266538
3.8746309394274117 4.2974612784957653 -0.070200760088818065
3.8789942625573972 4.2972138353740368 -0.040192647573771195
3.8833575856873832 4.2971186597513702 -0.0045959460470484988
3.8877209088173692 4.2971607312515241 0.022064726625291214
3.8920842319473548 4.2972973782869168 0.039214853236857
3.8964475550773408 4.2974903278618051 0.047689796958300883
3.9008108782073267 4.2977001078778772 0.046922429094609065
3.9051742013373123 4.2978893896560093 0.038995165537116461
3.9095375244672983 4.2980380180844229 0.029426853030495047
3.9139008475972838 4.2981496142493087 0.022214673399698896
3.9182641707272698 4.2982355987131635 0.017560887055274595
3.9226274938572558 4.2983062387791779 0.015228872735907518
3.9269908169872414 4.2983720984739797 0.015373944392857773
3.9313541401172274 4.2984432345057746 0.017466673036452635
3.9357174632472129 4.2985252198251676 0.020037849578174588
3.9400807863771989 4.2986171955315786 0.021988719590894972
3.9444441095071849 4.2987161066852106 0.023251409397924621
3.9488074326371705 4.2988191984451651 0.023892615591649062
3.9531707557671565 4.2989236436643106 0.023870044179323278
3.957534078897142 4.2990267337496224 0.023317972235431708
3.961897402027128 4.2991269297175343 0.022627261482048831
3.966260725157114 4.2992244310000078 0.022099598657483201
3.9706240482870996 4.2993200543143359 0.021757035690824742
3.9749873714170856 4.2994145389509626 0.021580857478268992
3.9793506945470716 4.2995086414803882 0.021582518617650238
3.9837140176770571 4.2996030912081293 0.021728050690966505
3.9880773408070431 4.2996983126119623 0.021913542634474002
3.9924406639370287 4.2997942607175785 0.022056251527441961
3.9968039870670147 4.2998907173114169 0.022149178102528692
4.0011673101970002 4.2999874839603098 0.022197551810468768
4.0055306333269867 4.3000843582062762 0.022198286854478829
4.0098939564569722 4.3001811437331394 0.022159952506784788
4.0142572795869578 4.3002777235992093 0.022110154145876946
4.0186206027169442 4.3003741075242177 0.022071560841236158
4.0229839258469298 4.3004703537746716 0.022046355219374782
4.0273472489769153 4.3005665156222221 0.022033081798821182
4.0317105721069009 4.3006626472429188 0.022032567487338152
4.0360738952368873 4.3007588014674658 0.022042656962634799
4.0404372183668729 4.3008550104766412 0.022056021771505657
4.0448005414968584 4.3009512723077714 0.022066457897520902
4.0491638646268449 4.3010475714130481 0.022073294100799466
4.0535271877568304 4.3011438934882955 0.022076933965577247
4.057890510886816 4.3012402240368139 0.02207715708378501
4.0622538340168024 4.3013365488450344 0.022074503799955621
4.066617157146788 4.3014328590668081 0.02207091817685292
4.0709804802767735 4.3015291550514672 0.02206809633213961
4.0753438034067591 4.3016254409448971 0.022066242397039183
4.0797071265367455 4.3017217205887359 0.022065244861729724
4.0840704496667311 4.3018179978620079 0.022065162154056829
4.0884337727967166 4.3019142765877554 0.022065859286935465
4.092797095926703 4.3020105591951516 0.02206682093676576
4.0971604190566886 4.3021068456391482 0.022067583881784897
4.1015237421866741 4.3022031348150387 0.022068086615831709
4.1058870653166606 4.3022994256908742 0.022068359842582427
4.1102503884466461 4.3023957172287179 0.022068388160998438
4.1146137115766317 4.3024920084005371 0.022068205163986564
4.1189770347066181 4.3025882985399519 0.022067947344698139
4.1233403578366037 4.3026845876456843 0.022067741082179456
4.1277036809665892 4.3027808760118651 0.022067604765661823
4.1320670040965748 4.302877163915757 0.022067529969656802
4.1364303272265612 4.3029734516350873 0.022067520728487253
4.1407936503565468 4.3030697394462276 0.022067568717878659
4.1451569734865323 4.3031660275318053 0.022067637814712184
4.1495202966165188 4.3032623158958305 0.022067693573594074
4.1538836197465043 4.3033586044600529 0.022067730533073218
4.1582469428764899 4.3034548931499623 0.022067750997765315
4.1626102660064763 4.3035511818912457 0.022067753917702843
4.1669735891364619 4.3036474706096222 0.022067741345732597
4.1713369122664474 4.303743759255088 0.022067722834376965
4.1757002353964339 4.3038400478255632 0.022067707762349544
4.1800635585264194 4.3039363363418461 0.022067697742204608
4.184426881656405 4.3040326248239653 0.022067692145721941
4.1887902047863905 4.3041289132918044 0.022067691244214697
4.193153527916377 4.3042252017653242 0.022067694534239814
4.1975168510463625 4.3043214902582028 0.022067699491556552
4.2018801741763481 4.3044177787712732 0.022067703565257137
4.2062434973063345 4.3045140672990128 0.022067706281784647
4.2106068204363201 4.3046103558360373 0.022067707811649514
4.2149701435663056 4.3047066443770259 0.022067708084988171
4.2193334666962921 4.3048029329166146 0.022067707224749371
4.2236967898262776 4.3048992214510662 0.022067705897860498
4.2280601129562632 4.304995509980083 0.022067704796904924
4.2324234360862487 4.3050917985051287 0.022067704060657882
4.2367867592162352 4.3051880870276529 0.022067703642616024
4.2411500823462207 4.3052843755490766 0.022067703560732527
4.2455134054762063 4.3053806640708432 0.022067703785423311
4.2498767286061927 4.3054769525939713 0.022067704140399221
4.2542400517361783 4.3055732411185623 0.02206770443772426
4.2586033748661638 4.3056695296442271 0.022067704637525182
4.2629666979961502 4.3057658181705794 0.022067704751934644
4.2673300211261358 4.3058621066972353 0.022067704775999709
4.2716933442561213 4.3059583952238087 0.022067704717399401
4.2760566673861078 4.3060546837500207 0.022067704622388856
4.2804199905160933 4.3061509722758391 0.022067704541964835
4.2847833136460789 4.3062472608013662 0.022067704487861054
4.2891466367760644 4.3063435493267077 0.022067704456772301
4.2935099599060509 4.3064398378519648 0.022067704449574985
4.2978732830360364 4.3065361263772415 0.022067704464874358
4.302236606166022 4.3066324149026141 0.02206770449027429
4.3065999292960084 4.3067287034280923 0.022067704511982998
4.310963252425994 4.3068249919536497 0.022067704526766877
4.3153265755559795 4.3069212804792576 0.022067704535093442
4.319689898685966 4.3070175690048877 0.02206770453706447
4.3240532218159515 4.3071138575305135 0.022067704533067126
4.3284165449459371 4.3072101460561134 0.022067704526336301
4.3327798680759235 4.3073064345816858 0.022067704520603474
4.3371431912059091 4.3074027231072369 0.022067704516678964
4.3415065143358946 4.3074990116327747 0.022067704514307292
4.3458698374658802 4.3075953001583054 0.022067704513673167
4.3502331605958666 4.3076915886838378 0.022067704514903856
4.3545964837258522 4.3077878772093774 0.022067704516721909
4.3589598068558377 4.3078841657349241 0.022067704518003134
4.3633231299858242 4.3079804542604752 0.022067704518985366
4.3676864531158097 4.3080767427860307 0.022067704519881878
4.3720497762457953 4.3081730313115889 0.022067704520212408
4.3764130993757817 4.3082693198371471 0.022067704519812301
4.3807764225057673 4.3083656083627027 0.022067704519250209
4.3851397456357528 4.3084618968882564 0.022067704518858818
4.3895030687657384 4.3085581854138084 0.022067704518543809
4.3938663918957248 4.3086544739393595 0.022067704518349749
4.3982297150257104 4.3087507624649097 0.022067704518219679
4.4025930381556959 4.3088470509904599 0.022067704518336832
4.4069563612856824 4.3089433395160111 0.022067704518595476
4.4113196844156679 4.309039628041563 0.022067704518665077
4.4156830075456535 4.309135916567115 0.022067704518752181
4.4200463306756399 4.3092322050926679 0.022067704518931343
4.4244096538056255 4.3093284936182208 0.022067704518738272
4.428772976935611 4.3094247821437728 0.022067704518734192
4.4331363000655974 4.3095210706693257 0.022067704518930104
4.437499623195583 4.3096173591948785 0.022067704518761198
4.4418629463255686 4.3097136477204305 0.022067704518643715
4.4462262694555541 4.3098099362459825 0.022067704518671905
4.4505895925855405 4.3099062247715345 0.022067704518663148
4.4549529157155261 4.3100025132970865 0.022067704518669986
4.4593162388455116 4.3100988018226385 0.022067704518664862
4.4636795619754981 4.3101950903481905 0.022067704518665035
4.4680428851054836 4.3102913788737425 0.022067704518669483
4.4724062082354692 4.3103876673992945 0.02206770451866499
4.4767695313654556 4.3104839559248465 0.022067704518665042
4.4811328544954412 4.3105802444503984 0.02206770451866933
4.4854961776254267 4.3106765329759504 0.02206770451866559
4.4898595007554132 4.3107728215015024 0.022067704518662773
4.4942228238853987 4.3108691100270544 0.022067704518677806
4.4985861470153843 4.3109653985526064 0.022067704518633963
4.5029494701453698 4.3110616870781584 0.022067704518794303
4.5073127932753563 4.3111579756037113 0.02206770451879397
4.5116761164053418 4.3112542641292633 0.022067704518634979
4.5160394395353274 4.3113505526548153 0.022067704518674073
4.5204027626653138 4.3114468411803673 0.022067704518663196
4.5247660857952994 4.3115431297059192 0.022067704518667623
4.5291294089252849 4.3116394182314712 0.022067704518674264
4.5334927320552714 4.3117357067570232 0.022067704518629799
4.5378560551852569 4.3118319952825752 0.022067704518801027
4.5422193783152425 4.3119282838081281 0.022067704518784717
4.5465827014452289 4.3120245723336801 0.022067704518665243
4.5509460245752145 4.3121208608592321 0.022067704518548802
4.5553093477052 4.3122171493847832 0.022067704518536846
4.5596726708351856 4.3123134379103352 0.022067704518701117
4.564035993965172 4.3124097264358872 0.02206770451865317
4.5683993170951576 4.3125060149614391 0.022067704518680689
4.5727626402251431 4.3126023034869911 0.02206770451863203
4.5771259633551296 4.3126985920125431 0.022067704518785668
4.5814892864851151 4.312794880538096 0.022067704518830437
4.5858526096151007 4.312891169063648 0.0220677045185112
4.5902159327450871 4.3129874575891991 0.022067704518508584
4.5945792558750727 4.3130837461147511 0.022067704518838285
4.5989425790050582 4.313180034640304 0.022067704518756896
4.6033059021350438 4.313276323165856 0.02206770451875276
4.6076692252650302 4.3133726116914088 0.022067704518837206
4.6120325483950158 4.3134689002169608 0.02206770451850356
4.6163958715250013 4.3135651887425119 0.022067704518545846
4.6207591946549877 4.3136614772680639 0.022067704518696885
4.6251225177849733 4.3137577657936159 0.022067704518661101
4.6294858409149588 4.3138540543191679 0.022067704518666669
4.6338491640449453 4.3139503428447199 0.022067704518666683
4.6382124871749308 4.3140466313702719 0.022067704518661076
4.6425758103049164 4.3141429198958239 0.022067704518696968
4.6469391334349028 4.3142392084213759 0.022067704518545526
4.6513024565648884 4.314335496946927 0.022067704518504733
4.6556657796948739 4.314431785472479 0.022067704518832835
4.6600291028248595 4.3145280739980318 0.022067704518782552
4.6643924259548459 4.3146243625235838 0.022067704518642099
4.6687557490848315 4.3147206510491358 0.022067704518643531
4.673119072214817 4.3148169395746878 0.022067704518791736
4.6774823953448035 4.3149132281002407 0.022067704518794664
4.681845718474789 4.3150095166257927 0.022067704518634747
4.6862090416047746 4.3151058051513447 0.022067704518674309
4.690572364734761 4.3152020936768967 0.022067704518662502
4.6949356878647466 4.3152983822024487 0.022067704518670177
4.6992990109947321 4.3153946707280006 0.022067704518664751
4.7036623341247186 4.3154909592535526 0.022067704518665292
4.7080256572547041 4.3155872477791046 0.022067704518668574
4.7123889803846897 4.3156835363046566 0.022067704518668369
4.7167523035146752 4.3157798248302086 0.022067704518665913
4.7211156266446617 4.3158761133557606 0.022067704518662454
4.7254789497746472 4.3159724018813126 0.022067704518678771
4.7298422729046328 4.3160686904068646 0.022067704518630413
4.7342055960346192 4.3161649789324166 0.022067704518794043
4.7385689191646048 4.3162612674579695 0.022067704518798557
4.7429322422945903 4.3163575559835214 0.022067704518630351
4.7472955654245768 4.3164538445090734 0.022067704518674517
4.7516588885545623 4.3165501330346254 0.022067704518666065
4.7560222116845479 4.3166464215601774 0.022067704518669171
4.7603855348145334 4.3167427100857294 0.022067704518665205
4.7647488579445199 4.3168389986112814 0.02206770451866448
4.7691121810745054 4.3169352871368334 0.022067704518671363
4.773475504204491 4.3170315756623854 0.022067704518658023
4.7778388273344774 4.3171278641879374 0.022067704518691028
4.782202150464463 4.3172241527134894 0.022067704518572345
4.7865654735944485 4.3173204412390405 0.022067704518416872
4.7909287967244349 4.3174167297645916 0.0220677045185333
4.7952921198544205 4.3175130182901436 0.022067704518833751
4.7996554429844061 4.3176093068156964 0.022067704518750311
4.8040187661143925 4.3177055953412484 0.022067704518770142
4.808382089244378 4.3178018838668013 0.022067704518774257
4.8127454123743636 4.3178981723923533 0.022067704518751442
4.8171087355043491 4.3179944609179062 0.022067704518838608
4.8214720586343356 4.3180907494434582 0.022067704518499272
4.8258353817643211 4.3181870379690093 0.022067704518548129
4.8301987048943067 4.3182833264945613 0.022067704518705496
4.8345620280242931 4.3183796150201132 0.022067704518624356
4.8389253511542787 4.3184759035456652 0.022067704518791562
4.8432886742842642 4.3185721920712181 0.022067704518828012
4.8476519974142507 4.3186684805967701 0.02206770451850153
4.8520153205442362 4.3187647691223212 0.022067704518549679
4.8563786436742218 4.3188610576478732 0.022067704518697041
4.8607419668042082 4.3189573461734252 0.022067704518656635
4.8651052899341938 4.3190536346989772 0.022067704518670891
4.8694686130641793 4.3191499232245292 0.022067704518667748
4.8738319361941649 4.3192462117500812 0.022067704518666083
4.8781952593241513 4.3193425002756332 0.022067704518662405
4.8825585824541369 4.3194387888011851 0.022067704518678784
4.8869219055841224 4.3195350773267371 0.02206770451863041
4.8912852287141089 4.3196313658522891 0.02206770451879405
4.8956485518440944 4.319727654377842 0.022067704518798553
4.90001187497408 4.319823942903394 0.022067704518630354
4.9043751981040664 4.319920231428946 0.022067704518674507
4.908738521234052 4.320016519954498 0.022067704518666104
4.9131018443640375 4.32011280848005 0.022067704518669028
4.9174651674940231 4.320209097005602 0.02206770451866575
4.9218284906240095 4.320305385531154 0.022067704518662454
4.9261918137539951 4.3204016740567059 0.022067704518678937
4.9305551368839806 4.3204979625822579 0.022067704518629751
4.9349184600139671 4.3205942511078099 0.022067704518796531
4.9392817831439526 4.3206905396333628 0.022067704518789272
4.9436451062739382 4.3207868281589148 0.022067704518665
4.9480084294039246 4.3208831166844668 0.022067704518545207
4.9523717525339102 4.3209794052100179 0.02206770451853798
4.9567350756638957 4.3210756937355699 0.02206770451870016
4.9610983987938821 4.3211719822611219 0.022067704518655858
4.9654617219238677 4.3212682707866739 0.022067704518670891
4.9698250450538533 4.3213645593122259 0.022067704518668522
4.9741883681838388 4.3214608478377778 0.022067704518662992
4.9785516913138252 4.3215571363633298 0.022067704518673983
4.9829150144438108 4.3216534248888818 0.022067704518635559
4.9872783375737963 4.3217497134144338 0.022067704518791736
4.9916416607037828 4.3218460019399867 0.022067704518802651
4.9960049838337683 4.3219422904655387 0.022067704518602814
5.0003683069637539 4.3220385789910907 0.02206770451879405
5.0047316300937403 4.3221348675166436 0.022067704518826139
5.0090949532237259 4.3222311560421955 0.022067704518506547
5.0134582763537114 4.3223274445677466 0.022067704518544964
5.0178215994836979 4.3224237330932986 0.022067704518697398
5.0221849226136834 4.3225200216188506 0.022067704518659928
5.026548245743669 4.3226163101444026 0.02206770451867085
5.0309115688736545 4.3227125986699546 0.022067704518664633
5.035274892003641 4.3228088871955066 0.022067704518665087
5.0396382151336265 4.3229051757210586 0.022067704518669511
5.0440015382636121 4.3230014642466106 0.022067704518664827
5.0483648613935985 4.3230977527721626 0.02206770451866566
5.0527281845235841 4.3231940412977146 0.022067704518667026
5.0570915076535696 4.3232903298232666 0.022067704518674194
5.0614548307835561 4.3233866183488185 0.022067704518630674
5.0658181539135416 4.3234829068743705 0.022067704518797592
5.0701814770435272 4.3235791953999234 0.022067704518797592
5.0745448001735127 4.3236754839254754 0.022067704518630681
5.0789081233034992 4.3237717724510274 0.022067704518674149
5.0832714464334847 4.3238680609765794 0.022067704518667203
5.0876347695634703 4.3239643495021314 0.02206770451866499
5.0919980926934567 4.3240606380276834 0.022067704518667308
5.0963614158234423 4.3241569265532354 0.022067704518660275
5.1007247389534278 4.3242532150787873 0.022067704518699553
5.1050880620834143 4.3243495036043393 0.022067704518535996
5.1094513852133998 4.3244457921298904 0.022067704518540281
5.1138147083433854 4.3245420806554424 0.02206770451870017
5.1181780314733718 4.3246383691809944 0.022067704518653506
5.1225413546033574 4.3247346577065464 0.02206770451868029
5.1269046777333429 4.3248309462320984 0.022067704518633297
5.1312680008633285 4.3249272347576504 0.02206770451879448
5.1356313239933149 4.3250235232832033 0.022067704518793935
5.1399946471233005 4.3251198118087553 0.022067704518634941
5.144357970253286 4.3252161003343073 0.02206770451867425
5.1487212933832724 4.3253123888598592 0.02206770451866253
5.153084616513258 4.3254086773854112 0.022067704518670121
5.1574479396432436 4.3255049659109632 0.022067704518664952
5.16181126277323 4.3256012544365152 0.022067704518664556
5.1661745859032155 4.3256975429620672 0.022067704518671301
5.1705379090332011 4.3257938314876192 0.022067704518658193
5.1749012321631875 4.3258901200131712 0.02206770451869039
5.1792645552931731 4.3259864085387232 0.022067704518574736
5.1836278784231586 4.3260826970642743 0.022067704518407963
5.1879912015531442 4.3261789855898254 0.022067704518580044
5.1923545246831306 4.3262752741153774 0.022067704518655664
5.1967178478131162 4.3263715626409294 0.022067704518791774
5.2010811709431017 4.3264678511664822 0.022067704518795847
5.2054444940730882 4.3265641396920342 0.022067704518629976
5.2098078172030737 4.3266604282175862 0.022067704518678722
5.2141711403330593 4.3267567167431382 0.022067704518663089
5.2185344634630457 4.3268530052686902 0.022067704518663397
5.2228977865930313 4.3269492937942422 0.022067704518677799
5.2272611097230168 4.3270455823197942 0.022067704518633352
5.2316244328530024 4.3271418708453462 0.022067704518796756
5.2359877559829888 4.3272381593708991 0.022067704518784766
5.2403510791129744 4.3273344478964511 0.022067704518669323
5.2447144022429599 4.327430736422003 0.022067704518545884
5.2490777253729464 4.3275270249475541 0.022067704518530941
5.2534410485029319 4.3276233134731061 0.02206770451871418
5.2578043716329175 4.3277196019986581 0.022067704518620296
5.2621676947629039 4.3278158905242101 0.022067704518799105
5.2665310178928895 4.327912179049763 0.022067704518788436
5.270894341022875 4.328008467575315 0.022067704518665774
5.2752576641528615 4.328104756100867 0.022067704518542942
5.279620987282847 4.3282010446264181 0.022067704518546283
5.2839843104128326 4.3282973331519701 0.022067704518669209
5.2883476335428181 4.3283936216775221 0.022067704518784856
5.2927109566728046 4.3284899102030749 0.022067704518796517
5.2970742798027901 4.3285861987286269 0.022067704518634237
5.3014376029327757 4.3286824872541789 0.022067704518674486
5.3058009260627621 4.3287787757797309 0.022067704518662294
5.3101642491927477 4.3288750643052829 0.022067704518670829
5.3145275723227332 4.3289713528308349 0.022067704518662336
5.3188908954527196 4.3290676413563869 0.022067704518674305
5.3232542185827052 4.3291639298819389 0.02206770451863492
5.3276175417126908 4.3292602184074909 0.022067704518793977
5.3319808648426772 4.3293565069330437 0.022067704518794307
5.3363441879726627 4.3294527954585957 0.022067704518633945
5.3407075111026483 4.3295490839841477 0.022067704518677855
5.3450708342326338 4.3296453725096997 0.022067704518662589
5.3494341573626203 4.3297416610352517 0.022067704518666263
5.3537974804926058 4.3298379495608037 0.022067704518666846
5.3581608036225914 4.3299342380863557 0.022067704518674309
5.3625241267525778 4.3300305266119077 0.022067704518630393
5.3668874498825634 4.3301268151374597 0.022067704518798605
5.3712507730125489 4.3302231036630126 0.0220677045187938
5.3756140961425354 4.3303193921885645 0.02206770451863134
5.3799774192725209 4.3304156807141165 0.022067704518675329
5.3843407424025065 4.3305119692396685 0.022067704518675294
5.388704065532492 4.3306082577652205 0.022067704518631468
5.3930673886624785 4.3307045462907725 0.022067704518793314
5.397430711792464 4.3308008348163254 0.022067704518800423
5.4017940349224496 4.3308971233418774 0.022067704518623617
5.406157358052436 4.3309934118674294 0.022067704518699584
5.4105206811824216 4.3310897003929814 0.022067704518572536
5.4148840043124071 4.3311859889185325 0.022067704518407564
5.4192473274423936 4.3312822774440836 0.022067704518570347
5.4236106505723791 4.3313785659696356 0.022067704518694876
5.4279739737023647 4.3314748544951875 0.022067704518658117
5.4323372968323511 4.3315711430207395 0.022067704518667124
5.4367006199623367 4.3316674315462915 0.022067704518667873
5.4410639430923222 4.3317637200718435 0.022067704518669341
5.4454272662223078 4.3318600085973955 0.022067704518662731
5.4497905893522942 4.3319562971229475 0.022067704518674208
5.4541539124822798 4.3320525856484995 0.022067704518634927
5.4585172356122653 4.3321488741740515 0.022067704518794043
5.4628805587422518 4.3322451626996044 0.02206770451879405
5.4672438818722373 4.3323414512251563 0.02206770451863491
5.4716072050022229 4.3324377397507083 0.022067704518674264
5.4759705281322093 4.3325340282762603 0.022067704518662513
5.4803338512621949 4.3326303168018123 0.022067704518670173
5.4846971743921804 4.3327266053273643 0.022067704518664754
5.4890604975221668 4.3328228938529163 0.022067704518665302
5.4934238206521524 4.3329191823784683 0.022067704518668515
5.497787143782138 4.3330154709040203 0.022067704518668595
5.5021504669121235 4.3331117594295723 0.02206770451866507
5.5065137900421099 4.3332080479551243 0.022067704518665601
5.5108771131720955 4.3333043364806763 0.022067704518667023
5.5152404363020811 4.3334006250062282 0.02206770451867426
5.5196037594320675 4.3334969135317802 0.022067704518630413
5.523967082562053 4.3335932020573322 0.02206770451879856
5.5283304056920386 4.3336894905828851 0.022067704518793977
5.532693728822025 4.3337857791084371 0.022067704518630677
5.5370570519520106 4.3338820676339891 0.022067704518677806
5.5414203750819961 4.3339783561595411 0.022067704518666059
5.5457836982119817 4.3340746446850931 0.02206770451866593
5.5501470213419681 4.3341709332106451 0.022067704518664705
5.5545103444719537 4.3342672217361971 0.022067704518669736
5.5588736676019392 4.334363510261749 0.022067704518664299
5.5632369907319257 4.334459798787301 0.022067704518667533
5.5676003138619112 4.334556087312853 0.022067704518660046
5.5719636369918968 4.334652375838405 0.022067704518700229
5.5763269601218832 4.334748664363957 0.022067704518533505
5.5806902832518688 4.3348449528895081 0.022067704518549561
5.5850536063818543 4.3349412414150601 0.022067704518665548
5.5894169295118408 4.3350375299406121 0.022067704518782722
5.5937802526418263 4.335133818466165 0.022067704518808715
5.5981435757718119 4.335230106991717 0.022067704518601027
5.6025068989017974 4.3353263955172689 0.022067704518795139
5.6068702220317839 4.3354226840428218 0.022067704518823561
5.6112335451617694 4.3355189725683738 0.022067704518515772
5.615596868291755 4.3356152610939249 0.022067704518510627
5.6199601914217414 4.3357115496194769 0.022067704518825532
5.624323514551727 4.3358078381450298 0.022067704518792398
5.6286868376817125 4.3359041266705818 0.022067704518623506
5.633050160811699 4.3360004151961338 0.022067704518708042
5.6374134839416845 4.3360967037216858 0.022067704518538806
5.6417768070716701 4.3361929922472369 0.022067704518534029
5.6461401302016565 4.3362892807727889 0.022067704518708885
5.6505034533316421 4.3363855692983408 0.022067704518624907
5.6548667764616276 4.3364818578238928 0.022067704518799445
5.6592300995916132 4.3365781463494457 0.022067704518795944
5.6635934227215996 4.3366744348749977 0.022067704518621927
5.6679567458515852 4.3367707234005497 0.022067704518710825
5.6723200689815707 4.3368670119261017 0.022067704518542737
5.6766833921115571 4.3369633004516528 0.022067704518502033
5.6810467152415427 4.3370595889772048 0.022067704518832935
5.6854100383715283 4.3371558775027577 0.022067704518784835
5.6897733615015147 4.3372521660283097 0.02206770451863287
5.6941366846315002 4.3373484545538616 0.022067704518678156
5.6985000077614858 4.3374447430794136 0.022067704518662447
5.7028633308914722 4.3375410316049656 0.022067704518666537
5.7072266540214578 4.3376373201305176 0.022067704518665892
5.7115899771514433 4.3377336086560696 0.022067704518677851
5.7159533002814289 4.3378298971816216 0.02206770451863066
5.7203166234114153 4.3379261857071736 0.02206770451879398
5.7246799465414009 4.3380224742327265 0.02206770451879856
5.7290432696713864 4.3381187627582785 0.022067704518630403
5.7334065928013729 4.3382150512838304 0.022067704518674309
5.7377699159313584 4.3383113398093824 0.022067704518666846
5.742133239061344 4.3384076283349344 0.02206770451866626
5.7464965621913304 4.3385039168604864 0.022067704518662589
5.750859885321316 4.3386002053860384 0.022067704518677858
5.7552232084513015 4.3386964939115904 0.022067704518633935
5.7595865315812871 4.3387927824371424 0.022067704518794352
5.7639498547112735 4.3388890709626953 0.022067704518793804
5.7683131778412591 4.3389853594882473 0.022067704518635593
5.7726765009712446 4.3390816480137993 0.022067704518671769
5.7770398241012311 4.3391779365393512 0.02206770451867179
5.7814031472312166 4.3392742250649032 0.022067704518635541
5.7857664703612022 4.3393705135904552 0.022067704518794001
5.7901297934911886 4.3394668021160081 0.022067704518793602
5.7944931166211742 4.3395630906415601 0.022067704518636738
5.7988564397511597 4.3396593791671121 0.022067704518667412
5.8032197628811462 4.3397556676926641 0.022067704518688086
5.8075830860111317 4.3398519562182161 0.022067704518574732
5.8119464091411173 4.3399482447437672 0.022067704518410263
5.8163097322711028 4.3400445332693183 0.022067704518570833
5.8206730554010893 4.3401408217948703 0.02206770451869022
5.8250363785310748 4.3402371103204223 0.022067704518662776
5.8293997016610604 4.3403333988459742 0.022067704518666631
5.8337630247910468 4.3404296873715262 0.02206770451866517
5.8381263479210324 4.3405259758970782 0.022067704518667179
5.8424896710510179 4.3406222644226302 0.022067704518674063
5.8468529941810043 4.3407185529481822 0.022067704518631045
5.8512163173109899 4.3408148414737342 0.022067704518796253
5.8555796404409755 4.3409111299992871 0.022067704518802574
5.8599429635709619 4.3410074185248391 0.022067704518598592
5.8643062867009474 4.3411037070503911 0.02206770451879754
5.868669609830933 4.3411999955759439 0.022067704518829865
5.8730329329609186 4.3412962841014959 0.022067704518501621
5.877396256090905 4.341392572627047 0.022067704518547452
5.8817595792208905 4.341488861152599 0.022067704518692392
5.8861229023508761 4.341585149678151 0.022067704518690945
5.8904862254808625 4.341681438203703 0.022067704518538303
5.8948495486108481 4.3417777267292541 0.02206770451853966
5.8992128717408336 4.3418740152548061 0.02206770451870034
5.9035761948708201 4.3419703037803581 0.022067704518653461
5.9079395180008056 4.3420665923059101 0.022067704518680301
5.9123028411307912 4.3421628808314621 0.022067704518633297
5.9166661642607767 4.3422591693570141 0.02206770451879448
5.9210294873907632 4.3423554578825669 0.022067704518793935
5.9253928105207487 4.3424517464081189 0.022067704518634941
5.9297561336507343 4.3425480349336709 0.02206770451867425
5.9341194567807207 4.3426443234592229 0.022067704518662523
5.9384827799107063 4.3427406119847749 0.022067704518670149
5.9428461030406918 4.3428369005103269 0.022067704518664834
5.9472094261706783 4.3429331890358789 0.022067704518664997
5.9515727493006638 4.3430294775614309 0.02206770451866966
5.9559360724306494 4.3431257660869829 0.022067704518664313
5.9602993955606358 4.3432220546125349 0.022067704518667561
5.9646627186906214 4.3433183431380868 0.022067704518659938
5.9690260418206069 4.3434146316636388 0.022067704518700638
5.9733893649505925 4.3435109201891908 0.022067704518545467
5.9777526880805789 4.3436072087147419 0.022067704518501305
5.9821160112105645 4.3437034972402939 0.022067704518833123
5.98647933434055 4.3437997857658468 0.022067704518784825
5.9908426574705365 4.3438960742913988 0.022067704518632724
5.995205980600522 4.3439923628169508 0.022067704518678757
5.9995693037305076 4.3440886513425028 0.022067704518660209
6.003932626860494 4.3441849398680548 0.022067704518674888
6.0082959499904796 4.3442812283936068 0.022067704518634712
6.0126592731204651 4.3443775169191587 0.022067704518794206
6.0170225962504515 4.3444738054447116 0.022067704518793613
6.0213859193804371 4.3445700939702636 0.022067704518636495
6.0257492425104227 4.3446663824958156 0.022067704518668366
6.0301125656404082 4.3447626710213676 0.022067704518698012
6.0344758887703946 4.3448589595469196 0.022067704518534067
6.0388392119003802 4.3449552480724707 0.022067704518549548
6.0432025350303658 4.3450515365980227 0.022067704518665042
6.0475658581603522 4.3451478251235747 0.022067704518784762
6.0519291812903377 4.3452441136491275 0.022067704518801044
6.0562925044203233 4.3453404021746795 0.022067704518629681
6.0606558275503097 4.3454366907002315 0.022067704518674697
6.0650191506802953 4.3455329792257835 0.02206770451866601
6.0693824738102808 4.3456292677513355 0.022067704518669223
6.0737457969402664 4.3457255562768875 0.022067704518665066
6.0781091200702528 4.3458218448024395 0.022067704518664986
6.0824724432002384 4.3459181333279915 0.022067704518669483
6.0868357663302239 4.3460144218535435 0.022067704518665042
6.0911990894602104 4.3461107103790955 0.022067704518664823
6.0955624125901959 4.3462069989046475 0.022067704518670152
6.0999257357201815 4.3463032874301994 0.022067704518662527
6.1042890588501679 4.3463995759557514 0.022067704518674212
6.1086523819801535 4.3464958644813034 0.022067704518635108
6.113015705110139 4.3465921530068554 0.022067704518793314
6.1173790282401255 4.3466884415324083 0.02206770451879678
6.121742351370111 4.3467847300579603 0.02206770451862471
6.1261056745000966 4.3468810185835123 0.022067704518712334
6.1304689976300821 4.3469773071090643 0.022067704518533911
6.1348323207600686 4.3470735956346154 0.022067704518535836
6.1391956438900541 4.3471698841601674 0.022067704518706557
6.1435589670200397 4.3472661726857194 0.022067704518645894
6.1479222901500261 4.3473624612112713 0.022067704518704333
6.1522856132800117 4.3474587497368233 0.022067704518531264
6.1566489364099972 4.3475550382623753 0.022067704519178583
6.1610122595399837 4.3476513267879282 0.022067704517359565
6.1653755826699692 4.3477476153134793 0.02206770452337764
6.1697389057999548 4.347843903839034 0.022067704502359172
6.1741022289299412 4.3479401923645762 0.022067704574294814
6.1784655520599268 4.3480364808901628 0.022067704329554714
6.1828288751899123 4.3481327694155869 0.022067705155374304
6.1871921983198979 4.348229057941615 0.0220677024003373
6.1915555214498843 4.3483253464653924 0.022067711462476547
6.1959188445798699 4.3484216349975693 0.022067682196600748
6.2002821677098554 4.3485179234983962 0.022067774418355834
6.2046454908398418 4.3486142121162219 0.022067493684989618
6.2090088139698274 4.3487105002974031 0.022068304624543809
6.213372137099813 4.3488067901081635 0.022066161801147982
6.2177354602297994 4.3489030738372518 0.022070861121554201
6.2220987833597849 4.3489993802634537 0.022065630599374945
6.2264621064897705 4.3490956019828726 0.022039218659552239
6.2308254296197561 4.3491916127274211 0.021946801211202134
6.2351887527497425 4.3492867582474943 0.021602942779373038
6.239552075879728 4.3493789111710699 0.020418351636670856
6.2439153990097136 4.3494709518707912 0.023365857411579642
6.2482787221397 4.3495784507550797 0.023311530831664911
6.2526420452696856 4.3497853654402618 0.099562865889459284
6.2570053683996711 4.3503614714379522 0.11680237041108517
6.2613686915296576 4.3519430199269884 0.91672160130885494
6.2657320146596431 4.3556436510290553 -0.15192960924215981
6.2700953377896287 4.3628213111808529 7.1703589615864125
6.2744586609196151 4.3743274162544008 -15.683495523199074
6.2788219840496007 4.3895781444126731 73.960266539027089
6.2831853071795862 4.8893385871512756 73.938027300893083
