# q  U_kJmol  dU_dq   # conservative spline pchip_hermite_v1
0 4.6276399546822358 -0.043552358154498816
0.0043633231299858239 4.6275539749126144 -0.017701721794757114
0.0087266462599716477 4.6274275466660528 -0.031681749010820937
0.013089969389957472 4.6273044647287893 -0.02712184790651867
0.017453292519943295 4.6271829219762095 -0.02802240687573267
0.021816615649929118 4.6270615993623494 -0.027770450433414414
0.026179938779914945 4.6269399864442304 -0.027925959504604598
0.030543261909900768 4.6268180781484425 -0.027958564893393312
0.034906585039886591 4.6266960066803815 -0.027987909983531078
0.039269908169872414 4.6265738709617752 -0.027994288646071966
0.043633231299858237 4.6264517157003144 -0.027997041003668129
0.04799655442984406 4.6263295541040002 -0.02799744511214889
0.05235987755982989 4.6262073934558723 -0.027996779920123675
0.056723200689815713 4.6260852367161371 -0.027995697441893459
0.061086523819801536 4.6259630854979505 -0.027994208996808156
0.065449846949787352 4.6258409415230597 -0.027992468794930378
0.069813170079773182 4.6257188041680912 -0.027991386400855533
0.074176493209759012 4.6255966683113394 -0.027991874557771728
0.078539816339744828 4.6254745263561592 -0.02799416719681147
0.082903139469730658 4.6253523707338671 -0.027998098268214873
0.087266462599716474 4.6252301944833301 -0.028003661093963912
0.091629785729702304 4.6251079913502275 -0.028010144746568259
0.09599310885968812 4.6249857632430578 -0.028014301304768612
0.10035643198967395 4.624863528905423 -0.028012646075386623
0.10471975511965978 4.6247413165893523 -0.028004253274729746
0.1090830782496456 4.624619154604348 -0.027989733702330887
0.11344640137963143 4.6244970689482718 -0.027969119795172248
0.11780972450961724 4.6243750832400012 -0.027944896041828669
0.12217304763960307 4.6242531916367025 -0.027928984100586168
0.1265363707695889 4.624131325663698 -0.02793453171399074
0.1308996938995747 4.6240093802582063 -0.027965244864611952
0.13526301702956053 4.6238872495435297 -0.028018867614420961
0.13962634015954636 4.6237648364101407 -0.028095249478274339
0.14398966328953219 4.623642051748142 -0.02818572033199461
0.14835298641951802 4.6235189126947285 -0.028246560897299339
0.15271630954950383 4.6233956691958529 -0.02822820078076254
0.15707963267948966 4.6232727118616639 -0.028115859746123073
0.16144295580947549 4.6231504366444502 -0.027917842569893447
0.16580627893946132 4.623029206324988 -0.02763484444943266
0.17016960206944712 4.6229093568007675 -0.027297070456692572
0.17453292519943295 4.622790841138654 -0.0270647036412642
0.17889624832941878 4.6226727477654403 -0.027124504405163924
0.18325957145940461 4.6225536247985817 -0.027535220150304199
0.18762289458939044 4.6224319915695435 -0.028266381991762228
0.19198621771937624 4.6223064926313278 -0.029314813869493968
0.19634954084936207 4.622175862884915 -0.03057547422769551
0.2007128639793479 4.6220402154350184 -0.031462003568943304
0.20507618710933373 4.621902871945883 -0.031271255318686637
0.20943951023931956 4.6217692276555367 -0.029770447923428308
0.21380283336930536 4.6216448191692967 -0.027070972867931118
0.21816615649929119 4.621534711426377 -0.023187142502937713
0.22252947962927702 4.6214436654528495 -0.018483564949898539
0.22689280275926285 4.6213714852252039 -0.015104666895489499
0.23125612588924865 4.621306077936377 -0.015695975558816438
0.23561944901923448 4.6212273998523434 -0.021177235922937219
0.23998277214922031 4.6211147496456348 -0.031142723481193617
0.24434609527920614 4.6209491987782689 -0.045528838957992396
0.24870941840919197 4.6207128430716358 -0.06307252607135011
0.2530727415391778 4.6204055906388755 -0.075938481911068792
0.25743606466916363 4.6200714254266773 -0.074179833820492758
0.26179938779914941 4.6197847919194981 -0.054171941376357183
0.26616271092913524 4.6196230818578909 -0.017390731833549711
0.27052603405912107 4.6196570079318757 0.035877070549194423
0.2748893571891069 4.6199536950887481 0.10119536298835784
0.27925268031909273 4.6205158403285331 0.1498311371482704
0.28361600344907856 4.6211816157448604 0.143736142484613
0.28797932657906439 4.6216687284340825 0.067891765299016041
0.29234264970905022 4.6216750850852142 -0.076018677424168721
0.29670597283903605 4.6209061799128568 -0.2881067988844388
0.30106929596902182 4.6190704742258122 -0.56235264125021445
0.30543261909900765 4.6159698734512453 -0.85643695571664702
0.30979594222899348 4.611652129986604 -1.1123773264649817
0.31415926535897931 4.606353303869315 -1.3059199436853677
0.31852258848896514 4.6003469202086418 -1.4368325802407338
0.32288591161895097 4.5939060465897379 -1.5048534389507677
0.3272492347489368 4.5873016441386705 -1.5130248006645592
0.33161255787892263 4.5807658915762097 -1.4775524514649792
0.33597588100890846 4.5744388300302621 -1.4205849263530952
0.34033920413889424 4.5683852965185583 -1.3523779790901191
0.34470252726888007 4.5626506701844587 -1.2748448459679314
0.3490658503988659 4.5572789180714768 -1.1844259653521254
0.35342917352885173 4.5523374066520494 -1.0783289735823482
0.35779249665883756 4.5478410610188078 -0.99125066150699859
0.36215581978882339 4.5435794804012026 -0.97817491791390632
0.36651914291880922 4.5391702015001636 -1.0576935288671678
0.37088246604879505 4.5342292055873017 -1.2198263761053536
0.37524578917878088 4.5284090580842662 -1.4618181723023858
0.37960911230876665 4.5213649820506232 -1.7776895190595714
0.38397243543875248 4.5128847305219777 -2.1011651406323555
0.38833575856873831 4.5031634936034228 -2.3320715449794829
0.39269908169872414 4.4927305297562361 -2.4275563994855958
0.39706240482870997 4.4821661522026632 -2.3944113761841561
0.4014257279586958 4.4720137964056583 -2.2385747312100417
0.40578905108868163 4.4627899136416671 -1.9734100075802707
0.41015237421866746 4.4548485090028915 -1.6697675061602462
0.41451569734865329 4.4481215055856467 -1.4327744532067375
0.41887902047863912 4.4421671812746508 -1.3181733704177938
0.42324234360862489 4.4364246400524507 -1.3367044081321198
0.42760566673861072 4.430294943448045 -1.4977584471347769
0.43196898986859655 4.4231368352859084 -1.8082833887290932
0.43633231299858238 4.4143164731371112 -2.2550949406479752
0.44069563612856821 4.4032971804694903 -2.8120787044048532
0.44505895925855404 4.3896337247840957 -3.4671979306678016
0.44942228238853987 4.3728985304904491 -4.2197017332580078
0.4537856055185257 4.3526732327191215 -5.0661575848976206
0.45814892864851153 4.328563427133532 -5.9982396066830823
0.46251225177849731 4.3002424060561442 -6.9896649984173376
0.46687557490848314 4.2675377566086619 -8.0012607560193736
0.47123889803846897 4.2304242767883675 -9.0087016640140192
0.4756022211684548 4.1889418318525093 -10.002509893388346
0.47996554429844063 4.1431661579726642 -10.975521999123051
0.48432886742842646 4.0932031324280205 -11.920483067256667
0.48869219055841229 4.0392090864549273 -12.818163113922006
0.49305551368839812 3.9814544554582736 -13.639595155502525
0.49741883681838395 3.9203156940933113 -14.368531395830221
0.50178215994836972 3.856203010639101 -15.00282925382878
0.50614548307835561 3.789528398669757 -15.542872089258422
0.51050880620834138 3.7206991025383371 -15.991306889565447
0.51487212933832727 3.6500971162962723 -16.357788497649619
0.51923545246831304 3.5780487375071526 -16.656705467285473
0.52359877559829882 3.504823933114503 -16.897872906164888
0.5279620987282847 3.4306650013907842 -17.085395488107814
0.53232542185827048 3.3558013072351067 -17.220955319561089
0.53668874498825636 3.2804589621079705 -17.304848533025421
0.54105206811824214 3.2048514561865451 -17.345123146869135
0.54541539124822802 3.12913470823838 -17.357551895822905
0.5497787143782138 3.0534079153483722 -17.349577964372298
0.55414203750819968 2.9777638931493589 -17.319042399361095
0.55850536063818546 2.9023079046448474 -17.262967210505568
0.56286868376817123 2.8271577970971511 -17.178212831418527
0.56723200689815712 2.7524436528426577 -17.063251001635965
0.57159533002814289 2.6782954310903584 -16.919006768288938
0.57595865315812877 2.6048409518212035 -16.744863684335961
0.58032197628811455 2.5322151417399112 -16.538947092332936
0.58468529941810043 2.4605574512549389 -16.301375576176806
0.58904862254808621 2.3900013090792784 -16.034579400967722
0.59341194567807209 2.3206667923830757 -15.742038979897204
0.59777526880805787 2.2526580019411062 -15.42756680007844
0.60213859193804364 2.18606160620143 -15.09540264516172
0.60650191506802953 2.1209450540638328 -14.7499748664069
0.6108652381980153 2.0573574258264595 -14.395173983325931
0.61522856132800119 1.9953317694129962 -14.034661935509886
0.61959188445798696 1.9348815462488382 -13.674390178036928
0.62395520758797285 1.8759877840939112 -13.322657381000225
0.62831853071795862 1.8185985437159713 -12.985283588870097
0.63268185384794451 1.7626461697261067 -12.664162021213686
0.63704517697793028 1.708059390356895 -12.359191827368157
0.64140850010791606 1.6547710275240926 -12.068555019902551
0.64577182323790194 1.6027224996921443 -11.790899238476163
0.65013514636788772 1.5518566943376368 -11.526531342037366
0.6544984694978736 1.50211712557212 -11.274135394319181
0.65886179262785938 1.4534588946265001 -11.030270722546492
0.66322511575784526 1.4058518832077378 -10.791886930891645
0.66758843888783104 1.3592776041396077 -10.556467001821346
0.67195176201781692 1.3137304417248983 -10.320282657359957
0.6763150851478027 1.2692246522913868 -10.078251251913347
0.68067840827778847 1.2257948003456891 -9.8268057726430982
0.68504173140777436 1.1834844770927 -9.5651277406783066
0.68940505453776013 1.1423368803124543 -9.2941222827797159
0.69376837766774602 1.102387796022376 -9.0163538223792354
0.69813170079773179 1.0636594706072482 -8.7350646572624235
0.70249502392771768 1.0261608924201802 -8.4531458896477485
0.70685834705770345 0.98988765202231355 -8.1741180072047896
0.71122167018768934 0.95481790386068943 -7.9022077892402622
0.71558499331767511 0.9209121212578717 -7.6411324655615243
0.71994831644766089 0.8881160294749314 -7.3940930035026255
0.72431163957764677 0.85635858867477621 -7.1662351564872999
0.72867496270763255 0.82553958009576467 -6.9653637266316313
0.73303828583761843 0.79552672088255372 -6.7972213496919709
0.73740160896760421 0.7661728211897042 -6.6633276188559032
0.74176493209759009 0.73732932744773094 -6.5630484446168964
0.74612825522757587 0.70885416463740436 -6.4938838963564018
0.75049157835756175 0.68061886986560904 -6.4526544544926061
0.75485490148754752 0.65250701464154792 -6.4369448739111395
0.7592182246175333 0.62441369019612858 -6.4434010318920292
0.76358154774751918 0.59625248891680771 -6.4672138289734837
0.76794487087750496 0.56795814790948806 -6.503715289976185
0.77230819400749084 0.53948479760206347 -6.5485145115573768
0.77667151713747662 0.51080930059770335 -6.5948797238281527
0.7810348402674625 0.48194596862512407 -6.6327512951740282
0.78539816339744828 0.45295196404316324 -6.6538894767932204
0.78976148652743416 0.4239096187459967 -6.6545456746760347
0.79412480965741994 0.39491237291662495 -6.6330112190896253
0.79848813278740571 0.36605817704643723 -6.589130826548665
0.8028514559173916 0.33744578153017057 -6.5215832680759069
0.80721477904737737 0.30918830025460425 -6.4253831603598845
0.81157810217736326 0.28142005695703087 -6.2973348369239943
0.81594142530734903 0.25427833331487287 -6.138589798137942
0.82030474843733492 0.2278929549801566 -5.9508303646193248
0.82466807156732069 0.20238771587655691 -5.7354492499061758
0.82903139469730658 0.17788051285345174 -5.4933949197855965
0.83339471782729235 0.15448803718965781 -5.2243642164560899
0.83775804095727824 0.13232856137642765 -4.9283630330083783
0.84212136408726401 0.1115177235831384 -4.6063950195959897
0.84648468721724979 0.092166738988042105 -4.259291933510112
0.85084801034723567 0.074384544782378201 -3.8873303486221751
0.85521133347722145 0.058278434544449843 -3.4912685056683723
0.85957465660720733 0.043949590362931688 -3.0731288835921395
0.86393797973719311 0.031489807685554545 -2.6347190555490236
0.86830130286717899 0.020985533099194258 -2.1769176347185204
0.87266462599716477 0.012518777743875026 -1.7011297896714839
0.87702794912715065 0.0061631100416049247 -1.2097106068827443
0.88139127225713643 0.0019785543967966836 -0.70695153775162334
0.8857545953871222 0 -0.19992557081472312
0.89011791851710809 0.00023031122904325525 0.30465036011225544
0.89448124164709386 0.0026485978720444383 0.80236588671145015
0.89884456477707975 0.0072165219285308018 1.2892507474792132
0.90320788790706552 0.013877351215639284 1.7609532327484652
0.90757121103705141 0.022553409999649762 2.211803809602741
0.91193453416703718 0.033137223834131591 2.6339445088308144
0.91629785729702307 0.045486731571595197 3.0202085905395593
0.92066118042700884 0.059435121125847472 3.3663234276170004
0.92502450355699462 0.074801499859904877 3.6698477028817367
0.9293878266869805 0.091396901875402031 3.9295874729194917
0.93375114981696627 0.10902981452963936 4.1454580504983767
0.93811447294695216 0.12750986935781206 4.3180277943102698
0.94247779607693793 0.14665034202919297 4.4484001576237979
0.94684111920692382 0.16627067725843453 4.538340013870549
0.95120444233690959 0.18620013675800645 4.5906756097311225
0.95556776546689548 0.20628296172447902 4.6093778901794904
0.95993108859688125 0.22638535903712662 4.6011364542149469
0.96429441172686703 0.24641212899247222 4.5768593309274976
0.96865773485685291 0.26631820156939751 4.5472263147905743
0.97302105798683869 0.28609643580578775 4.5191549295730145
0.97738438111682457 0.30576577488703377 4.4983075245185669
0.98174770424681035 0.32537003037188533 4.4901495516964598
0.98611102737679623 0.34497897960737728 4.5021078485934849
0.99047435050678201 0.3647056876591212 4.5466248171092039
0.99483767363676789 0.38472017843944062 4.6354284733792479
0.99920099676675367 0.40523058952307134 4.7745313932080018
1.0035643198967394 0.42646392793206056 4.967333957531002
1.0079276430267252 0.4486609013933035 5.2166156538830153
1.0122909661567112 0.4720713039562639 5.5235253571723675
1.016654289286697 0.49694453183575049 5.886661844486186
1.0210176124166828 0.52352113575127157 6.3041258870264745
1.0253809355466685 0.55203648491565083 6.7752713667408981
1.0297442586766545 0.58272215156177087 7.2984088319557294
1.0341075818066403 0.61579917281215324 7.8710881879894377
1.0384709049366261 0.65147045057077524 8.485086999119499
1.0428342280666119 0.68987281433475456 9.1178482044539102
1.0471975511965976 0.7310328089568604 9.7465683066251358
1.0515608743265836 0.77490815936445012 10.361875124728467
1.0559241974565694 0.82142965722712025 10.95822584050457
1.0602875205865552 0.8705004853133872 11.529663481809953
1.064650843716541 0.92199404379436456 12.066099267758895
1.0690141668465269 0.97571246816624735 12.544370307213471
1.0733774899765127 1.0313461695127144 12.941402916731372
1.0777408131064985 1.088515947904386 13.247977666480006
1.0821041362364843 1.1468207854459407 13.461184023765442
1.08646745936647 1.2058482484993414 13.579033734274267
1.090830782496456 1.2651832761334159 13.602735067722382
1.0951941056264418 1.3244267271387515 13.538582400279708
1.0995574287564276 1.3832127073348275 13.393994525206898
1.1039207518864134 1.4412005551000342 13.173209496112719
1.1082840750163994 1.4980664608667542 12.880791553723222
1.1126473981463851 1.5535105011287569 12.522255146447712
1.1170107212763709 1.6072641371944922 12.108979695066868
1.1213740444063567 1.6591421417488614 11.668792360181563
1.1257373675363425 1.7090972716121049 11.231156664818997
1.1301006906663285 1.7571757045730443 10.809493786016951
1.1344640137963142 1.8034602181171735 10.410051117022558
1.1388273369263 1.8480606242403173 10.038169565736776
1.1431906600562858 1.8911076808213068 9.6992269957565238
1.1475539831862718 1.93276526479172 9.4035433564530582
1.1519173063162575 1.9732469376820001 9.1613925839350614
1.1562806294462433 2.0127965878159011 8.9763707654123408
1.1606439525762291 2.0516624413101843 8.847653229869147
1.1650072757062149 2.0900858255470909 8.7731818004771061
1.1693705988362009 2.128292295108988 8.7464260567336005
1.1737339219661866 2.1664569023109781 8.7499984778721487
1.1780972450961724 2.2046661403590173 8.7643680079217958
1.1824605682261582 2.2429417144210158 8.7796126595162143
1.1868238913561442 2.2812759714842841 8.7902212662656787
1.19118721448613 2.3196367863502743 8.7911494474057452
1.1955505376161157 2.357969666563553 8.7758814637762494
1.1999138607461015 2.3961761234543624 8.72989649100961
1.2042771838760873 2.43408459466254 8.6373022283499878
1.2086405070060733 2.4714722982965851 8.4907309788515963
1.2130038301360591 2.5080982496413751 8.2878145357390682
1.2173671532660448 2.5437118881931955 8.0262942561728359
1.2217304763960306 2.5780559536016963 7.7063826157947188
1.2260937995260166 2.610889750576975 7.3362711762623123
1.2304571226560024 2.6420190058560156 6.9262879465222822
1.2348204457859882 2.6712793090188094 6.479378942157914
1.2391837689159739 2.6985081855075546 5.9952952711201899
1.2435470920459597 2.723542073560917 5.4726699807465788
1.2479104151759457 2.746211520214219 4.9124217745948471
1.2522737383059315 2.76638004781113 4.3308644500011582
1.2566370614359172 2.7840047284244571 3.7488163218706085
1.261000384565903 2.7991022212677077 3.1719794891995803
1.265363707695889 2.8116907798644801 2.5987925080758245
1.2697270308258748 2.8217854773608519 2.0287085555157378
1.2740903539558606 2.8294000630790528 1.4623795066239782
1.2784536770858463 2.8345622230266101 0.9064166487085582
1.2828170002158321 2.8373379113952324 0.3696163817272739
1.2871803233458181 2.8378212149043285 -0.14416441488948617
1.2915436464758039 2.8361155288644793 -0.63340704172146733
1.2959069696057897 2.8323353421910453 -1.0940156592299648
1.3002702927357754 2.8266165565348857 -1.5215426117258655
1.3046336158657614 2.819100551055592 -1.9193859914499758
1.3089969389957472 2.8099005895692777 -2.2939657137874763
1.313360262125733 2.7991182955279093 -2.6435380360584384
1.3177235852557188 2.7868756293844683 -2.9626786465349939
1.3220869083857045 2.773314608588088 -3.2470556681450033
1.3264502315156905 2.7585942463475943 -3.4939453225537997
1.3308135546456763 2.7428719861762123 -3.7079684197696894
1.3351768777756621 2.7262723112382798 -3.8971066078809304
1.3395402009056478 2.7088962739562166 -4.0635841425885992
1.3439035240356338 2.6908447153864539 -4.2067774690220459
1.3482668471656196 2.6722157350711226 -4.3289868018994833
1.3526301702956054 2.6530924381613432 -4.4338291474607079
1.3569934934255912 2.6335507836360392 -4.519758995960891
1.3613568165555769 2.6136834325037279 -4.5827712565585097
1.3657201396855629 2.5935890950912182 -4.6247891278191071
1.3700834628155487 2.5733478421457701 -4.6507813323194247
1.3744467859455345 2.5530204194234138 -4.6650522973066728
1.3788101090755203 2.5326500262510105 -4.6707665124960975
1.3831734322055063 2.5122775742643224 -4.6645985283600186
1.387536755335492 2.4919709495939055 -4.6397122573585916
1.3919000784654778 2.4718181036164331 -4.5944353556958619
1.3962634015954636 2.4519044664593812 -4.5302309223423176
1.4006267247254494 2.432313600606923 -4.4459364854165786
1.4049900478554354 2.413138879360837 -4.3392775091114997
1.4093533709854211 2.3944724555846948 -4.2146082987309867
1.4137166941154069 2.3763739608697838 -4.0799852601227862
1.4180800172453927 2.3588814827293794 -3.9360010612691503
1.4224433403753787 2.3420458894346736 -3.7782538394652416
1.4268066635053644 2.325937218851303 -3.6017909334183331
1.4311699866353502 2.310647986735713 -3.4021901494159672
1.435533309765336 2.2962727052127305 -3.18526566249969
1.4398966328953218 2.2828586347893096 -2.9632981837763932
1.4442599560253078 2.2704162890295763 -2.7391038499365084
1.4486232791552935 2.2589644625118166 -2.5087091339834515
1.4529866022852793 2.2485357791838561 -2.2699900271803997
1.4573499254152651 2.2391679887740721 -2.0223834902671141
1.4617132485452511 2.2308994760850274 -1.7663048170675464
1.4660765716752369 2.2237646683223873 -1.5029402698915306
1.4704398948052226 2.2177925611804152 -1.2335849810231025
1.4748032179352084 2.2130061718119567 -0.95971713346290444
1.4791665410651942 2.2094202385971333 -0.68393147005478705
1.4835298641951802 2.2070355083527957 -0.40968279155277165
1.487893187325166 2.2058420671877386 -0.13750680532642945
1.4922565104551517 2.20583500187273 0.13430255782799144
1.4966198335851375 2.2070111823646297 0.40412095882108895
1.5009831567151235 2.2093523230150747 0.66754548666941504
1.5053464798451093 2.2128214650556388 0.9205532061740801
1.509709802975095 2.2173646691485445 1.1591250979837231
1.5140731261050808 2.222908366858805 1.3781892221029699
1.5184364492350666 2.229355164025336 1.572175022165152
1.5227997723650526 2.2365850751081413 1.7365226130609994
1.5271630954950384 2.2444617362316053 1.8682484895370934
1.5315264186250241 2.2528377327733602 1.9649877098466144
1.5358897417550099 2.2615562999889738 2.0251569420507516
1.5402530648849959 2.2704619540497206 2.0519064780316616
1.5446163880149817 2.2794242084138201 2.0522860434617116
1.5489797111449675 2.2883384110096125 2.0298957855105182
1.5533430342749532 2.2971066093309305 1.9856541450005196
1.557706357404939 2.3056367175374679 1.9209271157240944
1.562069680534925 2.3138448329907786 1.8389922591667336
1.5664330036649108 2.3216869662416522 1.7584419782297223
1.5707963267948966 2.329238028081579 1.7108211710068233
1.5751596499248823 2.3366917971738088 1.7148351543822018
1.5795229730548683 2.344283998269991 1.7746852971722031
1.5838862961848541 2.352264629326366 1.8935143458147392
1.5882496193148399 2.360899185166407 2.0750183393974004
1.5926129424448257 2.3704764060521142 2.3279076224351969
1.5969762655748114 2.3813376025566688 2.6657718475274659
1.6013395887047974 2.3938750647186904 3.0967376417989478
1.6057029118347832 2.4084977212237364 3.6211996336459875
1.610066234964769 2.4256107927914088 4.2383431637166753
1.6144295580947547 2.4456153533984222 4.9456317410294357
1.6187928812247407 2.4688666953304281 5.7196977263454469
1.6231562043547265 2.4955635440560062 6.5174235815203891
1.6275195274847123 2.5257376199635977 7.3121754494198994
1.6318828506146981 2.5593614330916434 8.0980720238320512
1.6362461737446838 2.5963887851444758 8.8716994458038592
1.6406094968746698 2.6367577179102817 9.6288958341566993
1.6449728200046556 2.680350363460696 10.340446162887165
1.6493361431346414 2.7268466854936961 10.949930992941759
1.6536994662646272 2.7757090237221549 11.423615141388222
1.6580627893946132 2.8263360083806184 11.759428137923782
1.6624261125245989 2.8781320294687061 11.959543758774391
1.6667894356545847 2.9305099611215724 12.027130754002949
1.6711527587845705 2.9829001431655269 11.965182133709659
1.6755160819145565 3.0347376769422132 11.773839408897091
1.6798794050445423 3.0854625884188698 11.456203225398301
1.684242728174528 3.1345389180217409 11.019626537805598
1.6886060513045138 3.1814634492409923 10.470620480145291
1.6929693744344996 3.2257570228518437 9.8148406049755721
1.6973326975644856 3.2669982689248291 9.079427131508071
1.7016960206944713 3.3049504412067607 8.3168345123986303
1.7060593438244571 3.3395871806383703 7.5616941865018363
1.7104226669544429 3.3709583426055172 6.8200787175676716
1.7147859900844289 3.399124392951459 6.0927628173985244
1.7191493132144147 3.4241470320816463 5.3787191106067755
1.7235126363444004 3.4461089305384145 4.6965492134507345
1.7278759594743862 3.4652465233964933 4.0930127452944101
1.732239282604372 3.4819831789857214 3.5967161561850958
1.736602605734358 3.4967865315987456 3.2054348995296378
1.7409659288643438 3.510101125311599 2.9140200822740461
1.7453292519943295 3.5223559815388596 2.7187435638491944
1.7496925751243153 3.533965287859218 2.6187952094422022
1.7540558982543013 3.5453558334828674 2.6196089481906664
1.7584192213842871 3.5569753647784896 2.7233325227427119
1.7627825445142729 3.5692652810589762 2.9259862000426371
1.7671458676442586 3.5826484533987548 3.2242381771653794
1.7715091907742444 3.5975396983902082 3.6171184665497234
1.7758725139042304 3.614329624671289 4.0896568040032006
1.7802358370342162 3.6332927984885033 4.6062751991301338
1.7845991601642019 3.6545548241582204 5.1420523275522418
1.7889624832941877 3.6781888988160238 5.6938002750153407
1.7933258064241737 3.7042651783307345 6.2610684786130664
1.7976891295541595 3.7328486411579069 6.8431963560810036
1.8020524526841453 3.7639795508088132 7.4227243282561677
1.806415775814131 3.7975551147953781 7.9548004901142946
1.8107790989441168 3.8332823520108055 8.4071699189871119
1.8151424220741028 3.8708005642571641 8.7763813063257796
1.8195057452040886 3.9097507529116839 9.0631045085256936
1.8238690683340744 3.9497698823839444 9.2665043358575758
1.8282323914640601 3.9904941451416249 9.3859453281848921
1.8325957145940461 4.0315518799979113 9.418873992553296
1.8369590377240319 4.0725615611416934 9.3639575697810766
1.8413223608540177 4.1131419788020427 9.2225154667083853
1.8456856839840035 4.1529206682898296 8.9968327837192419
1.8500490071139892 4.1915343084801595 8.6887490394661508
1.8544123302439752 4.2286442819073633 8.3118926955840156
1.858775653373961 4.264017749719236 7.8996233892000518
1.8631389765039468 4.2975688408471848 7.4786497322458434
1.8675022996339325 4.3292791758184297 7.0562290476817129
1.8718656227639185 4.359150800256347 6.6370704965180822
1.8762289458939043 4.3872108148129794 6.2263499422037603
1.8805922690238901 4.413528687045682 5.8450106770963624
1.8849555921538759 4.4383340454474327 5.5433515545483196
1.8893189152838616 4.4620766366492361 5.3606945002803776
1.8936822384138476 4.4852952294927535 5.3020022051374802
1.8980455615438334 4.5085161391062352 5.360746600850776
1.9024088846738192 4.532237440273378 5.5300980963793789
1.906772207803805 4.5568706023598358 5.7649409942529788
1.911135530933791 4.582480813776864 5.9549369295982775
1.9154988540637767 4.6086382349469561 6.0081136388642662
1.9198621771937625 4.6346807285085001 5.9026261757312977
1.9242255003237483 4.6599162110778503 5.6375210294846401
1.9285888234537341 4.6836427590454823 5.211102180247372
1.9329521465837201 4.7052132148253403 4.6619959213589022
1.9373154697137058 4.7243051158811058 4.0982913151504663
1.9416787928436916 4.7410924941880408 3.6136141714823986
1.9460421159736774 4.7559899412334055 3.2321332064707722
1.9504054391036634 4.769459163358011 2.9613380700322307
1.9547687622336491 4.7820091987090771 2.8120381864424777
1.9591320853636349 4.7941793386924125 2.7868497700133141
1.9634954084936207 4.8064979829956584 2.8778105538332213
1.9678587316236065 4.819448921311662 3.0759932243356367
1.9722220547535925 4.8334915936179046 3.3776560985144872
1.9765853778835782 4.8490608792081238 3.773064908642362
1.980948701013564 4.8665336248864302 4.2481115256260695
1.9853120241435498 4.8861765625520697 4.7533531010789085
1.9896753472735358 4.9078823829182774 5.1677879500479778
1.9940386704035216 4.9309837525252282 5.382649626363424
1.9984019935335073 4.9545169599961572 5.3651868957791926
2.0027653166634933 4.9774606635931846 5.1117729785045318
2.0071286397934789 4.9987809211648973 4.6213791042001935
2.0114919629234649 5.0174996622945125 3.9314983028855837
2.0158552860534504 5.0329588542017039 3.1516434701347467
2.0202186091834364 5.0450223055065022 2.3851033816725407
2.0245819323134224 5.0538410795322664 1.6655035425634599
2.028945255443408 5.0596422382577275 1.0048077689971477
2.033308578573394 5.0627155425633044 0.41689670692838993
2.0376719017033795 5.063393778717673 -0.093025376381436167
2.0420352248333655 5.0620072775724481 -0.5317623384378084
2.0463985479633515 5.0588463841117672 -0.90648349425471531
2.0507618710933371 5.0541941477471948 -1.2142160498410568
2.0551251942233231 5.0483548554139679 -1.4500960866725285
2.0594885173533091 5.0416502475480138 -1.6099500840250598
2.0638518404832946 5.0344183463014547 -1.6921414167387996
2.0682151636132806 5.0269866377556864 -1.7034396913446279
2.0725784867432662 5.0196461050679941 -1.6507447373998239
2.0769418098732522 5.012674499448992 -1.5338828084294407
2.0813051330032382 5.0063545811743424 -1.352302697724475
2.0856684561332237 5.0009643360583453 -1.1082216769846351
2.0900317792632097 4.9967672178716906 -0.80659604114373373
2.0943951023931953 4.9939957786846438 -0.4566212801348003
2.0987584255231813 4.992837496546958 -0.068796197154069511
2.1031217486531673 4.9934366390833542 0.34736999700082277
2.1074850717831528 4.9958924893550467 0.779774541306546
2.1118483949131388 5.0002427080726557 1.2130401757150888
2.1162117180431244 5.0064424438726922 1.6216791708260359
2.1205750411731104 5.0142913630361932 1.9593867879353473
2.1249383643030963 5.023372251704715 2.1808521183413077
2.1293016874330819 5.0331228850502203 2.2648055372370748
2.1336650105630679 5.042931322205364 2.2077520233427399
2.1380283336930539 5.0521888471864509 2.0129763225383628
2.1423916568230394 5.0603378742972982 1.708206335413222
2.1467549799530254 5.0670563607993131 1.3763477182525665
2.151118303083011 5.0724355048113789 1.1041208383626318
2.155481626212997 5.0768274351883944 0.92526481392977056
2.159844949342983 5.0806550406021831 0.8461564303556981
2.1642082724729685 5.0843638143490519 0.87174208923975427
2.1685715956029545 5.0883877663415271 0.98350580064443283
2.1729349187329401 5.0929568449999696 1.1023673824722429
2.1772982418629261 5.0978931849818796 1.142469116632794
2.1816615649929121 5.1027706327631872 1.075219589430338
2.1860248881228976 5.1071177338721219 0.8989851575215323
2.1903882112528836 5.1104516050686968 0.60988732843445403
2.1947515343828692 5.1122942218615295 0.22055650265923493
2.1991148575128552 5.1123182363667103 -0.20871219567284655
2.2034781806428412 5.1105131383050031 -0.61029056895715561
2.2078415037728267 5.1070663508295278 -0.96105603769496251
2.2122048269028127 5.1022051516915656 -1.257636110676817
2.2165681500327987 5.096179822480928 -1.493425054688944
2.2209314731627843 5.089262708658266 -1.6672320193263033
2.2252947962927703 5.0816968637353588 -1.7953957998043735
2.2296581194227558 5.0736322967928684 -1.897864364718185
2.2340214425527418 5.0651662079770041 -1.9787884317712363
2.2383847656827278 5.0563981484175464 -2.0363094930947434
2.2427480888127134 5.0474289991984609 -2.0711800360849932
2.2471114119426994 5.0383544325221274 -2.0849155730529141
2.2514747350726849 5.0292633136849796 -2.0789630143165105
2.2558380582026709 5.0202383415459853 -2.0549390201769913
2.2602013813326569 5.0113533174529525 -2.0152872472593191
2.2645647044626425 5.0026700989183785 -1.9629458630701098
2.2689280275926285 4.9942374760205253 -1.9009150231791789
2.2732913507226145 4.9860898288645705 -1.833148011456875
2.2776546738526 4.9782389758457795 -1.7662513936203634
2.282017996982586 4.9706648255916921 -1.7072974521987965
2.2863813201125716 4.9633224888102205 -1.6603798251741757
2.2907446432425576 4.9561553317016118 -1.6271764003740754
2.2951079663725436 4.9491022937342493 -1.6080005137995652
2.2994712895025291 4.9421040795417222 -1.6017508920568957
2.3038346126325151 4.9351088407568922 -1.6061854749810145
2.3081979357625007 4.9280758969529135 -1.6185750869508611
2.3125612588924866 4.9209761509508301 -1.6364359258746799
2.3169245820224726 4.9137908980019471 -1.6573230124201959
2.3212879051524582 4.906511905411671 -1.6791547032615433
2.3256512282824442 4.8991406568089655 -1.6988220450123668
2.3300145514124297 4.8917023950511709 -1.7078264004322106
2.3343778745424157 4.8842670747447485 -1.6961940955122372
2.3387411976724017 4.8769363721406256 -1.6597667331311436
2.3431045208023873 4.8698183126312102 -1.5989760314945007
2.3474678439323733 4.8630162069679592 -1.5151297151163328
2.3518311670623593 4.8566233476486023 -1.4126947599559909
2.3561944901923448 4.8506936598309451 -1.3064505706828498
2.3605578133223308 4.8452012532675708 -1.2147565721110731
2.3649211364523164 4.8400588100790269 -1.1465072193608832
2.3692844595823024 4.8351594366292003 -1.1034590947199812
2.3736477827122884 4.830391741904525 -1.0862428817292915
2.3780111058422739 4.8256458264662587 -1.0926459015947865
2.3823744289722599 4.8208375616748009 -1.1121439583378983
2.3867377521022455 4.8159415295925267 -1.1309613131357974
2.3911010752322315 4.8109789660241669 -1.1422818616073316
2.3954643983622175 4.805986112511798 -1.1447518246531228
2.399827721492203 4.8010033512171111 -1.1374383576903402
2.404191044622189 4.7960729098149635 -1.1213108564214593
2.4085543677521746 4.7912182402589645 -1.1050649362520577
2.4129176908821606 4.7864122106944995 -1.1006368395503683
2.4172810140121466 4.781588589435394 -1.1132479100493966
2.4216443371421321 4.7766736065274777 -1.1421425256784938
2.4260076602721181 4.7715980143317669 -1.1871954473923978
2.4303709834021041 4.7662947324890128 -1.2450638267749272
2.4347343065320897 4.7607500554647402 -1.2910563584537795
2.4390976296620757 4.7550962707519195 -1.2902058743002549
2.4434609527920612 4.7495812812297933 -1.2272036563082207
2.4478242759220472 4.7444758245404088 -1.1030604340501768
2.4521875990520332 4.7400443768655158 -0.91764704380673523
2.4565509221820188 4.7365506700532185 -0.67528623998496851
2.4609142453120048 4.7341801555918268 -0.41314954561204303
2.4652775684419903 4.732894574497565 -0.18586171559263034
2.4696408915719763 4.7324711062220475 -0.018459382431679151
2.4740042147019623 4.7326454652456098 0.088424340023022852
2.4783675378319479 4.7331529885739396 0.13358979299410362
2.4827308609619338 4.7337236668704135 0.11853331878533549
2.4870941840919194 4.734132712003837 0.065885143342969146
2.4914575072219054 4.7342942479422918 0.01022875530696628
2.4958208303518914 4.7342416578939366 -0.03189448819481519
2.5001841534818769 4.7340370891653638 -0.05946015352036297
2.5045474766118629 4.7337454097115801 -0.071460015004520427
2.5089107997418489 4.7334365663098543 -0.067588887923598143
2.5132741228718345 4.7331703465690245 -0.053568725564694324
2.5176374460018205 4.7329705068835892 -0.038575067344975428
2.522000769131806 4.7328284715978102 -0.027186920716231598
2.526364092261792 4.7327275786830381 -0.019702377185572936
2.530727415391778 4.7326504866575974 -0.016377001234463836
2.5350907385217636 4.7325784573729912 -0.017317878290329259
2.5394540616517496 4.7324953192208854 -0.021036756501720405
2.5438173847817351 4.7323944176815385 -0.025071466700383134
2.5481807079117211 4.7322779208173955 -0.028149508610980728
2.5525440310417071 4.7321502887644291 -0.030181178145260952
2.5569073541716927 4.7320161564875995 -0.03110167470053099
2.5612706773016787 4.7318805429948929 -0.030875652683811462
2.5656340004316642 4.731747820792072 -0.029889748721446487
2.5699973235616502 4.7316198505725957 -0.028804259014468189
2.5743606466916362 4.7314960873494698 -0.027972381101537776
2.5787239698216218 4.7313753375444438 -0.027420991168171101
2.5830872929516078 4.7312563622979891 -0.027166458546608065
2.5874506160815938 4.7311378174467729 -0.027219964398372657
2.5918139392115793 4.731018521182639 -0.02748118911082785
2.5961772623415653 4.7308979541070917 -0.027773163442050507
2.6005405854715509 4.730776252301883 -0.027997969617067353
2.6049039086015369 4.7306537350860633 -0.028147588270565984
2.6092672317315229 4.7305307336023779 -0.028217900578909449
2.6136305548615084 4.7304076077915465 -0.028205471799296545
2.6179938779914944 4.7302846769600864 -0.028136297717458764
2.62235720112148 4.7301620858637037 -0.028057780250547743
2.626720524251466 4.730039800790002 -0.027997033870315404
2.631083847381452 4.7299177363389386 -0.027956442208955386
2.6354471705114375 4.7297958039931851 -0.027937037361670029
2.6398104936414235 4.7296739073794933 -0.027939851935754517
2.6441738167714091 4.7295519602561642 -0.027958158799266941
2.6485371399013951 4.7294299223406222 -0.027979268766993103
2.6529004630313811 4.7293078019060406 -0.027995682072264782
2.6572637861613666 4.729185621784139 -0.02800669277414454
2.6616271092913526 4.729063405637576 -0.028012043372385897
2.6659904324213386 4.7289411792669869 -0.028011428532785255
2.6703537555513241 4.7288189659575659 -0.028006586617752457
2.6747170786813101 4.7286967769031509 -0.028000912406047362
2.6790804018112957 4.7285746100968122 -0.027996478003716841
2.6834437249412817 4.728452459436804 -0.027993491775169507
2.6878070480712677 4.7283303185972132 -0.027992017670958019
2.6921703712012532 4.7282081806715972 -0.027992144793222078
2.6965336943312392 4.7280860393750368 -0.027993424597512334
2.7008970174612248 4.7279638916011759 -0.027994949412498374
2.7052603405912108 4.7278417378298583 -0.02799614735953879
2.7096236637211968 4.7277195796911027 -0.027996957133053373
2.7139869868511823 4.727597418876166 -0.027997362927672239
2.7183503099811683 4.7274752572335954 -0.027997339021433452
2.7227136331111539 4.7273530964592112 -0.02799700096995875
2.7270769562411399 4.7272309374139354 -0.027996591313717786
2.7314402793711259 4.7271087799851621 -0.027996267717534617
2.7358036025011114 4.7269866237376403 -0.027996048164541473
2.7401669256310974 4.7268644682191754 -0.027995936541420824
2.7445302487610834 4.7267423129350465 -0.027995940206707391
2.748893571891069 4.7266201574278233 -0.027996029439484447
2.753256895021055 4.7264980014591966 -0.027996139469104304
2.7576202181510405 4.7263758450549389 -0.027996226873302311
2.7619835412810265 4.7262536883312176 -0.027996286391731771
2.7663468644110125 4.7261315314089458 -0.02799631707405081
2.7707101875409981 4.7260093744205092 -0.027996316831229079
2.7750735106709841 4.7258872174892579 -0.027996293294035249
2.7794368338009696 4.7257650606810797 -0.027996263749034373
2.7838001569309556 4.7256429039902814 -0.02799624014293314
2.7881634800609416 4.7255207473858736 -0.027996224010168904
2.7925268031909272 4.7253985908355238 -0.027996215582031511
2.7968901263209132 4.7252764343038081 -0.027996215447956364
2.8012534494508987 4.7251542777574729 -0.027996221652181779
2.8056167725808847 4.7250321211783222 -0.027996229583220979
2.8099800957108707 4.7249099645675505 -0.027996235958074028
2.8143434188408563 4.724787807933418 -0.027996240330330137
2.8187067419708423 4.7246656512845728 -0.027996242643893467
2.8230700651008283 4.7245434946304909 -0.0279962427335557
2.8274333882308138 4.7244213379801359 -0.027996241099485047
2.8317967113607998 4.7242991813385258 -0.027996238971126436
2.8361600344907854 4.7241770247054333 -0.027996237249717455
2.8405233576207713 4.7240548680786567 -0.027996236064970814
2.8448866807507573 4.723932711455884 -0.027996235430023754
2.8492500038807429 4.7238105548345803 -0.027996235391640228
2.8536133270107289 4.723688398212329 -0.02799623582166014
2.8579766501407144 4.7235662415877488 -0.027996236392712728
2.8623399732707004 4.7234440849608736 -0.027996236857612287
2.8667032964006864 4.7233219283322914 -0.027996237178616139
2.871066619530672 4.7231997717026193 -0.027996237352698544
2.875429942660658 4.7230776150725369 -0.027996237366780769
2.8797932657906435 4.7229554584426943 -0.02799623725361744
2.8841565889206295 4.7228333018134725 -0.027996237100452678
2.8885199120506155 4.722711145184868 -0.02799623697499742
2.8928832351806011 4.7225889885567254 -0.027996236888031961
2.8972465583105871 4.7224668319288785 -0.027996236840450533
2.9016098814405731 4.7223446753011462 -0.027996236835605228
2.9059732045705586 4.7222225186733535 -0.027996236865325774
2.9103365277005446 4.7221003620453956 -0.027996236906398197
2.9146998508305302 4.7219782054172716 -0.027996236940166543
2.9190631739605162 4.7218560487890233 -0.027996236963708693
2.9234264970905022 4.7217338921606942 -0.027996236976827148
2.9277898202204877 4.721611735532333 -0.027996236978374386
2.9321531433504737 4.721489578903987 -0.027996236970669618
2.9365164664804593 4.7213674222756845 -0.027996236959637478
2.9408797896104453 4.7212452656474273 -0.027996236950404173
2.9452431127404313 4.7211231090192038 -0.02799623694401164
2.9496064358704168 4.7210009523910026 -0.027996236940351641
2.9539697590004028 4.7208787957628102 -0.027996236940010858
2.9583330821303884 4.7207566391346134 -0.02799623694198065
2.9626964052603744 4.7206344825064059 -0.027996236944823595
2.9670597283903604 4.720512325878186 -0.027996236947350806
2.9714230515203459 4.7203901692499572 -0.027996236949063547
2.9757863746503319 4.7202680126217222 -0.027996236950066714
2.9801496977803179 4.7201458559934846 -0.027996236950439408
2.9845130209103035 4.7200236993652469 -0.027996236949786028
2.9888763440402895 4.7199015427370137 -0.027996236948973532
2.993239667170275 4.7197793861087822 -0.027996236948602215
2.997602990300261 4.7196572294805534 -0.02799623694784666
3.001966313430247 4.7195350728523273 -0.027996236947567629
3.0063296365602326 4.7194129162241012 -0.027996236947615865
3.0106929596902186 4.7192907595958751 -0.027996236947701959
3.0150562828202041 4.7191686029676481 -0.02799623694792
3.0194196059501901 4.7190464463394202 -0.027996236948183074
3.0237829290801761 4.7189242897111914 -0.027996236948125523
3.0281462522101616 4.7188021330829635 -0.027996236948101199
3.0325095753401476 4.7186799764547347 -0.027996236948256044
3.0368728984701332 4.7185578198265059 -0.02799623694827166
3.0412362216001192 4.7184356631982771 -0.027996236948054355
3.0455995447301052 4.7183135065700492 -0.02799623694828875
3.0499628678600907 4.7181913499418204 -0.027996236947577035
3.0543261909900767 4.7180691933135925 -0.027996236950189497
3.0586895141200627 4.7179470366853629 -0.027996236941053465
3.0630528372500483 4.7178248800571412 -0.027996236970719013
3.0674161603800343 4.7177027234288893 -0.027996236876459517
3.0717794835100198 4.7175805668007484 -0.027996237168261311
3.0761428066400058 4.7174584101721937 -0.027996236303550904
3.0805061297699918 4.7173362535451844 -0.02799623869259308
3.0848694528999774 4.7172140969124081 -0.027996232903641196
3.0892327760299634 4.7170919403011542 -0.02799624283779354
3.0935960991599489 4.7169697836095761 -0.027996249319311585
3.0979594222899349 4.7168476272177715 -0.027996062576829881
3.1023227454199209 4.7167254740014668 -0.027994413643246768
3.1066860685499065 4.7166033361109205 -0.027988475591872043
3.1110493916798925 4.7164812576940447 -0.027962448431941105
3.115412714809878 4.7163593709624632 -0.027899810939043961
3.119776037939864 4.7162379906073308 -0.027696436169644345
3.12413936106985 4.7161176981105291 -0.027476457646943266
3.1285026841998356 4.7159992870182332 -0.026518231761601705
3.1328660073298216 4.7158834393990929 -0.02751504106020404
3.1372293304598076 4.715770205760097 -0.020926275078627883
3.1415926535897931 4.7157035827945268 -0.012440150935572514
3.1459559767197791 4.7156369598289567 -0.020926275078629125
3.1503192998497647 4.7155237261899607 -0.027515041060204099
3.1546826229797507 4.7154078785708204 -0.026518231761608342
3.1590459461097367 4.7152894674785246 -0.027476457646908255
3.1634092692397222 4.7151691749817228 -0.027696436169777905
3.1677725923697082 4.7150477946265896 -0.027899810939163824
3.1721359154996938 4.7149259078950081 -0.027962448431938777
3.1764992386296798 4.7148038294781323 -0.027988475591761486
3.1808625617596658 4.7146816915875869 -0.027994413643072105
3.1852258848896513 4.7145595383712822 -0.02799606257702842
3.1895892080196373 4.7144373819794767 -0.027996249319311294
3.1939525311496229 4.7143152252878995 -0.027996242837596153
3.1983158542796088 4.7141930686766456 -0.027996232903820369
3.2026791774095948 4.7140709120438684 -0.027996238692675868
3.2070425005395804 4.7139487554168591 -0.027996236303651233
3.2114058236695664 4.7138265987883035 -0.027996237168396391
3.2157691467995524 4.7137044421601626 -0.027996236876420978
3.2201324699295379 4.7135822855319107 -0.027996236970738102
3.2244957930595239 4.713460128903689 -0.027996236941015655
3.2288591161895095 4.7133379722754594 -0.027996236950321655
3.2332224393194955 4.7132158156472306 -0.027996236947705425
3.2375857624494815 4.7130936590190018 -0.027996236948245115
3.241949085579467 4.7129715023907739 -0.027996236948100484
3.246312408709453 4.7128493457625451 -0.027996236948139321
3.2506757318394386 4.7127271891343172 -0.027996236948128621
3.2550390549694246 4.7126050325060884 -0.027996236948132566
3.2594023780994106 4.7124828758778605 -0.027996236948118945
3.2637657012293961 4.7123607192496317 -0.027996236948178026
3.2681290243593821 4.7122385626214038 -0.027996236947955309
3.2724923474893677 4.7121164059931759 -0.027996236948176437
3.2768556706193537 4.7119942493649472 -0.027996236948125315
3.2812189937493397 4.7118720927367193 -0.027996236948100127
3.2855823168793252 4.7117499361084905 -0.027996236948260561
3.2899456400093112 4.7116277794802617 -0.027996236948254673
3.2943089631392972 4.7115056228520329 -0.027996236948109227
3.2986722862692828 4.711383466223805 -0.027996236948094798
3.3030356093992688 4.7112613095955762 -0.027996236948297948
3.3073989325292543 4.7111391529673474 -0.027996236948110459
3.3117622556592403 4.7110169963391195 -0.027996236948046593
3.3161255787892263 4.7108948397108916 -0.027996236947870318
3.3204889019192119 4.7107726830826646 -0.027996236948037177
3.3248522250491979 4.7106505264544358 -0.027996236948156672
3.3292155481791834 4.7105283698262079 -0.027996236948122501
3.3335788713091694 4.7104062131979791 -0.027996236948139706
3.3379421944391554 4.7102840565697512 -0.027996236948096487
3.342305517569141 4.7101618999415225 -0.027996236948260721
3.346668840699127 4.7100397433132937 -0.027996236948257657
3.351032163829113 4.7099175866850649 -0.02799623694809715
3.3553954869590985 4.709795430056837 -0.02799623694814013
3.3597588100890845 4.7096732734286082 -0.027996236948128698
3.3641221332190701 4.7095511168003803 -0.027996236948131466
3.3684854563490561 4.7094289601721515 -0.027996236948131817
3.372848779479042 4.7093068035439236 -0.027996236948119101
3.3772121026090276 4.7091846469156948 -0.027996236948178144
3.3815754257390136 4.7090624902874669 -0.027996236947954695
3.3859387488689991 4.708940333659239 -0.027996236948178772
3.3903020719989851 4.7088181770310102 -0.02799623694811661
3.3946653951289711 4.7086960204027823 -0.027996236948132622
3.3990287182589567 4.7085738637745536 -0.02799623694813929
3.4033920413889427 4.7084517071463257 -0.027996236948096598
3.4077553645189282 4.7083295505180969 -0.027996236948260696
3.4121186876489142 4.7082073938898681 -0.027996236948257647
3.4164820107789002 4.7080852372616393 -0.027996236948097206
3.4208453339088858 4.7079630806334114 -0.027996236948139921
3.4252086570388718 4.7078409240051826 -0.027996236948129485
3.4295719801688578 4.7077187673769547 -0.027996236948119951
3.4339353032988433 4.7075966107487259 -0.02799623694817709
3.4382986264288293 4.707474454120498 -0.02799623694795807
3.4426619495588149 4.7073522974922701 -0.027996236948166327
3.4470252726888009 4.7072301408640413 -0.027996236948163
3.4513885958187869 4.7071079842358134 -0.027996236947959489
3.4557519189487724 4.7069858276075855 -0.027996236948174758
3.4601152420787584 4.7068636709793568 -0.027996236948127848
3.464478565208744 4.7067415143511289 -0.027996236948100214
3.46884188833873 4.7066193577229001 -0.027996236948257668
3.473205211468716 4.7064972010946713 -0.027996236948257605
3.4775685345987015 4.7063750444664425 -0.027996236948108946
3.4819318577286875 4.7062528878382146 -0.027996236948092983
3.4862951808586731 4.7061307312099858 -0.027996236948305497
3.4906585039886591 4.706008574581757 -0.027996236948082079
3.4950218271186451 4.7058864179535291 -0.027996236948144015
3.4993851502486306 4.7057642613253003 -0.02799623694812825
3.5037484733786166 4.7056421046970724 -0.027996236948129357
3.5081117965086026 4.7055199480688437 -0.027996236948132129
3.5124751196385882 4.7053977914406158 -0.027996236948128504
3.5168384427685742 4.705275634812387 -0.027996236948140244
3.5212017658985597 4.7051534781841591 -0.027996236948096893
3.5255650890285457 4.7050313215559303 -0.027996236948258552
3.5299284121585317 4.7049091649277015 -0.027996236948257387
3.5342917352885173 4.7047870082994727 -0.027996236948108946
3.5386550584185033 4.7046648516712448 -0.027996236948093202
3.5430183815484888 4.704542695043016 -0.027996236948304606
3.5473817046784748 4.7044205384147872 -0.02799623694808542
3.5517450278084608 4.7042983817865593 -0.027996236948131539
3.5561083509384463 4.7041762251583306 -0.027996236948174807
3.5604716740684323 4.7040540685301027 -0.027996236947955597
3.5648349971984179 4.7039319119018748 -0.027996236948178516
3.5691983203284039 4.703809755273646 -0.027996236948116721
3.5735616434583899 4.7036875986454181 -0.027996236948132434
3.5779249665883754 4.7035654420171893 -0.027996236948139911
3.5822882897183614 4.7034432853889614 -0.027996236948094302
3.5866516128483474 4.7033211287607326 -0.027996236948260703
3.591014935978333 4.7031989721325038 -0.027996236948259933
3.595378259108319 4.703076815504275 -0.027996236948096588
3.5997415822383045 4.7029546588760471 -0.027996236948140078
3.6041049053682905 4.7028325022478183 -0.027996236948129489
3.6084682284982765 4.7027103456195904 -0.027996236948119785
3.6128315516282621 4.7025881889913617 -0.027996236948177756
3.6171948747582481 4.7024660323631338 -0.027996236947955586
3.6215581978882336 4.7023438757349059 -0.027996236948175608
3.6259215210182196 4.7022217191066771 -0.027996236948128358
3.6302848441482056 4.7020995624784492 -0.027996236948088778
3.6346481672781912 4.7019774058502204 -0.02799623694830292
3.6390114904081772 4.7018552492219916 -0.027996236948096598
3.6433748135381627 4.7017330925937637 -0.027996236948097074
3.6477381366681487 4.7016109359655349 -0.027996236948301494
3.6521014597981347 4.7014887793373061 -0.027996236948085448
3.6564647829281203 4.7013666227090782 -0.02799623694814311
3.6608281060581063 4.7012444660808494 -0.027996236948128483
3.6651914291880923 4.7011223094526216 -0.027996236948120791
3.6695547523180778 4.7010001528243928 -0.027996236948174723
3.6739180754480638 4.7008779961961649 -0.027996236947966692
3.6782813985780494 4.700755839567937 -0.027996236948134221
3.6826447217080354 4.7006336829397082 -0.02799623694828279
3.6870080448380214 4.7005115263114794 -0.027996236948123112
3.6913713679680069 4.7003893696832515 -0.027996236948011132
3.6957346910979929 4.7002672130550236 -0.027996236948008065
3.7000980142279785 4.7001450564267957 -0.027996236948132313
3.7044613373579645 4.7000228997985669 -0.02799623694824906
3.7088246604879505 4.6999007431703381 -0.027996236948259926
3.713187983617936 4.6997785865421093 -0.027996236948108266
3.717551306747922 4.6996564299138814 -0.027996236948093393
3.7219146298779076 4.6995342732856527 -0.027996236948304547
3.7262779530078936 4.6994121166574239 -0.027996236948085479
3.7306412761378795 4.699289960029196 -0.027996236948131366
3.7350045992678651 4.6991678034009672 -0.027996236948175428
3.7393679223978511 4.6990456467727393 -0.027996236947953303
3.7437312455278371 4.6989234901445114 -0.027996236948178519
3.7480945686578226 4.6988013335162826 -0.027996236948119004
3.7524578917878086 4.6986791768880547 -0.027996236948131824
3.7568212149177942 4.6985570202598259 -0.027996236948140078
3.7611845380477802 4.698434863631598 -0.02799623694809426
3.7655478611777662 4.6983127070033692 -0.027996236948260714
3.7699111843077517 4.6981905503751404 -0.027996236948259937
3.7742745074377377 4.6980683937469117 -0.027996236948096585
3.7786378305677233 4.6979462371186838 -0.027996236948140091
3.7830011536977093 4.697824080490455 -0.027996236948129444
3.7873644768276953 4.6977019238622271 -0.027996236948119965
3.7917277999576808 4.6975797672339983 -0.027996236948177086
3.7960911230876668 4.6974576106057704 -0.027996236947958074
3.8004544462176524 4.6973354539775425 -0.027996236948166317
3.8048177693476384 4.6972132973493137 -0.027996236948163038
3.8091810924776244 4.6970911407210858 -0.02799623694795934
3.8135444156076099 4.6969689840928579 -0.027996236948175324
3.8179077387375959 4.6968468274646291 -0.027996236948125735
3.8222710618675819 4.6967246708364012 -0.027996236948099554
3.8266343849975675 4.6966025142081724 -0.027996236948262424
3.8309977081275535 4.6964803575799436 -0.02799623694824779
3.835361031257539 4.6963582009517149 -0.02799623694814346
3.839724354387525 4.696236044323487 -0.027996236947964746
3.844087677517511 4.6961138876952591 -0.027996236948164693
3.8484510006474966 4.6959917310670303 -0.027996236948162851
3.8528143237774826 4.6958695744388024 -0.027996236947970279
3.8571776469074681 4.6957474178105745 -0.027996236948131747
3.8615409700374541 4.6956252611823457 -0.027996236948289115
3.8659042931674401 4.6955031045541169 -0.027996236948100283
3.8702676162974257 4.695380947925889 -0.02799623694809613
3.8746309394274117 4.6952587912976602 -0.027996236948301584
3.8789942625573972 4.6951366346694314 -0.027996236948094572
3.8833575856873832 4.6950144780412035 -0.02799623694810649
3.8877209088173692 4.6948923214129747 -0.027996236948257286
3.8920842319473548 4.694770164784746 -0.027996236948261425
3.8964475550773408 4.6946480081565172 -0.027996236948094062
3.9008108782073267 4.6945258515282893 -0.02799623694814014
3.9051742013373123 4.6944036949000605 -0.027996236948131761
3.9095375244672983 4.6942815382718326 -0.027996236948119185
3.9139008475972838 4.6941593816436038 -0.027996236948177867
3.9182641707272698 4.6940372250153759 -0.027996236947955742
3.9226274938572558 4.693915068387148 -0.02799623694816632
3.9269908169872414 4.6937929117589192 -0.027996236948165339
3.9313541401172274 4.6936707551306913 -0.027996236947958716
3.9357174632472129 4.6935485985024634 -0.02799623694817549
3.9400807863771989 4.6934264418742346 -0.02799623694812569
3.9444441095071849 4.6933042852460067 -0.027996236948099572
3.9488074326371705 4.6931821286177779 -0.027996236948262414
3.9531707557671565 4.6930599719895492 -0.027996236948247807
3.957534078897142 4.6929378153613204 -0.027996236948143387
3.961897402027128 4.6928156587330925 -0.027996236947965027
3.966260725157114 4.6926935021048646 -0.027996236948163649
3.9706240482870996 4.6925713454766358 -0.027996236948166747
3.9749873714170856 4.6924491888484079 -0.027996236947955746
3.9793506945470716 4.69232703222018 -0.027996236948177423
3.9837140176770571 4.6922048755919512 -0.027996236948120947
3.9880773408070431 4.6920827189637233 -0.027996236948125145
3.9924406639370287 4.6919605623354945 -0.027996236948164849
3.9968039870670147 4.6918384057072666 -0.027996236948001841
4.0011673101970002 4.6917162490790387 -0.027996236948003499
4.0055306333269867 4.6915940924508108 -0.027996236948151319
4.0098939564569722 4.691471935822582 -0.027996236948169058
4.0142572795869578 4.6913497791943541 -0.027996236947967372
4.0186206027169442 4.6912276225661262 -0.027996236948128597
4.0229839258469298 4.6911054659378975 -0.027996236948296074
4.0273472489769153 4.6909833093096687 -0.027996236948092685
4.0317105721069009 4.6908611526814408 -0.027996236948128111
4.0360738952368873 4.690738996053212 -0.02799623694817268
4.0404372183668729 4.6906168394249841 -0.027996236947959014
4.0448005414968584 4.6904946827967562 -0.027996236948175511
4.0491638646268449 4.6903725261685274 -0.027996236948116756
4.0535271877568304 4.6902503695402995 -0.027996236948135297
4.057890510886816 4.6901282129120707 -0.027996236948136979
4.0622538340168024 4.6900060562838428 -0.027996236948094607
4.066617157146788 4.689883899655614 -0.027996236948262407
4.0709804802767735 4.6897617430273852 -0.027996236948261342
4.0753438034067591 4.6896395863991565 -0.027996236948097813
4.0797071265367455 4.6895174297709286 -0.027996236948125235
4.0840704496667311 4.6893952731426998 -0.027996236948179092
4.0884337727967166 4.6892731165144719 -0.027996236947953303
4.092797095926703 4.689150959886244 -0.027996236948174841
4.0971604190566886 4.6890288032580152 -0.027996236948125152
4.1015237421866741 4.6889066466297873 -0.027996236948119455
4.1058870653166606 4.6887844900015585 -0.027996236948174835
4.1102503884466461 4.6886623333733306 -0.027996236947959049
4.1146137115766317 4.6885401767451027 -0.027996236948173221
4.1189770347066181 4.6884180201168739 -0.027996236948125881
4.1233403578366037 4.688295863488646 -0.027996236948101095
4.1277036809665892 4.6881737068604172 -0.027996236948264659
4.1320670040965748 4.6880515502321884 -0.027996236948245885
4.1364303272265612 4.6879293936039597 -0.0279962369481403
4.1407936503565468 4.6878072369757318 -0.027996236947970737
4.1451569734865323 4.6876850803475039 -0.027996236948161016
4.1495202966165188 4.6875629237192751 -0.027996236948163028
4.1538836197465043 4.6874407670910472 -0.02799623694796469
4.1582469428764899 4.6873186104628193 -0.027996236948162452
4.1626102660064763 4.6871964538345905 -0.027996236948163306
4.1669735891364619 4.6870742972063626 -0.02799623694796214
4.1713369122664474 4.6869521405781347 -0.027996236948172395
4.1757002353964339 4.6868299839499059 -0.027996236948126099
4.1800635585264194 4.686707827321678 -0.027996236948101039
4.184426881656405 4.6865856706934492 -0.027996236948264672
4.1887902047863905 4.6864635140652204 -0.027996236948245882
4.193153527916377 4.6863413574369917 -0.027996236948140286
4.1975168510463625 4.6862192008087638 -0.0279962369479708
4.2018801741763481 4.6860970441805359 -0.027996236948160773
4.2062434973063345 4.6859748875523071 -0.027996236948163927
4.2106068204363201 4.6858527309240792 -0.027996236947961339
4.2149701435663056 4.6857305742958513 -0.027996236948174959
4.2193334666962921 4.6856084176676225 -0.027996236948116631
4.2236967898262776 4.6854862610393946 -0.027996236948136334
4.2280601129562632 4.6853641044111658 -0.027996236948132962
4.2324234360862487 4.6852419477829379 -0.027996236948126755
4.2367867592162352 4.6851197911547091 -0.027996236948137826
4.2411500823462207 4.6849976345264812 -0.027996236948099783
4.2455134054762063 4.6848754778982524 -0.027996236948257966
4.2498767286061927 4.6847533212700236 -0.027996236948256835
4.2542400517361783 4.6846311646417949 -0.027996236948103194
4.2586033748661638 4.684509008013567 -0.027996236948125298
4.2629666979961502 4.6843868513853382 -0.02799623694817344
4.2673300211261358 4.6842646947571103 -0.027996236947958792
4.2716933442561213 4.6841425381288824 -0.027996236948175643
4.2760566673861078 4.6840203815006536 -0.027996236948116451
4.2804199905160933 4.6838982248724257 -0.027996236948136379
4.2847833136460789 4.6837760682441969 -0.027996236948132948
4.2891466367760644 4.683653911615969 -0.027996236948126762
4.2935099599060509 4.6835317549877402 -0.027996236948137826
4.2978732830360364 4.6834095983595123 -0.027996236948099783
4.302236606166022 4.6832874417312835 -0.027996236948257966
4.3065999292960084 4.6831652851030547 -0.027996236948256835
4.310963252425994 4.683043128474826 -0.027996236948103194
4.3153265755559795 4.6829209718465981 -0.027996236948125298
4.319689898685966 4.6827988152183693 -0.02799623694817344
4.3240532218159515 4.6826766585901414 -0.027996236947958792
4.3284165449459371 4.6825545019619135 -0.02799623694817565
4.3327798680759235 4.6824323453336847 -0.027996236948116409
4.3371431912059091 4.6823101887054568 -0.027996236948136546
4.3415065143358946 4.682188032077228 -0.02799623694813233
4.3458698374658802 4.6820658754490001 -0.027996236948129069
4.3502331605958666 4.6819437188207713 -0.027996236948129222
4.3545964837258522 4.6818215621925434 -0.027996236948131879
4.3589598068558377 4.6816994055643146 -0.027996236948138187
4.3633231299858242 4.6815772489360867 -0.027996236948093198
4.3676864531158097 4.6814550923078579 -0.027996236948266848
4.3720497762457953 4.6813329356796292 -0.02799623694824499
4.3764130993757817 4.6812107790514004 -0.027996236948141663
4.3807764225057673 4.6810886224231725 -0.027996236947966179
4.3851397456357528 4.6809664657949446 -0.027996236948177874
4.3895030687657384 4.6808443091667158 -0.027996236948117259
4.3938663918957248 4.6807221525384879 -0.027996236948130915
4.3982297150257104 4.6805999959102591 -0.02799623694813692
4.4025930381556959 4.6804778392820312 -0.027996236948116305
4.4069563612856824 4.6803556826538024 -0.027996236948175681
4.4113196844156679 4.6802335260255745 -0.027996236947958785
4.4156830075456535 4.6801113693973466 -0.027996236948173436
4.4200463306756399 4.6799892127691178 -0.027996236948125291
4.4244096538056255 4.6798670561408899 -0.027996236948103222
4.428772976935611 4.6797448995126611 -0.027996236948256745
4.4331363000655974 4.6796227428844324 -0.027996236948258296
4.437499623195583 4.6795005862562036 -0.027996236948098559
4.4418629463255686 4.6793784296279757 -0.027996236948142402
4.4462262694555541 4.6792562729997469 -0.027996236948126762
4.4505895925855405 4.679134116371519 -0.027996236948128368
4.4549529157155261 4.6790119597432902 -0.027996236948137607
4.4593162388455116 4.6788898031150623 -0.027996236948116118
4.4636795619754981 4.6787676464868335 -0.027996236948175737
4.4680428851054836 4.6786454898586056 -0.027996236947958771
4.4724062082354692 4.6785233332303777 -0.027996236948173436
4.4767695313654556 4.6784011766021489 -0.027996236948125291
4.4811328544954412 4.678279019973921 -0.027996236948103222
4.4854961776254267 4.6781568633456923 -0.027996236948256745
4.4898595007554132 4.6780347067174635 -0.027996236948258296
4.4942228238853987 4.6779125500892347 -0.027996236948098559
4.4985861470153843 4.6777903934610068 -0.027996236948142402
4.5029494701453698 4.677668236832778 -0.027996236948126762
4.5073127932753563 4.6775460802045501 -0.027996236948128368
4.5116761164053418 4.6774239235763213 -0.027996236948137607
4.5160394395353274 4.6773017669480934 -0.027996236948116118
4.5204027626653138 4.6771796103198646 -0.027996236948175737
4.5247660857952994 4.6770574536916367 -0.027996236947958771
4.5291294089252849 4.6769352970634088 -0.027996236948173436
4.5334927320552714 4.67681314043518 -0.027996236948125291
4.5378560551852569 4.6766909838069521 -0.027996236948103222
4.5422193783152425 4.6765688271787234 -0.027996236948256741
4.5465827014452289 4.6764466705504946 -0.027996236948258302
4.5509460245752145 4.6763245139222658 -0.027996236948098541
4.5553093477052 4.6762023572940379 -0.027996236948142465
4.5596726708351856 4.6760802006658091 -0.027996236948126519
4.564035993965172 4.6759580440375812 -0.027996236948129274
4.5683993170951576 4.6758358874093524 -0.027996236948134232
4.5727626402251431 4.6757137307811245 -0.027996236948128715
4.5771259633551296 4.6755915741528957 -0.027996236948128719
4.5814892864851151 4.6754694175246678 -0.027996236948134235
4.5858526096151007 4.675347260896439 -0.027996236948129263
4.5902159327450871 4.6752251042682111 -0.027996236948126529
4.5945792558750727 4.6751029476399824 -0.027996236948142461
4.5989425790050582 4.6749807910117545 -0.027996236948098541
4.6033059021350438 4.6748586343835257 -0.027996236948258299
4.6076692252650302 4.6747364777552969 -0.027996236948256752
4.6120325483950158 4.6746143211270681 -0.027996236948103204
4.6163958715250013 4.6744921644988402 -0.027996236948125353
4.6207591946549877 4.6743700078706114 -0.0279962369481732
4.6251225177849733 4.6742478512423835 -0.027996236947959673
4.6294858409149588 4.6741256946141556 -0.027996236948172354
4.6338491640449453 4.6740035379859268 -0.027996236948128715
4.6382124871749308 4.6738813813576989 -0.027996236948090614
4.6425758103049164 4.6737592247294701 -0.027996236948303738
4.6469391334349028 4.6736370681012414 -0.027996236948082918
4.6513024565648884 4.6735149114730135 -0.027996236948142402
4.6556657796948739 4.6733927548447847 -0.027996236948142406
4.6600291028248595 4.6732705982165568 -0.027996236948082918
4.6643924259548459 4.673148441588328 -0.027996236948303738
4.6687557490848315 4.6730262849600992 -0.027996236948090628
4.673119072214817 4.6729041283318713 -0.027996236948128663
4.6774823953448035 4.6727819717036425 -0.027996236948172527
4.681845718474789 4.6726598150754146 -0.027996236947959059
4.6862090416047746 4.6725376584471867 -0.027996236948175497
4.690572364734761 4.6724155018189579 -0.027996236948116756
4.6949356878647466 4.67229334519073 -0.027996236948135304
4.6992990109947321 4.6721711885625012 -0.027996236948136962
4.7036623341247186 4.6720490319342733 -0.027996236948094666
4.7080256572547041 4.6719268753060446 -0.027996236948262181
4.7123889803846897 4.6718047186778158 -0.027996236948262185
4.7167523035146752 4.671682562049587 -0.027996236948094669
4.7211156266446617 4.6715604054213591 -0.027996236948136962
4.7254789497746472 4.6714382487931303 -0.027996236948135318
4.7298422729046328 4.6713160921649024 -0.027996236948116687
4.7342055960346192 4.6711939355366736 -0.027996236948175744
4.7385689191646048 4.6710717789084457 -0.027996236947958174
4.7429322422945903 4.6709496222802178 -0.027996236948175823
4.7472955654245768 4.670827465651989 -0.027996236948116364
4.7516588885545623 4.6707053090237611 -0.02799623694813656
4.7560222116845479 4.6705831523955323 -0.027996236948132323
4.7603855348145334 4.6704609957673044 -0.027996236948129069
4.7647488579445199 4.6703388391390757 -0.027996236948129222
4.7691121810745054 4.6702166825108478 -0.027996236948131879
4.773475504204491 4.670094525882619 -0.027996236948138187
4.7778388273344774 4.6699723692543911 -0.027996236948093205
4.782202150464463 4.6698502126261623 -0.027996236948266823
4.7865654735944485 4.6697280559979335 -0.02799623694824508
4.7909287967244349 4.6696058993697047 -0.027996236948141334
4.7952921198544205 4.6694837427414768 -0.027996236947967407
4.7996554429844061 4.6693615861132489 -0.027996236948173284
4.8040187661143925 4.6692394294850201 -0.027996236948117266
4.808382089244378 4.6691172728567922 -0.027996236948135488
4.8127454123743636 4.6689951162285634 -0.027996236948135706
4.8171087355043491 4.6688729596003355 -0.027996236948116628
4.8214720586343356 4.6687508029721068 -0.027996236948175594
4.8258353817643211 4.6686286463438789 -0.027996236947958809
4.8301987048943067 4.668506489715651 -0.027996236948173426
4.8345620280242931 4.6683843330874222 -0.027996236948125305
4.8389253511542787 4.6682621764591943 -0.027996236948103197
4.8432886742842642 4.6681400198309655 -0.027996236948256831
4.8476519974142507 4.6680178632027367 -0.027996236948257973
4.8520153205442362 4.6678957065745079 -0.02799623694809977
4.8563786436742218 4.66777354994628 -0.027996236948137881
4.8607419668042082 4.6676513933180512 -0.027996236948126526
4.8651052899341938 4.6675292366898233 -0.027996236948133846
4.8694686130641793 4.6674070800615945 -0.027996236948133007
4.8738319361941649 4.6672849234333667 -0.027996236948129045
4.8781952593241513 4.6671627668051379 -0.027996236948128639
4.8825585824541369 4.66704061017691 -0.027996236948134232
4.8869219055841224 4.6669184535486812 -0.02799623694812936
4.8912852287141089 4.6667962969204533 -0.027996236948126137
4.8956485518440944 4.6666741402922245 -0.027996236948143915
4.90001187497408 4.6665519836639966 -0.027996236948093112
4.9043751981040664 4.6664298270357678 -0.027996236948261449
4.908738521234052 4.666307670407539 -0.027996236948249587
4.9131018443640375 4.6661855137793102 -0.027996236948145781
4.9174651674940231 4.6660633571510823 -0.027996236947962227
4.9218284906240095 4.6659412005228544 -0.027996236948172451
4.9261918137539951 4.6658190438946257 -0.027996236948125811
4.9305551368839806 4.6656968872663978 -0.027996236948119237
4.9349184600139671 4.665574730638169 -0.02799623694817505
4.9392817831439526 4.6654525740099411 -0.02799623694795839
4.9436451062739382 4.6653304173817132 -0.027996236948175639
4.9480084294039246 4.6652082607534844 -0.027996236948116881
4.9523717525339102 4.6650861041252565 -0.027996236948134651
4.9567350756638957 4.6649639474970277 -0.027996236948139446
4.9610983987938821 4.6648417908687998 -0.027996236948085406
4.9654617219238677 4.664719634240571 -0.027996236948296744
4.9698250450538533 4.6645974776123422 -0.027996236948133198
4.9741883681838388 4.6644753209841143 -0.027996236947965381
4.9785516913138252 4.6643531643558864 -0.027996236948172448
4.9829150144438108 4.6642310077276576 -0.027996236948122668
4.9872783375737963 4.6641088510994297 -0.027996236948131813
4.9916416607037828 4.663986694471201 -0.027996236948127893
4.9960049838337683 4.6638645378429731 -0.027996236948134433
5.0003683069637539 4.6637423812147443 -0.027996236948129295
5.0047316300937403 4.6636202245865164 -0.02799623694812621
5.0090949532237259 4.6634980679582876 -0.027996236948143693
5.0134582763537114 4.6633759113300597 -0.027996236948093951
5.0178215994836979 4.6632537547018309 -0.027996236948258316
5.0221849226136834 4.6631315980736021 -0.027996236948261283
5.026548245743669 4.6630094414453733 -0.027996236948102136
5.0309115688736545 4.6628872848171454 -0.027996236948125124
5.035274892003641 4.6627651281889166 -0.027996236948175175
5.0396382151336265 4.6626429715606887 -0.027996236947952009
5.0440015382636121 4.6625208149324608 -0.027996236948201043
5.0483648613935985 4.6623986583042321 -0.027996236948021651
5.0527281845235841 4.662276501676005 -0.027996236947879508
5.0570915076535696 4.6621543450477771 -0.027996236948033892
5.0614548307835561 4.6620321884195493 -0.027996236948152075
5.0658181539135416 4.6619100317913205 -0.027996236948135619
5.0701814770435272 4.6617878751630926 -0.027996236948100377
5.0745448001735127 4.6616657185348638 -0.027996236948257806
5.0789081233034992 4.661543561906635 -0.02799623694825688
5.0832714464334847 4.6614214052784062 -0.027996236948103173
5.0876347695634703 4.6612992486501783 -0.02799623694812536
5.0919980926934567 4.6611770920219495 -0.0279962369481732
5.0963614158234423 4.6610549353937216 -0.027996236947959673
5.1007247389534278 4.6609327787654937 -0.02799623694817235
5.1050880620834143 4.6608106221372649 -0.027996236948128729
5.1094513852133998 4.660688465509037 -0.027996236948090555
5.1138147083433854 4.6605663088808083 -0.02799623694830396
5.1181780314733718 4.6604441522525795 -0.027996236948082079
5.1225413546033574 4.6603219956243516 -0.027996236948145532
5.1269046777333429 4.6601998389961228 -0.027996236948130717
5.1312680008633285 4.6600776823678949 -0.027996236948126536
5.1356313239933149 4.6599555257396661 -0.027996236948140955
5.1399946471233005 4.6598333691114382 -0.027996236948087463
5.144357970253286 4.6597112124832094 -0.027996236948304106
5.1487212933832724 4.6595890558549806 -0.027996236948084605
5.153084616513258 4.6594668992267527 -0.027996236948135297
5.1574479396432436 4.6593447425985239 -0.027996236948169141
5.16181126277323 4.659222585970296 -0.027996236947965953
5.1661745859032155 4.6591004293420681 -0.02799623694813419
5.1705379090332011 4.6589782727138394 -0.027996236948292216
5.1749012321631875 4.6588561160856106 -0.027996236948085441
5.1792645552931731 4.6587339594573827 -0.027996236948143849
5.1836278784231586 4.6586118028291539 -0.027996236948134086
5.1879912015531442 4.658489646200926 -0.02799623694811473
5.1923545246831306 4.6583674895726972 -0.027996236948184809
5.1967178478131162 4.6582453329444693 -0.027996236947923851
5.2010811709431017 4.6581231763162414 -0.027996236948304037
5.2054444940730882 4.6580010196880117 -0.027996236948248474
5.2098078172030737 4.6578788630597838 -0.027996236948090562
5.2141711403330593 4.657756706431555 -0.027996236948184192
5.2185344634630457 4.6576345498033271 -0.02799623694795049
5.2228977865930313 4.6575123931750992 -0.027996236948181014
5.2272611097230168 4.6573902365468705 -0.027996236948120371
5.2316244328530024 4.6572680799186426 -0.027996236948132427
5.2359877559829888 4.6571459232904138 -0.027996236948127744
5.2403510791129744 4.6570237666621859 -0.027996236948134415
5.2447144022429599 4.6569016100339571 -0.02799623694812952
5.2490777253729464 4.6567794534057292 -0.027996236948125315
5.2534410485029319 4.6566572967775004 -0.027996236948147041
5.2578043716329175 4.6565351401492725 -0.027996236948081454
5.2621676947629039 4.6564129835210437 -0.027996236948304963
5.2665310178928895 4.6562908268928149 -0.027996236948087189
5.270894341022875 4.656168670264587 -0.027996236948141191
5.2752576641528615 4.6560465136363582 -0.027996236948125863
5.279620987282847 4.6559243570081303 -0.027996236948133184
5.2839843104128326 4.6558022003799016 -0.027996236948136327
5.2883476335428181 4.6556800437516737 -0.027996236948116437
5.2927109566728046 4.6555578871234449 -0.027996236948175744
5.2970742798027901 4.655435730495217 -0.027996236947958417
5.3014376029327757 4.6553135738669891 -0.027996236948174841
5.3058009260627621 4.6551914172387603 -0.027996236948120031
5.3101642491927477 4.6550692606105324 -0.02799623694812288
5.3145275723227332 4.6549471039823036 -0.027996236948183373
5.3188908954527196 4.6548249473540757 -0.027996236947921447
5.3232542185827052 4.6547027907258478 -0.027996236948297986
5.3276175417126908 4.6545806340976181 -0.027996236948292182
5.3319808648426772 4.6544584774693902 -0.027996236947921773
5.3363441879726627 4.6543363208411623 -0.027996236948187887
5.3407075111026483 4.6542141642129335 -0.027996236948121613
5.3450708342326338 4.6540920075847056 -0.027996236948120583
5.3494341573626203 4.6539698509564769 -0.027996236948173863
5.3537974804926058 4.653847694328249 -0.027996236947961797
5.3581608036225914 4.6537255377000211 -0.027996236948163201
5.3625241267525778 4.6536033810717923 -0.027996236948163219
5.3668874498825634 4.6534812244435644 -0.027996236947961751
5.3712507730125489 4.6533590678153365 -0.027996236948174023
5.3756140961425354 4.6532369111871077 -0.027996236948119972
5.3799774192725209 4.6531147545588798 -0.027996236948123913
5.3843407424025065 4.652992597930651 -0.027996236948179293
5.388704065532492 4.6528704413024231 -0.027996236947953859
5.3930673886624785 4.6527482846741952 -0.02799623694817243
5.397430711792464 4.6526261280459664 -0.027996236948134256
5.4017940349224496 4.6525039714177385 -0.027996236948085458
5.406157358052436 4.6523818147895097 -0.027996236948301743
5.4105206811824216 4.652259658161281 -0.027996236948096057
5.4148840043124071 4.6521375015330531 -0.027996236948108943
5.4192473274423936 4.6520153449048243 -0.027996236948245993
5.4236106505723791 4.6518931882765955 -0.027996236948295564
5.4279739737023647 4.6517710316483667 -0.027996236947977326
5.4323372968323511 4.6516488750201397 -0.027996236947962293
5.4367006199623367 4.6515267183919109 -0.027996236948340653
5.4410639430923222 4.6514045617636821 -0.027996236948080688
5.4454272662223078 4.6512824051354542 -0.027996236948131546
5.4497905893522942 4.6511602485072254 -0.027996236948170938
5.4541539124822798 4.6510380918789975 -0.027996236947962525
5.4585172356122653 4.6509159352507696 -0.027996236948163215
5.4628805587422518 4.6507937786225408 -0.027996236948162435
5.4672438818722373 4.6506716219943129 -0.02799623694796486
5.4716072050022229 4.650549465366085 -0.027996236948162365
5.4759705281322093 4.6504273087378563 -0.027996236948163489
5.4803338512621949 4.6503051521096284 -0.027996236947961516
5.4846971743921804 4.6501829954814005 -0.027996236948174699
5.4890604975221668 4.6500608388531717 -0.027996236948117502
5.4934238206521524 4.6499386822249438 -0.027996236948133132
5.497787143782138 4.649816525596715 -0.027996236948144886
5.5021504669121235 4.6496943689684871 -0.027996236948082252
5.5065137900421099 4.6495722123402583 -0.027996236948303915
5.5108771131720955 4.6494500557120295 -0.027996236948090582
5.5152404363020811 4.6493278990838016 -0.02799623694812868
5.5196037594320675 4.6492057424555728 -0.02799623694817251
5.523967082562053 4.6490835858273449 -0.027996236947959097
5.5283304056920386 4.648961429199117 -0.027996236948175348
5.532693728822025 4.6488392725708882 -0.027996236948117311
5.5370570519520106 4.6487171159426603 -0.027996236948133229
5.5414203750819961 4.6485949593144316 -0.027996236948144695
5.5457836982119817 4.6484728026862037 -0.027996236948082918
5.5501470213419681 4.6483506460579749 -0.027996236948301452
5.5545103444719537 4.6482284894297461 -0.027996236948099783
5.5588736676019392 4.6481063328015182 -0.02799623694809434
5.5632369907319257 4.6479841761732894 -0.027996236948300671
5.5676003138619112 4.6478620195450606 -0.02799623694809145
5.5719636369918968 4.6477398629168327 -0.027996236948128445
5.5763269601218832 4.6476177062886039 -0.02799623694817259
5.5806902832518688 4.647495549660376 -0.027996236947959028
5.5850536063818543 4.6473733930321481 -0.027996236948175532
5.5894169295118408 4.6472512364039193 -0.027996236948116659
5.5937802526418263 4.6471290797756915 -0.027996236948135654
5.5981435757718119 4.6470069231474627 -0.027996236948135654
5.6025068989017974 4.6468847665192348 -0.027996236948116659
5.6068702220317839 4.646762609891006 -0.027996236948175539
5.6112335451617694 4.6466404532627781 -0.027996236947959031
5.615596868291755 4.6465182966345502 -0.027996236948172586
5.6199601914217414 4.6463961400063214 -0.027996236948128455
5.624323514551727 4.6462739833780935 -0.027996236948091446
5.6286868376817125 4.6461518267498647 -0.027996236948300678
5.633050160811699 4.6460296701216359 -0.027996236948094336
5.6374134839416845 4.645907513493408 -0.027996236948099787
5.6417768070716701 4.6457853568651792 -0.027996236948301445
5.6461401302016565 4.6456632002369505 -0.027996236948082925
5.6505034533316421 4.6455410436087226 -0.027996236948144692
5.6548667764616276 4.6454188869804938 -0.027996236948133236
5.6592300995916132 4.6452967303522659 -0.027996236948117287
5.6635934227215996 4.6451745737240371 -0.027996236948175424
5.6679567458515852 4.6450524170958092 -0.027996236947958851
5.6723200689815707 4.6449302604675813 -0.027996236948173416
5.6766833921115571 4.6448081038393525 -0.027996236948125305
5.6810467152415427 4.6446859472111246 -0.027996236948103194
5.6854100383715283 4.6445637905828958 -0.027996236948256835
5.6897733615015147 4.644441633954667 -0.027996236948257956
5.6941366846315002 4.6443194773264382 -0.027996236948099829
5.6985000077614858 4.6441973206982103 -0.027996236948137652
5.7028633308914722 4.6440751640699816 -0.027996236948127369
5.7072266540214578 4.6439530074417537 -0.0279962369481307
5.7115899771514433 4.6438308508135249 -0.027996236948144751
5.7159533002814289 4.643708694185297 -0.027996236948085222
5.7203166234114153 4.6435865375570682 -0.027996236948292189
5.7246799465414009 4.6434643809288394 -0.02799623694813453
5.7290432696713864 4.6433422243006115 -0.027996236947964617
5.7334065928013729 4.6432200676723836 -0.027996236948174151
5.7377699159313584 4.6430979110441548 -0.027996236948116603
5.742133239061344 4.6429757544159269 -0.027996236948154337
5.7464965621913304 4.6428535977876981 -0.027996236948043866
5.750859885321316 4.6427314411594711 -0.027996236947837358
5.7552232084513015 4.6426092845312432 -0.027996236948180292
5.7595865315812871 4.6424871279030144 -0.027996236948236393
5.7639498547112735 4.6423649712747856 -0.027996236948262612
5.7683131778412591 4.6422428146465569 -0.02799623694810165
5.7726765009712446 4.642120658018329 -0.027996236948125718
5.7770398241012311 4.6419985013901002 -0.027996236948173311
5.7814031472312166 4.6418763447618723 -0.027996236947958861
5.7857664703612022 4.6417541881336444 -0.02799623694817549
5.7901297934911886 4.6416320315054156 -0.027996236948116978
5.7944931166211742 4.6415098748771877 -0.027996236948134412
5.7988564397511597 4.6413877182489589 -0.027996236948140286
5.8032197628811462 4.641265561620731 -0.027996236948082252
5.8075830860111317 4.6411434049925022 -0.027996236948308509
5.8119464091411173 4.6410212483642734 -0.027996236948089292
5.8163097322711028 4.6408990917360455 -0.027996236948129246
5.8206730554010893 4.6407769351078167 -0.027996236948171542
5.8250363785310748 4.6406547784795888 -0.027996236947962421
5.8293997016610604 4.640532621851361 -0.027996236948163025
5.8337630247910468 4.6404104652231322 -0.027996236948163312
5.8381263479210324 4.6402883085949043 -0.027996236947961547
5.8424896710510179 4.6401661519666764 -0.027996236948174772
5.8468529941810043 4.6400439953384476 -0.027996236948117176
5.8512163173109899 4.6399218387102197 -0.02799623694813436
5.8555796404409755 4.6397996820819909 -0.0279962369481403
5.8599429635709619 4.639677525453763 -0.027996236948082252
5.8643062867009474 4.6395553688255342 -0.027996236948308509
5.868669609830933 4.6394332121973054 -0.027996236948089292
5.8730329329609186 4.6393110555690775 -0.027996236948129246
5.877396256090905 4.6391888989408487 -0.027996236948171542
5.8817595792208905 4.6390667423126208 -0.027996236947962418
5.8861229023508761 4.6389445856843929 -0.027996236948163042
5.8904862254808625 4.6388224290561642 -0.027996236948163247
5.8948495486108481 4.6387002724279363 -0.02799623694796179
5.8992128717408336 4.6385781157997084 -0.02799623694817386
5.9035761948708201 4.6384559591714796 -0.02799623694812059
5.9079395180008056 4.6383338025432517 -0.02799623694812161
5.9123028411307912 4.6382116459150229 -0.027996236948187887
5.9166661642607767 4.638089489286795 -0.02799623694792177
5.9210294873907632 4.6379673326585671 -0.027996236948292185
5.9253928105207487 4.6378451760303374 -0.027996236948297986
5.9297561336507343 4.6377230194021095 -0.027996236947921447
5.9341194567807207 4.6376008627738816 -0.027996236948183376
5.9384827799107063 4.6374787061456528 -0.027996236948122869
5.9428461030406918 4.6373565495174249 -0.027996236948120069
5.9472094261706783 4.6372343928891961 -0.027996236948174678
5.9515727493006638 4.6371122362609682 -0.027996236947959028
5.9559360724306494 4.6369900796327403 -0.02799623694817345
5.9602993955606358 4.6368679230045116 -0.027996236948124996
5.9646627186906214 4.6367457663762837 -0.027996236948104394
5.9690260418206069 4.6366236097480549 -0.027996236948252338
5.9733893649505925 4.6365014531198261 -0.027996236948291845
5.9777526880805789 4.6363792964915973 -0.02799623694796877
5.9821160112105645 4.6362571398633703 -0.027996236948000238
5.98647933434055 4.6361349832351415 -0.027996236948214535
5.9908426574705365 4.6360128266069136 -0.027996236947919442
5.995205980600522 4.6358906699786857 -0.027996236948274852
5.9995693037305076 4.635768513350456 -0.027996236948386748
6.003932626860494 4.6356463567222272 -0.027996236948177298
6.0082959499904796 4.6355242000939985 -0.027996236948292556
6.0126592731204651 4.6354020434657697 -0.027996236948058053
6.0170225962504515 4.6352798868375418 -0.027996236948253039
6.0213859193804371 4.6351577302093121 -0.027996236948318286
6.0257492425104227 4.6350355735810842 -0.027996236947879411
6.0301125656404082 4.6349134169528572 -0.02799623694773766
6.0344758887703946 4.6347912603246311 -0.027996236947505099
6.0388392119003802 4.6346691036964058 -0.027996236947355781
6.0432025350303658 4.6345469470681806 -0.027996236947592016
6.0475658581603522 4.6344247904399536 -0.027996236948000647
6.0519291812903377 4.6343026338117248 -0.027996236948572572
6.0562925044203233 4.6341804771834925 -0.027996236949557309
6.0606558275503097 4.6340583205552557 -0.02799623695052534
6.0650191506802953 4.6339361639270162 -0.027996236950553831
6.0693824738102808 4.6338140072987786 -0.027996236950099583
6.0737457969402664 4.6336918506705436 -0.027996236948834755
6.0781091200702528 4.6335696940423174 -0.027996236946392566
6.0824724432002384 4.6334475374141029 -0.027996236943380819
6.0868357663302239 4.6333253807859025 -0.027996236940177763
6.0911990894602104 4.6332032241577128 -0.027996236938885952
6.0955624125901959 4.6330810675295222 -0.027996236940538939
6.0999257357201815 4.6329589109013174 -0.027996236945617241
6.1042890588501679 4.6328367542730824 -0.027996236954167249
6.1086523819801535 4.6327145976448039 -0.027996236965574243
6.113015705110139 4.6325924410164729 -0.027996236977365321
6.1173790282401255 4.6324702843881012 -0.027996236982896921
6.121742351370111 4.6323481277597303 -0.027996236976459435
6.1261056745000966 4.6322259711314153 -0.027996236957612206
6.1304689976300821 4.6321038145032079 -0.027996236927076
6.1348323207600686 4.6319816578751594 -0.027996236884850992
6.1391956438900541 4.6318595012473072 -0.027996236840020651
6.1435589670200397 4.6317373446196131 -0.02799623681792817
6.1479222901500261 4.6316151879919216 -0.027996236840580689
6.1522856132800117 4.6314930313640259 -0.027996236910684393
6.1566489364099972 4.6313708747357287 -0.027996237024108712
6.1610122595399837 4.6312487181068445 -0.027996237179962431
6.1653755826699692 4.631126561477231 -0.027996237348131003
6.1697389057999548 4.6310044048470171 -0.027996237433787822
6.1741022289299412 4.6308822482167775 -0.027996237353494768
6.1784655520599268 4.6307600915872804 -0.027996237096202328
6.1828288751899123 4.6306379349592621 -0.027996236678405312
6.1871921983198979 4.6305157783334128 -0.027996236098878507
6.1915555214498843 4.6303936217102866 -0.027996235471214551
6.1959188445798699 4.6302714650894305 -0.02799623512823015
6.2002821677098554 4.6301493084687442 -0.027996235450347937
6.2046454908398418 4.6300271518453293 -0.027996236264174263
6.2090088139698274 4.6299049952165916 -0.027996238222442984
6.213372137099813 4.6297828385793292 -0.027996239096460245
6.2177354602297994 4.62966068193378 -0.027996245200800862
6.2220987833597849 4.6295385252727277 -0.027996236266123315
6.2264621064897705 4.6294163686365701 -0.027996259443322433
6.2308254296197561 4.6292942119141136 -0.027996217887631906
6.2351887527497425 4.6291720555703479 -0.027996159899323709
6.239552075879728 4.6290498979180823 -0.027997072697906019
6.2439153990097136 4.6289277279723127 -0.028002831540945225
6.2482787221397 4.6288055096203946 -0.028020617377004845
6.2526420452696856 4.6286831100182972 -0.028101615249537762
6.2570053683996711 4.6285601653442479 -0.028259220235668188
6.2613686915296576 4.6284359134726101 -0.028821329144832788
6.2657320146596431 4.6283091959362048 -0.029009317598143423
6.2700953377896287 4.62817893550665 -0.031826434990996633
6.2744586609196151 4.6280450867273268 -0.025273058428832085
6.2788219840496007 4.6279093557558619 -0.052430714841838207
6.2831853071795862 4.6276399546822358 -0.043552358154498816
