# q  U_kJmol  dU_dq   # conservative spline pchip_hermite_v1
0 0.42548737355795485 33.023946485629843
0.0043633231299858239 0.44248693680724271 -3.9801126645977738
0.0087266462599716477 0.45842815686967664 5.544918464160844
0.013089969389957472 0.47270736601113478 2.5784753894373602
0.017453292519943295 0.48630060028691585 3.3048604483897264
0.021816615649929118 0.50073173679825589 3.4702208523448177
0.026179938779914945 0.5172912483116977 4.1218561765762933
0.030543261909900768 0.53685865068537986 4.8813907521272064
0.034906585039886591 0.56005717786903408 5.756268061984751
0.039269908169872414 0.58672192869031436 6.3770015883768538
0.043633231299858237 0.61505312544276514 6.5481538200781904
0.04799655442984406 0.64362362785467753 6.5531096422035011
0.05235987755982989 0.67216140731232643 6.5041699275398717
0.056723200689815713 0.70019251706983554 6.3241138928970759
0.061086523819801536 0.72717422560373679 6.0234021874867487
0.065449846949787352 0.75261262750678826 5.6236904329207844
0.069813170079773182 0.77618288077610531 5.1777052926946263
0.074176493209759012 0.79779841435108578 4.7329469581727546
0.078539816339744828 0.81751191380835053 4.3062568438673798
0.082903139469730658 0.83540778645253444 3.9003251649586024
0.087266462599716474 0.85157991421833945 3.5158741756060974
0.091629785729702304 0.86612149299305075 3.1533672283162608
0.09599310885968812 0.8791399737353004 2.8195580325435046
0.10035643198967395 0.89077927987452721 2.5218460868095169
0.10471975511965978 0.90120094268332207 2.2610625725080755
0.1090830782496456 0.91056176816109591 2.0353406682066697
0.11344640137963143 0.91901332748276232 1.8444684195161429
0.11780972450961724 0.92670478867580075 1.685908982757083
0.12217304763960307 0.93375380413566467 1.5467008521246961
0.1265363707695889 0.94020934754270591 1.4123383358597863
0.1308996938995747 0.94608067194451473 1.279275805189596
0.13526301702956053 0.95137719062999837 1.1490017453763595
0.13962634015954636 0.95611523539704768 1.0239748343413015
0.14398966328953219 0.96032434180188864 0.90670692703651579
0.14835298641951802 0.96403444201375099 0.79404285226273452
0.15271630954950383 0.96725446737280407 0.68192502442228742
0.15707963267948966 0.96998975773398854 0.57283052729841089
0.16144295580947549 0.97226584195138666 0.47232022132726631
0.16580627893946132 0.97413186618321912 0.38579257650920407
0.17016960206944712 0.97566299520872957 0.32022000069434664
0.17453292519943295 0.97697219138257241 0.28619117712458464
0.17889624832941878 0.97822263522788777 0.29489413285391586
0.18325957145940461 0.97961848529899198 0.35368996460359287
0.18762289458939044 0.98138787474546485 0.46660439479400589
0.19198621771937624 0.98377297561272625 0.63630958827985062
0.19634954084936207 0.98702359825485353 0.86299531117413653
0.2007128639793479 0.99137835253838724 1.1407811603822673
0.20507618710933373 0.99704131864193091 1.4615572295571266
0.20943951023931956 1.0041896221930235 1.8213700983654211
0.21380283336930536 1.0129878295738888 2.2169756693061924
0.21816615649929119 1.0235820885347837 2.6440049331981603
0.22252947962927702 1.0360941364459963 3.0937309647718769
0.22689280275926285 1.0505777953380833 3.5419519853343115
0.23125612588924865 1.0669589985579013 3.9595771050756747
0.23561944901923448 1.0850656941070689 4.3318721192106588
0.23998277214922031 1.1046871300563197 4.6528868633691047
0.24434609527920614 1.1255876868207368 4.9174503467494581
0.24870941840919197 1.1475111499043897 5.1209389385796147
0.2530727415391778 1.1701778246114702 5.2567143387218849
0.25743606466916363 1.1932758758222244 5.3177114545115778
0.26179938779914941 1.216469199841431 5.3000449856302563
0.26616271092913524 1.2394118239689207 5.2028499546488787
0.27052603405912107 1.2617560751859982 5.0255170907193882
0.2748893571891069 1.2831544437016327 4.7702916288343618
0.27925268031909273 1.3032936400914821 4.4524423179625323
0.28361600344907856 1.3219480977716709 4.0924909005598433
0.28797932657906439 1.3389584838059878 3.6989343418163863
0.29234264970905022 1.354180112295658 3.2728725013206077
0.29670597283903605 1.3674727418151604 2.8145353313735111
0.30106929596902182 1.3786961889016833 2.3249988101213432
0.30543261909900765 1.3877340483025358 1.8161176179129037
0.30979594222899348 1.3945413016440085 1.3048277507573354
0.31415926535897931 1.3991267368046032 0.79760700076594426
0.31852258848896514 1.4015082945006123 0.29489568515320475
0.32288591161895097 1.4017091094397285 -0.20168110390569713
0.3272492347489368 1.3997625467281656 -0.68845902299716921
0.33161255787892263 1.3957316116047283 -1.1543075800348241
0.33597588100890846 1.389741526613183 -1.5842565649140132
0.34033920413889424 1.3819713880930597 -1.9694989488126564
0.34470252726888007 1.3726263721920058 -2.3052610084128879
0.3490658503988659 1.3619342655334952 -2.5859676925288118
0.35342917352885173 1.3501500166853411 -2.8044719338820268
0.35779249665883756 1.3375674600712895 -2.9495259303515575
0.36215581978882339 1.324536315243378 -3.0081082287033341
0.36651914291880922 1.3114554515541439 -2.9713357465402837
0.37088246604879505 1.2987510909946749 -2.8351630641244316
0.37524578917878088 1.2868615213940553 -2.5975527947129442
0.37960911230876665 1.276229092089618 -2.2596115585201266
0.38397243543875248 1.2672716306549718 -1.8330176968694156
0.38833575856873831 1.2603358776870031 -1.3356869519986292
0.39269908169872414 1.2557036373365267 -0.77780083012537615
0.39706240482870997 1.2536289914227348 -0.16442504690189974
0.4014257279586958 1.2543414838502778 0.49895326799985085
0.40578905108868163 1.2580430758209955 1.203512852121102
0.41015237421866746 1.2648626961549965 1.9208480485736246
0.41451569734865329 1.2747651789365049 2.6103661507994049
0.41887902047863912 1.2875685654640321 3.2490931272291479
0.42324234360862489 1.3030340709660531 3.8295197979335946
0.42760566673861072 1.3208940511427574 4.3457438364120922
0.43196898986859655 1.3408556795946815 4.7917274422098783
0.43633231299858238 1.3625872507647889 5.1534788676145169
0.44069563612856821 1.3856771922492563 5.4113591653241633
0.44505895925855404 1.4096433094164029 5.5544472061793293
0.44942228238853987 1.4339788471168629 5.5806236188950615
0.4537856055185257 1.4581711689823977 5.4883568214611183
0.45814892864851153 1.481701484057137 5.2776173022143045
0.46251225177849731 1.5040724560871941 4.9605742735590201
0.46687557490848314 1.5248667180190034 4.5583143360663261
0.47123889803846897 1.5437441430070937 4.082411102270858
0.4756022211684548 1.5603906244717025 3.536480193536724
0.47996554429844063 1.5745099708838231 2.9246932103325154
0.48432886742842646 1.5858284192810195 2.254486357457044
0.48869219055841229 1.5941422004947277 1.5554881494784452
0.49305551368839812 1.5994292039684728 0.87477177251592431
0.49741883681838395 1.6018437537619192 0.24062273532105694
0.50178215994836972 1.6016094927619735 -0.33820656195300797
0.50614548307835561 1.5989843939428416 -0.85374748441823245
0.51050880620834138 1.5942650327434518 -1.2964822427405187
0.51487212933832727 1.5878011682647604 -1.6493431369762861
0.51923545246831304 1.5800366432820649 -1.8888651942249433
0.52359877559829882 1.5715051621574412 -1.9995045605497017
0.5279620987282847 1.5627824448518284 -1.9762295507818965
0.53232542185827048 1.5544574483850901 -1.816721830355835
0.53668874498825636 1.5471255860736395 -1.5217462688657011
0.54105206811824214 1.5413460501515377 -1.1110264817553894
0.54541539124822802 1.5375458764996144 -0.62067093474522461
0.5497787143782138 1.5360129274105012 -0.073074875503255587
0.55414203750819968 1.5369815640139792 0.52497775171704342
0.55850536063818546 1.5406581657616365 1.1669944968634447
0.56286868376817123 1.5472159504417191 1.8436900394148557
0.56723200689815712 1.5567511927292808 2.5229956435118779
0.57159533002814289 1.5691584154681324 3.1508550440603917
0.57595865315812877 1.5841223460612224 3.6926029761548489
0.58032197628811455 1.6012439203757203 4.1391012283331188
0.58468529941810043 1.6200955666127357 4.48435666765248
0.58904862254808621 1.6402218082716922 4.7226937503358863
0.59341194567807209 1.6611480902963831 4.8505044762101566
0.59777526880805787 1.6823857686725709 4.8650920871484553
0.60213859193804364 1.7034363497574405 4.7643926560695027
0.60650191506802953 1.7237946194969933 4.5479659292881527
0.6108652381980153 1.7429574541795951 4.2164534478011255
0.61522856132800119 1.760425952190023 3.7720694145096214
0.61959188445798696 1.7757455879192501 3.2387290708730343
0.62395520758797285 1.7886286700715797 2.6637747669342891
0.62831853071795862 1.7989756017091325 2.0779528396813434
0.63268185384794451 1.8067556692498041 1.4876204521328327
0.63704517697793028 1.8119570946616874 0.89698244730990051
0.64140850010791606 1.8145910225774629 0.31164187865118681
0.64577182323790194 1.8147135935647205 -0.24832092139977474
0.65013514636788772 1.8125163592489424 -0.74479162466954552
0.6544984694978736 1.8083436282818821 -1.1521780961399881
0.65886179262785938 1.8025989876713566 -1.4651784138744697
0.66322511575784526 1.7956988316886653 -1.6810299794748138
0.66758843888783104 1.7880752707892016 -1.7964738305109051
0.67195176201781692 1.7801623506087165 -1.8151722308725788
0.6763150851478027 1.7723594128434825 -1.7482652266008674
0.68067840827778847 1.7650199696635569 -1.6029011019676509
0.68504173140777436 1.7584848624878822 -1.3795685017401655
0.68940505453776013 1.7530939957326701 -1.0785205649459497
0.69376837766774602 1.749184974658635 -0.70048110920737316
0.69813170079773179 1.7470669246662482 -0.26346381740115032
0.70249502392771768 1.7469114575157929 0.19118113558604533
0.70685834705770345 1.7487194589051696 0.63493812374964664
0.71122167018768934 1.7524300225347709 1.0633521840869831
0.71558499331767511 1.7579739025692767 1.4745399042414991
0.71994831644766089 1.7652681790801401 1.8653544402820466
0.72431163957764677 1.7742035335774375 2.2227146524975199
0.72867496270763255 1.7845748764119742 2.5180942311348464
0.73303828583761843 1.7960578889695735 2.7308563583434404
0.73740160896760421 1.8082795974740185 2.856645992171444
0.74176493209759009 1.8208568911334997 2.8930975945159338
0.74612825522757587 1.8333909953520795 2.8362890228048254
0.75049157835756175 1.845474659948632 2.6876773638950189
0.75485490148754752 1.8567250090597982 2.456287576247365
0.7592182246175333 1.8667979004903557 2.1479525941118687
0.76358154774751918 1.8753557358220359 1.7614462001569626
0.76794487087750496 1.8820537182189476 1.2953902316903771
0.77230819400749084 1.8865425151948665 0.74845580596796024
0.77667151713747662 1.8884885545304686 0.13505409452992612
0.7810348402674625 1.887682792759273 -0.50467508112024884
0.78539816339744828 1.8840897132554082 -1.1407742477558422
0.78976148652743416 1.8777391678221491 -1.768960831355173
0.79412480965741994 1.8686659729044943 -2.3879651437793892
0.79848813278740571 1.8569177201625577 -2.9949514844930065
0.8028514559173916 1.8425690002219213 -3.5751856316041843
0.80721477904737737 1.825810089346575 -4.0923374659732294
0.81157810217736326 1.8069896407143102 -4.518030155280095
0.81594142530734903 1.7865246722490258 -4.8462050661141989
0.82030474843733492 1.7648432595334482 -5.0748667412189539
0.82466807156732069 1.7423878183886405 -5.2005933352391782
0.82903139469730658 1.719609272003553 -5.2233588299490199
0.83339471782729235 1.6969487108024932 -5.1476004192901854
0.83775804095727824 1.6748263882015482 -4.9766823282460351
0.84212136408726401 1.6536582524292638 -4.7099969633994796
0.84648468721724979 1.6338640909219833 -4.3469308575077568
0.85084801034723567 1.6158668666919243 -3.8857224629748757
0.85521133347722145 1.6000782199878645 -3.3396330309773998
0.85957465660720733 1.5867840313039556 -2.7516301011673518
0.86393797973719311 1.5760760307930817 -2.1565362435798914
0.86830130286717899 1.5679678544926592 -1.5592751388236505
0.87266462599716477 1.5624719018118973 -0.95987329600712445
0.87702794912715065 1.5595933017831085 -0.35914998395309433
0.88139127225713643 1.5593200985231102 0.22945291618404684
0.8857545953871222 1.5615169946872058 0.76397213302542111
0.89011791851710809 1.5658573490419416 1.2093409238992494
0.89448124164709386 1.5719317606764356 1.5593298009686669
0.89884456477707975 1.5793256959701132 1.8134931042526636
0.90320788790706552 1.5876141348386454 1.9691040088962941
0.90757121103705141 1.5963631464521599 2.0241789355750428
0.91193453416703718 1.6051286669544926 1.9762854934160767
0.91629785729702307 1.6134568214287508 1.8234242810851553
0.92066118042700884 1.6208866158654696 1.5643849788242743
0.92502450355699462 1.6269542122374829 1.1991581369660955
0.9293878266869805 1.6311954048928812 0.72678371124885288
0.93375114981696627 1.6331544174961901 0.15665413930330394
0.93811447294695216 1.6324684301606316 -0.47813256779471369
0.94247779607693793 1.6289307462324361 -1.148106317689972
0.94684111920692382 1.6224064519870462 -1.8475487562356621
0.95120444233690959 1.6127657605696897 -2.5759241097456402
0.95556776546689548 1.599886115856977 -3.3325973664090811
0.95993108859688125 1.5836544679871085 -4.1091368384468341
0.96429441172686703 1.5640427546355526 -4.8749351384098283
0.96865773485685291 1.5411684405248036 -5.6023633503175594
0.97302105798683869 1.5152159183039711 -6.2864712456277942
0.97738438111682457 1.4863703413507452 -6.9281493633256135
0.98174770424681035 1.4548174022177773 -7.5278920281726718
0.98611102737679623 1.4207408016289937 -8.0838301732942011
0.99047435050678201 1.3843532486273127 -8.584370570993249
0.99483767363676789 1.3459240858720596 -9.0188721415597257
0.99920099676675367 1.3057461489455691 -9.3864014811045902
1.0035643198967394 1.264107986132287 -9.6881284697468679
1.0079276430267252 1.2212969319405635 -9.9240892507634513
1.0122909661567112 1.1776009668063097 -10.093359794820275
1.016654289286697 1.1333181292232486 -10.192240557749564
1.0210176124166828 1.0887645344498817 -10.217109666455107
1.0253809355466685 1.0442663898995155 -10.166786635019838
1.0297442586766545 1.0001524300861124 -10.040938919265891
1.0341075818066403 0.95675420756446594 -9.838402133247607
1.0384709049366261 0.91440633987141295 -9.5601214963477901
1.0428342280666119 0.87342542357823871 -9.2137634937795614
1.0471975511965976 0.83408879082362786 -8.8071035038114296
1.0515608743265836 0.79665477865018031 -8.3414298294760094
1.0559241974565694 0.76138154274082348 -7.8169986401478218
1.0602875205865552 0.72852379508727005 -7.2339893566925308
1.064650843716541 0.69833017893740157 -6.5979683948425629
1.0690141668465269 0.67099000535890851 -5.9314570338756409
1.0733774899765127 0.64657935067684302 -5.257452017290527
1.0777408131064985 0.62511206207191639 -4.5820851739849626
1.0821041362364843 0.60659415237252556 -3.9060045567424897
1.08646745936647 0.59102640435300668 -3.2294685496978563
1.090830782496456 0.57840747599778208 -2.555852381752787
1.0951941056264418 0.56869284547422561 -1.9025459064237049
1.0995574287564276 0.56174897802118007 -1.2875035175907283
1.1039207518864134 0.55739674930300032 -0.71406365023464102
1.1082840750163994 0.5554601677807125 -0.18010930072003042
1.1126473981463851 0.5557707967516804 0.31657822656491297
1.1170107212763709 0.5581722086414046 0.77845833667661424
1.1213740444063567 0.5625121705838203 1.2046156511472943
1.1257373675363425 0.56863079787131698 1.5938753291537797
1.1301006906663285 0.57637111044089151 1.9485881802672602
1.1344640137963142 0.58558967763543079 2.2718387788195114
1.1388273369263 0.59615398714257828 2.5657608040669082
1.1431906600562858 0.60794008589445492 2.8321267685500735
1.1475539831862718 0.62083083146246565 3.0722804965036263
1.1519173063162575 0.63471410035934162 3.2872075989578837
1.1562806294462433 0.6494812039961505 3.4774342395571871
1.1606439525762291 0.66502387342953084 3.6425203418670709
1.1650072757062149 0.68122915481968116 3.780767477501092
1.1693705988362009 0.6979737717584904 3.8890910637427862
1.1737339219661866 0.71511776961883267 3.9629634859590017
1.1780972450961724 0.73249986379153165 3.9974472713037064
1.1824605682261582 0.74993848196162549 3.9882057113999045
1.1868238913561442 0.76723442979339296 3.931458304599353
1.19118721448613 0.78417152833512382 3.8228699951273413
1.1955505376161157 0.8005143609059695 3.65865685773259
1.1999138607461015 0.81601930486608598 3.4394207591416528
1.2042771838760873 0.83045151902092651 3.1669338329353538
1.2086405070060733 0.84357524311938892 2.8389114583649624
1.2130038301360591 0.8551408942102412 2.4525842995573957
1.2173671532660448 0.86488983320103474 2.0055839881621447
1.2217304763960306 0.87255637682428322 1.4990835714110027
1.2260937995260166 0.87790826568763802 0.94889657449420861
1.2304571226560024 0.88080234354715659 0.37483922532362191
1.2348204457859882 0.88115404438678002 -0.21662042745708174
1.2391837689159739 0.87888830192399614 -0.82435559732886665
1.2435470920459597 0.873939403481789 -1.4463788779286704
1.2479104151759457 0.86625372979396942 -2.0770207990060165
1.2522737383059315 0.85583263601326187 -2.6948342049037377
1.2566370614359172 0.84279340821098114 -3.2737713340780465
1.261000384565903 0.82733626302037988 -3.8027433058569406
1.265363707695889 0.8096855283958212 -4.2785568269142153
1.2697270308258748 0.79008088775929008 -4.6979385861243923
1.2740903539558606 0.76877615925219822 -5.0568991622563191
1.2784536770858463 0.74605306194448329 -5.3457679687574471
1.2828170002158321 0.72224398296047054 -5.5531967196107237
1.2871803233458181 0.69771832114722798 -5.6739649712974778
1.2915436464758039 0.67285686458459359 -5.7070247382077994
1.2959069696057897 0.64804396591060409 -5.6515069369772561
1.3002702927357754 0.62366568435885184 -5.5083117083122977
1.3046336158657614 0.60009140979502029 -5.2849952172194659
1.3089969389957472 0.57764721181824785 -4.9916784973927175
1.313360262125733 0.5566264627842582 -4.6325870389271762
1.3177235852557188 0.53731404858260812 -4.2090136806713572
1.3220869083857045 0.51998888458255232 -3.721501468846697
1.3264502315156905 0.50492703254542526 -3.1726524033786752
1.3308135546456763 0.49236637515382425 -2.5797274355555717
1.3351768777756621 0.48244481714167858 -1.9660705352635226
1.3395402009056478 0.47522625804203183 -1.3406668737784837
1.3439035240356338 0.47076174301370127 -0.70395204088150809
1.3482668471656196 0.46910003354403645 -0.055606659712800877
1.3526301702956054 0.4702916595850844 0.60317312198727357
1.3569934934255912 0.47435579000779859 1.2565061340298211
1.3613568165555769 0.48121577512662056 1.8816709272130281
1.3657201396855629 0.49072336448163356 2.4703254157194787
1.3700834628155487 0.50272153820003296 3.0233009216867983
1.3744467859455345 0.51705503816266529 3.540796130799452
1.3788101090755203 0.53356823726229108 4.0221425732461675
1.3831734322055063 0.55209442259775332 4.4619397146186826
1.387536755335492 0.57243409480976704 4.8522938238033593
1.3919000784654778 0.59436162998307651 5.189676129966637
1.3962634015954636 0.61764514179115293 5.4738278091435513
1.4006267247254494 0.64205039785703333 5.7033941857410522
1.4049900478554354 0.66733570871305803 5.8773126427421811
1.4093533709854211 0.69326841851319654 6.0022722666340274
1.4137166941154069 0.71966019087567656 6.0892622082293224
1.4180800172453927 0.74635710588337811 6.1417716148596755
1.4224433403753787 0.77320488542822785 6.1582714904712725
1.4268066635053644 0.80004310184725247 6.1369142754911854
1.4311699866353502 0.82670350012838956 6.0770093929541176
1.435533309765336 0.85303484143673025 5.9894844830934906
1.4398966328953218 0.87895768940531371 5.8923867640185374
1.4442599560253078 0.90445226350755525 5.7929837980448582
1.4486232791552935 0.92950632553975776 5.6903601715551133
1.4529866022852793 0.95410489587383696 5.5842108313664109
1.4573499254152651 0.97823382267266445 5.4753556863960977
1.4617132485452511 1.0018907548456661 5.3695028969668108
1.4660765716752369 1.025108980310121 5.275617085376429
1.4704398948052226 1.0479533711166062 5.1983508293938607
1.4748032179352084 1.0704983022891887 5.1383786093800881
1.4791665410651942 1.0928212264668322 5.0969997015431581
1.4835298641951802 1.1150067968006363 5.0754092402924611
1.487893187325166 1.137132990968283 5.0678884018156083
1.4922565104551517 1.1592374586347443 5.0638001304225018
1.4966198335851375 1.1813213962544615 5.0586205922339902
1.5009831567151235 1.2033809980976626 5.0525795485741485
1.5053464798451093 1.2254121705109238 5.0456445777811476
1.509709802975095 1.2474087699273562 5.0361082267786124
1.5140731261050808 1.2693361154037266 5.0098024581784513
1.5184364492350666 1.2910690530330864 4.9432813921639891
1.5227997723650526 1.3123978158142766 4.8241162793405472
1.5271630954950384 1.3330887456127105 4.650865985469145
1.5315264186250241 1.3529043096247406 4.4226334373317417
1.5358897417550099 1.3716021612136242 4.1384742879920662
1.5402530648849959 1.3889359239538981 3.7969825719455659
1.5446163880149817 1.4046507800337602 3.3961519497902852
1.5489797111449675 1.4184856426458388 2.9352996310580037
1.5533430342749532 1.4301809826951104 2.415923877286239
1.557706357404939 1.4394860047358955 1.8397902518786029
1.562069680534925 1.446158369130466 1.2101568399446327
1.5664330036649108 1.4499959295542737 0.54567440945712942
1.5707963267948966 1.4509154514671136 -0.12212558953942659
1.5751596499248823 1.4489521118199753 -0.77484826037390819
1.5795229730548683 1.4441809925296885 -1.4087542619882543
1.5838862961848541 1.436688245241408 -2.02214823723441
1.5882496193148399 1.4265667058038665 -2.6133442513491572
1.5926129424448257 1.4139360514101502 -3.1677309317050537
1.5969762655748114 1.3990163215414755 -3.657980928214605
1.6013395887047974 1.3821290532311898 -4.0692264110528713
1.6057029118347832 1.3636206708715566 -4.4013701856427003
1.610066234964769 1.3438339018033791 -4.6550994779119232
1.6144295580947547 1.3231109842266553 -4.8306407925137576
1.6187928812247407 1.3017922512800117 -4.9280470170676658
1.6231562043547265 1.2802205580719626 -4.9464559413921467
1.6275195274847123 1.2587415185709609 -4.8856326874570728
1.6318828506146981 1.2376997941658856 -4.7461370706648625
1.6362461737446838 1.217438603771003 -4.5276114253959898
1.6406094968746698 1.1983055889848737 -4.2288775574834085
1.6449728200046556 1.1806422921072197 -3.8561586644634205
1.6493361431346414 1.1647408929171481 -3.4238728885035012
1.6536994662646272 1.1508384356127395 -2.9399720656902519
1.6580627893946132 1.1391604231804129 -2.404074295259973
1.6624261125245989 1.1299350935766135 -1.8158100699306317
1.6667894356545847 1.1233894244919311 -1.1760253876939535
1.6711527587845705 1.1197325993488041 -0.49480669641437558
1.6755160819145565 1.1191016725085041 0.20721106636084055
1.6798794050445423 1.1215516574866733 0.91665467883704965
1.684242728174528 1.1271078052619961 1.6307816222495095
1.6886060513045138 1.1357868059953886 2.3475859956610523
1.6929693744344996 1.1475940446346868 3.064175044905447
1.6973326975644856 1.1625109709224248 3.7698961606854091
1.7016960206944713 1.1804473827000381 4.4445316810861311
1.7060593438244571 1.2012316332288204 5.0743434762634809
1.7104226669544429 1.224659404989811 5.656041785167953
1.7147859900844289 1.2505175350234901 6.1879793310339997
1.7191493132144147 1.2785851622257016 6.6686604506587175
1.7235126363444004 1.3086300182328767 7.0925791654041879
1.7278759594743862 1.3403804164337818 7.448310008457427
1.732239282604372 1.3735187459831961 7.728383657567325
1.736602605734358 1.4077123822277346 7.9322049570252702
1.7409659288643438 1.4426298244449776 8.0600738758216792
1.7453292519943295 1.4779394446498011 8.1120709523228065
1.7496925751243153 1.5133163412444366 8.0921112879627675
1.7540558982543013 1.5484642865243763 8.008793378713321
1.7584192213842871 1.5831231599653655 7.8683483245118282
1.7627825445142729 1.6170481994013164 7.6726383273391843
1.7671458676442586 1.6500012543575444 7.4230889727246625
1.7715091907742444 1.681750543631187 7.1210607694533437
1.7758725139042304 1.7120864830496991 6.7793268394412634
1.7802358370342162 1.7408962990137198 6.4272577871685792
1.7845991601642019 1.7681903735467785 6.0858356888461795
1.7889624832941877 1.7940258531760576 5.7585901084111599
1.7933258064241737 1.8184655484169689 5.4464678896377601
1.7976891295541595 1.8415788064714518 5.1505406595430046
1.8020524526841453 1.863448408538269 4.8793058967245369
1.806415775814131 1.8842257246040592 4.6540967724193711
1.8107790989441168 1.904151835581678 4.4899219892702416
1.8151424220741028 1.9234975059067942 4.3875031417892201
1.8195057452040886 1.9425269594305814 4.3448570615804574
1.8238690683340744 1.9614978164224437 4.3601575646890192
1.8282323914640601 1.9806504327141061 4.4262821139723663
1.8325957145940461 2.0001782165545734 4.5293981088007778
1.8369590377240319 2.0202140582915118 4.6580706646783065
1.8413223608540177 2.0408577567253094 4.8075108042791275
1.8456856839840035 2.062192608331924 4.9742110869376992
1.8500490071139892 2.0842867850172251 5.1552452017425683
1.8544123302439752 2.1071846945529749 5.3390879295506277
1.858775653373961 2.1308440524946271 5.4988222654563454
1.8631389765039468 2.1551058969404129 5.613814760533681
1.8675022996339325 2.1797640517959906 5.6808326174221442
1.8718656227639185 2.2046128380354491 5.7013201459574132
1.8762289458939043 2.2294547764904449 5.6787124700124201
1.8805922690238901 2.2541075574111002 5.6138923149036222
1.8849555921538759 2.2783720905358424 5.4987859493811166
1.8893189152838616 2.3020129081096821 5.3282568210462218
1.8936822384138476 2.3247945017467022 5.1058856128703107
1.8980455615438334 2.3464990236061647 4.8346007060318783
1.9024088846738192 2.3669108321185779 4.5127673096479581
1.906772207803805 2.3858143796736684 4.1455777280407737
1.911135530933791 2.4030528389091974 3.7543352050165559
1.9154988540637767 2.4185684191875207 3.3571001656742965
1.9198621771937625 2.4323467717221603 2.9582887185573128
1.9242255003237483 2.4443926182688394 2.5651563600787437
1.9285888234537341 2.4547679759465328 2.1967703250171606
1.9329521465837201 2.4636131744245122 1.8628433112234564
1.9373154697137058 2.4710440084028948 1.5424320336986912
1.9416787928436916 2.4770701451844896 1.2197601089138332
1.9460421159736774 2.4816992396399873 0.90452488610233173
1.9504054391036634 2.4849777178548682 0.59898682914501999
1.9547687622336491 2.486905185316592 0.27887238504343598
1.9591320853636349 2.4873860289292318 -0.058643645530953241
1.9634954084936207 2.4864695567166328 -0.34381396547385912
1.9678587316236065 2.4845417100214822 -0.52171012061338606
1.9722220547535925 2.482046167156942 -0.61064418702270828
1.9765853778835782 2.4793104994521005 -0.63242857973332811
1.980948701013564 2.4766328113711298 -0.58159076840123225
1.9853120241435498 2.4743275973752454 -0.46719945143097319
1.9896753472735358 2.472558911047702 -0.35061896214757926
1.9940386704035216 2.471197272146473 -0.28257778932248256
1.9984019935335073 2.4700335456504381 -0.25538322846170269
2.0027653166634933 2.4689341487060279 -0.25189835668625704
2.0071286397934789 2.4678111389347253 -0.26503764685579823
2.0114919629234649 2.4666102041444624 -0.28577763829155661
2.0158552860534504 2.4653273387438404 -0.2995870170759144
2.0202186091834364 2.464022123233816 -0.29530765202579362
2.0245819323134224 2.4627739134073763 -0.27478831579480711
2.028945255443408 2.4616320232623363 -0.24885077655646226
2.033308578573394 2.4605779994310146 -0.23960781421112215
2.0376719017033795 2.4594856922505239 -0.26842646757778732
2.0420352248333655 2.4581836765407403 -0.33290147232912665
2.0463985479633515 2.4565334512695767 -0.42977902287170872
2.0507618710933371 2.4543676429937942 -0.57169383682831854
2.0551251942233231 2.4514781813287772 -0.75919321270096884
2.0594885173533091 2.447719436706516 -0.96250325148813287
2.0638518404832946 2.4431092379976338 -1.1448553636506478
2.0682151636132806 2.4377696552567043 -1.2990411037305554
2.0725784867432662 2.4318262944028008 -1.4165608030443635
2.0769418098732522 2.4255155360236711 -1.4600274485267772
2.0813051330032382 2.4192327165077234 -1.4020357511343864
2.0856684561332237 2.4134235975467555 -1.2456340372450931
2.0900317792632097 2.4084837129635805 -1.0058985444919735
2.0943951023931953 2.4047618460499085 -0.68615343231250225
2.0987584255231813 2.4026033684406758 -0.29251480520188355
2.1031217486531673 2.4022801045721716 0.14989290291746013
2.1074850717831528 2.4039488379581169 0.61801989128667389
2.1118483949131388 2.4076958928157159 1.1016492410357381
2.1162117180431244 2.4135760583732822 1.5945723233444073
2.1205750411731104 2.4216075334715872 2.0850010137950132
2.1249383643030963 2.4317514775576758 2.5619213432374561
2.1293016874330819 2.4439421637926353 3.0234742658271307
2.1336650105630679 2.4581107016794896 3.4674491144865045
2.1380283336930539 2.4741714033026505 3.8908233779938901
2.1423916568230394 2.4920100553253164 4.2767360790657962
2.1467549799530254 2.5113528235656166 4.5662937941850368
2.151118303083011 2.5316296660658941 4.698526520829895
2.155481626212997 2.5520986617714243 4.6543748654838879
2.159844949342983 2.5719929350011261 4.4357135053170333
2.1642082724729685 2.5905487498449351 4.0391043354698697
2.1685715956029545 2.6070173784542834 3.4889026287300711
2.1729349187329401 2.6209397738511311 2.9006140772395219
2.1772982418629261 2.6324574239891154 2.3999279395102802
2.1816615649929121 2.6420665385070441 2.0253675593184517
2.1860248881228976 2.6503208156351659 1.7805652125113027
2.1903882112528836 2.6578155092788718 1.6805662734438991
2.1947515343828692 2.6651995275457789 1.727018458543115
2.1991148575128552 2.6730250579074206 1.8686752289617932
2.2034781806428412 2.6815574170061569 2.0451369594635409
2.2078415037728267 2.6909056395635882 2.2445593028335193
2.2122048269028127 2.701180993253764 2.4688030044951814
2.2165681500327987 2.7124722124326537 2.7083119266907647
2.2209314731627843 2.7248083767148517 2.9429415278322768
2.2252947962927703 2.7380881706070097 3.1321574608711802
2.2296581194227558 2.7520116350735582 3.2320113441775931
2.2340214425527418 2.7661247508230926 3.2163297827570432
2.2383847656827278 2.7798931892926402 3.0726141210163469
2.2427480888127134 2.7927362114979419 2.7899063333444656
2.2471114119426994 2.8040419319192882 2.371212942261216
2.2514747350726849 2.8133042046146666 1.8667522813201307
2.2558380582026709 2.8202984697106102 1.3389499917105798
2.2602013813326569 2.8249886856496356 0.81110514108973897
2.2645647044626425 2.8273901531709504 0.29251182697316563
2.2689280275926285 2.8275862346182836 -0.1952093331971573
2.2732913507226145 2.8257724197069214 -0.6239460925758108
2.2776546738526 2.8222611804045128 -0.97024388202880107
2.282017996982586 2.8174531742038815 -1.2149702519974721
2.2863813201125716 2.811833588799566 -1.3393589833754125
2.2907446432425576 2.8059443697035049 -1.3404649158539303
2.2951079663725436 2.8002893160698688 -1.236038612724037
2.2994712895025291 2.795240602372945 -1.0747489484230925
2.3038346126325151 2.790830701648241 -0.96822983039383836
2.3081979357625007 2.7865279078248149 -1.0427392395356265
2.3125612588924866 2.7813724999281071 -1.3637936956282624
2.3169245820224726 2.774254123588606 -1.9409184026185966
2.3212879051524582 2.7640826273149832 -2.7601734425075382
2.3256512282824442 2.7499076196167005 -3.7578109092154346
2.3300145514124297 2.7313086890732592 -4.7422829919095566
2.3343778745424157 2.7088776553801464 -5.4831825350735919
2.3387411976724017 2.6839803797524642 -5.8655353746495518
2.3431045208023873 2.6582488129781878 -5.8645038615111416
2.3474678439323733 2.6333682360190105 -5.4747959157430328
2.3518311670623593 2.610971735498465 -4.7416365631287771
2.3561944901923448 2.5922098503417694 -3.8570793222733157
2.3605578133223308 2.5771766341725759 -3.0658462380633611
2.3649211364523164 2.5651463796031182 -2.4870075530795019
2.3692844595823024 2.5551251660958254 -2.1475961840021465
2.3736477827122884 2.5460242701088709 -2.0700017438003346
2.3780111058422739 2.536694737299162 -2.2442262567789806
2.3823744289722599 2.5262753120924746 -2.5314765585305965
2.3867377521022455 2.5147179602365681 -2.7399863849373447
2.3911010752322315 2.5026009372854379 -2.7858790103687419
2.3954643983622175 2.4906566577962104 -2.659830526630965
2.399827721492203 2.4796769395430545 -2.3361787255794941
2.404191044622189 2.4705761235075774 -1.8018129523281641
2.4085543677521746 2.4640892162989014 -1.1738985144031293
2.4129176908821606 2.4602090718664416 -0.63045265043460241
2.4172810140121466 2.4583740768507694 -0.23373132033863273
2.4216443371421321 2.4579742998640328 0.028861884844937995
2.4260076602721181 2.4584056001544599 0.13995760805213633
2.4303709834021041 2.4589422822098035 0.076843319616479402
2.4347343065320897 2.4589381040422533 -0.081208182379592805
2.4390976296620757 2.4582877434862049 -0.2020382667790061
2.4434609527920612 2.4572797847939039 -0.25081507869319264
2.4478242759220472 2.4561632560387356 -0.25539139087037421
2.4521875990520332 2.4551119018517307 -0.21814587460437385
2.4565509221820188 2.4543355144107428 -0.12868768660443583
2.4609142453120048 2.4540198348219686 -0.017953359986954975
2.4652775684419903 2.4541307993581021 0.059749424322915003
2.4696408915719763 2.4544782862787051 0.094163665686804232
2.4740042147019623 2.4549172544183651 0.10432258168715387
2.4783675378319479 2.4553645699980686 0.097909806412815714
2.4827308609619338 2.4557480126843032 0.07522550186794516
2.4870941840919194 2.4560111958584301 0.045775378788131649
2.4914575072219054 2.4561596266297494 0.024677885333080418
2.4958208303518914 2.456243505708144 0.015237567014636785
2.5001841534818769 2.4563022002167796 0.012398224290818763
2.5045474766118629 2.4563581656485609 0.01400390380342671
2.5089107997418489 2.4564307753272878 0.019987894686070071
2.5132741228718345 2.4565353766139868 0.027885802280402272
2.5176374460018205 2.4566709870210222 0.033626291080321467
2.522000769131806 2.4568242413315926 0.036217783426928822
2.526364092261792 2.4569844304198072 0.03701038161138348
2.530727415391778 2.4571454831397861 0.03661028787918158
2.5350907385217636 2.4573022026694828 0.035032571905407671
2.5394540616517496 2.4574504151793954 0.032915251394373075
2.5438173847817351 2.4575902509129928 0.031353806308401892
2.5481807079117211 2.4577252653298358 0.030642566797252881
2.5525440310417071 2.4578583707893831 0.030421574351384748
2.5569073541716927 2.4579912092521701 0.030520707840103547
2.5612706773016787 2.4581251747141879 0.030936460474310753
2.5656340004316642 2.4582614014028912 0.031503888989238706
2.5699973235616502 2.4583998902483755 0.031928471676288019
2.5743606466916362 2.4585396961955754 0.032123629280920087
2.5787239698216218 2.4586800274746992 0.032185180234220692
2.5830872929516078 2.4588204398650699 0.032160778426797099
2.5874506160815938 2.4589605594444857 0.032051280705680092
2.5918139392115793 2.4591000782154757 0.031899265969508601
2.5961772623415653 2.4592389862899737 0.031783853211575459
2.6005405854715509 2.4593775346528819 0.031730315529506822
2.6049039086015369 2.4595159384874661 0.031713189188625097
2.6092672317315229 2.4596543180142967 0.031719149098124039
2.6136305548615084 2.4597927735338572 0.031747971773093568
2.6179938779914944 2.4599313886240646 0.03178868261130164
2.62235720112148 2.4600701685243163 0.031820044318233168
2.626720524251466 2.4602090466378006 0.031834728136484775
2.631083847381452 2.4603479645034545 0.031839489179725178
2.6354471705114375 2.4604868895749106 0.031838047111659405
2.6398104936414235 2.4606257949471804 0.031830464522509483
2.6441738167714091 2.4607646579556657 0.031819565591710036
2.6485371399013951 2.4609034765014361 0.031811046400524033
2.6529004630313811 2.4610422682391579 0.031807019928634064
2.6572637861613666 2.4611810490457784 0.031805697479161989
2.6616271092913526 2.461319827735224 0.031806042415040474
2.6659904324213386 2.4614586115248245 0.031808036067019922
2.6703537555513241 2.4615974065568711 0.031810952868030679
2.6747170786813101 2.4617362135800671 0.031813266255583443
2.6790804018112957 2.4618750279186843 0.031814370124484195
2.6834437249412817 2.462013845262466 0.031814737173374304
2.6878070480712677 2.4621526632237174 0.031814655848702897
2.6921703712012532 2.4622914798662836 0.031814131978223303
2.6965336943312392 2.4624302935265545 0.031813351648475097
2.7008970174612248 2.4625691039540425 0.03181272366492454
2.7052603405912108 2.4627079123858469 0.031812421100076267
2.7096236637211968 2.4628467199916515 0.031812319296458037
2.7139869868511823 2.4629855274184953 0.0318123381158055
2.7183503099811683 2.4631243351858116 0.031812475689294024
2.7227136331111539 2.4632631437439212 0.031812684377026702
2.7270769562411399 2.4634019531732787 0.031812854787941415
2.7314402793711259 2.4635407631469164 0.031812937701998042
2.7358036025011114 2.4636795733475414 0.031812965919334163
2.7401669256310974 2.4638183835997576 0.031812961672396382
2.7445302487610834 2.4639571937642017 0.031812925566691179
2.748893571891069 2.464096003719042 0.03181286977585035
2.753256895021055 2.4642348134391607 0.03181282354923215
2.7576202181510405 2.4643736230108804 0.031812800832192817
2.7619835412810265 2.4645124325202343 0.031812793015808208
2.7663468644110125 2.464651242014785 0.031812793940922846
2.7707101875409981 2.4647900515319257 0.031812803410571813
2.7750735106709841 2.4649288611045996 0.031812818320475868
2.7794368338009696 2.4650676707404875 0.0318128308557949
2.7838001569309556 2.4652064804168252 0.031812837078555145
2.7881634800609416 2.465345290110295 0.031812839242610504
2.7925268031909272 2.4654840998079957 0.031812839051694526
2.7968901263209132 2.465622909499892 0.031812836569507369
2.8012534494508987 2.4657617191770811 0.031812832586439868
2.8056167725808847 2.4659005288372526 0.031812829188500355
2.8099800957108707 2.4660393384864014 0.031812827484269453
2.8143434188408563 2.4661781481308451 0.031812826885459958
2.8187067419708423 2.4663169577740836 0.031812826921248628
2.8230700651008283 2.4664557674188101 0.031812827571391006
2.8274333882308138 2.46659457706743 0.031812828635070844
2.8317967113607998 2.4667333867206298 0.031812829555967516
2.8361600344907854 2.466872196376833 0.031812830022571556
2.8405233576207713 2.4670110060343275 0.03181283018813659
2.8448866807507573 2.4671498156921645 0.031812830182583705
2.8492500038807429 2.46728862534962 0.031812830012370598
2.8536133270107289 2.4674274350060457 0.031812829728426834
2.8579766501407144 2.467566244661239 0.031812829479047428
2.8623399732707004 2.4677050543156152 0.031812829351395906
2.8667032964006864 2.4678438639696365 0.031812829305597222
2.871066619530672 2.4679826736235611 0.031812829305929283
2.875429942660658 2.4681214832775824 0.031812829350399717
2.8797932657906435 2.4682602929318764 0.031812829426223196
2.8841565889206295 2.4683991025865017 0.031812829493712058
2.8885199120506155 2.4685379122413496 0.03181282952867398
2.8928832351806011 2.4686767218962951 0.0318128295414924
2.8972465583105871 2.4688155315512685 0.031812829541666109
2.9016098814405731 2.4689543412062167 0.031812829529975162
2.9059732045705586 2.4690931508610929 0.031812829509707
2.9103365277005446 2.4692319605158795 0.031812829491329256
2.9146998508305302 2.4693707701706056 0.031812829481905773
2.9190631739605162 2.4695095798253055 0.03181282947843745
2.9234264970905022 2.4696483894799974 0.03181282947821383
2.9277898202204877 2.4697871991346956 0.031812829481365053
2.9321531433504737 2.4699260087894133 0.03181282948669311
2.9365164664804593 2.470064818444154 0.031812829491541648
2.9408797896104453 2.4702036280989117 0.031812829494299415
2.9452431127404313 2.4703424377536769 0.031812829495203407
2.9496064358704168 2.4704812474084439 0.031812829495251389
2.9539697590004028 2.4706200570632095 0.03181282949446082
2.9583330821303884 2.4707588667179698 0.031812829492995104
2.9626964052603744 2.470897676372724 0.031812829491709889
2.9670597283903604 2.4710364860274736 0.031812829490978745
2.9714230515203459 2.4711752956822211 0.031812829490618248
2.9757863746503319 2.4713141053369676 0.03181282949065406
2.9801496977803179 2.471452914991715 0.031812829490861574
2.9845130209103035 2.4715917246464634 0.031812829491226789
2.9888763440402895 2.4717305343012139 0.031812829491695713
2.993239667170275 2.4718693439559658 0.031812829491897482
2.997602990300261 2.4720081536107181 0.03181282949184281
3.001966313430247 2.47214696326547 0.03181282949185002
3.0063296365602326 2.4722857729202223 0.031812829491885561
3.0106929596902186 2.4724245825749742 0.031812829491736201
3.0150562828202041 2.4725633922297257 0.031812829491687421
3.0194196059501901 2.4727022018844771 0.031812829491726584
3.0237829290801761 2.4728410115392285 0.031812829491608963
3.0281462522101616 2.4729798211939791 0.031812829491439341
3.0325095753401476 2.4731186308487296 0.031812829491624776
3.0368728984701332 2.4732574405034811 0.031812829491663329
3.0412362216001192 2.4733962501582321 0.031812829491629037
3.0455995447301052 2.4735350598129839 0.031812829492023284
3.0499628678600907 2.4736738694677354 0.03181282949079562
3.0543261909900767 2.4738126791224859 0.031812829494396004
3.0586895141200627 2.4739514887772396 0.031812829482739093
3.0630528372500483 2.474090298431983 0.031812829520890748
3.0674161603800343 2.4742291080867638 0.031812829398566334
3.0717794835100198 2.4743679177414046 0.031812829779180374
3.0761428066400058 2.4745067273965682 0.031812828642245924
3.0805061297699918 2.47464553704978 0.031812831826797547
3.0848694528999774 2.4747843467102766 0.031812823892282217
3.0892327760299634 2.4749231563435869 0.031812838762587663
3.0935960991599489 2.4750619660783548 0.031812838281035177
3.0979594222899349 2.4752007754344798 0.031812634758306729
3.1023227454199209 2.4753395813835484 0.031810846475647941
3.1066860685499065 2.4754783710210599 0.031804645609107195
3.1110493916798925 2.4756170976367144 0.031776691720328737
3.115412714809878 2.4757556228765614 0.031712921698411861
3.119776037939864 2.4758936205812025 0.03149479337840784
3.12413936106985 2.4760304943196556 0.031295587963591741
3.1285026841998356 2.4761654391343062 0.030211525401530926
3.1328660073298216 2.4762977732050113 0.031625735436408356
3.1372293304598076 2.4764274588267825 0.023437003191321679
3.1415926535897931 2.4764986972941472 0.012771479518242602
3.1459559767197791 2.4765699357615123 0.023437003191447613
3.1503192998497647 2.4766996213832839 0.031625735436521578
3.1546826229797507 2.4768319554539895 0.030211525401572084
3.1590459461097367 2.4769669002686401 0.031295587963609657
3.1634092692397222 2.4771037740070931 0.031494793378295194
3.1677725923697082 2.4772417717117334 0.03171292169824344
3.1721359154996938 2.4773802969515804 0.031776691720504402
3.1764992386296798 2.4775190235672357 0.031804645609183647
3.1808625617596658 2.4776578132047469 0.031810846475462076
3.1852258848896513 2.477796619153815 0.031812634758363052
3.1895892080196373 2.4779354285099404 0.031812838281005465
3.1939525311496229 2.4780742382447078 0.031812838762650182
3.1983158542796088 2.4782130478780191 0.031812823892367205
3.2026791774095948 2.4783518575385153 0.031812831826690723
3.2070425005395804 2.4784906671917271 0.031812828642282909
3.2114058236695664 2.4786294768468906 0.031812829779148961
3.2157691467995524 2.4787682865015315 0.031812829398645256
3.2201324699295379 2.4789070961563127 0.031812829520911814
3.2244957930595239 2.4790459058110557 0.031812829482575918
3.2288591161895095 2.4791847154658089 0.031812829494416953
3.2332224393194955 2.4793235251205599 0.031812829490884736
3.2375857624494815 2.4794623347753113 0.031812829491941474
3.241949085579467 2.4796011444300627 0.031812829491561792
3.246312408709453 2.4797399540848137 0.031812829491718486
3.2506757318394386 2.4798787637395656 0.031812829491776717
3.2550390549694246 2.4800175733943171 0.031812829491692438
3.2594023780994106 2.4801563830490685 0.031812829491656272
3.2637657012293961 2.4802951927038195 0.031812829491589589
3.2681290243593821 2.4804340023585705 0.031812829491587154
3.2724923474893677 2.4805728120133215 0.031812829491663572
3.2768556706193537 2.4807116216680729 0.031812829491665667
3.2812189937493397 2.4808504313228239 0.031812829491571173
3.2855823168793252 2.4809892409775749 0.031812829491651422
3.2899456400093112 2.4811280506323263 0.031812829491730248
3.2943089631392972 2.4812668602870778 0.031812829491630307
3.2986722862692828 2.4814056699418288 0.031812829491655648
3.3030356093992688 2.4815444795965802 0.031812829491654211
3.3073989325292543 2.4816832892513312 0.031812829491634616
3.3117622556592403 2.4818220989060826 0.031812829491714462
3.3161255787892263 2.4819609085608341 0.031812829491710271
3.3204889019192119 2.4820997182155855 0.031812829491656931
3.3248522250491979 2.4822385278703365 0.03181282949156912
3.3292155481791834 2.4823773375250875 0.03181282949166838
3.3335788713091694 2.4825161471798389 0.031812829491664481
3.3379421944391554 2.4826549568345899 0.031812829491571104
3.342305517569141 2.4827937664893409 0.031812829491652886
3.346668840699127 2.4829325761440924 0.031812829491724461
3.351032163829113 2.4830713857988438 0.031812829491651998
3.3553954869590985 2.4832101954535948 0.031812829491574685
3.3597588100890845 2.4833490051083458 0.031812829491651047
3.3641221332190701 2.4834878147630972 0.031812829491728263
3.3684854563490561 2.4836266244178486 0.031812829491648369
3.372848779479042 2.4837654340725996 0.03181282949157567
3.3772121026090276 2.4839042437273506 0.031812829491650728
3.3815754257390136 2.4840430533821021 0.031812829491728534
3.3859387488689991 2.4841818630368535 0.031812829491647598
3.3903020719989851 2.4843206726916045 0.031812829491588188
3.3946653951289711 2.4844594823463555 0.03181282949159172
3.3990287182589567 2.4845982920011065 0.031812829491646731
3.4033920413889427 2.4847371016558579 0.031812829491728471
3.4077553645189282 2.4848759113106094 0.031812829491651831
3.4121186876489142 2.4850147209653604 0.031812829491571333
3.4164820107789002 2.4851535306201114 0.031812829491654884
3.4208453339088858 2.4852923402748628 0.031812829491716259
3.4252086570388718 2.4854311499296142 0.031812829491692507
3.4295719801688578 2.4855699595843657 0.03181282949171646
3.4339353032988433 2.4857087692391171 0.031812829491654121
3.4382986264288293 2.4858475788938681 0.031812829491574164
3.4426619495588149 2.4859863885486191 0.031812829491650998
3.4470252726888009 2.4861251982033705 0.031812829491728957
3.4513885958187869 2.486264007858122 0.031812829491635893
3.4557519189487724 2.486402817512873 0.031812829491634595
3.4601152420787584 2.4865416271676244 0.031812829491732843
3.464478565208744 2.4866804368223758 0.031812829491646495
3.46884188833873 2.4868192464771268 0.031812829491588299
3.473205211468716 2.4869580561318778 0.031812829491592365
3.4775685345987015 2.4870968657866288 0.031812829491644032
3.4819318577286875 2.4872356754413802 0.031812829491738637
3.4862951808586731 2.4873744850961317 0.031812829491613862
3.4906585039886591 2.4875132947508827 0.031812829491713046
3.4950218271186451 2.4876521044056346 0.031812829491736694
3.4993851502486306 2.4877909140603855 0.031812829491552633
3.5037484733786166 2.4879297237151365 0.031812829491654537
3.5081117965086026 2.488068533369888 0.031812829491726612
3.5124751196385882 2.4882073430246394 0.031812829491651477
3.5168384427685742 2.4883461526793904 0.031812829491574594
3.5212017658985597 2.4884849623341414 0.031812829491651949
3.5255650890285457 2.4886237719888928 0.031812829491724724
3.5299284121585317 2.4887625816436443 0.031812829491651901
3.5342917352885173 2.4889013912983953 0.031812829491574796
3.5386550584185033 2.4890402009531463 0.0318128294916507
3.5430183815484888 2.4891790106078977 0.031812829491729526
3.5473817046784748 2.4893178202626491 0.03181282949164365
3.5517450278084608 2.4894566299174001 0.031812829491593295
3.5561083509384463 2.4895954395721511 0.031812829491584961
3.5604716740684323 2.4897342492269021 0.031812829491668658
3.5648349971984179 2.4898730588816536 0.031812829491647522
3.5691983203284039 2.4900118685364045 0.031812829491648369
3.5735616434583899 2.490150678191156 0.03181282949165639
3.5779249665883754 2.490289487845907 0.0318128294916332
3.5822882897183614 2.4904282975006584 0.031812829491717896
3.5866516128483474 2.4905671071554099 0.031812829491697912
3.591014935978333 2.4907059168101613 0.031812829491702915
3.595378259108319 2.4908447264649127 0.031812829491702901
3.5997415822383045 2.4909835361196642 0.031812829491697933
3.6041049053682905 2.4911223457744156 0.031812829491717841
3.6084682284982765 2.491261155429167 0.031812829491633429
3.6128315516282621 2.491399965083918 0.031812829491655564
3.6171948747582481 2.4915387747386695 0.031812829491651401
3.6215581978882336 2.4916775843934205 0.031812829491645961
3.6259215210182196 2.4918163940481719 0.031812829491671898
3.6302848441482056 2.4919552037029229 0.031812829491563839
3.6346481672781912 2.4920940133576739 0.031812829491674528
3.6390114904081772 2.4922328230124253 0.031812829491645163
3.6433748135381627 2.4923716326671763 0.031812829491651956
3.6477381366681487 2.4925104423219278 0.031812829491654114
3.6521014597981347 2.4926492519766787 0.031812829491629002
3.6564647829281203 2.4927880616314302 0.031812829491736999
3.6608281060581063 2.4929268712861816 0.031812829491635448
3.6651914291880923 2.4930656809409326 0.031812829491618601
3.6695547523180778 2.4932044905956841 0.03181282949179727
3.6739180754480638 2.4933433002504359 0.031812829491710111
3.6782813985780494 2.4934821099051869 0.031812829491574747
3.6826447217080354 2.4936209195599379 0.031812829491592705
3.6870080448380214 2.4937597292146889 0.031812829491646495
3.6913713679680069 2.4938985388694404 0.031812829491728437
3.6957346910979929 2.4940373485241918 0.031812829491652213
3.7000980142279785 2.4941761581789428 0.03181282949156982
3.7044613373579645 2.4943149678336938 0.031812829491670302
3.7088246604879505 2.4944537774884452 0.031812829491646391
3.713187983617936 2.4945925871431962 0.031812829491651262
3.717551306747922 2.4947313967979476 0.031812829491655696
3.7219146298779076 2.4948702064526986 0.031812829491633068
3.7262779530078936 2.4950090161074501 0.031812829491719145
3.7306412761378795 2.4951478257622015 0.031812829491693076
3.7350045992678651 2.4952866354169529 0.031812829491721005
3.7393679223978511 2.4954254450717044 0.031812829491635351
3.7437312455278371 2.4955642547264554 0.03181282949163499
3.7480945686578226 2.4957030643812068 0.031812829491731823
3.7524578917878086 2.4958418740359583 0.031812829491650159
3.7568212149177942 2.4959806836907092 0.03181282949157465
3.7611845380477802 2.4961194933454602 0.031812829491653018
3.7655478611777662 2.4962583030002117 0.03181282949171068
3.7699111843077517 2.4963971126549631 0.031812829491716717
3.7742745074377377 2.4965359223097146 0.031812829491634914
3.7786378305677233 2.4966747319644655 0.03181282949165077
3.7830011536977093 2.496813541619217 0.031812829491669151
3.7873644768276953 2.496952351273968 0.031812829491570029
3.7917277999576808 2.497091160928719 0.031812829491652525
3.7960911230876668 2.4972299705834704 0.031812829491726972
3.8004544462176524 2.4973687802382218 0.031812829491652019
3.8048177693476384 2.4975075898929728 0.031812829491572076
3.8091810924776244 2.4976463995477238 0.031812829491651748
3.8135444156076099 2.4977852092024753 0.031812829491728062
3.8179077387375959 2.4979240188572267 0.031812829491648445
3.8222710618675819 2.4980628285119777 0.03181282949157558
3.8266343849975675 2.4982016381667287 0.03181282949165104
3.8309977081275535 2.4983404478214801 0.031812829491727375
3.835361031257539 2.4984792574762316 0.031812829491651928
3.839724354387525 2.4986180671309826 0.031812829491572055
3.844087677517511 2.4987568767857335 0.031812829491651921
3.8484510006474966 2.498895686440485 0.031812829491727403
3.8528143237774826 2.4990344960952364 0.031812829491650929
3.8571776469074681 2.4991733057499874 0.031812829491576003
3.8615409700374541 2.4993121154047384 0.031812829491646835
3.8659042931674401 2.4994509250594898 0.03181282949173405
3.8702676162974257 2.4995897347142413 0.031812829491629425
3.8746309394274117 2.4997285443689923 0.031812829491655363
3.8789942625573972 2.4998673540237437 0.03181282949165623
3.8833575856873832 2.5000061636784947 0.031812829491626844
3.8877209088173692 2.5001449733332461 0.0318128294917338
3.8920842319473548 2.5002837829879976 0.031812829491650409
3.8964475550773408 2.5004225926427486 0.031812829491571673
3.9008108782073267 2.5005614022974996 0.031812829491654968
3.9051742013373123 2.500700211952251 0.031812829491715586
3.9095375244672983 2.5008390216070024 0.031812829491695123
3.9139008475972838 2.5009778312617539 0.031812829491716391
3.9182641707272698 2.5011166409165053 0.031812829491651796
3.9226274938572558 2.5012554505712563 0.031812829491573838
3.9269908169872414 2.5013942602260073 0.031812829491654648
3.9313541401172274 2.5015330698807587 0.031812829491714684
3.9357174632472129 2.5016718795355102 0.031812829491699057
3.9400807863771989 2.5018106891902616 0.031812829491701521
3.9444441095071849 2.5019494988450131 0.031812829491697586
3.9488074326371705 2.5020883084997645 0.031812829491720582
3.9531707557671565 2.5022271181545159 0.03181282949163252
3.957534078897142 2.5023659278092669 0.031812829491656459
3.961897402027128 2.5025047374640184 0.031812829491648764
3.966260725157114 2.5026435471187694 0.031812829491645891
3.9706240482870996 2.5027823567735208 0.031812829491674799
3.9749873714170856 2.5029211664282718 0.031812829491562007
3.9793506945470716 2.5030599760830228 0.031812829491669213
3.9837140176770571 2.5031987857377742 0.031812829491668262
3.9880773408070431 2.5033375953925252 0.031812829491564852
3.9924406639370287 2.5034764050472762 0.031812829491674105
3.9968039870670147 2.5036152147020276 0.031812829491645836
4.0011673101970002 2.5037540243567786 0.031812829491649673
4.0055306333269867 2.5038928340115301 0.031812829491652879
4.0098939564569722 2.5040316436662811 0.031812829491636219
4.0142572795869578 2.5041704533210325 0.031812829491719076
4.0186206027169442 2.5043092629757839 0.03181282949169021
4.0229839258469298 2.5044480726305354 0.031812829491722837
4.0273472489769153 2.5045868822852868 0.031812829491640611
4.0317105721069009 2.5047256919400378 0.03181282949163157
4.0360738952368873 2.5048645015947892 0.031812829491730511
4.0404372183668729 2.5050033112495407 0.031812829491649139
4.0448005414968584 2.5051421209042917 0.031812829491589756
4.0491638646268449 2.5052809305590427 0.031812829491583892
4.0535271877568304 2.5054197402137937 0.031812829491666736
4.057890510886816 2.5055585498685451 0.031812829491666
4.0622538340168024 2.5056973595232961 0.031812829491566649
4.066617157146788 2.5058361691780471 0.031812829491659464
4.0709804802767735 2.5059749788327985 0.031812829491712311
4.0753438034067591 2.50611378848755 0.031812829491713469
4.0797071265367455 2.5062525981423014 0.031812829491636531
4.0840704496667311 2.5063914077970524 0.031812829491637815
4.0884337727967166 2.5065302174518038 0.031812829491729047
4.092797095926703 2.5066690271065553 0.031812829491648723
4.0971604190566886 2.5068078367613063 0.03181282949157347
4.1015237421866741 2.5069466464160572 0.031812829491668859
4.1058870653166606 2.5070854560708087 0.03181282949164848
4.1102503884466461 2.5072242657255597 0.031812829491634637
4.1146137115766317 2.5073630753803111 0.03181282949172981
4.1189770347066181 2.5075018850350625 0.031812829491648861
4.1233403578366037 2.5076406946898135 0.031812829491572159
4.1277036809665892 2.5077795043445645 0.031812829491673945
4.1320670040965748 2.507918313999316 0.031812829491648882
4.1364303272265612 2.508057123654067 0.031812829491627927
4.1407936503565468 2.5081959333088184 0.031812829491736798
4.1451569734865323 2.5083347429635698 0.031812829491647036
4.1495202966165188 2.5084735526183208 0.031812829491572436
4.1538836197465043 2.5086123622730718 0.031812829491655294
4.1582469428764899 2.5087511719278233 0.031812829491723198
4.1626102660064763 2.5088899815825747 0.031812829491654655
4.1669735891364619 2.5090287912373257 0.031812829491555575
4.1713369122664474 2.5091676008920767 0.031812829491734494
4.1757002353964339 2.5093064105468286 0.031812829491709167
4.1800635585264194 2.5094452202015796 0.03181282949163157
4.184426881656405 2.509584029856331 0.031812829491681391
4.1887902047863905 2.509722839511082 0.031812829491559697
4.193153527916377 2.509861649165833 0.031812829491671892
4.1975168510463625 2.5100004588205844 0.031812829491650159
4.2018801741763481 2.5101392684753354 0.031812829491644316
4.2062434973063345 2.5102780781300869 0.031812829491669983
4.2106068204363201 2.5104168877848378 0.031812829491573186
4.2149701435663056 2.5105556974395888 0.031812829491648702
4.2193334666962921 2.5106945070943403 0.031812829491729401
4.2236967898262776 2.5108333167490917 0.03181282949163642
4.2280601129562632 2.5109721264038427 0.031812829491641735
4.2324234360862487 2.5111109360585941 0.031812829491713469
4.2367867592162352 2.5112497457133456 0.03181282949170712
4.2411500823462207 2.511388555368097 0.031812829491660782
4.2455134054762063 2.511527365022848 0.031812829491566573
4.2498767286061927 2.511666174677599 0.03181282949166498
4.2542400517361783 2.5118049843323504 0.031812829491670913
4.2586033748661638 2.5119437939871014 0.03181282949156819
4.2629666979961502 2.5120826036418524 0.031812829491648389
4.2673300211261358 2.5122214132966039 0.031812829491735646
4.2716933442561213 2.5123602229513553 0.031812829491631181
4.2760566673861078 2.5124990326061063 0.031812829491637003
4.2804199905160933 2.5126378422608577 0.031812829491718222
4.2847833136460789 2.5127766519156092 0.031812829491712255
4.2891466367760644 2.5129154615703606 0.031812829491654954
4.2935099599060509 2.5130542712251116 0.031812829491565338
4.2978732830360364 2.5131930808798626 0.031812829491675777
4.302236606166022 2.513331890534614 0.031812829491648389
4.3065999292960084 2.513470700189365 0.031812829491628059
4.310963252425994 2.5136095098441165 0.031812829491736798
4.3153265755559795 2.5137483194988679 0.031812829491646911
4.319689898685966 2.5138871291536189 0.031812829491572943
4.3240532218159515 2.5140259388083699 0.031812829491653413
4.3284165449459371 2.5141647484631213 0.031812829491730227
4.3327798680759235 2.5143035581178728 0.031812829491628405
4.3371431912059091 2.5144423677726238 0.031812829491653524
4.3415065143358946 2.5145811774273752 0.031812829491674327
4.3458698374658802 2.5147199870821262 0.031812829491566018
4.3502331605958666 2.5148587967368772 0.03181282949165367
4.3545964837258522 2.5149976063916286 0.031812829491716731
4.3589598068558377 2.5151364160463801 0.03181282949170159
4.3633231299858242 2.5152752257011315 0.031812829491679649
4.3676864531158097 2.5154140353558829 0.031812829491782553
4.3720497762457953 2.5155528450106348 0.03181282949171764
4.3764130993757817 2.5156916546653858 0.031812829491549642
4.3807764225057673 2.5158304643201368 0.031812829491675847
4.3851397456357528 2.5159692739748882 0.031812829491663787
4.3895030687657384 2.5161080836296392 0.031812829491585828
4.3938663918957248 2.5162468932843902 0.031812829491584933
4.3982297150257104 2.5163857029391412 0.031812829491666514
4.4025930381556959 2.5165245125938926 0.031812829491665848
4.4069563612856824 2.5166633222486436 0.031812829491567503
4.4113196844156679 2.5168021319033946 0.03181282949165621
4.4156830075456535 2.5169409415581461 0.031812829491724488
4.4200463306756399 2.5170797512128975 0.031812829491648556
4.4244096538056255 2.5172185608676485 0.031812829491578681
4.428772976935611 2.5173573705223995 0.031812829491648167
4.4331363000655974 2.5174961801771509 0.031812829491726036
4.437499623195583 2.5176349898319024 0.031812829491650436
4.4418629463255686 2.5177737994866534 0.031812829491589055
4.4462262694555541 2.5179126091414044 0.031812829491604792
4.4505895925855405 2.5180514187961553 0.03181282949158383
4.4549529157155261 2.5181902284509063 0.031812829491651935
4.4593162388455116 2.5183290381056578 0.031812829491725265
4.4636795619754981 2.5184678477604092 0.031812829491649729
4.4680428851054836 2.5186066574151602 0.03181282949157322
4.4724062082354692 2.5187454670699112 0.031812829491668838
4.4767695313654556 2.5188842767246626 0.031812829491648792
4.4811328544954412 2.5190230863794136 0.031812829491633408
4.4854961776254267 2.5191618960341651 0.031812829491734411
4.4898595007554132 2.5193007056889165 0.031812829491631681
4.4942228238853987 2.5194395153436675 0.031812829491636281
4.4985861470153843 2.5195783249984189 0.031812829491740025
4.5029494701453698 2.5197171346531704 0.031812829491625796
4.5073127932753563 2.5198559443079214 0.03181282949165417
4.5116761164053418 2.5199947539626728 0.031812829491654933
4.5160394395353274 2.5201335636174238 0.031812829491642929
4.5204027626653138 2.5202723732721752 0.031812829491670747
4.5247660857952994 2.5204111829269262 0.031812829491571486
4.5291294089252849 2.5205499925816772 0.03181282949165478
4.5334927320552714 2.5206888022364287 0.031812829491706794
4.5378560551852569 2.5208276118911801 0.031812829491720783
4.5422193783152425 2.5209664215459315 0.031812829491632222
4.5465827014452289 2.5211052312006825 0.031812829491647723
4.5509460245752145 2.521244040855434 0.031812829491674285
4.5553093477052 2.521382850510185 0.031812829491571985
4.5596726708351856 2.521521660164936 0.031812829491649215
4.564035993965172 2.5216604698196874 0.031812829491728534
4.5683993170951576 2.5217992794744388 0.03181282949163939
4.5727626402251431 2.5219380891291898 0.031812829491630744
4.5771259633551296 2.5220768987839413 0.031812829491735022
4.5814892864851151 2.5222157084386927 0.031812829491631903
4.5858526096151007 2.5223545180934437 0.031812829491654177
4.5902159327450871 2.5224933277481951 0.031812829491648792
4.5945792558750727 2.5226321374029461 0.031812829491648036
4.5989425790050582 2.5227709470576976 0.031812829491675854
4.6033059021350438 2.5229097567124485 0.0318128294915654
4.6076692252650302 2.5230485663671995 0.031812829491654586
4.6120325483950158 2.523187376021951 0.031812829491713636
4.6163958715250013 2.5233261856767024 0.031812829491713039
4.6207591946549877 2.5234649953314539 0.031812829491636947
4.6251225177849733 2.5236038049862048 0.031812829491636552
4.6294858409149588 2.5237426146409563 0.031812829491733662
4.6338491640449453 2.5238814242957077 0.031812829491631507
4.6382124871749308 2.5240202339504587 0.031812829491637731
4.6425758103049164 2.5241590436052102 0.031812829491734404
4.6469391334349028 2.5242978532599616 0.031812829491627378
4.6513024565648884 2.5244366629147126 0.031812829491653483
4.6556657796948739 2.524575472569464 0.031812829491675527
4.6600291028248595 2.524714282224215 0.031812829491561265
4.6643924259548459 2.524853091878966 0.031812829491671461
4.6687557490848315 2.5249919015337174 0.031812829491650305
4.673119072214817 2.5251307111884684 0.031812829491644157
4.6774823953448035 2.5252695208432199 0.031812829491670441
4.681845718474789 2.5254083304979709 0.031812829491571493
4.6862090416047746 2.5255471401527219 0.03181282949165503
4.690572364734761 2.5256859498074733 0.031812829491705781
4.6949356878647466 2.5258247594622247 0.031812829491724565
4.6992990109947321 2.5259635691169762 0.031812829491618108
4.7036623341247186 2.5261023787717272 0.031812829491700396
4.7080256572547041 2.526241188426479 0.031812829491783039
4.7123889803846897 2.5263799980812305 0.031812829491694936
4.7167523035146752 2.5265188077359819 0.031812829491659381
4.7211156266446617 2.5266576173907329 0.031812829491564935
4.7254789497746472 2.5267964270454839 0.031812829491672946
4.7298422729046328 2.5269352367002353 0.031812829491660109
4.7342055960346192 2.5270740463549863 0.031812829491584017
4.7385689191646048 2.5272128560097373 0.031812829491595897
4.7429322422945903 2.5273516656644883 0.031812829491643844
4.7472955654245768 2.5274904753192398 0.031812829491726112
4.7516588885545623 2.5276292849739912 0.031812829491654419
4.7560222116845479 2.5277680946287422 0.03181282949157304
4.7603855348145334 2.5279069042834932 0.031812829491664869
4.7647488579445199 2.5280457139382446 0.031812829491664869
4.7691121810745054 2.5281845235929956 0.031812829491573068
4.773475504204491 2.5283233332477466 0.031812829491654301
4.7778388273344774 2.528462142902498 0.031812829491707134
4.782202150464463 2.5286009525572495 0.031812829491719909
4.7865654735944485 2.5287397622120009 0.031812829491635393
4.7909287967244349 2.5288785718667519 0.03181282949163592
4.7952921198544205 2.5290173815215033 0.03181282949171834
4.7996554429844061 2.5291561911762548 0.03181282949171288
4.8040187661143925 2.5292950008310062 0.031812829491632867
4.808382089244378 2.5294338104857572 0.031812829491653039
4.8127454123743636 2.5295726201405087 0.031812829491671808
4.8171087355043491 2.5297114297952596 0.031812829491576551
4.8214720586343356 2.5298502394500106 0.031812829491614049
4.8258353817643211 2.5299890491047616 0.031812829491559343
4.8301987048943067 2.5301278587595122 0.031812829491454753
4.8345620280242931 2.5302666684142627 0.031812829491603037
4.8389253511542787 2.5304054780690142 0.031812829491725175
4.8432886742842642 2.5305442877237656 0.031812829491718396
4.8476519974142507 2.5306830973785175 0.031812829491909278
4.8520153205442362 2.5308219070332703 0.03181282949206856
4.8563786436742218 2.5309607166880235 0.031812829492175981
4.8607419668042082 2.5310995263427771 0.031812829492178236
4.8651052899341938 2.5312383359975299 0.03181282949175647
4.8694686130641793 2.5313771456522804 0.031812829491323358
4.8738319361941649 2.5315159553070292 0.031812829490729611
4.8781952593241513 2.5316547649617744 0.031812829489854276
4.8825585824541369 2.531793574616517 0.031812829489674684
4.8869219055841224 2.5319323842712604 0.031812829490066467
4.8912852287141089 2.5320711939260065 0.031812829491102181
4.8956485518440944 2.5322100035807593 0.031812829492979561
4.90001187497408 2.5323488132355214 0.031812829495445727
4.9043751981040664 2.5324876228902951 0.031812829498034947
4.908738521234052 2.5326264325450776 0.031812829499257234
4.9131018443640375 2.5327652421998601 0.031812829497904975
4.9174651674940231 2.5329040518546306 0.031812829493847707
4.9218284906240095 2.5330428615093781 0.031812829487288266
4.9261918137539951 2.5331816711640909 0.031812829477889965
4.9305551368839806 2.5333204808187597 0.031812829468018049
4.9349184600139671 2.5334592904733948 0.031812829463451278
4.9392817831439526 2.5335981001280299 0.03181282946838495
4.9436451062739382 2.5337369097827085 0.031812829483159104
4.9480084294039246 2.5338757194374719 0.031812829507350711
4.9523717525339102 2.5340145290923632 0.031812829542064762
4.9567350756638957 2.534153338747418 0.031812829579334991
4.9610983987938821 2.5342921484026024 0.031812829597040522
4.9654617219238677 2.5344309580577886 0.031812829579326844
4.9698250450538533 2.5345697677128172 0.031812829525323466
4.9741883681838388 2.5347085773675335 0.031812829436008078
4.9785516913138252 2.5348473870217769 0.031812829307424378
4.9829150144438108 2.5349861966754119 0.031812829167588132
4.9872783375737963 2.535125006328554 0.031812829098309764
4.9916416607037828 2.5352638159816738 0.031812829161053505
4.9960049838337683 2.5354026256353688 0.031812829359496787
5.0003683069637539 2.5355414352902139 0.031812829689219002
5.0047316300937403 2.5356802449468088 0.03181283016569357
5.0090949532237259 2.535819054605668 0.031812830689980309
5.0134582763537114 2.5359578642663969 0.03181283095872544
5.0178215994836979 2.5360966739272603 0.031812830737407712
5.0221849226136834 2.5362354835860335 0.031812830009245875
5.026548245743669 2.5363742932405682 0.031812828791926262
5.0309115688736545 2.5365131028886325 0.031812827026560554
5.035274892003641 2.5366519125282685 0.031812825061698372
5.0396382151336265 2.5367907221608204 0.031812824020917105
5.0440015382636121 2.5369295317926732 0.031812824797653218
5.0483648613935985 2.5370683414321173 0.031812827470242624
5.0527281845235841 2.5372071510871854 0.031812831964749835
5.0570915076535696 2.5373459607661735 0.031812838502550227
5.0614548307835561 2.53748477047652 0.031812845863483548
5.0658181539135416 2.5376235802136953 0.031812849888544215
5.0701814770435272 2.5377623899542141 0.031812847172339287
5.0745448001735127 2.5379011996671785 0.031812837365940268
5.0789081233034992 2.5380400093225655 0.031812820775337938
5.0832714464334847 2.5381788188895333 0.031812796564313885
5.0876347695634703 2.5383176283398448 0.031812768999495908
5.0919980926934567 2.538456437688636 0.031812753462600304
5.0963614158234423 2.5385952470222177 0.031812762917545458
5.1007247389534278 2.5387340564557337 0.031812798887073196
5.1050880620834143 2.5388728661013951 0.031812860124190649
5.1094513852133998 2.5390116760738786 0.031812949772975309
5.1138147083433854 2.5391504864802315 0.031813052953694909
5.1181780314733718 2.5392892972704644 0.031813112825100548
5.1225413546033574 2.5394281081275842 0.031813080083303885
5.1269046777333429 2.5395669186225907 0.031812948196308088
5.1312680008633285 2.5397057283360787 0.031812722182744071
5.1356313239933149 2.5398445368416227 0.031812390270407061
5.1399946471233005 2.5399833437338795 0.031812004197596243
5.144357970253286 2.5401221491755579 0.031811773842377516
5.1487212933832724 2.5402609543300647 0.031811886547192178
5.153084616513258 2.5403997607954696 0.031812369945602832
5.1574479396432436 2.5405385701393626 0.031813204056921354
5.16181126277323 2.5406773839476116 0.031814432780943043
5.1661745859032155 2.5408162037533031 0.031815876776366332
5.1705379090332011 2.5409550290366507 0.031816761767335951
5.1749012321631875 2.5410938555309257 0.031816376539256244
5.1792645552931731 2.5412326772843548 0.031814605467365781
5.1836278784231586 2.5413714884377332 0.031811527359509505
5.1879912015531442 2.5415102830924394 0.031806979153450834
5.1923545246831306 2.5416490554563866 0.03180158043713717
5.1967178478131162 2.5417878071492592 0.031798185127473691
5.2010811709431017 2.5419265538070697 0.031799490844723291
5.2054444940730882 2.5420653175917134 0.031805976974806839
5.2098078172030737 2.5422041204033943 0.031817335294579155
5.2141711403330593 2.5423429841857019 0.031834169214676078
5.2185344634630457 2.5424819307985684 0.031854345626800694
5.2228977865930313 2.5426209553676253 0.03186735488380784
5.2272611097230168 2.5427600006388622 0.031862973942498804
5.2316244328530024 2.5428989841083705 0.031839230482595106
5.2359877559829888 2.5430378239186493 0.031797320714504959
5.2403510791129744 2.5431764384206397 0.03173501986815145
5.2447144022429599 2.5433147451956413 0.031659644961058726
5.2490777253729464 2.5434527581637609 0.031609861211450596
5.2534410485029319 2.5435906867920881 0.031624376615203127
5.2578043716329175 2.5437288381564791 0.031711253016792465
5.2621676947629039 2.5438675182198343 0.031865880674841182
5.2665310178928895 2.5440070308523453 0.032096432657800149
5.270894341022875 2.5441476864996524 0.032377908538205366
5.2752576641528615 2.5442894487804666 0.032568197271550317
5.279620987282847 2.5444315520284118 0.032520863341518193
5.2839843104128326 2.5445728535836163 0.032203138732953877
5.2883476335428181 2.5447122098333899 0.031632674278489939
5.2927109566728046 2.5448484896364878 0.030779554287266194
5.2970742798027901 2.5449805247024728 0.029728823521146225
5.3014376029327757 2.5451083940832171 0.029002286119417912
5.3058009260627621 2.5452348939692571 0.029153457096064629
5.3101642491927477 2.5453642753130432 0.030314859804158666
5.3145275723227332 2.5455008126292147 0.032419306599465521
5.3188908954527196 2.5456487174071634 0.035575891905342105
5.3232542185827052 2.545812382456464 0.039496759279244426
5.3276175417126908 2.5459917193483603 0.042267834122259977
5.3319808648426772 2.546176526023161 0.041798578334653794
5.3363441879726627 2.5463509918566931 0.037555433609682394
5.3407075111026483 2.5464991409092903 0.029793343826247019
5.3450708342326338 2.5466052939337871 0.018116419952088209
5.3494341573626203 2.5466529626049992 0.0035009839053731168
5.3537974804926058 2.5466417777879125 -0.0070359052325399719
5.3581608036225914 2.5466090511717141 -0.0055486405704809434
5.3625241267525778 2.5466138777140968 0.010047789781543534
5.3668874498825634 2.546716323274496 0.039112346431098712
5.3712507730125489 2.5469757532792161 0.082310135577082374
5.3756140961425354 2.5474531251871562 0.13823479045163248
5.3799774192725209 2.5481844955270487 0.19582065445596802
5.3843407424025065 2.5491455640011376 0.24211780522769824
5.388704065532492 2.5502757886111787 0.27357533397982992
5.3930673886624785 2.5515125646799066 0.29101064682971928
5.397430711792464 2.5527941655347921 0.29389050605552008
5.4017940349224496 2.5540573897664376 0.28312017363518355
5.406157358052436 2.5552566359400268 0.26669873615351897
5.4105206811824216 2.5563905856081415 0.25427217583594575
5.4148840043124071 2.5574854647904646 0.24864239714772068
5.4192473274423936 2.5585693823173989 0.24918850586245642
5.4236106505723791 2.5596696357016011 0.25632887872280397
5.4279739737023647 2.5608148834628435 0.26938884155558573
5.4323372968323511 2.5620193190626166 0.28163903239440158
5.4367006199623367 2.5632593888543642 0.28477313204010829
5.4410639430923222 2.5644873591646804 0.27616781765278731
5.4454272662223078 2.5656535489511438 0.25665882563810299
5.4497905893522942 2.5667098155807282 0.225245353290463
5.4541539124822798 2.5676043554064574 0.18363547963608146
5.4585172356122653 2.5683246782473561 0.15051051165753382
5.4628805587422518 2.5689646313004144 0.14957928609923726
5.4672438818722373 2.569688419057218 0.18881145700356602
5.4716072050022229 2.5706668005296285 0.26550024009860174
5.4759705281322093 2.5720648300177618 0.38308740373536682
5.4803338512621949 2.5740613721169927 0.53608564749182963
5.4846971743921804 2.5766977610771296 0.65793876401968954
5.4890604975221668 2.579629684267319 0.66064871913056766
5.4934238206521524 2.5822463953650572 0.5144262805758143
5.497787143782138 2.5839095800682794 0.22428575237591464
5.5021504669121235 2.5839906189821003 -0.21232946867606828
5.5065137900421099 2.5818480687173753 -0.79235867557282935
5.5108771131720955 2.5769370872022259 -1.4678870488110702
5.5152404363020811 2.568994426205927 -2.1736067364945018
5.5196037594320675 2.557958599734298 -2.8863328066604756
5.523967082562053 2.5437912568132384 -3.6094848755154345
5.5283304056920386 2.5264467190169424 -4.3417009267689872
5.532693728822025 2.5058878026272642 -5.0842068632928124
5.5370570519520106 2.4820233293050107 -5.8647445259616955
5.5414203750819961 2.4545977705894919 -6.7212434351241397
5.5457836982119817 2.4232361609544526 -7.6693613656885882
5.5501470213419681 2.3875475726487569 -8.7016313923697979
5.5545103444719537 2.3471618215801917 -9.8289759695231886
5.5588736676019392 2.3016526751447746 -11.039446033784872
5.5632369907319257 2.2510408849933659 -12.101127766571128
5.5676003138619112 2.1967561748310462 -12.677563943960287
5.5719636369918968 2.1413067713020935 -12.636235455016228
5.5763269601218832 2.087350836247579 -11.999064120361441
5.5806902832518688 2.0374846461189198 -10.750343180431818
5.5850536063818543 1.9944066715828235 -8.9032635458286524
5.5894169295118408 1.9601278401467921 -6.8232246220361077
5.5937802526418263 1.9344036064480381 -5.0589066468858288
5.5981435757718119 1.9151963753222041 -3.8337484118953848
5.6025068989017974 1.9002005438442628 -3.1223933089507989
5.6068702220317839 1.8871893138046227 -2.9329154105489423
5.6112335451617694 1.8738520288570171 -3.2618495113292982
5.615596868291755 1.8583272966089812 -3.8637478266663026
5.6199601914217414 1.8402893336510782 -4.3591685946154675
5.624323514551727 1.8206769884573986 -4.5860228483031822
5.6286868376817125 1.8006328135400771 -4.5625548026058871
5.633050160811699 1.7812359461606981 -4.2814210996470727
5.6374134839416845 1.7636423911623063 -3.7445018146351758
5.6417768070716701 1.7485913594186608 -3.1853361730231318
5.6461401302016565 1.7353344090132692 -2.9772883373296821
5.6505034533316421 1.7218562819639964 -3.2871957149489965
5.6548667764616276 1.7059223889074633 -4.0961442310747787
5.6592300995916132 1.6853709879073135 -5.4136677256535535
5.6635934227215996 1.6579403832004553 -7.2391819013192746
5.6679567458515852 1.6219124256240496 -9.2604981826575656
5.6723200689815707 1.5775961906498723 -10.959423066471922
5.6766833921115571 1.5270903541219878 -12.096663572521898
5.6810467152415427 1.4728228630593272 -12.690756361195811
5.6854100383715283 1.4171361828218159 -12.739230446999587
5.6897733615015147 1.3624524212980369 -12.237447801799512
5.6941366846315002 1.310843086024905 -11.392728399861468
5.6985000077614858 1.2630141361548353 -10.560367327445549
5.7028633308914722 1.2184207396280826 -9.9107268651627347
5.7072266540214578 1.1762742568418099 -9.4346732132266116
5.7115899771514433 1.1358392058356264 -9.1294605062311174
5.7159533002814289 1.0963500236505825 -8.9993396739731786
5.7203166234114153 1.0571252855209574 -8.9928858733892909
5.7246799465414009 1.0178231068448536 -9.0202477661860083
5.7290432696713864 0.97842506522954431 -9.0364086952437912
5.7334065928013729 0.93897928496269101 -9.0431362671861191
5.7377699159313584 0.89952036588954498 -9.0419213071774287
5.742133239061344 0.86008628827858302 -9.0320074217753703
5.7464965621913304 0.82071093563754505 -9.0154218769616818
5.750859885321316 0.78141770133402444 -8.9948412165498581
5.7552232084513015 0.74221960219607275 -8.971878871447311
5.7595865315812871 0.70312734984212244 -8.9461239026450379
5.7639498547112735 0.66415467703143494 -8.9171143972307387
5.7683131778412591 0.62531720697179316 -8.8837319857877279
5.7726765009712446 0.58665166062012419 -8.8351065384368024
5.7770398241012311 0.54826649171913355 -8.7520113697630837
5.7814031472312166 0.51034129711247311 -8.6239891276792271
5.7857664703612022 0.47307238119795614 -8.451694244767916
5.7901297934911886 0.43664662905252105 -8.2379553226808202
5.7944931166211742 0.40123612858454683 -7.987453553914567
5.7988564397511597 0.36698066678641766 -7.7110178244483594
5.8032197628811462 0.3339610023747952 -7.4234447246348472
5.8075830860111317 0.30220246186959998 -7.1334162310173879
5.8119464091411173 0.27171557887271885 -6.8396910793790484
5.8163097322711028 0.2425346901378678 -6.5323573696080146
5.8206730554010893 0.21475733989162635 -6.1924798675569956
5.8250363785310748 0.18857258300151405 -5.7993350707125915
5.8293997016610604 0.16425060934028737 -5.3360498207489169
5.8337630247910468 0.14213264605843326 -4.7862142985971277
5.8381263479210324 0.12262332774038996 -4.1399035641817292
5.8424896710510179 0.10613449868616136 -3.4046744213311122
5.8468529941810043 0.093001938691818206 -2.6075656600717161
5.8512163173109899 0.083399505063092447 -1.7964931206853432
5.8555796404409755 0.077256200998866417 -1.0324336387019271
5.8599429635709619 0.074246380568115902 -0.3669971595466216
5.8643062867009474 0.073865124493786863 0.16888981592436803
5.868669609830933 0.075514397768809347 0.56326230324593296
5.8730329329609186 0.078582949510986336 0.82179851469328025
5.877396256090905 0.082511461419186208 0.96037023179262238
5.8817595792208905 0.086816095419258346 0.99741471004870874
5.8861229023508761 0.091099128191463027 0.95441567100726166
5.8904862254808625 0.095060159740638736 0.85312370571580376
5.8948495486108481 0.098483143258800851 0.70996429676286021
5.8992128717408336 0.10121177251160819 0.53655649493694646
5.9035761948708201 0.10313815234069064 0.34435821133753897
5.9079395180008056 0.10420814067347166 0.14616165421852287
5.9123028411307912 0.10441877419191965 -0.04851410147974132
5.9166661642607767 0.10379664721710034 -0.23502730846749922
5.9210294873907632 0.1023823899963008 -0.41149130316337434
5.9253928105207487 0.10021963154166623 -0.57838229633312299
5.9297561336507343 0.097354867152576866 -0.73164959571624033
5.9341194567807207 0.093871444628786896 -0.85971113281971334
5.9384827799107063 0.089898178712395291 -0.95634719420146796
5.9428461030406918 0.085566980522351468 -1.0246290233743354
5.9472094261706783 0.080991035560977379 -1.0692372334421476
5.9515727493006638 0.076262701817604681 -1.0955728572021053
5.9559360724306494 0.071452463201376312 -1.1067106031732485
5.9602993955606358 0.066629699861527517 -1.1007490035984908
5.9646627186906214 0.061870885343036038 -1.0781010507392732
5.9690260418206069 0.057239069953208661 -1.0433683220367407
5.9733893649505925 0.052778762987226314 -0.99970851476744016
5.9777526880805789 0.048526889077505804 -0.94785195328164129
5.9821160112105645 0.044518153548657492 -0.88846035653686017
5.98647933434055 0.040782260714980929 -0.82312084941111763
5.9908426574705365 0.037342762893370608 -0.75249145668508466
5.995205980600522 0.034224467353993628 -0.67571991389013852
5.9995693037305076 0.031455957473034764 -0.59209815255437814
6.003932626860494 0.029068060829925461 -0.50117145128619056
6.0082959499904796 0.027089514360208809 -0.40536118448741565
6.0126592731204651 0.025527603991011914 -0.3116226237799985
6.0170225962504515 0.024359322009566219 -0.2252903078012144
6.0213859193804371 0.023549125776035497 -0.14751756393576279
6.0257492425104227 0.02305797982004968 -0.079376418395126533
6.0301125656404082 0.022839341762527367 -0.02298830256223108
6.0344758887703946 0.022836718724712303 0.019201705444755232
6.0388392119003802 0.022982635251781264 0.044702826774638334
6.0432025350303658 0.02319918606705889 0.051201174590102524
6.0475658581603522 0.023399290694231113 0.036963655227329771
6.0519291812903377 0.023490792289310461 0.0014378742777871201
6.0562925044203233 0.023381482848051943 -0.054958925477894348
6.0606558275503097 0.022986943685914165 -0.12802295422419291
6.0650191506802953 0.02225443268729773 -0.20785186775442357
6.0693824738102808 0.021175521568606401 -0.28601168161882712
6.0737457969402664 0.01976559349369451 -0.35930118593286675
6.0781091200702528 0.018050639206379032 -0.42529442461558231
6.0824724432002384 0.016069335586490683 -0.48088085250037976
6.0868357663302239 0.013874747310666017 -0.52231394130996056
6.0911990894602104 0.011538755893248612 -0.54486052430499177
6.0955624125901959 0.0091535890262628497 -0.54427329078425946
6.0999257357201815 0.0068266593126281782 -0.51784527328910201
6.1042890588501679 0.0046742305217252625 -0.46412566289165563
6.1086523819801535 0.002817781679429557 -0.38195330274424449
6.113015705110139 0.001376671715331283 -0.27529555376237591
6.1173790282401255 0.00043131236375074057 -0.15767991891667213
6.121742351370111 0 -0.04051451933306633
6.1261056745000966 7.4149015129117493e-05 0.07417056657557812
6.1304689976300821 0.00064334364419892185 0.18616276010075308
6.1348323207600686 0.0016942726548536411 0.29509335516838525
6.1391956438900541 0.0032094463928364842 0.39778610675190679
6.1435589670200397 0.0051416253957512941 0.48398736837963841
6.1479222901500261 0.0073965029099857431 0.54507242391417532
6.1522856132800117 0.0098600049206364823 0.57984173096591785
6.1566489364099972 0.012419382867836892 0.58903852325100481
6.1610122595399837 0.014963166310820952 0.57267949401013407
6.1653755826699692 0.017385014515093063 0.53436033276079142
6.1697389057999548 0.019610228885057167 0.48496404659011727
6.1741022289299412 0.021615146430783647 0.43420794751056757
6.1784655520599268 0.023400691841906573 0.38433452130528534
6.1828288751899123 0.024971072801316663 0.33581897592681431
6.1871921983198979 0.026332727007733821 0.2883084596176837
6.1915555214498843 0.027494807565681519 0.24613939290499567
6.1959188445798699 0.028513923720507046 0.22681435991883706
6.2002821677098554 0.029530086208073382 0.24595768352577976
6.2046454908398418 0.030719215461361214 0.3056018181299901
6.2090088139698274 0.032253924092568186 0.4044080222669566
6.213372137099813 0.034304148324985552 0.54158436788341113
6.2177354602297994 0.037035702271560632 0.71696300488743903
6.2220987833597849 0.040621220952379238 0.9338628176940551
6.2264621064897705 0.045249655654835512 1.1950840680829409
6.2308254296197561 0.051113026519411749 1.4994350515285231
6.2351887527497425 0.05839285428999965 1.8437734589665853
6.239552075879728 0.067254008153076097 2.2231926102905706
6.2439153990097136 0.077839177758424347 2.6337632413152403
6.2482787221397 0.090221665345148971 3.0331522933564763
6.2526420452696856 0.1044135070022449 3.5047904940022776
6.2570053683996711 0.12052697163794598 3.7840794997779952
6.2613686915296576 0.13720036706640817 3.9014759688358058
6.2657320146596431 0.15328001756529333 3.1293521988996993
6.2700953377896287 0.16987686098404095 6.0478175247499513
6.2744586609196151 0.18810202499050571 -3.3787735822467386
6.2788219840496007 0.20758319520812085 33.392242547627035
6.2831853071795862 0.42548737355795485 33.023946485629843
