# q  U_kJmol  dU_dq   # conservative spline pchip_hermite_v1
0 0.61810249533951522 4.4463657911293577
0.0043633231299858239 0.61820528607603642 -0.90256073340370846
0.0087266462599716477 0.62131191237718031 1.3705097539525377
0.013089969389957472 0.62671815585576274 1.2735398366669251
0.017453292519943295 0.63266549480247858 1.3414791632617151
0.021816615649929118 0.63806817547041794 1.1642421660115467
0.026179938779914945 0.64291036382311617 1.0454052512544065
0.030543261909900768 0.64714868261575453 0.89743365216491244
0.034906585039886591 0.65073248509459647 0.74295456842986018
0.039269908169872414 0.65361747336505127 0.57836097597131741
0.043633231299858237 0.65577234185406685 0.40875178770246345
0.04799655442984406 0.65718111360176645 0.23681041642020789
0.05235987755982989 0.65783836756403025 0.064501189173767348
0.056723200689815713 0.65774533113306333 -0.10688777386806267
0.061086523819801536 0.65690884159037533 -0.27604507656010308
0.065449846949787352 0.65534110085798847 -0.44195889276392358
0.069813170079773182 0.65305672944361515 -0.60463657102945068
0.074176493209759012 0.65006898949059144 -0.76433158881580798
0.078539816339744828 0.64639162628098024 -0.9206244485666496
0.082903139469730658 0.64204018540099617 -1.0733696833718089
0.087266462599716474 0.63702916799004528 -1.2230489692001862
0.091629785729702304 0.63136920383807127 -1.3712609216375826
0.09599310885968812 0.62505892679401376 -1.5220389476843268
0.10035643198967395 0.61807665000583012 -1.6798700900795085
0.10471975511965978 0.61038520747306002 -1.847386934200282
0.1090830782496456 0.60193832622259069 -2.0264762674619896
0.11344640137963143 0.59268020303511049 -2.2197723626105659
0.11780972450961724 0.5825430936366125 -2.4296139203096248
0.12217304763960307 0.57145460353386313 -2.655419184828443
0.1265363707695889 0.55934880204837056 -2.8959295420011797
0.1308996938995747 0.54615938924879182 -3.1525708921302695
0.13526301702956053 0.53181189106192195 -3.4267722536889811
0.13962634015954636 0.51622821423156273 -3.7195001453694032
0.14398966328953219 0.49932935159748193 -4.0285761949879824
0.14835298641951802 0.48106830760850905 -4.3403661655791943
0.15271630954950383 0.46147229179164989 -4.6385561624775749
0.15707963267948966 0.44061795407263604 -4.9170236335218673
0.16144295580947549 0.41859529617496294 -5.1733999478800294
0.16580627893946132 0.39550908568145332 -5.4039499040682175
0.17016960206944712 0.37148372876151192 -5.6023281842888064
0.17453292519943295 0.34668746653191101 -5.7540100739428608
0.17889624832941878 0.32136228588054783 -5.8425972021629216
0.18325957145940461 0.29580571509303905 -5.8593164575782177
0.18762289458939044 0.27034031855112717 -5.8002576526862679
0.19198621771937624 0.24530532558516349 -5.6611631224929377
0.19634954084936207 0.22105608039919789 -5.4404359688202071
0.2007128639793479 0.19793302511010602 -5.147887598782722
0.20507618710933373 0.17621709097649152 -4.7970318546826318
0.20943951023931956 0.15615060600933234 -4.391460250340252
0.21380283336930536 0.13797337320096381 -3.9315706010825915
0.21816615649929119 0.12191815217897424 -3.4187588676010465
0.22252947962927702 0.10820623144394172 -2.8597730186532391
0.22689280275926285 0.096986323893651208 -2.2840114933127462
0.23125612588924865 0.088245319457010751 -1.728293153094657
0.23561944901923448 0.081851792561042372 -1.2085531375125509
0.23998277214922031 0.077639906535962019 -0.72923910129035852
0.24434609527920614 0.075421498933925593 -0.29563468768994494
0.24870941840919197 0.074984489655391534 0.086047690796340226
0.2530727415391778 0.076080846509793104 0.40477792445726635
0.25743606466916363 0.078407162510792772 0.64809712259636532
0.26179938779914941 0.081616435224077827 0.80882403054246754
0.26616271092913524 0.085341935719876166 0.88460559636425551
0.27052603405912107 0.089209144676895544 0.87311606458698132
0.2748893571891069 0.092836926520289215 0.77610622952436892
0.27925268031909273 0.095889479699541619 0.61551904768815235
0.28361600344907856 0.098159970085226603 0.42167274494522783
0.28797932657906439 0.099538571934365175 0.2067209818431481
0.29234264970905022 0.099935918980545851 -0.027504156325256494
0.29670597283903605 0.099273800701014991 -0.27874764703138954
0.30106929596902182 0.097486267740055726 -0.54176138385805006
0.30543261909900765 0.094562014997982502 -0.79379203458253633
0.30979594222899348 0.090619506777451272 -1.0043075428009063
0.31415926535897931 0.085878284842611771 -1.1594708542125363
0.31852258848896514 0.080584726825603317 -1.2572155153494908
0.32288591161895097 0.074994135336740889 -1.2950570476991141
0.3272492347489368 0.069372156118581871 -1.2717520419061983
0.33161255787892263 0.063976267048863736 -1.1932630101927761
0.33597588100890846 0.059025359848979254 -1.0691290100818975
0.34033920413889424 0.054707627120805388 -0.90286834592984855
0.34470252726888007 0.051207241239373993 -0.69474000695556459
0.3490658503988659 0.048706011416187023 -0.44457862785667995
0.35342917352885173 0.04738542674770322 -0.15463156707376891
0.35779249665883756 0.047384208707899875 0.15430029774597076
0.36215581978882339 0.04871477741609731 0.45142456959240124
0.36651914291880922 0.051287037428643559 0.72338879021708358
0.37088246604879505 0.054990415750920785 0.96983135356997308
0.37524578917878088 0.059713289945568057 1.1907502714781488
0.37960911230876665 0.065343980468078905 1.3857542950221136
0.38397243543875248 0.071758610943217963 1.5479852209812315
0.38833575856873831 0.078789189411558977 1.6665495466484279
0.39269908169872414 0.08623244033473064 1.7372886427380119
0.39706240482870997 0.09388232610146921 1.7615722657504291
0.4014257279586958 0.10153865289432466 1.7401988541987046
0.40578905108868163 0.10900382024994766 1.674405853129769
0.41015237421866746 0.1160973076347958 1.5719713974877034
0.41451569734865329 0.12268563525817319 1.4446316295202515
0.41887902047863912 0.1286760039864861 1.2979766371728052
0.42324234360862489 0.13398502449063465 1.1323495909358612
0.42760566673861072 0.13852888495695576 0.94696694691587757
0.43196898986859655 0.14221872399343771 0.74085739687557672
0.43633231299858238 0.14497255077251492 0.51994173547297262
0.44069563612856821 0.14675048477589925 0.29518486040792324
0.44505895925855404 0.14754871829518157 0.070561139304994441
0.44942228238853987 0.14736368497249225 -0.15582401849144645
0.4537856055185257 0.14618374290492298 -0.38575301335168588
0.45814892864851153 0.14399053022094499 -0.62037429899969887
0.46251225177849731 0.14076841559933628 -0.85605458215437513
0.46687557490848314 0.13652939712316992 -1.0853046150373999
0.47123889803846897 0.13131160605352871 -1.3047502533016526
0.4756022211684548 0.12515754256341249 -1.5144056298843918
0.47996554429844063 0.118111291761769 -1.7134947931294093
0.48432886742842646 0.11022309277598617 -1.8997865036328876
0.48869219055841229 0.10156223225333848 -2.0656543692659906
0.49305551368839812 0.092243666035649638 -2.1993392627343953
0.49741883681838395 0.082426949030048074 -2.293440201580772
0.50178215994836972 0.07229106718115845 -2.34529638710146
0.50614548307835561 0.062024826965097354 -2.352840099202266
0.51050880620834138 0.051826034272309598 -2.314063375369988
0.51487212933832727 0.041902877769198127 -2.2257395733379997
0.51923545246831304 0.032481130721473281 -2.0835542738847188
0.52359877559829882 0.023802521262438661 -1.8849317573569697
0.5279620987282847 0.016114299406565023 -1.6297229968489364
0.53232542185827048 0.0096618545266644248 -1.3185825367780362
0.53668874498825636 0.0046862379167372029 -0.95330315263638721
0.54105206811824214 0.0014092400341913502 -0.54228461708284725
0.54541539124822802 0 -0.09957823211089277
0.5497787143782138 0.0005732885260717191 0.36583962601222997
0.55414203750819968 0.0032211927293053361 0.85094870871101447
0.55850536063818546 0.0080248800630003947 1.353702487800718
0.56286868376817123 0.015056939262054772 1.8719012246438886
0.56723200689815712 0.024366727995665985 2.3945196054596178
0.57159533002814289 0.035930550512721829 2.9016582878378152
0.57595865315812877 0.049648823658488279 3.3815357878977239
0.58032197628811455 0.0653980636945386 3.8325682173419322
0.58468529941810043 0.083051862230238624 4.2544289396223949
0.58904862254808621 0.10248212696676316 4.6468397765033487
0.59341194567807209 0.12355228936611763 5.0042544747199083
0.59777526880805787 0.14608453204538957 5.3149477761179504
0.60213859193804364 0.16985627710431461 5.5722312850990647
0.60650191506802953 0.19463377581107261 5.7761282793912798
0.6108652381980153 0.22018476329061232 5.9265737704236505
0.61522856132800119 0.2462737954837822 6.0226388135396878
0.61959188445798696 0.27266418239446277 6.0650616868038245
0.62395520758797285 0.29912711581482604 6.0563806979065493
0.62831853071795862 0.32544331726034453 5.9976756115714851
0.63268185384794451 0.35139298758374554 5.8882832349800207
0.63704517697793028 0.37675316727846486 5.7272456903589175
0.64140850010791606 0.40129600773015639 5.5135232757326289
0.64577182323790194 0.42480343053962072 5.2555886789914874
0.65013514636788772 0.44712449862403714 4.9734713243784725
0.6544984694978736 0.46818823116925301 4.6797176766279618
0.65886179262785938 0.48794736929169752 4.3753963314937705
0.66322511575784526 0.50635646141868296 4.0612390547077037
0.66758843888783104 0.52337714826533832 3.7393691009269259
0.67195176201781692 0.53899498662165124 3.4218814655219929
0.6763150851478027 0.55328118942732651 3.1336092245940188
0.68067840827778847 0.56640866361048336 2.8919375448419538
0.68504173140777436 0.57859225749889631 2.7012491016695237
0.68940505453776013 0.59006054325569324 2.5649006231427749
0.69376837766774602 0.60106107549445131 2.4875697072741065
0.69813170079773179 0.61186291180308749 2.4750249616143196
0.70249502392771768 0.62276471700504088 2.53465514972924
0.70685834705770345 0.63409607935445667 2.6727544302766768
0.71122167018768934 0.64620861841920318 2.8931664053914092
0.71558499331767511 0.65946742891617371 3.1986349534074097
0.71994831644766089 0.67424931689572964 3.5916579086257712
0.72431163957764677 0.69092830381369696 4.0656376290953595
0.72867496270763255 0.70981836781649721 4.6012695635435348
0.73303828583761843 0.73115177941936738 5.1849087913584793
0.73740160896760421 0.75513204257456101 5.8144830854091074
0.74176493209759009 0.78195655254601382 6.4879478183230628
0.74612825522757587 0.81180827352697871 7.2014316286856905
0.75049157835756175 0.84483346849832852 7.9373086213312636
0.75485490148754752 0.88105167241558868 8.6575880714877105
0.7592182246175333 0.92032011200343378 9.3331320821323782
0.76358154774751918 0.96242089747414095 9.9552417372448616
0.76794487087750496 1.0071098872176285 10.518154864837854
0.77230819400749084 1.0541133189977017 11.015204003018079
0.77667151713747662 1.1031181681600462 11.431460678771664
0.7810348402674625 1.1537118327359419 11.737847077618113
0.78539816339744828 1.2053577410410801 11.911903314396962
0.78976148652743416 1.257461494821746 11.947552825894233
0.79412480965741994 1.3094163940657237 11.843345063565863
0.79848813278740571 1.3606103009752781 11.598961972768494
0.8028514559173916 1.410441974816097 11.220879843613854
0.80721477904737737 1.45835831029751 10.72409933240769
0.81157810217736326 1.5038737494775172 10.121679152955981
0.81594142530734903 1.5465420745138054 9.4198741898143172
0.82030474843733492 1.5859420618989062 8.62483928986663
0.82466807156732069 1.6216818797071293 7.7430931828707514
0.82903139469730658 1.6534204657997362 6.7975210002104189
0.83339471782729235 1.6809837529857121 5.8397874892766293
0.83775804095727824 1.7044258317530125 4.9120354623990083
0.84212136408726401 1.7239101589475863 4.0260933564944903
0.84648468721724979 1.7396278660181714 3.1867270356454536
0.85084801034723567 1.7517918807957589 2.3970583504195724
0.85521133347722145 1.7606371214953187 1.669939597307964
0.85957465660720733 1.7665088344473145 1.0418152386340216
0.86393797973719311 1.7699143674432871 0.54136390803712975
0.86830130286717899 1.7714228037888027 0.17132557630488182
0.87266462599716477 1.771594531746262 -0.071470331868651482
0.87702794912715065 1.7709800135269063 -0.18988440742415322
0.88139127225713643 1.7701102994865265 -0.1894749700348366
0.8857545953871222 1.7694893966783247 -0.077088363974273308
0.89011791851710809 1.7695904937477789 0.14043632596887332
0.89448124164709386 1.7708598519515433 0.45759869810124593
0.89884456477707975 1.7737221913203751 0.86991487923665833
0.90320788790706552 1.7785868931461437 1.3754639678441067
0.90757121103705141 1.7858449617872276 1.9632322544647207
0.91193453416703718 1.7957915172067658 2.6006351756914992
0.91629785729702307 1.8085714997410456 3.25984353514104
0.92066118042700884 1.8242635400539069 3.9359116038392266
0.92502450355699462 1.842943654432639 4.6290628086914314
0.9293878266869805 1.8646865203775762 5.3406311760344343
0.93375114981696627 1.8895645929871585 6.0626086805233488
0.93811447294695216 1.9175586202508208 6.7611122226451643
0.94247779607693793 1.9484893790638023 7.4066410397310554
0.94684111920692382 1.9821120426597802 7.995987504333816
0.95120444233690959 2.0181889900307346 8.5313314482412679
0.95556776546689548 2.05648451029285 9.0134287908795745
0.95993108859688125 2.0967622677252677 9.4379597211143089
0.96429441172686703 2.1387345687806461 9.7857069173225106
0.96865773485685291 2.1820214839082901 10.039131632163572
0.97302105798683869 2.226200504945048 10.194914474593997
0.97738438111682457 2.2708464705352944 10.25277265786027
0.98174770424681035 2.3155257731265486 10.20952534205535
0.98611102737679623 2.3597935471654146 10.064631065109456
0.99047435050678201 2.4032193246912463 9.8255951395471399
0.99483767363676789 2.4454108986081087 9.4991430657581066
0.99920099676675367 2.4859849478021823 9.0832833137450084
1.0035643198967394 2.5245424432827477 8.5745661137553508
1.0079276430267252 2.5606695332607132 7.9677907287295024
1.0122909661567112 2.5939380130251339 7.2671501290599059
1.016654289286697 2.6239995976004287 6.5061535905220245
1.0210176124166828 2.6506741389470134 5.7171222438102145
1.0253809355466685 2.6738549956448745 4.9034041609357901
1.0297442586766545 2.6934238057605926 4.0617669205490703
1.0341075818066403 2.7092570983932687 3.1902210373252324
1.0384709049366261 2.7212303091110455 2.2956923501182058
1.0428342280666119 2.7293092602674753 1.4138605082642668
1.0471975511965976 2.7336388545609855 0.58035302695875546
1.0515608743265836 2.7344556797458361 -0.19685522753134024
1.0559241974565694 2.7320032262466745 -0.917507307978919
1.0602875205865552 2.7265361367209526 -1.5781922325301825
1.064650843716541 2.7183245680465573 -2.1744763731251937
1.0690141668465269 2.7076648174005835 -2.698865685778876
1.0733774899765127 2.6948880729495519 -3.143807951408601
1.0777408131064985 2.6803529513566353 -3.5041583679256796
1.0821041362364843 2.6644365583751561 -3.776477755616829
1.08646745936647 2.6475326082123782 -3.9555363416519409
1.090830782496456 2.6300531517961558 -4.0416658648838428
1.0951941056264418 2.6123671951586589 -4.0557572325607953
1.0995574287564276 2.5947325532576699 -4.0199599184474817
1.1039207518864134 2.5773570219759026 -3.9356250543779723
1.1082840750163994 2.5604661602906797 -3.7973762177839663
1.1126473981463851 2.5443056326544444 -3.5993314564455225
1.1170107212763709 2.5291463238123626 -3.3392312994036155
1.1213740444063567 2.5152315702357071 -3.0335961846630468
1.1257373675363425 2.5027124505205158 -2.7009764716212978
1.1301006906663285 2.4916996879806215 -2.3418283754339688
1.1344640137963142 2.4823216084093764 -1.9514203508735941
1.1388273369263 2.4747181559465772 -1.5281316036751365
1.1431906600562858 2.4690334745945242 -1.0723010567792766
1.1475539831862718 2.4654008659531512 -0.58876088668109872
1.1519173063162575 2.4639279813492183 -0.082933979959128129
1.1562806294462433 2.4647075236147429 0.44378972953525431
1.1606439525762291 2.4678328274066241 0.99254944666997291
1.1650072757062149 2.4734036497811762 1.5650284131838463
1.1693705988362009 2.4815305845814799 2.1652209995657827
1.1737339219661866 2.4923527398887098 2.8025222538501549
1.1780972450961724 2.5060543099108403 3.4859614967589123
1.1824605682261582 2.522841137062819 4.2159095454549647
1.1868238913561442 2.5429006168702832 4.9840548744558948
1.19118721448613 2.5663659802344143 5.7733487691356764
1.1955505376161157 2.5932754122693864 6.5577080914455763
1.1999138607461015 2.6235407258176666 7.3062782649376787
1.2042771838760873 2.6569382647695865 7.9885319691083607
1.2086405070060733 2.6931214960540673 8.5798074964111599
1.2130038301360591 2.7316605779630265 9.0675162225121895
1.2173671532660448 2.7721034644049003 9.4541289432036049
1.2217304763960306 2.8140391498971669 9.7553019343671785
1.2260937995260166 2.8571444562758952 9.9945423570990286
1.2304571226560024 2.9012050484566472 10.197385896320098
1.2348204457859882 2.9461135075875049 10.38652782687844
1.2391837689159739 2.9918465205636293 10.576988403161048
1.2435470920459597 3.0384278250960857 10.776167942945909
1.2479104151759457 3.085896264582825 10.98218058408237
1.2522737383059315 3.1342477745851411 11.176054107278992
1.2566370614359172 3.1833729425631012 11.333629977510039
1.261000384565903 3.2330827017897246 11.443316350345857
1.265363707695889 3.2831612004761745 11.502456901690064
1.2697270308258748 3.3333822517926386 11.507746869632969
1.2740903539558606 3.3835104447391422 11.461613702924067
1.2784536770858463 3.433370197260925 11.392445648875961
1.2828170002158321 3.4829477451516899 11.336655379334431
1.2871803233458181 3.5323403907442685 11.307825444050364
1.2915436464758039 3.5816616044984477 11.30269308467023
1.2959069696057897 3.6310187225581974 11.3276255252252
1.3002702927357754 3.6805444122309203 11.373615408120877
1.3046336158657614 3.7301354132728832 11.325529529350522
1.3089969389957472 3.7790186908074244 11.030193110826723
1.313360262125733 3.8259539494044752 10.433670660887396
1.3177235852557188 3.8696489014306339 9.5478670267238854
1.3220869083857045 3.9088373981395885 8.3613228803486965
1.3264502315156905 3.9421995881200447 6.8890192288311196
1.3308135546456763 3.9688680071084721 5.3566066305326601
1.3351768777756621 3.9893098930769439 4.0752139962934448
1.3395402009056478 4.0049593122101879 3.1570908976613157
1.3439035240356338 4.0173654993201318 2.5860363660476358
1.3482668471656196 4.0280412611342724 2.3687427135867871
1.3526301702956054 4.0385417690451586 2.4987233525017589
1.3569934934255912 4.0501479194759122 2.83578254177
1.3613568165555769 4.0632993709957068 3.1802197119936415
1.3657201396855629 4.0778026497562951 3.4573305539180921
1.3700834628155487 4.0933824205493208 3.6740393639936659
1.3744467859455345 4.109779655254445 3.8322814682348758
1.3788101090755203 4.1267359834765269 3.9290554125021311
1.3831734322055063 4.1439307569056183 3.9320647657701064
1.387536755335492 4.1608440363414907 3.7936552432753463
1.3919000784654778 4.1768029268677553 3.4945534883348244
1.3962634015954636 4.1911122812990964 3.0390430754529043
1.4006267247254494 4.2030896964671536 2.4227256707935689
1.4049900478554354 4.2120259626145717 1.6492423228728135
1.4093533709854211 4.2173997004725532 0.81913904961136785
1.4137166941154069 4.219314274648533 0.085275710526464141
1.4180800172453927 4.2183754986323594 -0.48933249715488952
1.4224433403753787 4.2152661711431323 -0.91121667260573846
1.4268066635053644 4.2106478956724072 -1.1789092367189007
1.4311699866353502 4.20520210589304 -1.2926879434134761
1.435533309765336 4.1995128998552449 -1.3061981722579568
1.4398966328953218 4.1938272377896872 -1.3033025856358924
1.4442599560253078 4.1881107082530455 -1.3201609572647586
1.4486232791552935 4.1822826790739676 -1.3535074743254609
1.4529866022852793 4.1762745498985723 -1.4037521777514217
1.4573499254152651 4.1700076091418818 -1.4712002187063404
1.4617132485452511 4.1634473519127146 -1.5307786382433148
1.4660765716752369 4.1567191412228892 -1.5421627637595103
1.4704398948052226 4.1500862192004782 -1.48700847382275
1.4748032179352084 4.1438362202084651 -1.3674473640723808
1.4791665410651942 4.1382483656649018 -1.1823106228783304
1.4835298641951802 4.133613999235016 -0.9315915727591294
1.487893187325166 4.1301584284199215 -0.65355421404181668
1.4922565104551517 4.1278568916453491 -0.41248717616146346
1.4966198335851375 4.1264612990076248 -0.23845602097177043
1.5009831567151235 4.1256816170852524 -0.12929735886005714
1.5053464798451093 4.1252383731013653 -0.085176460618548097
1.509709802975095 4.1248427297469155 -0.10677324634978393
1.5140731261050808 4.1242452596334847 -0.17054507742828409
1.5184364492350666 4.123352427344944 -0.23570289791117302
1.5227997723650526 4.1222151825334006 -0.2824215299786923
1.5271630954950384 4.1209131946211786 -0.31170386603756317
1.5315264186250241 4.1195199324805891 -0.32388043897318264
1.5358897417550099 4.1181124564158287 -0.31842012232083455
1.5402530648849959 4.1167579057101635 -0.3014687939138756
1.5446163880149817 4.1154825357856346 -0.28390493279770801
1.5489797111449675 4.1142732184481652 -0.27125659716437417
1.5533430342749532 4.1131085603812849 -0.26329393459001926
1.557706357404939 4.1119688986013649 -0.25990128691420111
1.562069680534925 4.1108336082192087 -0.26124280752667656
1.5664330036649108 4.1096845479826207 -0.26573127556477033
1.5707963267948966 4.1085143170897842 -0.27045920835212506
1.5751596499248823 4.1073262305047207 -0.27389154985406472
1.5795229730548683 4.1061259772944378 -0.27607607602941597
1.5838862961848541 4.1049187709544661 -0.27705140496484709
1.5882496193148399 4.1037100777906472 -0.27676844765064235
1.5926129424448257 4.102504765663392 -0.27562258324219363
1.5969762655748114 4.1013049818360114 -0.27436338967601875
1.6013395887047974 4.1001100609972569 -0.27340150465155699
1.6057029118347832 4.0989186819925054 -0.27272950794521783
1.610066234964769 4.0977296447613858 -0.27233410916560896
1.6144295580947547 4.0965416988008299 -0.27222731367091435
1.6187928812247407 4.0953536633930536 -0.27236109143653026
1.6231562043547265 4.0941646839721759 -0.27264333084553705
1.6275195274847123 4.0929742607186395 -0.27302235725420954
1.6318828506146981 4.091781979342068 -0.27349426971521085
1.6362461737446838 4.0905874280052421 -0.27406585446208231
1.6406094968746698 4.0893901475226544 -0.27474473512639314
1.6449728200046556 4.0881899355694244 -0.27534958087501843
1.6493361431346414 4.0869879293347626 -0.27550050500270745
1.6536994662646272 4.0857867288842646 -0.27497160340155269
1.6580627893946132 4.0845893152914332 -0.27377861775408019
1.6624261125245989 4.0833985376903978 -0.27191323852862459
1.6667894356545847 4.0822174742351445 -0.26932621454578903
1.6711527587845705 4.0810481969365462 -0.26675717064779014
1.6755160819145565 4.0798872129337944 -0.26581475562328144
1.6798794050445423 4.0787247238361894 -0.26748623641047475
1.684242728174528 4.0775492180568387 -0.2717271664081029
1.6886060513045138 4.0763497022406572 -0.27854966207424142
1.6929693744344996 4.0751143558722722 -0.28816210775488932
1.6973326975644856 4.0738348311965753 -0.2978998690527811
1.7016960206944713 4.0725232930758946 -0.30172196826362346
1.7060593438244571 4.0712159822128555 -0.29580018528396362
1.7104226669544429 4.0699559631674038 -0.28024331109126505
1.7147859900844289 4.0687843956044096 -0.25506237256470715
1.7191493132144147 4.0677453524578411 -0.21941116430226737
1.7235126363444004 4.0668710760084119 -0.18279462275037947
1.7278759594743862 4.0661188489230788 -0.16771179955606044
1.732239282604372 4.065354805387325 -0.18886906528093519
1.736602605734358 4.0644181676996274 -0.24611421613114626
1.7409659288643438 4.0631549493302188 -0.33918368149613948
1.7453292519943295 4.0614014579469506 -0.47128790001631238
1.7496925751243153 4.0590322686079423 -0.61021118643531902
1.7540558982543013 4.056182661118954 -0.67604774280797697
1.7584192213842871 4.0533169373573781 -0.61517015245140105
1.7627825445142729 4.0510004542267932 -0.42629464919947851
1.7671458676442586 4.0497800377887074 -0.11144426490834541
1.7715091907742444 4.0502213826660345 0.33642156039110765
1.7758725139042304 4.052825309802687 0.85953282978780809
1.7802358370342162 4.0576142714452086 1.3084230259332348
1.7845991601642019 4.063984880638535 1.579530787335834
1.7889624832941877 4.0711337625881594 1.6687712285904823
1.7933258064241737 4.0782898826740261 1.5807792090184152
1.7976891295541595 4.0846532277498611 1.3034114758115813
1.8020524526841453 4.0895160194463758 0.92409797524234372
1.806415775814131 4.092913271652165 0.67938447355655285
1.8107790989441168 4.095886634087881 0.73847611288146953
1.8151424220741028 4.0998121800749852 1.1100511054156768
1.8195057452040886 4.1060158281265693 1.785640284886719
1.8238690683340744 4.1158669701877022 2.7858483281621682
1.8282323914640601 4.1306000605087636 3.973839499287807
1.8325957145940461 4.1502531970547825 4.9610217490428514
1.8369590377240319 4.1731844126759023 5.4609173342504178
1.8413223608540177 4.1971715868965713 5.4540175477635557
1.8456856839840035 4.2200646779815498 4.9555086083018924
1.8500490071139892 4.2396655596334085 3.9406515298062703
1.8544123302439752 4.2538994946006721 2.5449915869704367
1.858775653373961 4.2619061081358334 1.1708568812509883
1.8631389765039468 4.264593761452347 0.12441715507729648
1.8675022996339325 4.2635053084132979 -0.56899638362175586
1.8718656227639185 4.2601180654737725 -0.92569350006213991
1.8762289458939043 4.2559413312472323 -0.92883723151623909
1.8805922690238901 4.2524292818706897 -0.64537577442536875
1.8849555921538759 4.2504266420038022 -0.28128069847919995
1.8893189152838616 4.2498560467783228 0.0012724424912283212
1.8936822384138476 4.2502968245757637 0.18693503970813125
1.8980455615438334 4.2513589800233857 0.28432818066030879
1.9024088846738192 4.2526403248899154 0.28702436511231522
1.906772207803805 4.2537511067180445 0.21227952286473781
1.911135530933791 4.2544592984735665 0.11449165609668094
1.9154988540637767 4.2547813411851836 0.038090895260292648
1.9198621771937625 4.2548295892410595 -0.012262059097773169
1.9242255003237483 4.2547087124946747 -0.038978468121818349
1.9285888234537341 4.2545263284384536 -0.040330837387770789
1.9329521465837201 4.254387330116117 -0.02066442914189472
1.9373154697137058 4.2543555587143764 0.0055759404565447453
1.9416787928436916 4.2544278654106158 0.026230682868906553
1.9460421159736774 4.2545742822230741 0.039884535211864976
1.9504054391036634 4.2547667176288488 0.047208800084420847
1.9547687622336491 4.2549763773484202 0.047740508191803407
1.9591320853636349 4.2551750392625207 0.042570442667797373
1.9634954084936207 4.2553451563019431 0.035531452458398116
1.9678587316236065 4.2554872265776664 0.029947934403047233
1.9722220547535925 4.2556092377641859 0.026245848739261148
1.9765853778835782 4.2557187305619175 0.024239085496512953
1.980948701013564 4.2558234090015068 0.024051105173694284
1.9853120241435498 4.2559308644787537 0.025409031324209512
1.9896753472735358 4.2560459149604082 0.027296597868195049
1.9940386704035216 4.2561685219988004 0.028805851621650697
1.9984019935335073 4.2562965581283407 0.029809543881091419
2.0027653166634933 4.2564279987793538 0.030359065742268539
2.0071286397934789 4.2565607827494096 0.030421660718132286
2.0114919629234649 4.2566928685582681 0.030065336813413081
2.0158552860534504 4.2568229346281328 0.029559346935351921
2.0202186091834364 4.2569509651488033 0.029151419577790553
2.0245819323134224 4.2570775263160039 0.028879325323004666
2.028945255443408 4.2572031618059905 0.028728927899748593
2.033308578573394 4.2573284230819723 0.028708872479691658
2.0376719017033795 4.2574538590052589 0.028802279627441866
2.0420352248333655 4.257579831739041 0.028937868807555164
2.0463985479633515 4.2577063526922165 0.029048116538798591
2.0507618710933371 4.2578332713033165 0.029121873772688257
2.0551251942233231 4.2579604415442232 0.029163014466090688
2.0594885173533091 4.2580877158755017 0.029169269637671365
2.0638518404832946 4.2582149467685584 0.029144809604494622
2.0682151636132806 4.2583420350693837 0.029108489447625608
2.0725784867432662 4.258468975751641 0.029078695860587169
2.0769418098732522 4.2585958088175717 0.029058703778701817
2.0813051330032382 4.258722573497594 0.029047455470262613
2.0856684561332237 4.2588493092644937 0.029045542899952106
2.0900317792632097 4.2589760557632408 0.029051940965644781
2.0943951023931953 4.2591028401158146 0.029061666322068098
2.0987584255231813 4.2592296642095029 0.029069717182348229
2.1031217486531673 4.2593565174259673 0.029075135708295324
2.1074850717831528 4.2594833892237274 0.02907820964799511
2.1118483949131388 4.2596102690422084 0.029078785562574282
2.1162117180431244 4.2597371462301608 0.029077113987787302
2.1205750411731104 4.2598640133753625 0.029074510867348077
2.1249383643030963 4.2599908698238584 0.02907233552404723
2.1293016874330819 4.2601177183914878 0.029070867019814366
2.1336650105630679 4.2602445619114251 0.029070027357884259
2.1380283336930539 4.2603714032090529 0.029069856024999702
2.1423916568230394 4.2604982451453672 0.029070292199498832
2.1467549799530254 4.2606250897443596 0.029070988685427041
2.151118303083011 4.2607519372218698 0.029071576412909375
2.155481626212997 4.2608787868319302 0.029071974373622293
2.159844949342983 4.2610056378129393 0.0290722036316334
2.1642082724729685 4.2611324894089879 0.029072254103832351
2.1685715956029545 4.2612593408517574 0.029072140440095526
2.1729349187329401 4.2613861915890174 0.029071954163299489
2.1772982418629261 4.2615130415518259 0.029071795387961421
2.1816615649929121 4.2616398909375945 0.029071687549086893
2.1860248881228976 4.2617667399510886 0.029071624979425992
2.1903882112528836 4.2618935887945462 0.029071610231307925
2.1947515343828692 4.2620204376742556 0.029071639809967725
2.1991148575128552 4.2621472867407766 0.029071689610505772
2.2034781806428412 4.2622741360156136 0.02907173249933289
2.2078415037728267 4.2624009854465825 0.029071761719501064
2.2122048269028127 4.2625278349786218 0.029071778789248645
2.2165681500327987 4.2626546845576225 0.029071783069255983
2.2209314731627843 4.2627815341282105 0.029071775383635298
2.2252947962927703 4.262908383649366 0.029071762074622958
2.2296581194227558 4.2630352331144987 0.029071750490638277
2.2340214425527418 4.2631620825373897 0.029071742573890568
2.2383847656827278 4.2632889319328457 0.029071737918681045
2.2427480888127134 4.2634157813153433 0.029071736683774021
2.2471114119426994 4.2635426306997442 0.029071738677645721
2.2514747350726849 4.2636694800972164 0.029071742232903125
2.2558380582026709 4.2637963295097512 0.029071745361473819
2.2602013813326569 4.2639231789337151 0.02907174750627442
2.2645647044626425 4.2640500283651237 0.029071748775173309
2.2689280275926285 4.2641768778001055 0.029071749130095074
2.2732913507226145 4.2643037272346733 0.029071748613640973
2.2776546738526 4.2644305766657853 0.029071747663870565
2.282017996982586 4.264557426092848 0.029071746819274373
2.2863813201125716 4.2646842755168199 0.029071746238281571
2.2907446432425576 4.2648111249387712 0.029071745892463263
2.2951079663725436 4.2649379743597393 0.029071745791446339
2.2994712895025291 4.2650648237807935 0.029071745924568036
2.3038346126325151 4.2651916732027573 0.029071746177655317
2.3081979357625007 4.2653185226258099 0.029071746406184124
2.3125612588924866 4.2654453720497001 0.02907174656351726
2.3169245820224726 4.2655722214741374 0.029071746657676104
2.3212879051524582 4.2656990708988465 0.029071746686750985
2.3256512282824442 4.2658259203235396 0.029071746652164537
2.3300145514124297 4.2659527697479911 0.029071746584342185
2.3343778745424157 4.2660796191721495 0.029071746522596812
2.3387411976724017 4.2662064685960814 0.029071746480151862
2.3431045208023873 4.2663333180198659 0.029071746454595319
2.3474678439323733 4.2664601674435758 0.029071746446599829
2.3518311670623593 4.2665870168672893 0.029071746455276111
2.3561944901923448 4.266713866291064 0.029071746473154036
2.3605578133223308 4.2668407157149186 0.029071746490062011
2.3649211364523164 4.2669675651388346 0.02907174650164817
2.3692844595823024 4.2670944145627914 0.029071746508622189
2.3736477827122884 4.2672212639867677 0.029071746510656419
2.3780111058422739 4.2673481134107432 0.029071746508378331
2.3823744289722599 4.2674749628347026 0.029071746503853812
2.3867377521022455 4.2676018122586417 0.029071746499192641
2.3911010752322315 4.2677286616825629 0.029071746496103168
2.3954643983622175 4.2678555111064744 0.029071746494182697
2.399827721492203 4.2679823605303788 0.029071746493360275
2.404191044622189 4.2681092099542841 0.029071746494295756
2.4085543677521746 4.2682360593781947 0.029071746495650939
2.4129176908821606 4.2683629088021107 0.029071746496622721
2.4172810140121466 4.2684897582260302 0.0290717464974782
2.4216443371421321 4.2686166076499532 0.02907174649797872
2.4260076602721181 4.2687434570738771 0.029071746498174469
2.4303709834021041 4.268870306497802 0.029071746498103419
2.4347343065320897 4.268997155921725 0.029071746497590083
2.4390976296620757 4.2691240053456463 0.029071746497271827
2.4434609527920612 4.2692508547695667 0.029071746497226165
2.4478242759220472 4.2693777041934871 0.029071746497116416
2.4521875990520332 4.2695045536174066 0.029071746496981521
2.4565509221820188 4.269631403041326 0.029071746497029052
2.4609142453120048 4.2697582524652455 0.029071746496973829
2.4652775684419903 4.269885101889165 0.029071746497147197
2.4696408915719763 4.2700119513130854 0.029071746497119601
2.4740042147019623 4.2701388007370049 0.029071746497047732
2.4783675378319479 4.2702656501609253 0.029071746497371698
2.4827308609619338 4.2703924995848466 0.02907174649736903
2.4870941840919194 4.270519349008767 0.029071746497055757
2.4914575072219054 4.2706461984326864 0.029071746497090187
2.4958208303518914 4.2707730478566068 0.029071746497256853
2.5001841534818769 4.2708998972805272 0.0290717464971753
2.5045474766118629 4.2710267467044476 0.029071746497334842
2.5089107997418489 4.2711535961283689 0.029071746497379997
2.5132741228718345 4.2712804455522893 0.029071746497048738
2.5176374460018205 4.2714072949762087 0.029071746497107281
2.522000769131806 4.2715341444001291 0.029071746497204377
2.526364092261792 4.2716609938240495 0.029071746497368118
2.530727415391778 4.2717878432479708 0.029071746497217828
2.5350907385217636 4.2719146926718903 0.029071746497053453
2.5394540616517496 4.2720415420958107 0.029071746497250583
2.5438173847817351 4.272168391519731 0.029071746497237122
2.5481807079117211 4.2722952409436514 0.02907174649709383
2.5525440310417071 4.2724220903675709 0.029071746497060902
2.5569073541716927 4.2725489397914913 0.029071746497344789
2.5612706773016787 4.2726757892154126 0.029071746497463496
2.5656340004316642 4.2728026386393338 0.029071746497315462
2.5699973235616502 4.2729294880632542 0.029071746497178207
2.5743606466916362 4.2730563374871746 0.029071746497255739
2.5787239698216218 4.273183186911095 0.029071746497091721
2.5830872929516078 4.2733100363350145 0.029071746497059597
2.5874506160815938 4.2734368857589349 0.029071746497343239
2.5918139392115793 4.2735637351828561 0.029071746497471004
2.5961772623415653 4.2736905846067774 0.029071746497286988
2.6005405854715509 4.2738174340306978 0.029071746497284608
2.6049039086015369 4.2739442834546191 0.029071746497478155
2.6092672317315229 4.2740711328785403 0.029071746497308131
2.6136305548615084 4.2741979823024607 0.029071746497192887
2.6179938779914944 4.2743248317263811 0.029071746497213218
2.62235720112148 4.2744516811503015 0.029071746497247138
2.626720524251466 4.2745785305742219 0.029071746497091145
2.631083847381452 4.2747053799981414 0.029071746497061617
2.6354471705114375 4.2748322294220618 0.029071746497344599
2.6398104936414235 4.274959078845983 0.029071746497463542
2.6441738167714091 4.2750859282699043 0.029071746497315455
2.6485371399013951 4.2752127776938247 0.029071746497178207
2.6529004630313811 4.2753396271177451 0.029071746497255739
2.6572637861613666 4.2754664765416655 0.029071746497091724
2.6616271092913526 4.2755933259655849 0.029071746497059587
2.6659904324213386 4.2757201753895053 0.029071746497343277
2.6703537555513241 4.2758470248134266 0.029071746497470869
2.6747170786813101 4.2759738742373479 0.029071746497287478
2.6790804018112957 4.2761007236612683 0.029071746497282787
2.6834437249412817 4.2762275730851895 0.029071746497484945
2.6878070480712677 4.2763544225091108 0.02907174649728278
2.6921703712012532 4.2764812719330312 0.029071746497287491
2.6965336943312392 4.2766081213569525 0.029071746497470817
2.7008970174612248 4.2767349707808737 0.029071746497343467
2.7052603405912108 4.2768618202047941 0.029071746497058872
2.7096236637211968 4.2769886696287136 0.029071746497094382
2.7139869868511823 4.277115519052634 0.029071746497245827
2.7183503099811683 4.2772423684765544 0.029071746497215199
2.7227136331111539 4.2773692179004748 0.02907174649718627
2.7270769562411399 4.2774960673243951 0.029071746497332612
2.7314402793711259 4.2776229167483164 0.029071746497377964
2.7358036025011114 4.2777497661722368 0.029071746497059091
2.7401669256310974 4.2778766155961563 0.029071746497067893
2.7445302487610834 4.2780034650200767 0.029071746497342694
2.748893571891069 4.2781303144439979 0.029071746497464888
2.753256895021055 4.2782571638679192 0.029071746497311989
2.7576202181510405 4.2783840132918396 0.029071746497190704
2.7619835412810265 4.27851086271576 0.029071746497218089
2.7663468644110125 4.2786377121396804 0.029071746497220951
2.7707101875409981 4.2787645615636007 0.02907174649719102
2.7750735106709841 4.2788914109875211 0.029071746497307857
2.7794368338009696 4.2790182604114424 0.029071746497481118
2.7838001569309556 4.2791451098353637 0.029071746497281909
2.7881634800609416 4.2792719592592841 0.029071746497285934
2.7925268031909272 4.2793988086832053 0.029071746497477919
2.7968901263209132 4.2795256581071266 0.029071746497316604
2.8012534494508987 4.279652507531047 0.029071746497159226
2.8056167725808847 4.2797793569549674 0.029071746497339394
2.8099800957108707 4.2799062063788886 0.029071746497377874
2.8143434188408563 4.280033055802809 0.029071746497052669
2.8187067419708423 4.2801599052267285 0.029071746497093678
2.8230700651008283 4.2802867546506489 0.029071746497245962
2.8274333882308138 4.2804136040745693 0.029071746497215376
2.8317967113607998 4.2805404534984897 0.029071746497185431
2.8361600344907854 4.28066730292241 0.029071746497335803
2.8405233576207713 4.2807941523463313 0.029071746497374939
2.8448866807507573 4.2809210017702517 0.029071746497059136
2.8492500038807429 4.2810478511941712 0.029071746497070748
2.8536133270107289 4.2811747006180916 0.029071746497340078
2.8579766501407144 4.2813015500420128 0.029071746497472482
2.8623399732707004 4.2814283994659341 0.02907174649728422
2.8667032964006864 4.2815552488898545 0.029071746497285313
2.871066619530672 4.2816820983137758 0.029071746497478086
2.875429942660658 4.281808947737697 0.029071746497316558
2.8797932657906435 4.2819357971616174 0.029071746497159233
2.8841565889206295 4.2820626465855378 0.029071746497339394
2.8885199120506155 4.2821894960094591 0.029071746497377877
2.8928832351806011 4.2823163454333795 0.029071746497052655
2.8972465583105871 4.282443194857299 0.029071746497093726
2.9016098814405731 4.2825700442812193 0.029071746497245785
2.9059732045705586 4.2826968937051397 0.029071746497216042
2.9103365277005446 4.2828237431290601 0.02907174649718295
2.9146998508305302 4.2829505925529805 0.029071746497345067
2.9190631739605162 4.2830774419769018 0.029071746497340359
2.9234264970905022 4.2832042914008222 0.029071746497188182
2.9277898202204877 4.2833311408247425 0.029071746497199798
2.9321531433504737 4.2834579902486629 0.029071746497305505
2.9365164664804593 4.2835848396725842 0.029071746497481749
2.9408797896104453 4.2837116890965055 0.029071746497281739
2.9452431127404313 4.2838385385204258 0.029071746497285979
2.9496064358704168 4.2839653879443471 0.029071746497477916
2.9539697590004028 4.2840922373682684 0.029071746497316604
2.9583330821303884 4.2842190867921888 0.029071746497159226
2.9626964052603744 4.2843459362161092 0.029071746497339394
2.9670597283903604 4.2844727856400304 0.029071746497377874
2.9714230515203459 4.2845996350639508 0.029071746497052669
2.9757863746503319 4.2847264844878703 0.029071746497093678
2.9801496977803179 4.2848533339117907 0.029071746497245962
2.9845130209103035 4.2849801833357111 0.029071746497215376
2.9888763440402895 4.2851070327596315 0.029071746497185431
2.993239667170275 4.2852338821835518 0.029071746497335803
2.997602990300261 4.2853607316074731 0.029071746497374939
3.001966313430247 4.2854875810313935 0.029071746497059136
3.0063296365602326 4.285614430455313 0.029071746497070748
3.0106929596902186 4.2857412798792334 0.029071746497340088
3.0150562828202041 4.2858681293031546 0.029071746497472451
3.0194196059501901 4.2859949787270759 0.029071746497284331
3.0237829290801761 4.2861218281509963 0.0290717464972849
3.0281462522101616 4.2862486775749176 0.02907174649747964
3.0325095753401476 4.2863755269988388 0.029071746497310747
3.0368728984701332 4.2865023764227592 0.029071746497180934
3.0412362216001192 4.2866292258466796 0.029071746497258404
3.0455995447301052 4.2867560752706009 0.029071746497680143
3.0499628678600907 4.2868829246945213 0.029071746495924589
3.0543261909900767 4.2870097741184408 0.029071746501303727
3.0586895141200627 4.2871366235423638 0.029071746483365839
3.0630528372500483 4.2872634729662726 0.02907174654241914
3.0674161603800343 4.2873903223902357 0.02907174635162383
3.0717794835100198 4.2875171718139971 0.029071746954381122
3.0761428066400058 4.2876440212385099 0.029071745112149824
3.0805061297699918 4.2877708706602196 0.029071750467669241
3.0848694528999774 4.2878977200923929 0.029071736154830302
3.0892327760299634 4.2880245694855148 0.029071768395144023
3.0935960991599489 4.2881514190243744 0.029071727098766591
3.0979594222899349 4.2882782680193401 0.029071586291941828
3.1023227454199209 4.2884051149491507 0.029070396965670434
3.1066860685499065 4.2885319527183867 0.029067576834398808
3.1110493916798925 4.2886587566361953 0.02905047381158803
3.115412714809878 4.2887854621326431 0.0290307619639497
3.119776037939864 4.2889119348083531 0.028898967086324948
3.12413936106985 4.2890379645249341 0.028981226433529357
3.1285026841998356 4.2891633195280452 0.028015528848801707
3.1328660073298216 4.2892878621735724 0.030773625097846743
3.1372293304598076 4.2894116605114059 0.019636653480154264
3.1415926535897931 4.2894535031659533 0.0045661183149586374
3.1459559767197791 4.2894953458204998 0.019636653480000637
3.1503192998497647 4.2896191441583333 0.0307736250978594
3.1546826229797507 4.2897436868038605 0.028015528848913788
3.1590459461097367 4.2898690418069725 0.028981226433670144
3.1634092692397222 4.2899950715235535 0.028898967086260396
3.1677725923697082 4.2901215441992635 0.029030761964075936
3.1721359154996938 4.2902482496957122 0.029050473811758293
3.1764992386296798 4.2903750536135208 0.029067576834202181
3.1808625617596658 4.290501891382756 0.029070396965667149
3.1852258848896513 4.2906287383125674 0.029071586292151595
3.1895892080196373 4.2907555873075331 0.029071727098550368
3.1939525311496229 4.2908824368463918 0.029071768395188487
3.1983158542796088 4.2910092862395146 0.029071736154868678
3.2026791774095948 4.2911361356716871 0.029071750467462423
3.2070425005395804 4.2912629850933968 0.029071745112328046
3.2114058236695664 4.2913898345179105 0.029071746954494587
3.2157691467995524 4.2915166839416719 0.029071746351593524
3.2201324699295379 4.2916435333656349 0.029071746542426904
3.2244957930595239 4.2917703827895437 0.029071746483365069
3.2288591161895095 4.2918972322134668 0.029071746501299029
3.2332224393194955 4.2920240816373862 0.029071746495953035
3.2375857624494815 4.2921509310613066 0.029071746497562178
3.241949085579467 4.292277780485227 0.029071746497091166
3.246312408709453 4.2924046299091474 0.029071746497366057
3.2506757318394386 4.2925314793330687 0.029071746497348155
3.2550390549694246 4.2926583287569891 0.029071746497144883
3.2594023780994106 4.2927851781809094 0.029071746497356318
3.2637657012293961 4.2929120276048307 0.029071746497333413
3.2681290243593821 4.2930388770287511 0.029071746497213578
3.2724923474893677 4.2931657264526715 0.029071746497105179
3.2768556706193537 4.293292575876591 0.02907174649704794
3.2812189937493397 4.2934194253005113 0.029071746497376406
3.2855823168793252 4.2935462747244326 0.029071746497350004
3.2899456400093112 4.293673124148353 0.029071746497127147
3.2943089631392972 4.2937999735722725 0.029071746496814745
3.2986722862692828 4.2939268229961911 0.02907174649707478
3.3030356093992688 4.2940536724201124 0.029071746497568354
3.3073989325292543 4.2941805218440336 0.029071746497166016
3.3117622556592403 4.2943073712679531 0.029071746497060475
3.3161255787892263 4.2944342206918735 0.02907174649726544
3.3204889019192119 4.2945610701157939 0.029071746497170672
3.3248522250491979 4.2946879195397143 0.029071746497344758
3.3292155481791834 4.2948147689636356 0.029071746497353852
3.3335788713091694 4.2949416183875559 0.029071746497143402
3.3379421944391554 4.2950684678114763 0.029071746497356554
3.342305517569141 4.2951953172353976 0.029071746497333947
3.346668840699127 4.295322166659318 0.029071746497211226
3.351032163829113 4.2954490160832384 0.029071746497105169
3.3553954869590985 4.2955758655071579 0.029071746497050324
3.3597588100890845 4.2957027149310782 0.029071746497375772
3.3641221332190701 4.2958295643549995 0.029071746497350174
3.3684854563490561 4.2959564137789199 0.029071746497127106
3.372848779479042 4.2960832632028394 0.029071746496814752
3.3772121026090276 4.296210112626758 0.02907174649707478
3.3815754257390136 4.2963369620506793 0.029071746497568354
3.3859387488689991 4.2964638114746005 0.029071746497166016
3.3903020719989851 4.29659066089852 0.029071746497060475
3.3946653951289711 4.2967175103224404 0.02907174649726544
3.3990287182589567 4.2968443597463608 0.029071746497170672
3.4033920413889427 4.2969712091702812 0.029071746497344758
3.4077553645189282 4.2970980585942025 0.029071746497353852
3.4121186876489142 4.2972249080181228 0.029071746497143402
3.4164820107789002 4.2973517574420432 0.029071746497356554
3.4208453339088858 4.2974786068659645 0.029071746497333947
3.4252086570388718 4.2976054562898849 0.029071746497211226
3.4295719801688578 4.2977323057138053 0.029071746497105169
3.4339353032988433 4.2978591551377248 0.029071746497050324
3.4382986264288293 4.2979860045616451 0.029071746497375768
3.4426619495588149 4.2981128539855664 0.029071746497350177
3.4470252726888009 4.2982397034094868 0.029071746497127095
3.4513885958187869 4.2983665528334063 0.029071746496814797
3.4557519189487724 4.2984934022573249 0.029071746497074599
3.4601152420787584 4.2986202516812462 0.02907174649756902
3.464478565208744 4.2987471011051674 0.029071746497163535
3.46884188833873 4.2988739505290869 0.029071746497069742
3.473205211468716 4.2990007999530073 0.029071746497230863
3.4775685345987015 4.2991276493769277 0.029071746497299721
3.4819318577286875 4.299254498800849 0.029071746497473808
3.4862951808586731 4.2993813482247702 0.029071746497319272
3.4906585039886591 4.2995081976486906 0.029071746497152669
3.4950218271186451 4.299635047072611 0.029071746497354074
3.4993851502486306 4.2997618964965323 0.029071746497334607
3.5037484733786166 4.2998887459204527 0.029071746497211046
3.5081117965086026 4.3000155953443731 0.029071746497105217
3.5124751196385882 4.3001424447682925 0.02907174649705031
3.5168384427685742 4.3002692941922129 0.029071746497375768
3.5212017658985597 4.3003961436161342 0.029071746497350177
3.5255650890285457 4.3005229930400546 0.029071746497127095
3.5299284121585317 4.3006498424639741 0.029071746496814797
3.5342917352885173 4.3007766918878927 0.029071746497074599
3.5386550584185033 4.300903541311814 0.02907174649756902
3.5430183815484888 4.3010303907357352 0.029071746497163535
3.5473817046784748 4.3011572401596547 0.029071746497069742
3.5517450278084608 4.3012840895835751 0.029071746497230863
3.5561083509384463 4.3014109390074955 0.029071746497299721
3.5604716740684323 4.3015377884314168 0.029071746497473808
3.5648349971984179 4.301664637855338 0.029071746497319272
3.5691983203284039 4.3017914872792584 0.029071746497152669
3.5735616434583899 4.3019183367031788 0.029071746497354074
3.5779249665883754 4.3020451861271001 0.029071746497334607
3.5822882897183614 4.3021720355510205 0.029071746497211046
3.5866516128483474 4.3022988849749408 0.029071746497105217
3.591014935978333 4.3024257343988603 0.02907174649705031
3.595378259108319 4.3025525838227807 0.029071746497375772
3.5997415822383045 4.302679433246702 0.029071746497350174
3.6041049053682905 4.3028062826706224 0.029071746497127106
3.6084682284982765 4.3029331320945419 0.029071746496814752
3.6128315516282621 4.3030599815184605 0.029071746497074776
3.6171948747582481 4.3031868309423817 0.029071746497568364
3.6215581978882336 4.303313680366303 0.029071746497165984
3.6259215210182196 4.3034405297902225 0.029071746497060593
3.6302848441482056 4.3035673792141429 0.029071746497264999
3.6346481672781912 4.3036942286380633 0.029071746497172309
3.6390114904081772 4.3038210780619837 0.029071746497338638
3.6433748135381627 4.3039479274859049 0.029071746497376687
3.6477381366681487 4.3040747769098253 0.029071746497058164
3.6521014597981347 4.3042016263337448 0.029071746497064
3.6564647829281203 4.3043284757576652 0.029071746497368062
3.6608281060581063 4.3044553251815865 0.029071746497367313
3.6651914291880923 4.3045821746055069 0.029071746497057353
3.6695547523180778 4.3047090240294263 0.029071746497085504
3.6739180754480638 4.3048358734533467 0.029071746497282853
3.6782813985780494 4.3049627228772671 0.029071746497075984
3.6826447217080354 4.3050895723011866 0.029071746497095451
3.6870080448380214 4.305216421725107 0.02907174649721557
3.6913713679680069 4.3053432711490274 0.029071746497335162
3.6957346910979929 4.3054701205729486 0.029071746497347332
3.7000980142279785 4.305596969996869 0.029071746497179061
3.7044613373579645 4.3057238194207894 0.029071746497229316
3.7088246604879505 4.3058506688447098 0.029071746497187686
3.713187983617936 4.3059775182686302 0.029071746497312818
3.717551306747922 4.3061043676925514 0.029071746497464614
3.7219146298779076 4.3062312171164727 0.029071746497342937
3.7262779530078936 4.3063580665403931 0.029071746497067206
3.7306412761378795 4.3064849159643126 0.029071746497061578
3.7350045992678651 4.306611765388233 0.029071746497368711
3.7393679223978511 4.3067386148121543 0.029071746497367136
3.7437312455278371 4.3068654642360746 0.029071746497057405
3.7480945686578226 4.3069923136599941 0.029071746497085493
3.7524578917878086 4.3071191630839145 0.029071746497282849
3.7568212149177942 4.3072460125078349 0.029071746497075997
3.7611845380477802 4.3073728619317544 0.029071746497095409
3.7655478611777662 4.3074997113556748 0.029071746497215719
3.7699111843077517 4.3076265607795952 0.029071746497334617
3.7742745074377377 4.3077534102035164 0.029071746497349366
3.7786378305677233 4.3078802596274368 0.029071746497171484
3.7830011536977093 4.3080071090513572 0.029071746497257599
3.7873644768276953 4.3081339584752776 0.029071746497082138
3.7917277999576808 4.3082608078991971 0.029071746497096075
3.7960911230876668 4.3083876573231175 0.029071746497215788
3.8004544462176524 4.3085145067470378 0.029071746497333659
3.8048177693476384 4.3086413561709591 0.02907174649735314
3.8091810924776244 4.3087682055948795 0.029071746497148471
3.8135444156076099 4.3088950550187999 0.029071746497345875
3.8179077387375959 4.3090219044427212 0.029071746497371584
3.8222710618675819 4.3091487538666415 0.02907174649706246
3.8266343849975675 4.309275603290561 0.029071746497060798
3.8309977081275535 4.3094024527144814 0.029071746497376576
3.835361031257539 4.3095293021384027 0.029071746497336459
3.839724354387525 4.3096561515623231 0.029071746497181156
3.844087677517511 4.3097830009862435 0.029071746497222939
3.8484510006474966 4.3099098504101638 0.029071746497219979
3.8528143237774826 4.3100366998340842 0.029071746497190038
3.8571776469074681 4.3101635492580046 0.02907174649731277
3.8615409700374541 4.3102903986819259 0.029071746497462456
3.8659042931674401 4.3104172481058471 0.029071746497342749
3.8702676162974257 4.3105440975297675 0.029071746497070124
3.8746309394274117 4.310670946953687 0.029071746497058983
3.8789942625573972 4.3107977963776074 0.029071746497376171
3.8833575856873832 4.3109246458015287 0.029071746497339897
3.8877209088173692 4.3110514952254491 0.029071746497158931
3.8920842319473548 4.3111783446493694 0.029071746497317277
3.8964475550773408 4.3113051940732907 0.029071746497475532
3.9008108782073267 4.311432043497212 0.029071746497285923
3.9051742013373123 4.3115588929211324 0.029071746497284331
3.9095375244672983 4.3116857423450536 0.029071746497480306
3.9139008475972838 4.3118125917689749 0.029071746497308669
3.9182641707272698 4.3119394411928953 0.029071746497188584
3.9226274938572558 4.3120662906168157 0.029071746497220993
3.9269908169872414 4.3121931400407361 0.029071746497220337
3.9313541401172274 4.3123199894646564 0.029071746497190555
3.9357174632472129 4.3124468388885768 0.029071746497310324
3.9400807863771989 4.3125736883124981 0.029071746497471709
3.9444441095071849 4.3127005377364194 0.029071746497308173
3.9488074326371705 4.3128273871603398 0.02907174649719917
3.9531707557671565 4.3129542365842601 0.029071746497188036
3.957534078897142 4.3130810860081805 0.029071746497341587
3.961897402027128 4.3132079354321018 0.029071746497349164
3.966260725157114 4.3133347848560222 0.029071746497156447
3.9706240482870996 4.3134616342799426 0.029071746497317943
3.9749873714170856 4.3135884837038638 0.029071746497475352
3.9793506945470716 4.3137153331277851 0.029071746497285989
3.9837140176770571 4.3138421825517055 0.029071746497284258
3.9880773408070431 4.3139690319756268 0.029071746497480528
3.9924406639370287 4.314095881399548 0.029071746497307857
3.9968039870670147 4.3142227308234684 0.029071746497191606
4.0011673101970002 4.3143495802473888 0.029071746497218609
4.0055306333269867 4.3144764296713092 0.029071746497217971
4.0098939564569722 4.3146032790952296 0.029071746497193539
4.0142572795869578 4.3147301285191499 0.029071746497309616
4.0186206027169442 4.3148569779430712 0.029071746497462653
4.0229839258469298 4.3149838273669925 0.029071746497345115
4.0273472489769153 4.3151106767909129 0.029071746497069319
4.0317105721069009 4.3152375262148324 0.029071746497068725
4.0360738952368873 4.3153643756387527 0.029071746497329114
4.0404372183668729 4.315491225062674 0.029071746497509505
4.0448005414968584 4.3156180744865953 0.029071746497155961
4.0491638646268449 4.3157449239105148 0.02907174649715067
4.0535271877568304 4.3158717733344361 0.029071746497525367
4.057890510886816 4.3159986227583573 0.029071746497270966
4.0622538340168024 4.3161254721822777 0.029071746497285448
4.066617157146788 4.316252321606199 0.02907174649748194
4.0709804802767735 4.3163791710301203 0.02907174649730989
4.0753438034067591 4.3165060204540406 0.029071746497190933
4.0797071265367455 4.316632869877961 0.029071746497210383
4.0840704496667311 4.3167597193018814 0.029071746497251555
4.0884337727967166 4.3168865687258018 0.02907174649708515
4.092797095926703 4.3170134181497213 0.029071746497081181
4.0971604190566886 4.3171402675736417 0.029071746497263469
4.1015237421866741 4.317267116997562 0.029071746497166713
4.1058870653166606 4.3173939664214824 0.029071746497353678
4.1102503884466461 4.3175208158454037 0.029071746497313238
4.1146137115766317 4.3176476652693241 0.029071746497305793
4.1189770347066181 4.3177745146932454 0.029071746497358272
4.1233403578366037 4.3179013641171657 0.029071746497155805
4.1277036809665892 4.3180282135410861 0.029071746497320264
4.1320670040965748 4.3181550629650074 0.029071746497475567
4.1364303272265612 4.3182819123889287 0.029071746497282811
4.1407936503565468 4.3184087618128491 0.029071746497287877
4.1451569734865323 4.3185356112367703 0.029071746497478117
4.1495202966165188 4.3186624606606916 0.029071746497304995
4.1538836197465043 4.318789310084612 0.029071746497196578
4.1582469428764899 4.3189161595085324 0.029071746497210456
4.1626102660064763 4.3190430089324527 0.029071746497245612
4.1669735891364619 4.3191698583563731 0.029071746497091103
4.1713369122664474 4.3192967077802926 0.029071746497081084
4.1757002353964339 4.319423557204213 0.029071746497257894
4.1800635585264194 4.3195504066281334 0.029071746497171379
4.184426881656405 4.3196772560520538 0.029071746497358358
4.1887902047863905 4.319804105475975 0.029071746497307632
4.193153527916377 4.3199309548998954 0.029071746497305796
4.1975168510463625 4.3200578043238167 0.029071746497363871
4.2018801741763481 4.3201846537477371 0.029071746497151139
4.2062434973063345 4.3203115031716575 0.029071746497315594
4.2106068204363201 4.3204383525955787 0.029071746497481173
4.2149701435663056 4.3205652020195 0.029071746497282811
4.2193334666962921 4.3206920514434204 0.029071746497282266
4.2236967898262776 4.3208189008673417 0.029071746497482794
4.2280601129562632 4.3209457502912629 0.029071746497309658
4.2324234360862487 4.3210725997151833 0.02907174649719101
4.2367867592162352 4.3211994491391037 0.029071746497210307
4.2411500823462207 4.3213262985630241 0.029071746497251787
4.2455134054762063 4.3214531479869445 0.029071746497084307
4.2498767286061927 4.321579997410864 0.029071746497084317
4.2542400517361783 4.3217068468347843 0.029071746497251763
4.2586033748661638 4.3218336962587047 0.029071746497210404
4.2629666979961502 4.3219605456826251 0.029071746497190621
4.2673300211261358 4.3220873951065455 0.029071746497311118
4.2716933442561213 4.3222142445304668 0.029071746497477329
4.2760566673861078 4.322341093954388 0.029071746497284893
4.2804199905160933 4.3224679433783084 0.029071746497277794
4.2847833136460789 4.3225947928022297 0.029071746497516367
4.2891466367760644 4.322721642226151 0.029071746497179841
4.2935099599060509 4.3228484916500705 0.029071746497048283
4.2978732830360364 4.3229753410739908 0.02907174649730038
4.302236606166022 4.3231021904979112 0.029071746497051951
4.3065999292960084 4.3232290399218307 0.029071746497165159
4.310963252425994 4.323355889345752 0.029071746497571424
4.3153265755559795 4.3234827387696733 0.02907174649707225
4.319689898685966 4.3236095881935919 0.029071746496812906
4.3240532218159515 4.3237364376175114 0.029071746497128147
4.3284165449459371 4.3238632870414317 0.029071746497365599
4.3327798680759235 4.323990136465353 0.029071746497304145
4.3371431912059091 4.3241169858892734 0.029071746497312506
4.3415065143358946 4.3242438353131947 0.029071746497358251
4.3458698374658802 4.3243706847371151 0.029071746497166918
4.3502331605958666 4.3244975341610354 0.029071746497258071
4.3545964837258522 4.3246243835849558 0.029071746497084813
4.3589598068558377 4.3247512330088753 0.029071746497093761
4.3633231299858242 4.3248780824327957 0.029071746497213488
4.3676864531158097 4.3250049318567161 0.029071746497336307
4.3720497762457953 4.3251317812806374 0.029071746497353716
4.3764130993757817 4.3252586307045577 0.029071746497143523
4.3807764225057673 4.3253854801284781 0.029071746497356204
4.3851397456357528 4.3255123295523994 0.029071746497344089
4.3895030687657384 4.3256391789763198 0.029071746497179897
4.3938663918957248 4.3257660284002402 0.029071746497220316
4.3982297150257104 4.3258928778241605 0.029071746497222856
4.4025930381556959 4.3260197272480809 0.029071746497190031
4.4069563612856824 4.3261465766720013 0.029071746497301019
4.4113196844156679 4.3262734260959226 0.029071746497500568
4.4156830075456535 4.3264002755198439 0.029071746497219799
4.4200463306756399 4.3265271249437633 0.029071746496904246
4.4244096538056255 4.3266539743676828 0.029071746497225919
4.428772976935611 4.3267808237916041 0.02907174649749384
4.4331363000655974 4.3269076732155254 0.029071746497304065
4.437499623195583 4.3270345226394458 0.029071746497184563
4.4418629463255686 4.3271613720633662 0.029071746497259441
4.4462262694555541 4.3272882214872865 0.029071746497079453
4.4505895925855405 4.327415070911206 0.029071746497096086
4.4549529157155261 4.3275419203351264 0.029071746497209557
4.4593162388455116 4.3276687697590468 0.029071746497367448
4.4636795619754981 4.3277956191829681 0.029071746497215317
4.4680428851054836 4.3279224686068876 0.029071746497055309
4.4724062082354692 4.3280493180308079 0.029071746497254542
4.4767695313654556 4.3281761674547283 0.029071746497210518
4.4811328544954412 4.3283030168786487 0.029071746497187415
4.4854961776254267 4.3284298663025691 0.029071746497341601
4.4898595007554132 4.3285567157264904 0.029071746497340848
4.4942228238853987 4.3286835651504108 0.029071746497189705
4.4985861470153843 4.3288104145743311 0.029071746497202105
4.5029494701453698 4.3289372639982515 0.029071746497303645
4.5073127932753563 4.3290641134221728 0.029071746497477988
4.5116761164053418 4.3291909628460941 0.029071746497289754
4.5160394395353274 4.3293178122700144 0.029071746497275442
4.5204027626653138 4.3294446616939357 0.029071746497503152
4.5247660857952994 4.329571511117857 0.029071746497217301
4.5291294089252849 4.3296983605417765 0.029071746496929403
4.5334927320552714 4.329825209965696 0.029071746497127751
4.5378560551852569 4.3299520593896164 0.029071746497232931
4.5422193783152425 4.3300789088135367 0.029071746497242298
4.5465827014452289 4.3302057582374571 0.029071746497081878
4.5509460245752145 4.3303326076613766 0.029071746497103552
4.5553093477052 4.330459457085297 0.029071746497195017
4.5596726708351856 4.3305863065092174 0.029071746497418154
4.564035993965172 4.3307131559331395 0.029071746497637711
4.5683993170951576 4.3308400053570617 0.029071746497757699
4.5727626402251431 4.3309668547809848 0.029071746497686606
4.5771259633551296 4.331093704204906 0.029071746497222557
4.5814892864851151 4.3312205536288255 0.029071746496707199
4.5858526096151007 4.3313474030527424 0.029071746496197072
4.5902159327450871 4.3314742524766574 0.029071746495681852
4.5945792558750727 4.3316011019005698 0.029071746495199526
4.5989425790050582 4.3317279513244822 0.029071746495829807
4.6033059021350438 4.331854800748399 0.029071746496844353
4.6076692252650302 4.3319816501723203 0.029071746498244774
4.6120325483950158 4.3321084995962504 0.029071746500788569
4.6163958715250013 4.3322353490201921 0.029071746503276034
4.6207591946549877 4.3323621984441418 0.029071746504199289
4.6251225177849733 4.3324890478680906 0.029071746502904151
4.6294858409149588 4.3326158972920288 0.029071746499240526
4.6338491640449453 4.3327427467159456 0.029071746493188434
4.6382124871749308 4.3328695961398305 0.029071746484420444
4.6425758103049164 4.3329964455636745 0.029071746475487568
4.6469391334349028 4.3331232949874892 0.029071746471726653
4.6513024565648884 4.3332501444113047 0.029071746476161883
4.6556657796948739 4.3333769938351585 0.029071746489068944
4.6600291028248595 4.3335038432590878 0.029071746511170782
4.6643924259548459 4.3336306926831369 0.029071746544185234
4.6687557490848315 4.3337575421073398 0.029071746578110888
4.673119072214817 4.3338843915316545 0.02907174659200085
4.6774823953448035 4.334011240955963 0.029071746575166913
4.681845718474789 4.3341380903801321 0.029071746528463387
4.6862090416047746 4.3342649398040267 0.029071746447558597
4.690572364734761 4.3343917892274781 0.029071746324444987
4.6949356878647466 4.334518638650354 0.029071746197369751
4.6992990109947321 4.3346454880728089 0.029071746143634239
4.7036623341247186 4.3347723374952745 0.029071746203505871
4.7080256572547041 4.334899186918248 0.029071746374384075
4.7123889803846897 4.3350260363422288 0.029071746672814428
4.7167523035146752 4.335152885767851 0.029071747129222315
4.7211156266446617 4.3352797351956163 0.029071747607192611
4.7254789497746472 4.3354065846249883 0.029071747817137505
4.7298422729046328 4.3355334340543594 0.029071747603490405
4.7342055960346192 4.3356602834818823 0.029071746976708505
4.7385689191646048 4.3357871329056961 0.029071745876542925
4.7429322422945903 4.335913982323448 0.029071744186062735
4.7472955654245768 4.3360408317332171 0.029071742391661978
4.7516588885545623 4.336167681136879 0.029071741572131864
4.7560222116845479 4.3362945305403722 0.029071742329701351
4.7603855348145334 4.3364213799505942 0.029071744629336288
4.7647488579445199 4.336548229374463 0.029071748682509453
4.7691121810745054 4.3366750788207158 0.029071754943089702
4.773475504204491 4.3368019282966985 0.029071761678470122
4.7778388273344774 4.336928777795884 0.029071764870241757
4.782202150464463 4.3370556272963414 0.029071762195300839
4.7865654735944485 4.3371824767723304 0.029071753754533674
4.7909287967244349 4.3373093261980662 0.029071738817763634
4.7952921198544205 4.3374361755411766 0.029071715645017399
4.7996554429844061 4.3375630247736163 0.029071690372218649
4.8040187661143925 4.3376898739179479 0.029071677965926353
4.808382089244378 4.3378167230551563 0.029071687387621625
4.8127454123743636 4.3379435722813051 0.029071718360527122
4.8171087355043491 4.3380704216924553 0.029071773395688786
4.8214720586343356 4.3381972714085624 0.02907185915262896
4.8258353817643211 4.3383241215365391 0.029071953943371143
4.8301987048943067 4.3384509719988298 0.029072002061504326
4.8345620280242931 4.338577822496525 0.029071968997912454
4.8389253511542787 4.3387046726711906 0.029071855377739785
4.8432886742842642 4.3388315221648721 0.029071652613027122
4.8476519974142507 4.338958370533156 0.02907133531545401
4.8520153205442362 4.3390852173690773 0.029070979929126661
4.8563786436742218 4.339212062937384 0.029070793649553308
4.8607419668042082 4.3393389083407605 0.029070909208939025
4.8651052899341938 4.3394657549164863 0.029071325901277832
4.8694686130641793 4.3395926039986028 0.029072072887851519
4.8738319361941649 4.3397194572333113 0.029073246628471709
4.8781952593241513 4.3398463161675247 0.029074578482271237
4.8825585824541369 4.3399731799048098 0.029075298366201759
4.8869219055841224 4.340100044379545 0.029074896358896311
4.8912852287141089 4.3402269046030364 0.029073368597580439
4.8956485518440944 4.3403537556027363 0.029070616898324891
4.90001187497408 4.3404805912817555 0.029066275920649174
4.9043751981040664 4.3406074057678783 0.029061286644270583
4.908738521234052 4.3407342020670932 0.02905850916844302
4.9131018443640375 4.3408609951610693 0.029059900191487756
4.9174651674940231 4.3409878036577298 0.029065499921063609
4.9218284906240095 4.3411146460946881 0.029075635715203461
4.9261918137539951 4.3412415450494901 0.029091687245781001
4.9305551368839806 4.3413685227856265 0.029110370191857977
4.9349184600139671 4.341495569341566 0.029121069943739475
4.9392817831439526 4.3416226295425533 0.029116286645146372
4.9436451062739382 4.3417496339898065 0.029095768287574368
4.9480084294039246 4.3418765135653361 0.029058436099650434
4.9523717525339102 4.3420031846705571 0.028999094109966105
4.9567350756638957 4.3421295629976076 0.028929161188521128
4.9610983987938821 4.3422556810756729 0.028888001400286259
4.9654617219238677 4.3423817419795689 0.028904329389849354
4.9698250450538533 4.3425080044981126 0.02897948717738073
4.9741883681838388 4.3426347263748255 0.029116979471083462
4.9785516913138252 4.3427622171281843 0.029336324562658351
4.9829150144438108 4.3428907956556984 0.029597990961848907
4.9872783375737963 4.3430203577220734 0.029756110200086259
4.9916416607037828 4.3431501563713359 0.029700860768118838
4.9960049838337683 4.343279226718618 0.029425658112933236
5.0003683069637539 4.3434066075037947 0.028919317275005758
5.0047316300937403 4.343531152814144 0.028108697061260943
5.0090949532237259 4.3436516577113 0.027130006386258697
5.0134582763537114 4.3437684478886034 0.026523352582877489
5.0178215994836979 4.3438842689884272 0.026708316640628005
5.0221849226136834 4.3440027179946865 0.027715640990344726
5.026548245743669 4.3441273803903009 0.029580206744478938
5.0309115688736545 4.3442624985210871 0.032575465181067888
5.035274892003641 4.3444126204812319 0.036234572830533225
5.0396382151336265 4.3445767640350068 0.038559294626071501
5.0440015382636121 4.3447448438849667 0.037948235338922984
5.0483648613935985 4.3449034530469675 0.034262583201955084
5.0527281845235841 4.3450392161758931 0.027396910361354786
5.0570915076535696 4.345136427372184 0.016331122190412238
5.0614548307835561 4.3451779366688248 0.0026557862005491301
5.0658181539135416 4.3451665515677647 -0.006242395776617277
5.0701814770435272 4.3451392901445001 -0.0042575959339592306
5.0745448001735127 4.3451461155519349 0.0092220100271361433
5.0789081233034992 4.3452369288732005 0.034501000684065877
5.0832714464334847 4.3454698781166758 0.07537672952447648
5.0876347695634703 4.3459095707758015 0.12646658693035626
5.0919980926934567 4.3465486825704494 0.16048822820770722
5.0963614158234423 4.3472514435483385 0.15418425835740771
5.1007247389534278 4.3478316932636973 0.1049079118818802
5.1050880620834143 4.3481032352471543 0.011832926512145745
5.1094513852133998 4.3478506799960437 -0.13918530236822843
5.1138147083433854 4.3468303417926197 -0.33026878961515166
5.1181780314733718 4.3450556858287044 -0.46143597379770246
5.1225413546033574 4.3430162591291488 -0.44635738716476969
5.1269046777333429 4.3413811356916172 -0.27956905111513342
5.1312680008633285 4.3407859431187985 0.031181259142878875
5.1356313239933149 4.3418948688682812 0.50806092836781935
5.1399946471233005 4.3454073395146002 1.1140131346228517
5.144357970253286 4.3515187166305358 1.6527568465844784
5.1487212933832724 4.3594800734466359 1.9506586052329338
5.153084616513258 4.3681757585981194 1.9971471794613143
5.1574479396432436 4.3765790115106995 1.8171164996398008
5.16181126277323 4.3836983700631773 1.4069483096096311
5.1661745859032155 4.3885747003824465 0.80271839835892489
5.1705379090332011 4.3906222369163146 0.14267828009848063
5.1749012321631875 4.3899223665776193 -0.44684449664236858
5.1792645552931731 4.3868490867737977 -0.94952723715395937
5.1836278784231586 4.3817412038547179 -1.3799997011262042
5.1879912015531442 4.3748913010820099 -1.7520417878781414
5.1923545246831306 4.3665187226821223 -2.0780402462456959
5.1967178478131162 4.356844621491371 -2.3437801243605616
5.2010811709431017 4.3461714912324165 -2.5365650984408608
5.2054444940730882 4.3347980204058452 -2.6680858195853481
5.2098078172030737 4.3229596372163028 -2.7503868607824193
5.2141711403330593 4.3108676312636272 -2.7836903367433874
5.2185344634630457 4.298742740856655 -2.7651632440059601
5.2228977865930313 4.286809032841199 -2.6971304944949299
5.2272611097230168 4.275276423568573 -2.5805660738790737
5.2316244328530024 4.2643738429560401 -2.4059055259201334
5.2359877559829888 4.2543775894188069 -2.1647917447455316
5.2403510791129744 4.2456118695108014 -1.8347102200815182
5.2447144022429599 4.2384583700867209 -1.4416163453882862
5.2490777253729464 4.2328424938402627 -1.1784003936319805
5.2534410485029319 4.2277003582087938 -1.2414461987654581
5.2578043716329175 4.2214805931459969 -1.66768229564495
5.2621676947629039 4.2126352443686548 -2.4458339097431416
5.2665310178928895 4.1995713466112905 -3.6126703703858811
5.270894341022875 4.1805773900035055 -5.1448416731318778
5.2752576641528615 4.1545222437637754 -6.7814445052454255
5.279620987282847 4.1216443530258307 -8.2487518183956734
5.2839843104128326 4.0828418161389184 -9.5073799403421209
5.2883476335428181 4.0389373301788094 -10.586888562956085
5.2927109566728046 3.9907403109396329 -11.469396224485838
5.2970742798027901 3.9391386538480293 -12.152041996048307
5.3014376029327757 3.8848576751903581 -12.721973617178953
5.3058009260627621 3.8281458479679533 -13.273095534150793
5.3101642491927477 3.7690573297461465 -13.804096967538714
5.3145275723227332 3.7077550099601164 -14.285159514406313
5.3188908954527196 3.644483640303239 -14.705824696256665
5.3232542185827052 3.5795304068593872 -15.052284749506194
5.3276175417126908 3.5132962087821165 -15.282870121586054
5.3319808648426772 3.4463942870668194 -15.353887942493238
5.3363441879726627 3.3795570306064722 -15.25386368858792
5.3407075111026483 3.3135238720850539 -14.985625310444565
5.3450708342326338 3.2490290778857562 -14.548044662201489
5.3494341573626203 3.186802460898349 -13.949420460027339
5.3537974804926058 3.1274692700339211 -13.232640877662394
5.3581608036225914 3.071426428055803 -12.4467328954159
5.3625241267525778 3.0189279875123223 -11.607916237767782
5.3668874498825634 2.9701990571992232 -10.720415608961222
5.3712507730125489 2.9254364544853826 -9.7904644782104135
5.3756140961425354 2.8848037014011583 -8.831248205160902
5.3799774192725209 2.8483527757505702 -7.8833762313084659
5.3843407424025065 2.8159248889743207 -6.9928298687806638
5.388704065532492 2.7872171584085508 -6.1790585130657147
5.3930673886624785 2.7618810593949736 -5.4487362024057164
5.397430711792464 2.739536226654073 -4.8089905107044277
5.4017940349224496 2.719773203671906 -4.2665307621091522
5.406157358052436 2.702149465862449 -3.830129677161064
5.4105206811824216 2.6861822199267524 -3.5084097087237391
5.4148840043124071 2.6713585028921663 -3.3065381920349095
5.4192473274423936 2.6571511508015684 -3.2257303506430528
5.4236106505723791 2.6430311840156695 -3.2669702039264941
5.4279739737023647 2.6284720590987112 -3.424679811760698
5.4323372968323511 2.613021692175324 -3.6673172824387685
5.4367006199623367 2.5964020714423786 -3.9557503594175301
5.4410639430923222 2.5784571684047863 -4.274497275069602
5.4454272662223078 2.5590626979304232 -4.618922683077118
5.4497905893522942 2.5381202730195458 -4.9834183634408067
5.4541539124822798 2.5155599260845549 -5.3577065498241438
5.4585172356122653 2.4913977914518148 -5.7097674637698068
5.4628805587422518 2.4658212596215727 -6.0010115983483798
5.4672438818722373 2.439142511710064 -6.2142699805688579
5.4716072050022229 2.41171086898966 -6.3454726115324043
5.4759705281322093 2.3838919047161955 -6.3913587287158444
5.4803338512621949 2.356061070011529 -6.3510758199829116
5.4846971743921804 2.3285886563318758 -6.2280507007773362
5.4890604975221668 2.3018237351447617 -6.0275659357484592
5.4934238206521524 2.2760964530586518 -5.7526660150098028
5.497787143782138 2.2517262800316664 -5.4062429121318134
5.5021504669121235 2.2290175659035811 -4.9914207943635258
5.5065137900421099 2.2082574579186236 -4.5150344802006659
5.5108771131720955 2.1896710486619297 -4.0011138026567412
5.5152404363020811 2.1733510964439295 -3.4803565970701267
5.5196037594320675 2.1592884446273994 -2.9669995906109388
5.523967082562053 2.1474431569661192 -2.4646320959920334
5.5283304056920386 2.1377621558844702 -1.974857948019713
5.532693728822025 2.1301884597416838 -1.4993920447637725
5.5370570519520106 2.1246369124044575 -1.0518265507605637
5.5414203750819961 2.1209415174087436 -0.6510309811343209
5.5457836982119817 2.1188788476137272 -0.30300325276308548
5.5501470213419681 2.1182237302187539 -0.0055688350269595972
5.5545103444719537 2.1187601991241687 0.24370190050334864
5.5588736676019392 2.1202836776857414 0.44707678353827746
5.5632369907319257 2.1225902545084088 0.60134307116312702
5.5676003138619112 2.1254511048142049 0.70041211663744052
5.5719636369918968 2.1286213725851777 0.74369980081437925
5.5763269601218832 2.1318641640283302 0.73408340094728786
5.5806902832518688 2.1349529634355751 0.67324779537328283
5.5850536063818543 2.1376668951094286 0.56258942471572171
5.5894169295118408 2.1397959388415271 0.40617911832424158
5.5937802526418263 2.1411528690329558 0.20947322171631669
5.5981435757718119 2.1415687960603855 -0.025145169350752884
5.6025068989017974 2.1408790598927774 -0.29714984180524395
5.6068702220317839 2.1389201143502143 -0.60735486262370564
5.6112335451617694 2.1355233537473421 -0.95574300904852849
5.615596868291755 2.1305445493979431 -1.3282873748165105
5.6199601914217414 2.1239290613072881 -1.7027557707513732
5.624323514551727 2.115694633617148 -2.070739546549067
5.6286868376817125 2.1058651360434051 -2.4341261917759884
5.633050160811699 2.0944551029982934 -2.7959812459373272
5.6374134839416845 2.0814645434440449 -3.1585605072120879
5.6417768070716701 2.0669102098889414 -3.5082501928737591
5.6461401302016565 2.0509030089221585 -3.8210020438613688
5.6505034533316421 2.0336323476856086 -4.0879142973066394
5.6548667764616276 2.0152914695122939 -4.3120316887021319
5.6592300995916132 1.9960625213689636 -4.4950687676859671
5.6635934227215996 1.9761241285887274 -4.6371731965975309
5.6679567458515852 1.9556599455488775 -4.7350033573018022
5.6723200689815707 1.9348764520945265 -4.7826267082612315
5.6766833921115571 1.9140016494596217 -4.7766243811004969
5.6810467152415427 1.8932717959682295 -4.7161302168947401
5.6854100383715283 1.8729286796791564 -4.5985485971906712
5.6897733615015147 1.8532292915865889 -4.4208734207668821
5.6941366846315002 1.8344220595366749 -4.1931595294722985
5.6985000077614858 1.8166807920438706 -3.9353857173484399
5.7028633308914722 1.8001116580307106 -3.6553919974258253
5.7072266540214578 1.7848173735638961 -3.3507190900875212
5.7115899771514433 1.7709097086493226 -3.0195130795236964
5.7159533002814289 1.7585049836777691 -2.6622952643523323
5.7203166234114153 1.7476902148447728 -2.2958538322368844
5.7246799465414009 1.7384400110711207 -1.9499483635782076
5.7290432696713864 1.7306208625113177 -1.640374886196128
5.7334065928013729 1.7240697558704392 -1.3688117739366481
5.7377699159313584 1.7186176029955962 -1.1372113458699324
5.742133239061344 1.7140828114213487 -0.94886004855796491
5.7464965621913304 1.7102663857283309 -0.80922249843098026
5.750859885321316 1.7069394065831061 -0.72569334073348057
5.7552232084513015 1.70384466170919 -0.70325634057009534
5.7595865315812871 1.7007113197868635 -0.74339835137662535
5.7639498547112735 1.6972656940334692 -0.8465152303847705
5.7683131778412591 1.6932341705455209 -1.0114498589046417
5.7726765009712446 1.6883661895626925 -1.226533885196788
5.7770398241012311 1.682487823067101 -1.4710588686420392
5.7814031472312166 1.6755043751607299 -1.7323628255912029
5.7857664703612022 1.6673504796134524 -2.0071605442023919
5.7901297934911886 1.6579730038030633 -2.2926780520486103
5.7944931166211742 1.6473328002152592 -2.5852697895521239
5.7988564397511597 1.6354175819627321 -2.8742085088020044
5.8032197628811462 1.6222815502753039 -3.1418668922806328
5.8075830860111317 1.608046485375251 -3.3773037033660276
5.8119464091411173 1.5928588936206063 -3.5784468747766276
5.8163097322711028 1.5768687379062511 -3.7451489339092841
5.8206730554010893 1.5602248150552198 -3.8784970307251592
5.8250363785310748 1.5430660384116051 -3.9818871494958747
5.8293997016610604 1.5255128544040428 -4.0601404985323386
5.8337630247910468 1.5076648600135032 -4.1176082003850283
5.8381263479210324 1.489605196179455 -4.1577139215318244
5.8424896710510179 1.4714023830105865 -4.1837787569772509
5.8468529941810043 1.4531099541092241 -4.1994511657483713
5.8512163173109899 1.434761607757735 -4.2107579409376505
5.8555796404409755 1.4163584154652611 -4.2260137294349152
5.8599429635709619 1.3978680569590396 -4.2513241655227132
5.8643062867009474 1.3792404592231966 -4.2891164503320116
5.868669609830933 1.360419230988976 -4.3401261428055085
5.8730329329609186 1.3413474288119012 -4.4037075647848525
5.877396256090905 1.3219765884067702 -4.4762576775374905
5.8817595792208905 1.3022807049182674 -4.5515625071614085
5.8861229023508761 1.2822600634032442 -4.6245634093527856
5.8904862254808625 1.2619313896262592 -4.6923295251232622
5.8948495486108481 1.2413234537519926 -4.7520580172478084
5.8992128717408336 1.2204782142615256 -4.8005423556662148
5.9035761948708201 1.1994541635083067 -4.8329760261438954
5.9079395180008056 1.1783353695300534 -4.8428392172190167
5.9123028411307912 1.1572325562161732 -4.8251059301582258
5.9166661642607767 1.1362716337913499 -4.7776314027256674
5.9210294873907632 1.1155839058683816 -4.6998711070722701
5.9253928105207487 1.0953004751906286 -4.5925778039735574
5.9297561336507343 1.0755432035516621 -4.4597766948879283
5.9341194567807207 1.0564079721017781 -4.3088307967615513
5.9384827799107063 1.0379594090430988 -4.1456137591964302
5.9428461030406918 1.0202445579810153 -3.9728461892963884
5.9472094261706783 1.0033007154625446 -3.7925638708521094
5.9515727493006638 0.98715635606470353 -3.6066701850703753
5.9559360724306494 0.97182948088234833 -3.4187823990047614
5.9602993955606358 0.95731574571578981 -3.2350925919558016
5.9646627186906214 0.94358560425115645 -3.0599063698368116
5.9690260418206069 0.93059990526912861 -2.8937407735611349
5.9733893649505925 0.91832154908353092 -2.7354153498071772
5.9777526880805789 0.90672121752625134 -2.5823741629412189
5.9821160112105645 0.89578418101786372 -2.4306408563750779
5.98647933434055 0.88551463629345906 -2.275633642043414
5.9908426574705365 0.87593679173330785 -2.1128842597495043
5.995205980600522 0.86709274450966101 -1.938789117258273
5.9995693037305076 0.8590377559860557 -1.7508803851171963
6.003932626860494 0.85183591747134879 -1.5475109189490401
6.0082959499904796 0.84555354914308478 -1.3301336452900794
6.0126592731204651 0.84024020609613803 -1.1045783669081339
6.0170225962504515 0.83591932762321597 -0.87555567086837127
6.0213859193804371 0.83260233530223748 -0.64461208109892165
6.0257492425104227 0.83029359871150366 -0.41396228464627777
6.0301125656404082 0.82898410605636053 -0.18724996151075013
6.0344758887703946 0.82864089776062955 0.026648659301099626
6.0388392119003802 0.82917400623530535 0.21122106969423876
6.0432025350303658 0.83042136678524558 0.35262738989330067
6.0475658581603522 0.83217985558862817 0.44493915230273368
6.0519291812903377 0.83422720442331555 0.4843172109770485
6.0562925044203233 0.83632373658410952 0.46691470593586953
6.0606558275503097 0.83821694715947059 0.3911690067753183
6.0650191506802953 0.83965502939586645 0.2588374881940142
6.0693824738102808 0.84039523800684823 0.07116350572929199
6.0737457969402664 0.84019414382065993 -0.17282373652768218
6.0781091200702528 0.83880492493659708 -0.47328728397700254
6.0824724432002384 0.83598224693932921 -0.82991410809909694
6.0868357663302239 0.83149473756901005 -1.233170886977963
6.0911990894602104 0.82519136525566916 -1.6566660763735224
6.0955624125901959 0.8170400499139906 -2.0784759692773336
6.0999257357201815 0.80706344850768164 -2.4932674988083843
6.1042890588501679 0.7952960280947341 -2.8985421940936225
6.1086523819801535 0.78178736307437446 -3.2911199401037936
6.113015705110139 0.76660743509783547 -3.6618016321827684
6.1173790282401255 0.74989659236959993 -3.9881523328004338
6.121742351370111 0.73189627164409321 -4.2512270512728003
6.1261056745000966 0.71289703618054034 -4.4459604239930508
6.1304689976300821 0.69319954609527779 -4.5708399118349083
6.1348323207600686 0.67311363408307656 -4.6237323469451734
6.1391956438900541 0.65295265327721175 -4.6059558642701273
6.1435589670200397 0.63301164389883369 -4.5245416475620859
6.1479222901500261 0.6135521292673497 -4.3856823819080439
6.1522856132800117 0.59482166621807187 -4.1902233144822008
6.1566489364099972 0.57706758273128034 -3.9383507677497733
6.1610122595399837 0.56053567621810185 -3.6296838956302162
6.1653755826699692 0.54546531375905538 -3.2710332714770538
6.1697389057999548 0.53202830964889569 -2.8864044918369913
6.1741022289299412 0.52028382604968926 -2.4968643724612569
6.1784655520599268 0.51024108934715795 -2.1059272656530301
6.1828288751899123 0.50190903916291185 -1.7129994217035018
6.1871921983198979 0.4952960341582261 -1.3175380905242398
6.1915555214498843 0.49041069239615398 -0.92252910955685208
6.1959188445798699 0.48722400078964206 -0.54226680055157794
6.2002821677098554 0.48563858491394174 -0.18946310559979521
6.2046454908398418 0.48552874726636785 0.13454875789112627
6.2090088139698274 0.48677258660074779 0.43095020141182155
6.213372137099813 0.48924913630045314 0.69960151405982129
6.2177354602297994 0.4928377303524174 0.94072941167835544
6.2220987833597849 0.49741953101303266 1.1550304470683448
6.2264621064897705 0.50287910870231345 1.3430919993656822
6.2308254296197561 0.50910160571936969 1.5046044750251359
6.2351887527497425 0.51596973844379324 1.6389441247960415
6.239552075879728 0.52336225562978933 1.7445196615582916
6.2439153990097136 0.53115219468831798 1.8216652144111576
6.2482787221397 0.53922336970662343 1.8741182205342166
6.2526420452696856 0.54748669702265251 1.9126384338990685
6.2570053683996711 0.55586164449755426 1.9149631306612047
6.2613686915296576 0.56426902481332519 1.9661876771835265
6.2657320146596431 0.57260761679998484 1.7339686018711944
6.2700953377896287 0.57967777022395994 1.692210870783728
6.2744586609196151 0.58436798144738189 -0.41698096703780019
6.2788219840496007 0.58668159704356215 4.7911896038115236
6.2831853071795862 0.61810249533951522 4.4463657911293577
