# q  U_kJmol  dU_dq   # conservative spline pchip_hermite_v1
0 4.6203207170169414 -0.042339349000183692
0.0043633231299858239 4.6202381559076091 -0.017367879714630777
0.0087266462599716477 4.6201113848400173 -0.03211533518972965
0.013089969389957472 4.6199854536736158 -0.027916037302584577
0.017453292519943295 4.6198603865236265 -0.028794245928882963
0.021816615649929118 4.6197361206169489 -0.028335761063168187
0.026179938779914945 4.6196125334973264 -0.028273897976966514
0.030543261909900768 4.6194894748146469 -0.028149809107270871
0.034906585039886591 4.619366794533903 -0.028084531186910861
0.039269908169872414 4.6192443625790336 -0.028038825436984469
0.043633231299858237 4.6191220789866714 -0.028014183516411606
0.04799655442984406 4.6189998755389903 -0.028001346978905696
0.05235987755982989 4.6188777107389392 -0.027995659472727093
0.056723200689815713 4.6187555623918932 -0.027993361628825639
0.061086523819801536 4.6186334208082105 -0.02799227811152237
0.065449846949787352 4.6185112834530617 -0.027991352552836673
0.069813170079773182 4.6183891494296461 -0.027990940248135154
0.074176493209759012 4.6182670147611695 -0.027991667805878334
0.078539816339744828 4.6181448745660418 -0.027993413236227865
0.082903139469730658 4.6180227236551623 -0.027996871410764148
0.087266462599716474 4.6179005532215243 -0.028002083750539756
0.091629785729702304 4.617778358413549 -0.028007957636723826
0.09599310885968812 4.617656140254911 -0.028012063045106041
0.10035643198967395 4.6175339142304876 -0.028011230374118633
0.10471975511965978 4.617411704521726 -0.028004645942655778
0.1090830782496456 4.6172895352724161 -0.02799278064687612
0.11344640137963143 4.6171674299081706 -0.027975084256776694
0.11780972450961724 4.6170454129174185 -0.027953049839900063
0.12217304763960307 4.6169234843257261 -0.027937344042830707
0.1265363707695889 4.6168015869684229 -0.027939947747440502
0.1308996938995747 4.616679631106253 -0.027963988525216969
0.13526301702956053 4.6165575264201664 -0.028007770480677509
0.13962634015954636 4.6164351856466448 -0.028073247432314128
0.14398966328953219 4.6163125168306998 -0.028155424790098683
0.14835298641951802 4.616189515720877 -0.028215252204736734
0.15271630954950383 4.6160663905316532 -0.028207544341441196
0.15707963267948966 4.6159434749261941 -0.02811975991002176
0.16144295580947549 4.6158211065739856 -0.027958242697935905
0.16580627893946132 4.6156996106600241 -0.027715988005356452
0.17016960206944712 4.6155793322071226 -0.027409615069017377
0.17453292519943295 4.6154603022016003 -0.027181927752157296
0.17889624832941878 4.6153417630174722 -0.027203216834046199
0.18325957145940461 4.6152224743684815 -0.027523577973020061
0.18762289458939044 4.6151011738717473 -0.028119383034202798
0.19198621771937624 4.6149766494987299 -0.029015620323652101
0.19634954084936207 4.6148476076100673 -0.030157455125308839
0.2007128639793479 4.6147138775993346 -0.031023208894938908
0.20507618710933373 4.6145782133348536 -0.030971569231679499
0.20943951023931956 4.6144452239814733 -0.029803135630835222
0.21380283336930536 4.614319628773929 -0.027605536103688721
0.21816615649929119 4.6142059461132812 -0.024290063693957326
0.22252947962927702 4.6141090230814017 -0.020036016999403872
0.22689280275926285 4.6140296936633893 -0.016748126400144253
0.23125612588924865 4.6139579486528453 -0.016842603183636552
0.23561944901923448 4.6138766345365809 -0.02111716465026316
0.23998277214922031 4.6137680373737835 -0.029262115481351728
0.24434609527920614 4.6136151493168143 -0.041618367396491406
0.24870941840919197 4.6133994875748954 -0.057660591132895657
0.2530727415391778 4.6131165638946916 -0.070541353044453636
0.25743606466916363 4.6128014702445315 -0.071340425955681006
0.26179938779914941 4.6125157641358268 -0.057176429318022429
0.26616271092913524 4.6123219931165451 -0.029618046452293562
0.27052603405912107 4.612277602193017 0.011900525163552864
0.2748893571891069 4.6124424240863657 0.064818181318747184
0.27925268031909273 4.6128218883394458 0.10305033801522591
0.28361600344907856 4.6132691476877801 0.091393744839114444
0.28797932657906439 4.6135283431227441 0.017097212626126478
0.29234264970905022 4.6133310593537544 -0.11721526938816822
0.29670597283903605 4.612416733302334 -0.31252274917093475
0.30106929596902182 4.610519913134973 -0.56549550109213498
0.30543261909900765 4.6074537465303624 -0.83779359621928329
0.30979594222899348 4.6032587712250175 -1.0757235446628843
0.31415926535897931 4.5981465283549738 -1.2584840706157796
0.31852258848896514 4.5923546082541051 -1.387490381147312
0.32288591161895097 4.5861179436198602 -1.4618000708449124
0.3272492347489368 4.5796774192678829 -1.4815024354762329
0.33161255787892263 4.5732519320953839 -1.4582081014801904
0.33597588100890846 4.5669900089638942 -1.4088859190351217
0.34033920413889424 4.5609866292900456 -1.3392492447296223
0.34470252726888007 4.5553337068426139 -1.2484000973914462
0.3490658503988659 4.5501288538344173 -1.1324068678033947
0.35342917352885173 4.5454890879571987 -0.99063378798380508
0.35779249665883756 4.5414651257023984 -0.86179866202275923
0.36215581978882339 4.5378629133470829 -0.8055429917987097
0.36651914291880922 4.5342968723518187 -0.84455733240712483
0.37088246604879505 4.5303643155293729 -0.97188376522229736
0.37524578917878088 4.5256878312980877 -1.1870482231073849
0.37960911230876665 4.5198829307337114 -1.4863926892761565
0.38397243543875248 4.5126862539704904 -1.8066071143997009
0.38833575856873831 4.50422743693405 -2.0511035040909191
0.39269908169872414 4.4949545072261712 -2.1804298913685525
0.39706240482870997 4.4853546277819669 -2.2031646740776902
0.4014257279586958 4.475876603232817 -2.1239119816203562
0.40578905108868163 4.466956440983374 -1.9508488504730721
0.41015237421866746 4.4588976998512768 -1.7465266707591858
0.41451569734865329 4.4516211920570194 -1.6067849616418597
0.41887902047863912 4.4447121918688204 -1.5795703344000793
0.42324234360862489 4.4376645200797125 -1.670834504936223
0.42760566673861072 4.4299481649709262 -1.8880888042585828
0.43196898986859655 4.4209948472548461 -2.2380330627745515
0.43633231299858238 4.4102438580505678 -2.7074624418466806
0.44069563612856821 4.397232666658387 -3.2697890922959201
0.44505895925855404 4.3815929436094097 -3.9122989089950448
0.44942228238853987 4.3629759194093101 -4.63421971834586
0.4537856055185257 4.3410389605559212 -5.4336870745408916
0.45814892864851153 4.3154521366827288 -6.3059781042485241
0.46251225177849731 4.2859336599869264 -7.2300143253042632
0.46687557490848314 4.2523319805133593 -8.1721872030728218
0.47123889803846897 4.2146202881641441 -9.1126996019154891
0.4756022211684548 4.1728208266947115 -10.044856845553294
0.47996554429844063 4.1269829364602879 -10.962877579886394
0.48432886742842646 4.0771813833382362 -11.860470346579481
0.48869219055841229 4.0235365231608702 -12.719755687667085
0.49305551368839812 3.9662757857291138 -13.513578911298985
0.49741883681838395 3.9057247368456127 -14.227346260273185
0.50178215994836972 3.8422374142139857 -14.859538273519552
0.50614548307835561 3.7761704320250491 -15.409479253284513
0.51050880620834138 3.7078843008779518 -15.876941016512957
0.51487212933832727 3.637730041831055 -16.267357547785547
0.51923545246831304 3.5660226884384034 -16.590488804825185
0.52359877559829882 3.4930400976195983 -16.852164928512465
0.5279620987282847 3.4190469934933221 -17.053895617389976
0.53232542185827048 3.3443029831822728 -17.19635957248466
0.53668874498825636 3.2690657920738784 -17.280144264298873
0.54105206811824214 3.1935774343465244 -17.31431712729605
0.54541539124822802 3.1180173813855965 -17.31582444168447
0.5497787143782138 3.0425036221685202 -17.293087098986792
0.55414203750819968 2.9671439601353859 -17.244750502405644
0.55850536063818546 2.8920549082238329 -17.168826997809628
0.56286868376817123 2.8173600321633612 -17.06378444661943
0.56723200689815712 2.7431864210278039 -16.930467441670118
0.57159533002814289 2.6696495145121726 -16.772616799969015
0.57595865315812877 2.5968505513045557 -16.592198076674091
0.58032197628811455 2.5248884480136176 -16.388968671492741
0.58468529941810043 2.4538624988515658 -16.163270353573473
0.58904862254808621 2.3838682301925758 -15.916309600148251
0.59341194567807209 2.3149956484228018 -15.649304571945143
0.59777526880805787 2.2473296463180055 -15.363487272541555
0.60213859193804364 2.1809483057638492 -15.060910209512972
0.60650191506802953 2.1159184785477803 -14.744535418840394
0.6108652381980153 2.0522937576944793 -14.417299549579754
0.61522856132800119 1.9901156745532671 -14.081903020406161
0.61959188445798696 1.9294111681911585 -13.742933418941918
0.62395520758797285 1.8701815995482594 -13.406959114934889
0.62831853071795862 1.81240296663407 -13.07814353296531
0.63268185384794451 1.7560415664808802 -12.757372772137581
0.63704517697793028 1.701062238572659 -12.444611048476139
0.64140850010791606 1.6474310569406623 -12.139268722996889
0.64577182323790194 1.5951152556106167 -11.842093769969818
0.65013514636788772 1.544073487572637 -11.555786263345599
0.6544984694978736 1.4942550829082055 -11.281107778352787
0.65886179262785938 1.4456132444472118 -11.016059194269179
0.66322511575784526 1.3981109154985605 -10.758515653033195
0.66758843888783104 1.3517190374029668 -10.506779605951085
0.67195176201781692 1.3064173774804835 -10.258198767860454
0.6763150851478027 1.2622001573841404 -10.009073464408017
0.68067840827778847 1.2190756830463148 -9.7572329736978425
0.68504173140777436 1.1770560221486008 -9.5027898322510023
0.68940505453776013 1.1361506309981617 -9.2466736764402775
0.69376837766774602 1.0963638446116744 -8.9903700130226287
0.69813170079773179 1.0576933096269181 -8.7351269091549106
0.70249502392771768 1.0201331680314256 -8.4814748000579083
0.70685834705770345 0.98367406997858409 -8.2308543060167345
0.71122167018768934 0.94829694479155113 -7.9860568695280074
0.71558499331767511 0.91397004017179706 -7.749878891667012
0.71994831644766089 0.88065057752476483 -7.5246436891497934
0.72431163957764677 0.84828355807864708 -7.314244691723581
0.72867496270763255 0.81679125162185373 -7.1248158254029388
0.73303828583761843 0.78607146677772499 -6.9603752013691569
0.73740160896760421 0.75601372663029476 -6.8212314243269248
0.74176493209759009 0.72650941650664513 -6.7065482974700981
0.74612825522757587 0.69745465278863061 -6.6148287856601611
0.75049157835756175 0.66875250022520538 -6.54486704729233
0.75485490148754752 0.64030839390254424 -6.4965764147871798
0.7592182246175333 0.6120296495775589 -6.468586622292011
0.76358154774751918 0.58383493571728873 -6.4573667983288052
0.76794487087750496 0.55565976570881637 -6.4590234322510502
0.77230819400749084 0.52745576718770337 -6.4700003830913264
0.77667151713747662 0.49919265271076563 -6.4849021083030287
0.7810348402674625 0.47087064048504579 -6.4954585030000525
0.78539816339744828 0.44252485399428232 -6.4951722887129932
0.78976148652743416 0.41420919291852298 -6.4813940221107087
0.79412480965741994 0.38598595999174434 -6.4525316790394998
0.79848813278740571 0.35792359590752537 -6.4076051349836254
0.8028514559173916 0.33009642787093696 -6.3438594948232971
0.80721477904737737 0.30259991370569383 -6.2547188531788436
0.81157810217736326 0.27555726022089599 -6.1356345865066375
0.81594142530734903 0.2490996182950968 -5.9868363575585972
0.82030474843733492 0.22335382256065606 -5.8094598313314805
0.82466807156732069 0.19844261527294862 -5.6045140285219883
0.82903139469730658 0.17448452101178308 -5.3725407726112353
0.83339471782729235 0.15159876131306091 -5.1127844173780685
0.83775804095727824 0.12990798888212488 -4.8248874341811741
0.84212136408726401 0.1095332876908563 -4.5097550671517661
0.84648468721724979 0.090590962365053762 -4.1684884863974787
0.85084801034723567 0.073193047603680797 -3.8019995891057001
0.85521133347722145 0.057446485689022157 -3.4119766896565471
0.85957465660720733 0.043447592584263187 -3.0015620399744152
0.86393797973719311 0.03127825193942143 -2.5737273644128185
0.86830130286717899 0.021010195348261179 -2.1303464809512782
0.87266462599716477 0.012707222020317302 -1.6733863386921688
0.87702794912715065 0.0064235789611427011 -1.205126840579102
0.88139127225713643 0.0022017033793165115 -0.7291688556956808
0.8857545953871222 6.2736263117642993e-05 -0.25159102555954516
0.89011791851710809 0 0.22175322143951379
0.89448124164709386 0.0019860616682511444 0.68695927993477768
0.89884456477707975 0.0059777413473771929 1.1404018615280578
0.90320788790706552 0.011915482205404988 1.5783999514262608
0.90757121103705141 0.019723149138593618 1.9966445822421466
0.91193453416703718 0.029302173224761349 2.3892299008907245
0.91629785729702307 0.040528299648365247 2.7510036103273281
0.92066118042700884 0.053260334973959038 3.0791742952494801
0.92502450355699462 0.067347701791708944 3.3719618312074555
0.9293878266869805 0.082633015770452997 3.6281460914094392
0.93375114981696627 0.098955424633214065 3.8473232292046884
0.93811447294695216 0.11615394043024782 4.0298510923587454
0.94247779607693793 0.13407094694905031 4.176927090498805
0.94684111920692382 0.15255590534434305 4.2905880123774995
0.95120444233690959 0.17146895523769234 4.3736973056046793
0.95556776546689548 0.1906839857063361 4.4295597933377939
0.95993108859688125 0.21009204352269567 4.4633429269464688
0.96429441172686703 0.22961482496000468 4.4839418845259775
0.96865773485685291 0.24921554551029296 4.5002280588817341
0.97302105798683869 0.2688889237904068 4.5180271658877373
0.97738438111682457 0.2886525458082484 4.5425473623154788
0.98174770424681035 0.30854726822138767 4.5788524853065855
0.98611102737679623 0.32863717586378038 4.6334492673452434
0.99047435050678201 0.34902424887389738 4.7172723511703474
0.99483767363676789 0.36986033320706035 4.8404165356573561
0.99920099676675367 0.39132906863272177 5.0077130091076816
1.0035643198967394 0.41362931696853883 5.2220679452244712
1.0079276430267252 0.43697264526660018 5.4862268460328751
1.0122909661567112 0.46157975296208864 5.8013159695546896
1.016654289286697 0.48767022100929791 6.1655947349647082
1.0210176124166828 0.51545253082545095 6.5764987171845242
1.0253809355466685 0.54512687217417433 7.0326937967317651
1.0297442586766545 0.57688741529071541 7.5322412326895201
1.0341075818066403 0.61091839089834987 8.0732574803238357
1.0384709049366261 0.647390297555963 8.6489400136928225
1.0428342280666119 0.68641496186791562 9.2386010760975861
1.0471975511965976 0.72800192090986504 9.8211252564391689
1.0515608743265836 0.77209805767547812 10.388255082805763
1.0559241974565694 0.81862717618536973 10.935190147322372
1.0602875205865552 0.86748908431816474 11.457023088456694
1.064650843716541 0.91856023446100343 11.945627175196211
1.0690141668465269 0.9716564989969807 12.380706897380461
1.0733774899765127 1.0264953767618594 12.742282615077043
1.0777408131064985 1.0827370996956489 13.023557912051803
1.0821041362364843 1.1400280741853293 13.222818525924026
1.08646745936647 1.198005796788097 13.338086224683165
1.090830782496456 1.2563034503963928 13.369896393619692
1.0951941056264418 1.3145668700186766 13.323818820367253
1.0995574287564276 1.3724726816420172 13.20690824075503
1.1039207518864134 1.4297219360337436 13.023339483178194
1.1082840750163994 1.4860319625763052 12.7773440914328
1.1126473981463851 1.5411405140611232 12.473055514904255
1.1170107212763709 1.5948075242019797 12.119000992747138
1.1213740444063567 1.6468610901187921 11.739054303663009
1.1257373675363425 1.6972494666606623 11.358673168656194
1.1301006906663285 1.7459987480750552 10.988285722176318
1.1344640137963142 1.7931616613502246 10.632551457225377
1.1388273369263 1.8388134486164496 10.296195862432846
1.1431906600562858 1.8830482743854524 9.9841478327739104
1.1475539831862718 1.9259907180359528 9.7058880930198548
1.1519173063162575 1.9678104541873698 9.470481774892594
1.1562806294462433 2.0087022699239649 9.2804588893353639
1.1606439525762291 2.0488621945983758 9.1347544406536159
1.1650072757062149 2.0884810789702257 9.0323919832210482
1.1693705988362009 2.1277417520165152 8.9692663854921815
1.1737339219661866 2.166789145881248 8.9312033047650576
1.1780972450961724 2.2056937456897368 8.9017633007212957
1.1824605682261582 2.2444730175553627 8.8732392903021893
1.1868238913561442 2.2831224152291099 8.8413112731000147
1.19118721448613 2.321616662911469 8.8015791592036017
1.1955505376161157 2.3599109397459044 8.7482725282762743
1.1999138607461015 2.3979205246554223 8.6680015894310891
1.2042771838760873 2.4354930251386926 8.5461351116497966
1.2086405070060733 2.472429663954403 8.3761685677762561
1.2130038301360591 2.5085156039195411 8.1558174968946116
1.2173671532660448 2.5435249950392733 7.8821104156256574
1.2217304763960306 2.5772208948897295 7.5540192743242569
1.2260937995260166 2.6093769899291988 7.1783090435942158
1.2304571226560024 2.6398072604536535 6.763959773807362
1.2348204457859882 2.6683501629259925 6.3128188677106358
1.2391837689159739 2.6948420747727453 5.8239157965918
1.2435470920459597 2.7191161550850165 5.2956430679982223
1.2479104151759457 2.7409997488068614 4.7291909029601991
1.2522737383059315 2.7603553119288406 4.1415489741105622
1.2566370614359172 2.7771422723337555 3.5543819091176632
1.261000384565903 2.7913832580035995 2.9741676739373513
1.265363707695889 2.8031054918074609 2.3999421761150108
1.2697270308258748 2.8123353310194079 1.8316478918714438
1.2740903539558606 2.8191000181898773 1.2704925406766263
1.2784536770858463 2.8234435901077974 0.72385830745284685
1.2828170002158321 2.8254522267554782 0.2015311262614381
1.2871803233458181 2.8252446782866119 -0.29164579837492904
1.2915436464758039 2.8229525187613795 -0.75362054968537395
1.2959069696057897 2.8187187933491349 -1.1807399769487295
1.3002702927357754 2.8127033203827372 -1.5702492683821858
1.3046336158657614 2.8050616518790576 -1.9282217469045775
1.3089969389957472 2.795908747402561 -2.263961549861901
1.313360262125733 2.7853364432538674 -2.5779865045093593
1.3177235852557188 2.773449175515236 -2.8661565778736193
1.3220869083857045 2.7603675405023185 -3.124740144832475
1.3264502315156905 2.7462268832412482 -3.3515523144492332
1.3308135546456763 2.7311578742138494 -3.5521377891484049
1.3351768777756621 2.7152533030874006 -3.7357615596649629
1.3395402009056478 2.6985768994033972 -3.9058441609234871
1.3439035240356338 2.6811882596336365 -4.0622604226060108
1.3482668471656196 2.6631445187365239 -4.2066245924053991
1.3526301702956054 2.6444936875698999 -4.3405705312618306
1.3569934934255912 2.6252874885735653 -4.459669921391372
1.3613568165555769 2.60560749714175 -4.5569248976730874
1.3657201396855629 2.585553184152424 -4.6319258305487629
1.3700834628155487 2.5652134676452554 -4.6882606722446694
1.3744467859455345 2.5446623611406842 -4.7294904331422316
1.3788101090755203 2.5239592802209603 -4.7580675150321499
1.3831734322055063 2.5031652179520814 -4.7695735054127217
1.387536755335492 2.482373739745384 -4.7557499595683108
1.3919000784654778 2.4617046682504622 -4.713600826656311
1.3962634015954636 2.4412799100293854 -4.6438828148788494
1.4006267247254494 2.4212205651817005 -4.5456868323806523
1.4049900478554354 2.4016542661041647 -4.4179557444384479
1.4093533709854211 2.3827006224804901 -4.2668519162465568
1.4137166941154069 2.3644386309109002 -4.1022225322466399
1.4180800172453927 2.3469189370673309 -3.9259326512332713
1.4224433403753787 2.3302007346847233 -3.7342903008218613
1.4268066635053644 2.3143597592258831 -3.5229478422488918
1.4311699866353502 2.2994907132661799 -3.2885737226495877
1.435533309765336 2.2856839705624012 -3.0387772426722073
1.4398966328953218 2.2729738348786674 -2.787979916255392
1.4442599560253078 2.261348978133177 -2.5408114204343093
1.4486232791552935 2.2508001535193154 -2.2942746999124743
1.4529866022852793 2.2413297095939728 -2.0463249347411159
1.4573499254152651 2.2329461888867712 -1.795907413370657
1.4617132485452511 2.225661335055912 -1.5428262061096283
1.4660765716752369 2.2194852196048398 -1.2878684983096691
1.4704398948052226 2.2144235684448801 -1.0322189762337475
1.4748032179352084 2.2104762986396014 -0.77733338805643426
1.4791665410651942 2.2076356055819413 -0.5255069539957673
1.4835298641951802 2.2058821604469254 -0.27933554324278248
1.487893187325166 2.2051909288276899 -0.037986796541218087
1.4922565104551517 2.2055482621661087 0.20171118207796179
1.4966198335851375 2.2069479899648328 0.43920831828633639
1.5009831567151235 2.2093722064944892 0.67060599808693022
1.5053464798451093 2.2127857130719373 0.89209044140293892
1.509709802975095 2.2171374722369843 1.100035682411292
1.5140731261050808 2.222359492659951 1.2902128015321768
1.5184364492350666 2.2283644116606096 1.4581880613332843
1.5227997723650526 2.2350471434187931 1.6004210381458086
1.5271630954950384 2.2422898079955211 1.7145250425318617
1.5315264186250241 2.2499651361850104 1.7983350834581839
1.5358897417550099 2.2579370100049463 1.8503582595797106
1.5402530648849959 2.2660713096625611 1.8740210506532207
1.5446163880149817 2.2742607285392125 1.8769196734824078
1.5489797111449675 2.2824264780944925 1.8632857479204727
1.5533430342749532 2.2904987590282286 1.8343847103403761
1.557706357404939 2.2984138197046287 1.7912618094543982
1.562069680534925 2.3061128324933113 1.736014178519256
1.5664330036649108 2.3135700659311378 1.6853487809490619
1.5707963267948966 2.3208697432089811 1.6686951295956873
1.5751596499248823 2.328206217409535 1.7029471969841765
1.5795229730548683 2.3358090800101583 1.7910474516505641
1.5838862961848541 2.3439176406473123 1.935241896434301
1.5882496193148399 2.3527827819276159 2.1382427536135755
1.5926129424448257 2.3626734829547429 2.4073543542557254
1.5969762655748114 2.3739042505111958 2.7543919128511454
1.6013395887047974 2.3868327709392125 3.1857808449541989
1.6057029118347832 2.4018272025844234 3.7008923714359918
1.610066234964769 2.4192499304348765 4.2990467441498863
1.6144295580947547 2.4394626227183709 4.9791294584872539
1.6187928812247407 2.4627896831034404 5.7201642493267126
1.6231562043547265 2.489410352852699 6.481743139670276
1.6275195274847123 2.5193481563285625 7.2396049300306062
1.6318828506146981 2.5525764132269013 7.9896211551319238
1.6362461737446838 2.589056364600876 8.7297440265121864
1.6406094968746698 2.6287395500364332 9.4573182627824881
1.6449728200046556 2.671529266391516 10.145173283964391
1.6493361431346414 2.7171367490173184 10.739425669954969
1.6536994662646272 2.7650668885657916 11.208855751520019
1.6580627893946132 2.8147704378977738 11.553131057685393
1.6624261125245989 2.8657085249004881 11.774712080960457
1.6667894356545847 2.9173482711358401 11.875343612129218
1.6711527587845705 2.969164861774114 11.855251071432713
1.6755160819145565 3.020624804260418 11.711365751515283
1.6798794050445423 3.0711863479876942 11.444092878788254
1.684242728174528 3.1203220137145644 11.059014704784774
1.6886060513045138 3.1675308022229216 10.561415588111482
1.6929693744344996 3.212330154726192 9.9554608724996303
1.6973326975644856 3.2542871171799925 9.2659892396635648
1.7016960206944713 3.2931416869335095 8.5424989464230343
1.7060593438244571 3.32883122126381 7.8167655936848854
1.7104226669544429 3.361358667565967 7.092979655223866
1.7147859900844289 3.3907325643262998 6.3715442294840701
1.7191493132144147 3.4169644593282911 5.6525696404131001
1.7235126363444004 3.440094294336824 4.956802797671461
1.7278759594743862 3.4603259248427354 4.3333667786580818
1.732239282604372 3.4780595759199198 3.8127349205421797
1.736602605734358 3.4937462150233216 3.3937924685741101
1.7409659288643438 3.507817383304058 3.0720564532533507
1.7453292519943295 3.5206921068229784 2.8446122224507939
1.7496925751243153 3.532779196770226 2.7119733841946734
1.7540558982543013 3.54450675988882 2.681243575662434
1.7584192213842871 3.5563309525650606 2.7560467991569895
1.7627825445142729 3.5687066715558546 2.9332028650356006
1.7671458676442586 3.5820720126478394 3.2093909759315689
1.7715091907742444 3.596855732667064 3.5831020183759539
1.7758725139042304 3.613459464534543 4.0386232239009008
1.7802358370342162 3.6321655966080972 4.5396792340486343
1.7845991601642019 3.6531048306773766 5.0608057267273798
1.7889624832941877 3.6763535046843252 5.5984655184010768
1.7933258064241737 3.7019838761967012 6.1520883782894522
1.7976891295541595 3.7300630761212701 6.7211621219607087
1.8020524526841453 3.7606347675644423 7.2886456144901786
1.806415775814131 3.793601861701112 7.8103064094187298
1.8107790989441168 3.8286799877112565 8.2545759132476277
1.8151424220741028 3.8655199211380697 8.6186052556941704
1.8195057452040886 3.9037763882673264 8.9034847658153407
1.8238690683340744 3.9431015065836399 9.1086246486219888
1.8282323914640601 3.983147495846822 9.2335703947043317
1.8325957145940461 4.0235596411813193 9.2760322518703422
1.8369590377240319 4.0639748498742021 9.2350956575568919
1.8413223608540177 4.1040323677007366 9.1125562635800534
1.8456856839840035 4.1433819557794589 8.9109836687583535
1.8500490071139892 4.1816828687917464 8.632060936477405
1.8544123302439752 4.218617274287471 8.288767235310349
1.858775653373961 4.253969524801275 7.9135137758001628
1.8631389765039468 4.2876665861903698 7.5319874653119907
1.8675022996339325 4.3196982260467269 7.150262453840468
1.8718656227639185 4.3500681859170625 6.7711423097759917
1.8762289458939043 4.3787939669689768 6.3964068115765498
1.8805922690238901 4.4059165367144573 6.0417279653999447
1.8849555921538759 4.4316106867677254 5.7507829131442598
1.8893189152838616 4.4562421303467072 5.5564697814439024
1.8936822384138476 4.4802419685220958 5.4597443231235259
1.8980455615438334 4.5040207274086939 5.4546964785573779
1.9024088846738192 4.527976137608805 5.5410668894347257
1.906772207803805 4.5524606613584435 5.6858812662616245
1.911135530933791 4.5775416096107664 5.7941163089530914
1.9154988540637767 4.6028582876819195 5.7885089276766637
1.9198621771937625 4.6278735483800029 5.6575399745982393
1.9242255003237483 4.6520510460849556 5.4037804431389356
1.9285888234537341 4.6748440586762872 5.0218822714808047
1.9329521465837201 4.6957316095218031 4.5412336511553422
1.9373154697137058 4.7144700449235666 4.0580043760480411
1.9416787928436916 4.731260118741675 3.6543524129362353
1.9460421159736774 4.7464982509574929 3.3455583456402422
1.9504054391036634 4.7605958340018413 3.1331662853631839
1.9547687622336491 4.7739901447457749 3.0238103315925233
1.9591320853636349 4.7871313675559168 3.0160813455826632
1.9634954084936207 4.8004397881713841 3.0972995410372426
1.9678587316236065 4.8142698366687293 3.2537574015921638
1.9722220547535925 4.8289341199326197 3.478930252166299
1.9765853778835782 4.8447179307978097 3.7650890435027358
1.980948701013564 4.8618720610833872 4.107173739294109
1.9853120241435498 4.8805929319234451 4.4720498536329858
1.9896753472735358 4.9007855781593648 4.7595903797388353
1.9940386704035216 4.9218872564020213 4.8814747530054365
1.9984019935335073 4.9431172445179508 4.819620473474628
2.0027653166634933 4.9636815423244354 4.5756776465039515
2.0071286397934789 4.9827741603128421 4.1437557831454335
2.0114919629234649 4.9996050384022519 3.5484757482785474
2.0158552860534504 5.0136378479508084 2.8826497261271631
2.0202186091834364 5.0247855949224771 2.2338007200075114
2.0245819323134224 5.0331886454294148 1.6242855735121848
2.028945255443408 5.0390265756917696 1.0604341164328686
2.033308578573394 5.0425276090278803 0.55497635137711987
2.0376719017033795 5.0439639103706329 0.11432174776792681
2.0420352248333655 5.0436123264748991 -0.26646656230816462
2.0463985479633515 5.0417178387293431 -0.59274060489430713
2.0507618710933371 5.038525721463186 -0.85986300876974442
2.0551251942233231 5.034309240655511 -1.0615841808986868
2.0594885173533091 5.0293638897164481 -1.1930117679998919
2.0638518404832946 5.0240023645985472 -1.2528547234434186
2.0682151636132806 5.018522832368407 -1.2493313162510273
2.0725784867432662 5.0131789174761874 -1.1914740902833605
2.0769418098732522 5.0082013899840261 -1.0812733679652986
2.0813051330032382 5.0038175737117951 -0.91981829710461949
2.0856684561332237 5.0002444659437977 -0.71023142855149934
2.0900317792632097 4.9976818649153367 -0.4578586089898114
2.0943951023931953 4.9962972093936422 -0.17226782724057607
2.0987584255231813 4.9962106363939895 0.13538769828245051
2.1031217486531673 4.9974963990369927 0.45521909890814638
2.1074850717831528 5.0001855913998687 0.77671365318038288
2.1118483949131388 5.0042628871571662 1.0902208253064909
2.1162117180431244 5.00966686874317 1.381249159563871
2.1205750411731104 5.0162383827735049 1.6185268131615811
2.1249383643030963 5.0236695631642343 1.7721870934498232
2.1293016874330819 5.0315674266207893 1.8321990100838019
2.1336650105630679 5.0395219889199652 1.7983419563894487
2.1380283336930539 5.0471200286742199 1.667614661654883
2.1423916568230394 5.0539526284059333 1.4529762556408057
2.1467549799530254 5.059769532363644 1.2176384078520031
2.151118303083011 5.0646460880246442 1.028751367499751
2.155481626212997 5.0688425201423479 0.90548300967121353
2.159844949342983 5.0726432123598926 0.84773426562831178
2.1642082724729685 5.0763460947415444 0.86265779736191439
2.1685715956029545 5.0802634974781116 0.94095665644765458
2.1729349187329401 5.0845536928421886 1.0166443501255882
2.1772982418629261 5.0890260968934493 1.0171855118019197
2.1816615649929121 5.0932945301535577 0.92437065088962078
2.1860248881228976 5.0969626387352962 0.74209610224137112
2.1903882112528836 5.0996352713595074 0.46681746117233452
2.1947515343828692 5.1009139155477978 0.10733187360023003
2.1991148575128552 5.1005282484527914 -0.282179131808803
2.2034781806428412 5.0984969444951371 -0.64040223263795104
2.2078415037728267 5.0950116423509764 -0.94915090008093028
2.2122048269028127 5.0902866153775612 -1.2080006492439619
2.2165681500327987 5.0845501255594581 -1.4116556164538283
2.2209314731627843 5.0780488922108162 -1.5594155445883791
2.2252947962927703 5.0709986903267179 -1.6679627473634839
2.2296581194227558 5.0635206121660588 -1.7576430277426778
2.2340214425527418 5.055681371286223 -1.8328779553747334
2.2383847656827278 5.0475496351933016 -1.891680053633277
2.2427480888127134 5.0391971159517484 -1.9341409390692017
2.2471114119426994 5.0306942386995397 -1.9606731634359853
2.2514747350726849 5.022109923218939 -1.971454734986033
2.2558380582026709 5.0135122147247415 -1.966997383602386
2.2602013813326569 5.0049643542171092 -1.948980624466135
2.2645647044626425 4.9965204084168304 -1.9197855714980969
2.2689280275926285 4.9882240335275663 -1.8816737680176949
2.2732913507226145 4.9801087875202663 -1.8373187045326613
2.2776546738526 4.972192559069204 -1.7914813238830092
2.282017996982586 4.9644699823573761 -1.7492063894675434
2.2863813201125716 4.956919088025753 -1.7129582699071211
2.2907446432425576 4.9495115136821397 -1.683646007740434
2.2951079663725436 4.9422156126436683 -1.6618227019462612
2.2994712895025291 4.9349985287194844 -1.6474566224383571
2.3038346126325151 4.9278290709995742 -1.6398082242498859
2.3081979357625007 4.9206805250106198 -1.6376446834094234
2.3125612588924866 4.9135317974710526 -1.6396942228533673
2.3169245820224726 4.9063675393571478 -1.6444624672796622
2.3212879051524582 4.899178811975605 -1.6508418156477196
2.3256512282824442 4.8919614912108731 -1.6570393690551863
2.3300145514124297 4.8847285066709336 -1.6562987877297626
2.3343778745424157 4.8775293990388642 -1.6405411320247281
2.3387411976724017 4.8704377973035164 -1.6071046801838256
2.3431045208023873 4.8635291510837462 -1.5569015868191451
2.3474678439323733 4.8568751832131394 -1.4902555310589269
2.3518311670623593 4.8505452925713639 -1.4091198235989277
2.3561944901923448 4.8445831132925461 -1.3246699097018915
2.3605578133223308 4.8389690515081973 -1.2514376041393904
2.3649211364523164 4.8336374525788575 -1.195261628258752
2.3692844595823024 4.8285132851219084 -1.1563713089350218
2.3736477827122884 4.8235197358917103 -1.1356827097922635
2.3780111058422739 4.8185765962927185 -1.1328618388644398
2.3823744289722599 4.8136188153895194 -1.1402414315911105
2.3867377521022455 4.8086269297428963 -1.1470592451788444
2.3911010752322315 4.803616096359641 -1.1488845965002732
2.3954643983622175 4.7986084528675832 -1.1455996740780279
2.399827721492203 4.7936277332631514 -1.136209303264641
2.404191044622189 4.7887023284321115 -1.1205125706707932
2.4085543677521746 4.7838486422993149 -1.1053480904804425
2.4129176908821606 4.779041126226879 -1.1006484039951703
2.4172810140121466 4.7742231736613885 -1.1100430390032936
2.4216443371421321 4.7693357926164337 -1.1320752957315379
2.4260076602721181 4.7643250469149763 -1.1671064299303522
2.4303709834021041 4.7591343618167876 -1.2134861423206438
2.4347343065320897 4.7537510324411762 -1.2491058230950107
2.4390976296620757 4.7482962107810609 -1.2418543101691881
2.4434609527920612 4.7429950025821546 -1.1787783190919505
2.4478242759220472 4.7380874961237467 -1.0620275828724688
2.4521875990520332 4.7338060715359145 -0.89095495565338545
2.4565509221820188 4.7303883394033033 -0.66770282520831015
2.4609142453120048 4.7280059884252239 -0.42607714032562927
2.4652775684419903 4.7266227780037608 -0.21699792178303445
2.4696408915719763 4.726033074505124 -0.062406864114306619
2.4740042147019623 4.7260005447449362 0.038809303000425913
2.4783675378319479 4.7262925002822502 0.085537677627435721
2.4827308609619338 4.7266678786650234 0.077864992252775891
2.4870941840919194 4.7269223408339238 0.036048817886516239
2.4914575072219054 4.7269792838926952 -0.0079538006319644135
2.4958208303518914 4.7268705827335529 -0.039819863841094087
2.5001841534818769 4.7266489219424157 -0.059906889556357881
2.5045474766118629 4.7263657649376682 -0.067639727460904631
2.5089107997418489 4.7260775825413752 -0.062358236789832169
2.5132741228718345 4.7258334011376961 -0.048953712227162598
2.5176374460018205 4.7256502639204756 -0.035629556120311698
2.522000769131806 4.7255169323942319 -0.026115943471308488
2.526364092261792 4.7254172183740319 -0.020136984940955307
2.530727415391778 4.7253360739344101 -0.017685234009131749
2.5350907385217636 4.7252576039173224 -0.018864895647277207
2.5394540616517496 4.7251680943277288 -0.022349453487071735
2.5438173847817351 4.7250624690188161 -0.025902163845941358
2.5481807079117211 4.724943503084968 -0.028459455038634375
2.5525440310417071 4.7248154807469653 -0.030076642794860286
2.5569073541716927 4.7246823991646201 -0.030755805585016904
2.5612706773016787 4.7245485021352698 -0.030461106910083156
2.5656340004316642 4.7244174936798116 -0.029535361767386244
2.5699973235616502 4.7242908033296178 -0.028578093413408001
2.5743606466916362 4.7241677170030725 -0.027886057354414028
2.5787239698216218 4.724047083996993 -0.027446746910685625
2.5830872929516078 4.7239278343658002 -0.02725810733286246
2.5874506160815938 4.7238088316562941 -0.02733106673182098
2.5918139392115793 4.7236890744598936 -0.027576844844524839
2.5961772623415653 4.7235681606903652 -0.027834721078790606
2.6005405854715509 4.7234462734005076 -0.028021982409798862
2.6049039086015369 4.7233237215840198 -0.028141298980518998
2.6092672317315229 4.7232007916708643 -0.028193626341735525
2.6136305548615084 4.7230777879582408 -0.028175701222351232
2.6179938779914944 4.7229549810782956 -0.028110482934399581
2.62235720112148 4.7228324838763394 -0.028041030123492849
2.626720524251466 4.7227102496064877 -0.027990361955058208
2.631083847381452 4.722588195319795 -0.027957961336276635
2.6354471705114375 4.7224662443289702 -0.027943463667853118
2.6398104936414235 4.7223443151640794 -0.027947827546304458
2.6441738167714091 4.722222334714183 -0.027965124266593488
2.6485371399013951 4.7221002713744529 -0.027983825331049057
2.6529004630313811 4.7219781370309111 -0.027997533829420891
2.6572637861613666 4.7218559539441127 -0.02800633079093176
2.6616271092913526 4.7217337426483299 -0.028010342910133254
2.6659904324213386 4.7216115249533832 -0.028009292281852487
2.6703537555513241 4.7214893206028279 -0.028004707489097624
2.6747170786813101 4.7213671384312725 -0.027999673203624818
2.6790804018112957 4.7212449754312793 -0.027995964586014957
2.6834437249412817 4.7211228256309266 -0.02799357654248125
2.6878070480712677 4.72100068353115 -0.027992467403745259
2.6921703712012532 4.7208785432939457 -0.027992716865659812
2.6965336943312392 4.7207563995894839 -0.027993931457061045
2.7008970174612248 4.7206342499526501 -0.027995286338746782
2.7052603405912108 4.7205120951401121 -0.02799628957124501
2.7096236637211968 4.7203899367533957 -0.027996937735685824
2.7139869868511823 4.7202677762653371 -0.027997244045885814
2.7183503099811683 4.7201456152384962 -0.027997185856583482
2.7227136331111539 4.7200234551111766 -0.027996864277730321
2.7270769562411399 4.7199012965700513 -0.027996499730267004
2.7314402793711259 4.7197791394259889 -0.027996228362405909
2.7358036025011114 4.7196569832496662 -0.02799605246283832
2.7401669256310974 4.7195348276465543 -0.027995967949463629
2.7445302487610834 4.7194126721984651 -0.027995981206067014
2.748893571891069 4.7192905165173897 -0.027996066296731324
2.753256895021055 4.7191683604123593 -0.02799616435694656
2.7576202181510405 4.7190462039302803 -0.027996237755003296
2.7619835412810265 4.7189240471861957 -0.027996285483824355
2.7663468644110125 4.7188018902858042 -0.027996308780961137
2.7707101875409981 4.7186797333410135 -0.027996305858963583
2.7750735106709841 4.7185575764564645 -0.027996283357358664
2.7794368338009696 4.7184354196851865 -0.027996256987190014
2.7838001569309556 4.7183132630156512 -0.027996237136880809
2.7881634800609416 4.7181911064170459 -0.027996224187382374
2.7925268031909272 4.7180689498610517 -0.027996217770531323
2.7968901263209132 4.7179467933177204 -0.027996218383825742
2.8012534494508987 4.7178246367588423 -0.027996224330333247
2.8056167725808847 4.7177024801697121 -0.027996231420026815
2.8099800957108707 4.7175803235531317 -0.027996236787906879
2.8143434188408563 4.7174581669173516 -0.027996240300738141
2.8187067419708423 4.7173360102699586 -0.027996242066775218
2.8230700651008283 4.7172138536189676 -0.027996241948061561
2.8274333882308138 4.7170916969719805 -0.027996240377813078
2.8317967113607998 4.7169695403330687 -0.027996238472456275
2.8361600344907854 4.7168473837015616 -0.027996237020825557
2.8405233576207713 4.7167252270752522 -0.027996236067958293
2.8448866807507573 4.7166030704521065 -0.027996235582235077
2.8492500038807429 4.7164809138299804 -0.027996235601764549
2.8536133270107289 4.7163587572068248 -0.027996236016087209
2.8579766501407144 4.7162366005815155 -0.027996236527895846
2.8623399732707004 4.7161144439542086 -0.027996236920593859
2.8667032964006864 4.715992287325494 -0.027996237179279959
2.871066619530672 4.715870130695917 -0.027996237312709664
2.875429942660658 4.7157479740660531 -0.027996237310507203
2.8797932657906435 4.7156258174364538 -0.027996237201154
2.8841565889206295 4.7155036608074292 -0.027996237063689436
2.8885199120506155 4.7153815041789429 -0.027996236957727218
2.8928832351806011 4.7152593475508366 -0.027996236887620062
2.8972465583105871 4.7151371909229658 -0.027996236850818996
2.9016098814405731 4.7150150342951758 -0.027996236850724589
2.9059732045705586 4.7148928776673174 -0.027996236879362535
2.9103365277005446 4.7147707210393071 -0.02799623691635042
2.9146998508305302 4.7146485644111502 -0.027996236944944877
2.9190631739605162 4.7145264077828921 -0.027996236963955121
2.9234264970905022 4.7144042511545683 -0.027996236974116451
2.9277898202204877 4.7142820945262232 -0.027996236974314737
2.9321531433504737 4.714159937897894 -0.027996236967024263
2.9365164664804593 4.7140377812696057 -0.027996236956905226
2.9408797896104453 4.7139156246413574 -0.027996236949101198
2.9452431127404313 4.7137934680131366 -0.027996236944017126
2.9496064358704168 4.7136713113849336 -0.027996236941022028
2.9539697590004028 4.7135491547567376 -0.02799623694098782
2.9583330821303884 4.7134269981285364 -0.027996236942898406
2.9626964052603744 4.7133048415003254 -0.027996236945671608
2.9670597283903604 4.7131826848721019 -0.027996236947926315
2.9714230515203459 4.7130605282438722 -0.02799623694896685
2.9757863746503319 4.7129383716156381 -0.027996236949878007
2.9801496977803179 4.7128162149874013 -0.027996236950069611
2.9845130209103035 4.7126940583591654 -0.027996236949621937
2.9888763440402895 4.7125719017309322 -0.027996236948778338
2.993239667170275 4.7124497451027025 -0.027996236948325769
2.997602990300261 4.7123275884744737 -0.027996236947926315
3.001966313430247 4.7122054318462476 -0.027996236947525465
3.0063296365602326 4.7120832752180215 -0.02799623694770486
3.0106929596902186 4.7119611185897954 -0.027996236947388134
3.0150562828202041 4.7118389619615675 -0.027996236949696982
3.0194196059501901 4.7117168053333387 -0.027996236942610327
3.0237829290801761 4.7115946487051152 -0.027996236965586199
3.0281462522101616 4.7114724920768687 -0.027996236892991258
3.0325095753401476 4.7113503354487074 -0.027996237117648481
3.0368728984701332 4.7112281788202264 -0.027996236452830503
3.0412362216001192 4.7111060221929399 -0.027996238285938689
3.0455995447301052 4.710983865561194 -0.027996233863125414
3.0499628678600907 4.7108617089460934 -0.02799624134293453
3.0543261909900767 4.7107395522688726 -0.027996247112636055
3.0586895141200627 4.7106173958234887 -0.027996099865415014
3.0630528372500483 4.7104952406600589 -0.027995642278670928
3.0674161603800343 4.7103730884084714 -0.027994736430847413
3.0717794835100198 4.7102509417245555 -0.02799298732452514
3.0761428066400058 4.710128805987936 -0.027989534742014346
3.0805061297699918 4.7100066914047503 -0.027983023342140839
3.0848694528999774 4.709884615489039 -0.027971391697337658
3.0892327760299634 4.7097626067394289 -0.027951663869816311
3.0935960991599489 4.709640708686762 -0.027919917203472984
3.0979594222899349 4.7095189835808871 -0.027871612629443557
3.1023227454199209 4.709397514278896 -0.027801790341619909
3.1066860685499065 4.7092764025548952 -0.027707653755507267
3.1110493916798925 4.7091557621151461 -0.027584138688641794
3.115412714809878 4.7090357054003649 -0.027446964634690756
3.119776037939864 4.7089163248300796 -0.027252953481157614
3.12413936106985 4.7087976712092399 -0.027201475815948985
3.1285026841998356 4.7086797339201123 -0.026609070602482687
3.1328660073298216 4.7085624284235914 -0.028103267116811291
3.1372293304598076 4.708445595822897 -0.02195935845418185
3.1415926535897931 4.7083739417884463 -0.013653163327729551
3.1459559767197791 4.7083022877539946 -0.021959358454226103
3.1503192998497647 4.7081854551533011 -0.028103267116639172
3.1546826229797507 4.7080681496567802 -0.02660907060252464
3.1590459461097367 4.7079502123676527 -0.027201475815944978
3.1634092692397222 4.7078315587468129 -0.027252953481131721
3.1677725923697082 4.7077121781765277 -0.027446964634806625
3.1721359154996938 4.7075921214617455 -0.027584138688814857
3.1764992386296798 4.7074714810219964 -0.02770765375530982
3.1808625617596658 4.7073503692979966 -0.027801790341617456
3.1852258848896513 4.7072288999960046 -0.027871612629650867
3.1895892080196373 4.7071071748901296 -0.027919917203265376
3.1939525311496229 4.7069852768374636 -0.027951663869828711
3.1983158542796088 4.7068632680878526 -0.02797139169749565
3.2026791774095948 4.7067411921721414 -0.027983023342098602
3.2070425005395804 4.7066190775889556 -0.027989534742025306
3.2114058236695664 4.7064969418523361 -0.027992987324532075
3.2157691467995524 4.7063747951684203 -0.027994736430800155
3.2201324699295379 4.7062526429168328 -0.027995642278853036
3.2244957930595239 4.706130487753402 -0.027996099865344501
3.2288591161895095 4.706008331308019 -0.027996247112736017
3.2332224393194955 4.7058861746307965 -0.027996241343224433
3.2375857624494815 4.7057640180156959 -0.027996233863078639
3.241949085579467 4.7056418613839499 -0.027996238285835879
3.246312408709453 4.7055197047566644 -0.027996236452686406
3.2506757318394386 4.7053975481281833 -0.02799623711771701
3.2550390549694246 4.7052753915000221 -0.027996236892861244
3.2594023780994106 4.7051532348717764 -0.027996236965418513
3.2637657012293961 4.7050310782435529 -0.027996236942800415
3.2681290243593821 4.7049089216153233 -0.027996236949723547
3.2724923474893677 4.7047867649870954 -0.027996236947702435
3.2768556706193537 4.7046646083588666 -0.027996236948253105
3.2812189937493397 4.7045424517306387 -0.027996236948062966
3.2855823168793252 4.7044202951024099 -0.027996236948281419
3.2899456400093112 4.7042981384741811 -0.027996236948208391
3.2943089631392972 4.7041759818459523 -0.027996236948273509
3.2986722862692828 4.7040538252177235 -0.027996236948094621
3.3030356093992688 4.7039316685894956 -0.027996236948134367
3.3073989325292543 4.7038095119612668 -0.027996236948154288
3.3117622556592403 4.7036873553330389 -0.027996236948034853
3.3161255787892263 4.703565198704811 -0.027996236947873468
3.3204889019192119 4.703443042076584 -0.027996236948036338
3.3248522250491979 4.7033208854483552 -0.027996236948156904
3.3292155481791834 4.7031987288201274 -0.027996236948122435
3.3335788713091694 4.7030765721918986 -0.027996236948139731
3.3379421944391554 4.7029544155636707 -0.027996236948096481
3.342305517569141 4.7028322589354419 -0.027996236948260731
3.346668840699127 4.7027101023072131 -0.02799623694825765
3.351032163829113 4.7025879456789843 -0.02799623694809715
3.3553954869590985 4.7024657890507564 -0.02799623694814013
3.3597588100890845 4.7023436324225276 -0.027996236948128698
3.3641221332190701 4.7022214757942997 -0.027996236948131466
3.3684854563490561 4.7020993191660709 -0.027996236948131817
3.372848779479042 4.701977162537843 -0.027996236948119101
3.3772121026090276 4.7018550059096142 -0.027996236948178144
3.3815754257390136 4.7017328492813864 -0.027996236947954695
3.3859387488689991 4.7016106926531585 -0.027996236948178772
3.3903020719989851 4.7014885360249297 -0.02799623694811661
3.3946653951289711 4.7013663793967018 -0.027996236948132618
3.3990287182589567 4.701244222768473 -0.027996236948139304
3.4033920413889427 4.7011220661402451 -0.02799623694809654
3.4077553645189282 4.7009999095120163 -0.027996236948260925
3.4121186876489142 4.7008777528837875 -0.027996236948256804
3.4164820107789002 4.7007555962555587 -0.027996236948100356
3.4208453339088858 4.7006334396273308 -0.027996236948128157
3.4252086570388718 4.700511282999102 -0.027996236948173388
3.4295719801688578 4.7003891263708741 -0.027996236947956096
3.4339353032988433 4.7002669697426462 -0.027996236948177933
3.4382986264288293 4.7001448131144175 -0.027996236948118553
3.4426619495588149 4.7000226564861896 -0.027996236948134232
3.4470252726888009 4.6999004998579608 -0.027996236948130904
3.4513885958187869 4.6997783432297329 -0.027996236948119969
3.4557519189487724 4.6996561866015041 -0.027996236948175601
3.4601152420787584 4.6995340299732762 -0.027996236947963993
3.464478565208744 4.6994118733450483 -0.02799623694814412
3.46884188833873 4.6992897167168195 -0.027996236948245903
3.473205211468716 4.6991675600885907 -0.027996236948260766
3.4775685345987015 4.6990454034603619 -0.0279962369481081
3.4819318577286875 4.698923246832134 -0.027996236948093209
3.4862951808586731 4.6988010902039052 -0.027996236948305431
3.4906585039886591 4.6986789335756765 -0.027996236948082093
3.4950218271186451 4.6985567769474486 -0.027996236948144008
3.4993851502486306 4.6984346203192198 -0.027996236948128257
3.5037484733786166 4.6983124636909919 -0.02799623694812936
3.5081117965086026 4.6981903070627631 -0.027996236948132126
3.5124751196385882 4.6980681504345352 -0.027996236948128517
3.5168384427685742 4.6979459938063064 -0.027996236948140178
3.5212017658985597 4.6978238371780785 -0.027996236948097136
3.5255650890285457 4.6977016805498497 -0.027996236948257647
3.5299284121585317 4.6975795239216209 -0.027996236948260762
3.5342917352885173 4.6974573672933921 -0.027996236948096356
3.5386550584185033 4.6973352106651642 -0.027996236948140196
3.5430183815484888 4.6972130540369355 -0.027996236948129232
3.5473817046784748 4.6970908974087076 -0.027996236948129263
3.5517450278084608 4.6969687407804788 -0.027996236948131536
3.5561083509384463 4.6968465841522509 -0.027996236948130967
3.5604716740684323 4.6967244275240221 -0.02799623694813097
3.5648349971984179 4.6966022708957942 -0.027996236948131525
3.5691983203284039 4.6964801142675654 -0.027996236948129308
3.5735616434583899 4.6963579576393375 -0.027996236948129062
3.5779249665883754 4.6962358010111087 -0.027996236948140817
3.5822882897183614 4.6961136443828808 -0.027996236948094062
3.5866516128483474 4.695991487754652 -0.027996236948260745
3.591014935978333 4.6958693311264232 -0.027996236948259985
3.595378259108319 4.6957471744981945 -0.027996236948096352
3.5997415822383045 4.6956250178699666 -0.027996236948140976
3.6041049053682905 4.6955028612417378 -0.027996236948126113
3.6084682284982765 4.6953807046135099 -0.027996236948132379
3.6128315516282621 4.6952585479852811 -0.027996236948130759
3.6171948747582481 4.6951363913570532 -0.027996236948130977
3.6215581978882336 4.6950142347288244 -0.027996236948131702
3.6259215210182196 4.6948920781005965 -0.027996236948128604
3.6302848441482056 4.6947699214723677 -0.027996236948131713
3.6346481672781912 4.6946477648441398 -0.027996236948130936
3.6390114904081772 4.694525608215911 -0.027996236948130936
3.6433748135381627 4.6944034515876831 -0.027996236948131702
3.6477381366681487 4.6942812949594543 -0.027996236948128646
3.6521014597981347 4.6941591383312264 -0.027996236948131532
3.6564647829281203 4.6940369817029977 -0.027996236948131595
3.6608281060581063 4.6939148250747698 -0.027996236948128472
3.6651914291880923 4.693792668446541 -0.027996236948132334
3.6695547523180778 4.6936705118183131 -0.027996236948128569
3.6739180754480638 4.6935483551900843 -0.027996236948139765
3.6782813985780494 4.6934261985618564 -0.027996236948098756
3.6826447217080354 4.6933040419336276 -0.027996236948251596
3.6870080448380214 4.6931818853053988 -0.027996236948283348
3.6913713679680069 4.69305972867717 -0.027996236948012055
3.6957346910979929 4.692937572048943 -0.027996236947844134
3.7000980142279785 4.6928154154207151 -0.027996236948176465
3.7044613373579645 4.6926932587924863 -0.027996236948236389
3.7088246604879505 4.6925711021642575 -0.027996236948266459
3.713187983617936 4.6924489455360288 -0.027996236948094826
3.717551306747922 4.6923267889078009 -0.027996236948140615
3.7219146298779076 4.6922046322795721 -0.027996236948129107
3.7262779530078936 4.6920824756513442 -0.027996236948129336
3.7306412761378795 4.6919603190231154 -0.027996236948131366
3.7350045992678651 4.6918381623948875 -0.027996236948131577
3.7393679223978511 4.6917160057666587 -0.02799623694812868
3.7437312455278371 4.6915938491384308 -0.027996236948131525
3.7480945686578226 4.691471692510202 -0.027996236948131602
3.7524578917878086 4.6913495358819741 -0.027996236948128445
3.7568212149177942 4.6912273792537453 -0.027996236948141
3.7611845380477802 4.6911052226255174 -0.027996236948093951
3.7655478611777662 4.6909830659972886 -0.027996236948261005
3.7699111843077517 4.6908609093690599 -0.027996236948259073
3.7742745074377377 4.6907387527408311 -0.027996236948099742
3.7786378305677233 4.6906165961126032 -0.027996236948128337
3.7830011536977093 4.6904944394843744 -0.027996236948173287
3.7873644768276953 4.6903722828561465 -0.027996236947956339
3.7917277999576808 4.6902501262279186 -0.027996236948177086
3.7960911230876668 4.6901279695996898 -0.027996236948121707
3.8004544462176524 4.6900058129714619 -0.027996236948122474
3.8048177693476384 4.6898836563432331 -0.027996236948174789
3.8091810924776244 4.6897614997150052 -0.027996236947956187
3.8135444156076099 4.6896393430867773 -0.027996236948176174
3.8179077387375959 4.6895171864585485 -0.027996236948125509
3.8222710618675819 4.6893950298303206 -0.027996236948099607
3.8266343849975675 4.6892728732020919 -0.027996236948262466
3.8309977081275535 4.6891507165738631 -0.027996236948247568
3.835361031257539 4.6890285599456343 -0.027996236948144307
3.839724354387525 4.6889064033174064 -0.027996236947961595
3.844087677517511 4.6887842466891785 -0.027996236948176458
3.8484510006474966 4.6886620900609497 -0.027996236948118945
3.8528143237774826 4.6885399334327218 -0.027996236948134134
3.8571776469074681 4.688417776804493 -0.027996236948130901
3.8615409700374541 4.6882956201762651 -0.027996236948128639
3.8659042931674401 4.6881734635480363 -0.027996236948132379
3.8702676162974257 4.6880513069198084 -0.027996236948128226
3.8746309394274117 4.6879291502915796 -0.027996236948141101
3.8789942625573972 4.6878069936633517 -0.02799623694809375
3.8833575856873832 4.687684837035123 -0.027996236948270282
3.8877209088173692 4.6875626804068942 -0.027996236948213602
3.8920842319473548 4.6874405237786654 -0.027996236948272347
3.8964475550773408 4.6873183671504366 -0.027996236948094059
3.9008108782073267 4.6871962105222087 -0.027996236948129236
3.9051742013373123 4.6870740538939799 -0.027996236948175383
3.9095375244672983 4.686951897265752 -0.027996236947955614
3.9139008475972838 4.6868297406375241 -0.027996236948177853
3.9182641707272698 4.6867075840092953 -0.027996236948119372
3.9226274938572558 4.6865854273810674 -0.027996236948122484
3.9269908169872414 4.6864632707528386 -0.027996236948177076
3.9313541401172274 4.6863411141246107 -0.027996236947955576
3.9357174632472129 4.6862189574963828 -0.027996236948176337
3.9400807863771989 4.6860968008681541 -0.027996236948125468
3.9444441095071849 4.6859746442399262 -0.02799623694809961
3.9488074326371705 4.6858524876116974 -0.027996236948262462
3.9531707557671565 4.6857303309834686 -0.027996236948247589
3.957534078897142 4.6856081743552398 -0.027996236948144231
3.961897402027128 4.6854860177270119 -0.02799623694796188
3.966260725157114 4.685363861098784 -0.0279962369481754
3.9706240482870996 4.6852417044705552 -0.027996236948122897
3.9749873714170856 4.6851195478423273 -0.027996236948119389
3.9793506945470716 4.6849973912140985 -0.027996236948177357
3.9837140176770571 4.6848752345858706 -0.02799623694795755
3.9880773408070431 4.6847530779576427 -0.027996236948168142
3.9924406639370287 4.6846309213294139 -0.027996236948156245
3.9968039870670147 4.684508764701186 -0.027996236947993244
4.0011673101970002 4.6843866080729581 -0.027996236948046496
4.0055306333269867 4.6842644514447302 -0.027996236947987922
4.0098939564569722 4.6841422948165023 -0.027996236948168992
4.0142572795869578 4.6840201381882736 -0.027996236948131015
4.0186206027169442 4.6838979815600457 -0.02799623694808475
4.0229839258469298 4.6837758249318169 -0.027996236948307822
4.0273472489769153 4.6836536683035881 -0.027996236948089535
4.0317105721069009 4.6835315116753602 -0.027996236948128958
4.0360738952368873 4.6834093550471314 -0.027996236948172451
4.0404372183668729 4.6832871984189035 -0.02799623694795908
4.0448005414968584 4.6831650417906756 -0.027996236948175494
4.0491638646268449 4.6830428851624468 -0.027996236948116773
4.0535271877568304 4.6829207285342189 -0.027996236948135238
4.057890510886816 4.6827985719059901 -0.027996236948137205
4.0622538340168024 4.6826764152777622 -0.027996236948093764
4.066617157146788 4.6825542586495335 -0.027996236948265554
4.0709804802767735 4.6824321020213047 -0.027996236948249594
4.0753438034067591 4.6823099453930759 -0.027996236948141656
4.0797071265367455 4.682187788764848 -0.027996236947961606
4.0840704496667311 4.6820656321366201 -0.027996236948179092
4.0884337727967166 4.6819434755083913 -0.027996236948116933
4.092797095926703 4.6818213188801634 -0.027996236948131002
4.0971604190566886 4.6816991622519346 -0.0279962369481369
4.1015237421866741 4.6815770056237067 -0.027996236948116326
4.1058870653166606 4.6814548489954779 -0.027996236948175612
4.1102503884466461 4.68133269236725 -0.027996236947959052
4.1146137115766317 4.6812105357390221 -0.027996236948172441
4.1189770347066181 4.6810883791107933 -0.027996236948129007
4.1233403578366037 4.6809662224825654 -0.027996236948089354
4.1277036809665892 4.6808440658543367 -0.027996236948308495
4.1320670040965748 4.6807219092261079 -0.027996236948082259
4.1364303272265612 4.68059975259788 -0.027996236948140289
4.1407936503565468 4.6804775959696512 -0.027996236948134422
4.1451569734865323 4.6803554393414233 -0.02799623694811694
4.1495202966165188 4.6802332827131945 -0.027996236948175622
4.1538836197465043 4.6801111260849666 -0.027996236947958393
4.1582469428764899 4.6799889694567387 -0.027996236948175046
4.1626102660064763 4.6798668128285099 -0.027996236948119244
4.1669735891364619 4.679744656200282 -0.027996236948125825
4.1713369122664474 4.6796224995720532 -0.027996236948172382
4.1757002353964339 4.6795003429438253 -0.027996236947962477
4.1800635585264194 4.6793781863155974 -0.027996236948144862
4.184426881656405 4.6792560296873686 -0.027996236948252984
4.1887902047863905 4.6791338730591399 -0.027996236948248803
4.193153527916377 4.6790117164309111 -0.027996236948140289
4.1975168510463625 4.6788895598026832 -0.027996236947967879
4.2018801741763481 4.6787674031744553 -0.027996236948172458
4.2062434973063345 4.6786452465462265 -0.027996236948120104
4.2106068204363201 4.6785230899179986 -0.027996236948124961
4.2149701435663056 4.6784009332897698 -0.027996236948174959
4.2193334666962921 4.6782787766615419 -0.027996236947953008
4.2236967898262776 4.678156620033314 -0.027996236948180174
4.2280601129562632 4.6780344634050852 -0.027996236948121214
4.2324234360862487 4.6779123067768573 -0.027996236948129905
4.2367867592162352 4.6777901501486285 -0.027996236948136979
4.2411500823462207 4.6776679935204006 -0.027996236948100005
4.2455134054762063 4.6775458368921718 -0.027996236948257907
4.2498767286061927 4.6774236802639431 -0.027996236948256845
4.2542400517361783 4.6773015236357143 -0.027996236948103194
4.2586033748661638 4.6771793670074864 -0.027996236948125298
4.2629666979961502 4.6770572103792576 -0.02799623694817344
4.2673300211261358 4.6769350537510297 -0.027996236947958792
4.2716933442561213 4.6768128971228018 -0.027996236948175643
4.2760566673861078 4.676690740494573 -0.027996236948116451
4.2804199905160933 4.6765685838663451 -0.027996236948136379
4.2847833136460789 4.6764464272381163 -0.027996236948132948
4.2891466367760644 4.6763242706098884 -0.027996236948126762
4.2935099599060509 4.6762021139816596 -0.027996236948137826
4.2978732830360364 4.6760799573534317 -0.027996236948099783
4.302236606166022 4.675957800725203 -0.027996236948257966
4.3065999292960084 4.6758356440969742 -0.027996236948256835
4.310963252425994 4.6757134874687454 -0.027996236948103194
4.3153265755559795 4.6755913308405175 -0.027996236948125298
4.319689898685966 4.6754691742122887 -0.02799623694817344
4.3240532218159515 4.6753470175840608 -0.027996236947958792
4.3284165449459371 4.6752248609558329 -0.02799623694817565
4.3327798680759235 4.6751027043276041 -0.027996236948116409
4.3371431912059091 4.6749805476993762 -0.027996236948136546
4.3415065143358946 4.6748583910711474 -0.02799623694813233
4.3458698374658802 4.6747362344429195 -0.027996236948129069
4.3502331605958666 4.6746140778146907 -0.027996236948129222
4.3545964837258522 4.6744919211864628 -0.027996236948131879
4.3589598068558377 4.6743697645582341 -0.027996236948138187
4.3633231299858242 4.6742476079300062 -0.027996236948093198
4.3676864531158097 4.6741254513017774 -0.027996236948266848
4.3720497762457953 4.6740032946735486 -0.02799623694824499
4.3764130993757817 4.6738811380453198 -0.02799623694814167
4.3807764225057673 4.6737589814170919 -0.027996236947966161
4.3851397456357528 4.673636824788864 -0.027996236948177933
4.3895030687657384 4.6735146681606352 -0.027996236948117034
4.3938663918957248 4.6733925115324073 -0.027996236948131758
4.3982297150257104 4.6732703549041785 -0.027996236948133774
4.4025930381556959 4.6731481982759506 -0.027996236948128052
4.4069563612856824 4.6730260416477218 -0.027996236948131838
4.4113196844156679 4.6729038850194939 -0.027996236948122418
4.4156830075456535 4.6727817283912652 -0.027996236948173429
4.4200463306756399 4.6726595717630373 -0.027996236947961665
4.4244096538056255 4.6725374151348094 -0.027996236948147062
4.428772976935611 4.6724152585065806 -0.027996236948244994
4.4331363000655974 4.6722931018783518 -0.027996236948261449
4.437499623195583 4.672170945250123 -0.027996236948097695
4.4418629463255686 4.6720487886218951 -0.02799623694814269
4.4462262694555541 4.6719266319936663 -0.027996236948126481
4.4505895925855405 4.6718044753654384 -0.027996236948129225
4.4549529157155261 4.6716823187372096 -0.027996236948134457
4.4593162388455116 4.6715601621089817 -0.027996236948127865
4.4636795619754981 4.6714380054807529 -0.02799623694813189
4.4680428851054836 4.671315848852525 -0.027996236948122401
4.4724062082354692 4.6711936922242963 -0.027996236948173436
4.4767695313654556 4.6710715355960684 -0.027996236947961665
4.4811328544954412 4.6709493789678405 -0.027996236948147062
4.4854961776254267 4.6708272223396117 -0.027996236948244994
4.4898595007554132 4.6707050657113829 -0.027996236948261449
4.4942228238853987 4.6705829090831541 -0.027996236948097695
4.4985861470153843 4.6704607524549262 -0.02799623694814269
4.5029494701453698 4.6703385958266974 -0.027996236948126481
4.5073127932753563 4.6702164391984695 -0.027996236948129225
4.5116761164053418 4.6700942825702407 -0.027996236948134457
4.5160394395353274 4.6699721259420128 -0.027996236948127865
4.5204027626653138 4.669849969313784 -0.02799623694813189
4.5247660857952994 4.6697278126855561 -0.027996236948122401
4.5291294089252849 4.6696056560573274 -0.027996236948173436
4.5334927320552714 4.6694834994290995 -0.027996236947961665
4.5378560551852569 4.6693613428008716 -0.027996236948147062
4.5422193783152425 4.6692391861726428 -0.027996236948244994
4.5465827014452289 4.669117029544414 -0.027996236948261449
4.5509460245752145 4.6689948729161852 -0.027996236948097691
4.5553093477052 4.6688727162879573 -0.027996236948142697
4.5596726708351856 4.6687505596597285 -0.027996236948126463
4.564035993965172 4.6686284030315006 -0.027996236948129284
4.5683993170951576 4.6685062464032718 -0.027996236948134228
4.5727626402251431 4.6683840897750439 -0.027996236948128719
4.5771259633551296 4.6682619331468151 -0.027996236948128715
4.5814892864851151 4.6681397765185872 -0.027996236948134239
4.5858526096151007 4.6680176198903585 -0.02799623694812926
4.5902159327450871 4.6678954632621306 -0.027996236948126533
4.5945792558750727 4.6677733066339018 -0.027996236948142444
4.5989425790050582 4.6676511500056739 -0.027996236948098607
4.6033059021350438 4.6675289933774451 -0.027996236948258056
4.6076692252650302 4.6674068367492163 -0.027996236948257657
4.6120325483950158 4.6672846801209875 -0.027996236948099832
4.6163958715250013 4.6671625234927596 -0.027996236948137944
4.6207591946549877 4.6670403668645308 -0.02799623694812621
4.6251225177849733 4.6669182102363029 -0.02799623694813505
4.6294858409149588 4.6667960536080741 -0.02799623694812851
4.6338491640449453 4.6666738969798462 -0.027996236948128726
4.6382124871749308 4.6665517403516175 -0.027996236948134402
4.6425758103049164 4.6664295837233896 -0.027996236948128604
4.6469391334349028 4.6663074270951608 -0.02799623694812901
4.6513024565648884 4.6661852704669329 -0.02799623694813318
4.6556657796948739 4.6660631138387041 -0.027996236948133184
4.6600291028248595 4.6659409572104762 -0.027996236948129007
4.6643924259548459 4.6658188005822474 -0.027996236948128608
4.6687557490848315 4.6656966439540195 -0.027996236948134405
4.673119072214817 4.6655744873257907 -0.02799623694812868
4.6774823953448035 4.6654523306975628 -0.02799623694812868
4.681845718474789 4.665330174069334 -0.027996236948134429
4.6862090416047746 4.6652080174411061 -0.027996236948128507
4.690572364734761 4.6650858608128773 -0.027996236948129354
4.6949356878647466 4.6649637041846495 -0.027996236948131924
4.6992990109947321 4.6648415475564207 -0.027996236948137864
4.7036623341247186 4.6647193909281928 -0.02799623694809443
4.7080256572547041 4.664597234299964 -0.027996236948262244
4.7123889803846897 4.6644750776717352 -0.027996236948262171
4.7167523035146752 4.6643529210435064 -0.027996236948094669
4.7211156266446617 4.6642307644152785 -0.027996236948136962
4.7254789497746472 4.6641086077870497 -0.027996236948135318
4.7298422729046328 4.6639864511588218 -0.027996236948116687
4.7342055960346192 4.663864294530593 -0.027996236948175744
4.7385689191646048 4.6637421379023651 -0.027996236947958174
4.7429322422945903 4.6636199812741372 -0.027996236948175823
4.7472955654245768 4.6634978246459085 -0.027996236948116364
4.7516588885545623 4.6633756680176806 -0.02799623694813656
4.7560222116845479 4.6632535113894518 -0.027996236948132323
4.7603855348145334 4.6631313547612239 -0.027996236948129069
4.7647488579445199 4.6630091981329951 -0.027996236948129222
4.7691121810745054 4.6628870415047672 -0.027996236948131879
4.773475504204491 4.6627648848765384 -0.027996236948138187
4.7778388273344774 4.6626427282483105 -0.027996236948093202
4.782202150464463 4.6625205716200817 -0.027996236948266827
4.7865654735944485 4.6623984149918529 -0.027996236948245077
4.7909287967244349 4.6622762583636241 -0.02799623694814134
4.7952921198544205 4.6621541017353962 -0.027996236947967393
4.7996554429844061 4.6620319451071683 -0.027996236948173346
4.8040187661143925 4.6619097884789396 -0.027996236948117037
4.808382089244378 4.6617876318507117 -0.027996236948136327
4.8127454123743636 4.6616654752224829 -0.027996236948132556
4.8171087355043491 4.661543318594255 -0.027996236948128379
4.8214720586343356 4.6614211619660262 -0.027996236948131751
4.8258353817643211 4.6612990053377983 -0.027996236948122435
4.8301987048943067 4.6611768487095695 -0.027996236948173429
4.8345620280242931 4.6610546920813416 -0.027996236947961672
4.8389253511542787 4.6609325354531137 -0.027996236948147037
4.8432886742842642 4.6608103788248849 -0.02799623694824508
4.8476519974142507 4.6606882221966561 -0.02799623694826112
4.8520153205442362 4.6605660655684273 -0.02799623694809892
4.8563786436742218 4.6604439089401994 -0.02799623694813811
4.8607419668042082 4.6603217523119707 -0.02799623694812646
4.8651052899341938 4.6601995956837428 -0.027996236948133867
4.8694686130641793 4.660077439055514 -0.027996236948133
4.8738319361941649 4.6599552824272861 -0.027996236948129041
4.8781952593241513 4.6598331257990573 -0.027996236948128656
4.8825585824541369 4.6597109691708294 -0.027996236948134169
4.8869219055841224 4.6595888125426006 -0.027996236948129586
4.8912852287141089 4.6594666559143727 -0.027996236948125294
4.8956485518440944 4.6593444992861439 -0.027996236948147065
4.90001187497408 4.659222342657916 -0.027996236948081364
4.9043751981040664 4.6591001860296872 -0.027996236948305293
4.908738521234052 4.6589780294014584 -0.027996236948085961
4.9131018443640375 4.6588558727732305 -0.027996236948145778
4.9174651674940231 4.6587337161450018 -0.02799623694812586
4.9218284906240095 4.6586115595167739 -0.027996236948128601
4.9261918137539951 4.6584894028885451 -0.027996236948137555
4.9305551368839806 4.6583672462603172 -0.027996236948116104
4.9349184600139671 4.6582450896320884 -0.027996236948175834
4.9392817831439526 4.6581229330038605 -0.027996236947958397
4.9436451062739382 4.6580007763756326 -0.027996236948174835
4.9480084294039246 4.6578786197474038 -0.027996236948120076
4.9523717525339102 4.6577564631191759 -0.027996236948122675
4.9567350756638957 4.6576343064909471 -0.027996236948184129
4.9610983987938821 4.6575121498627192 -0.027996236947918633
4.9654617219238677 4.6573899932344913 -0.027996236948308488
4.9698250450538533 4.6572678366062616 -0.027996236948252991
4.9741883681838388 4.6571456799780337 -0.027996236948085156
4.9785516913138252 4.657023523349805 -0.027996236948184199
4.9829150144438108 4.6569013667215771 -0.027996236947955885
4.9872783375737963 4.6567792100933492 -0.0279962369481765
4.9916416607037828 4.6566570534651204 -0.027996236948115923
4.9960049838337683 4.6565348968368925 -0.027996236948137639
5.0003683069637539 4.6564127402086637 -0.027996236948128448
5.0047316300937403 4.6562905835804358 -0.027996236948126384
5.0090949532237259 4.656168426952207 -0.027996236948143852
5.0134582763537114 4.6560462703239791 -0.027996236948093129
5.0178215994836979 4.6559241136957503 -0.027996236948261456
5.0221849226136834 4.6558019570675215 -0.027996236948249535
5.026548245743669 4.6556798004392927 -0.027996236948145979
5.0309115688736545 4.6555576438110648 -0.027996236947961498
5.035274892003641 4.655435487182837 -0.027996236948175171
5.0396382151336265 4.6553133305546082 -0.027996236948115639
5.0440015382636121 4.6551911739263803 -0.027996236948157192
5.0483648613935985 4.6550690172981515 -0.027996236948033403
5.0527281845235841 4.6549468606699245 -0.027996236947876358
5.0570915076535696 4.6548247040416966 -0.027996236948034731
5.0614548307835561 4.6547025474134687 -0.02799623694815186
5.0658181539135416 4.6545803907852399 -0.027996236948135658
5.0701814770435272 4.654458234157012 -0.027996236948100429
5.0745448001735127 4.6543360775287832 -0.02799623694825757
5.0789081233034992 4.6542139209005544 -0.027996236948257782
5.0832714464334847 4.6540917642723256 -0.027996236948099797
5.0876347695634703 4.6539696076440977 -0.027996236948137951
5.0919980926934567 4.6538474510158689 -0.02799623694812621
5.0963614158234423 4.653725294387641 -0.027996236948135047
5.1007247389534278 4.6536031377594123 -0.027996236948128524
5.1050880620834143 4.6534809811311844 -0.02799623694812866
5.1094513852133998 4.6533588245029556 -0.027996236948134648
5.1138147083433854 4.6532366678747277 -0.027996236948127685
5.1181780314733718 4.6531145112464989 -0.027996236948132448
5.1225413546033574 4.652992354618271 -0.027996236948120343
5.1269046777333429 4.6528701979900422 -0.027996236948181086
5.1312680008633285 4.6527480413618143 -0.027996236947950243
5.1356313239933149 4.6526258847335864 -0.027996236948185108
5.1399946471233005 4.6525037281053576 -0.027996236948087172
5.144357970253286 4.6523815714771297 -0.02799623694826112
5.1487212933832724 4.6522594148489 -0.027996236948256831
5.153084616513258 4.6521372582206721 -0.027996236948100051
5.1574479396432436 4.6520151015924434 -0.027996236948137906
5.16181126277323 4.6518929449642155 -0.027996236948126151
5.1661745859032155 4.6517707883359867 -0.027996236948135314
5.1705379090332011 4.6516486317077588 -0.027996236948127504
5.1749012321631875 4.65152647507953 -0.027996236948132493
5.1792645552931731 4.6514043184513021 -0.02799623694812034
5.1836278784231586 4.6512821618230733 -0.027996236948181083
5.1879912015531442 4.6511600051948454 -0.027996236947950257
5.1923545246831306 4.6510378485666175 -0.027996236948185038
5.1967178478131162 4.6509156919383887 -0.027996236948087418
5.2010811709431017 4.6507935353101608 -0.027996236948260211
5.2054444940730882 4.6506713786819311 -0.027996236948260214
5.2098078172030737 4.6505492220537032 -0.027996236948087418
5.2141711403330593 4.6504270654254745 -0.027996236948185035
5.2185344634630457 4.6503049087972466 -0.027996236947950264
5.2228977865930313 4.6501827521690187 -0.027996236948181066
5.2272611097230168 4.6500605955407899 -0.027996236948120375
5.2316244328530024 4.649938438912562 -0.027996236948132368
5.2359877559829888 4.6498162822843332 -0.027996236948127969
5.2403510791129744 4.6496941256561053 -0.027996236948133569
5.2447144022429599 4.6495719690278765 -0.02799623694813267
5.2490777253729464 4.6494498123996486 -0.027996236948113568
5.2534410485029319 4.6493276557714198 -0.027996236948190884
5.2578043716329175 4.6492054991431919 -0.027996236947917825
5.2621676947629039 4.649083342514964 -0.027996236948304963
5.2665310178928895 4.6489611858867343 -0.027996236948250822
5.270894341022875 4.6488390292585065 -0.027996236948097344
5.2752576641528615 4.6487168726302777 -0.027996236948137614
5.279620987282847 4.6485947160020498 -0.027996236948130034
5.2839843104128326 4.648472559373821 -0.027996236948137174
5.2883476335428181 4.6483504027455931 -0.027996236948116208
5.2927109566728046 4.6482282461173643 -0.027996236948175806
5.2970742798027901 4.6481060894891364 -0.027996236947958407
5.3014376029327757 4.6479839328609085 -0.027996236948174831
5.3058009260627621 4.6478617762326797 -0.027996236948120083
5.3101642491927477 4.6477396196044518 -0.027996236948122654
5.3145275723227332 4.647617462976223 -0.027996236948184219
5.3188908954527196 4.6474953063479951 -0.0279962369479183
5.3232542185827052 4.6473731497197672 -0.027996236948309734
5.3276175417126908 4.6472509930915376 -0.027996236948248338
5.3319808648426772 4.6471288364633097 -0.027996236948085403
5.3363441879726627 4.6470066798350809 -0.02799623694818788
5.3407075111026483 4.646884523206853 -0.027996236947957987
5.3450708342326338 4.6467623665786251 -0.027996236948164433
5.3494341573626203 4.6466402099503963 -0.027996236948162112
5.3537974804926058 4.6465180533221684 -0.027996236947964947
5.3581608036225914 4.6463958966939405 -0.027996236948162338
5.3625241267525778 4.6462737400657117 -0.02799623694816351
5.3668874498825634 4.6461515834374838 -0.027996236947961453
5.3712507730125489 4.6460294268092559 -0.027996236948174942
5.3756140961425354 4.6459072701810271 -0.0279962369481166
5.3799774192725209 4.6457851135527992 -0.027996236948136504
5.3843407424025065 4.6456629569245704 -0.027996236948132299
5.388704065532492 4.6455408002963425 -0.027996236948129232
5.3930673886624785 4.6454186436681137 -0.027996236948128587
5.397430711792464 4.6452964870398858 -0.027996236948134256
5.4017940349224496 4.6451743304116571 -0.027996236948129315
5.406157358052436 4.6450521737834292 -0.027996236948126311
5.4105206811824216 4.6449300171552004 -0.027996236948143276
5.4148840043124071 4.6448078605269725 -0.027996236948095502
5.4192473274423936 4.6446857038987437 -0.027996236948252522
5.4236106505723791 4.6445635472705149 -0.027996236948282911
5.4279739737023647 4.6444413906422861 -0.027996236948021412
5.4323372968323511 4.6443192340140591 -0.027996236947798601
5.4367006199623367 4.6441970773858312 -0.027996236948340667
5.4410639430923222 4.6440749207576015 -0.02799623694824431
5.4454272662223078 4.6439527641293736 -0.027996236948087703
5.4497905893522942 4.6438306075011448 -0.027996236948182689
5.4541539124822798 4.6437084508729169 -0.027996236947959375
5.4585172356122653 4.6435862942446891 -0.027996236948164055
5.4628805587422518 4.6434641376164603 -0.027996236948162213
5.4672438818722373 4.6433419809882324 -0.027996236947964923
5.4716072050022229 4.6432198243600045 -0.027996236948162348
5.4759705281322093 4.6430976677317757 -0.027996236948163493
5.4803338512621949 4.6429755111035478 -0.027996236947961516
5.4846971743921804 4.6428533544753199 -0.027996236948174699
5.4890604975221668 4.6427311978470911 -0.027996236948117509
5.4934238206521524 4.6426090412188632 -0.027996236948133114
5.497787143782138 4.6424868845906344 -0.027996236948144945
5.5021504669121235 4.6423647279624065 -0.027996236948082027
5.5065137900421099 4.6422425713341777 -0.027996236948304758
5.5108771131720955 4.6421204147059489 -0.027996236948087436
5.5152404363020811 4.641998258077721 -0.027996236948140425
5.5196037594320675 4.6418761014494923 -0.027996236948128684
5.523967082562053 4.6417539448212644 -0.027996236948122664
5.5283304056920386 4.6416317881930356 -0.027996236948175591
5.532693728822025 4.6415096315648077 -0.027996236947952783
5.5370570519520106 4.6413874749365798 -0.027996236948180448
5.5414203750819961 4.641265318308351 -0.027996236948120354
5.5457836982119817 4.6411431616801231 -0.027996236948133062
5.5501470213419681 4.6410210050518943 -0.027996236948125232
5.5545103444719537 4.6408988484236664 -0.027996236948143849
5.5588736676019392 4.6407766917954376 -0.027996236948094281
5.5632369907319257 4.6406545351672097 -0.027996236948256845
5.5676003138619112 4.64053237853898 -0.027996236948266823
5.5719636369918968 4.6404102219107521 -0.027996236948081458
5.5763269601218832 4.6402880652825234 -0.027996236948185177
5.5806902832518688 4.6401659086542955 -0.027996236947955659
5.5850536063818543 4.6400437520260676 -0.027996236948176434
5.5894169295118408 4.6399215953978388 -0.027996236948116423
5.5937802526418263 4.6397994387696109 -0.027996236948135699
5.5981435757718119 4.6396772821413821 -0.02799623694813571
5.6025068989017974 4.6395551255131542 -0.027996236948116416
5.6068702220317839 4.6394329688849254 -0.027996236948176441
5.6112335451617694 4.6393108122566975 -0.027996236947955659
5.615596868291755 4.6391886556284696 -0.027996236948185177
5.6199601914217414 4.6390664990002408 -0.027996236948081461
5.624323514551727 4.6389443423720129 -0.027996236948266823
5.6286868376817125 4.6388221857437832 -0.027996236948256842
5.633050160811699 4.6387000291155553 -0.027996236948094281
5.6374134839416845 4.6385778724873266 -0.027996236948143856
5.6417768070716701 4.6384557158590987 -0.027996236948125225
5.6461401302016565 4.6383335592308699 -0.027996236948133062
5.6505034533316421 4.638211402602642 -0.027996236948120354
5.6548667764616276 4.6380892459744132 -0.027996236948180455
5.6592300995916132 4.6379670893461853 -0.027996236947952759
5.6635934227215996 4.6378449327179574 -0.02799623694817566
5.6679567458515852 4.6377227760897286 -0.027996236948122418
5.6723200689815707 4.6376006194615007 -0.027996236948129586
5.6766833921115571 4.6374784628332719 -0.027996236948137045
5.6810467152415427 4.637356306205044 -0.027996236948100051
5.6854100383715283 4.6372341495768152 -0.027996236948257671
5.6897733615015147 4.6371119929485864 -0.027996236948257747
5.6941366846315002 4.6369898363203577 -0.027996236948099825
5.6985000077614858 4.6368676796921298 -0.027996236948137864
5.7028633308914722 4.636745523063901 -0.027996236948126533
5.7072266540214578 4.6366233664356731 -0.02799623694813385
5.7115899771514433 4.6365012098074443 -0.027996236948133
5.7159533002814289 4.6363790531792164 -0.027996236948129066
5.7203166234114153 4.6362568965509876 -0.027996236948128559
5.7246799465414009 4.6361347399227597 -0.02799623694813453
5.7290432696713864 4.6360125832945309 -0.027996236948128243
5.7334065928013729 4.635890426666303 -0.027996236948130308
5.7377699159313584 4.6357682700380742 -0.027996236948128354
5.742133239061344 4.6356461134098463 -0.027996236948151187
5.7464965621913304 4.6355239567816175 -0.027996236948044716
5.750859885321316 4.6354018001533905 -0.027996236947837125
5.7552232084513015 4.6352796435251626 -0.027996236948180358
5.7595865315812871 4.6351574868969339 -0.027996236948236379
5.7639498547112735 4.6350353302687051 -0.027996236948262612
5.7683131778412591 4.6349131736404763 -0.02799623694810165
5.7726765009712446 4.6347910170122484 -0.027996236948125718
5.7770398241012311 4.6346688603840196 -0.027996236948173311
5.7814031472312166 4.6345467037557917 -0.027996236947958861
5.7857664703612022 4.6344245471275638 -0.02799623694817549
5.7901297934911886 4.634302390499335 -0.027996236948116978
5.7944931166211742 4.6341802338711071 -0.027996236948134412
5.7988564397511597 4.6340580772428783 -0.027996236948140286
5.8032197628811462 4.6339359206146504 -0.027996236948082252
5.8075830860111317 4.6338137639864216 -0.027996236948308509
5.8119464091411173 4.6336916073581929 -0.027996236948089292
5.8163097322711028 4.633569450729965 -0.027996236948129246
5.8206730554010893 4.6334472941017362 -0.027996236948171542
5.8250363785310748 4.6333251374735083 -0.027996236947962421
5.8293997016610604 4.6332029808452804 -0.027996236948163025
5.8337630247910468 4.6330808242170516 -0.027996236948163312
5.8381263479210324 4.6329586675888237 -0.027996236947961547
5.8424896710510179 4.6328365109605958 -0.027996236948174772
5.8468529941810043 4.632714354332367 -0.027996236948117176
5.8512163173109899 4.6325921977041391 -0.02799623694813436
5.8555796404409755 4.6324700410759103 -0.0279962369481403
5.8599429635709619 4.6323478844476824 -0.027996236948082252
5.8643062867009474 4.6322257278194536 -0.027996236948308509
5.868669609830933 4.6321035711912248 -0.027996236948089292
5.8730329329609186 4.6319814145629969 -0.027996236948129243
5.877396256090905 4.6318592579347682 -0.027996236948171556
5.8817595792208905 4.6317371013065403 -0.027996236947962359
5.8861229023508761 4.6316149446783124 -0.027996236948163267
5.8904862254808625 4.6314927880500836 -0.027996236948162403
5.8948495486108481 4.6313706314218557 -0.027996236947964936
5.8992128717408336 4.6312484747936278 -0.027996236948162112
5.9035761948708201 4.631126318165399 -0.027996236948164433
5.9079395180008056 4.6310041615371711 -0.027996236947957984
5.9123028411307912 4.6308820049089432 -0.027996236948187887
5.9166661642607767 4.6307598482807144 -0.027996236948085399
5.9210294873907632 4.6306376916524865 -0.027996236948248345
5.9253928105207487 4.6305155350242568 -0.027996236948309737
5.9297561336507343 4.6303933783960289 -0.0279962369479183
5.9341194567807207 4.630271221767801 -0.027996236948184223
5.9384827799107063 4.6301490651395723 -0.027996236948122644
5.9428461030406918 4.6300269085113444 -0.027996236948120128
5.9472094261706783 4.6299047518831156 -0.027996236948174665
5.9515727493006638 4.6297825952548877 -0.027996236947959035
5.9559360724306494 4.6296604386266598 -0.027996236948173443
5.9602993955606358 4.629538281998431 -0.027996236948124996
5.9646627186906214 4.6294161253702031 -0.027996236948104398
5.9690260418206069 4.6292939687419743 -0.027996236948252335
5.9733893649505925 4.6291718121137455 -0.027996236948291862
5.9777526880805789 4.6290496554855167 -0.027996236947968711
5.9821160112105645 4.6289274988572897 -0.02799623694800046
5.98647933434055 4.6288053422290609 -0.027996236948213706
5.9908426574705365 4.628683185600833 -0.027996236947922529
5.995205980600522 4.6285610289726051 -0.027996236948263333
5.9995693037305076 4.6284388723443755 -0.027996236948429735
6.003932626860494 4.6283167157161467 -0.027996236948016871
6.0082959499904796 4.6281945590879188 -0.027996236948280611
6.0126592731204651 4.6280724024596891 -0.027996236948266254
6.0170225962504515 4.6279502458314612 -0.027996236948042857
6.0213859193804371 4.6278280892032324 -0.027996236948340147
6.0257492425104227 4.6277059325750036 -0.027996236948002143
6.0301125656404082 4.6275837759467766 -0.02799623694783555
6.0344758887703946 4.6274616193185496 -0.027996236947601474
6.0388392119003802 4.6273394626903244 -0.027996236947483044
6.0432025350303658 4.6272173060620982 -0.027996236947597258
6.0475658581603522 4.6270951494338721 -0.027996236947852412
6.0519291812903377 4.6269729928056433 -0.027996236948549594
6.0562925044203233 4.6268508361774119 -0.027996236949186806
6.0606558275503097 4.6267286795491769 -0.02799623695019833
6.0650191506802953 4.6266065229209383 -0.027996236950400363
6.0693824738102808 4.6264843662927015 -0.027996236949819123
6.0737457969402664 4.6263622096644674 -0.027996236948888739
6.0781091200702528 4.6262400530362395 -0.027996236947067724
6.0824724432002384 4.6261178964080214 -0.027996236944290213
6.0868357663302239 4.6259957397798166 -0.027996236941361028
6.0911990894602104 4.6258735831516216 -0.027996236939960836
6.0955624125901959 4.6257514265234274 -0.027996236941162808
6.0999257357201815 4.6256292698952217 -0.027996236945100197
6.1042890588501679 4.6255071132669929 -0.027996236951947567
6.1086523819801535 4.6253849566387268 -0.027996236962146027
6.113015705110139 4.6252628000104128 -0.027996236973145901
6.1173790282401255 4.6251406433820597 -0.027996236978776151
6.121742351370111 4.625018486753703 -0.027996236974567264
6.1261056745000966 4.624896330125388 -0.027996236959530997
6.1304689976300821 4.6247741734971619 -0.027996236934116996
6.1348323207600686 4.6246520168690699 -0.027996236897514858
6.1391956438900541 4.6245298602411538 -0.027996236856214825
6.1435589670200397 4.6244077036133886 -0.027996236833308898
6.1479222901500261 4.6242855469856448 -0.027996236847746232
6.1522856132800117 4.6241633903577437 -0.027996236906334803
6.1566489364099972 4.6240412337295158 -0.027996236990373537
6.1610122595399837 4.6239190771007985 -0.02799623715681545
6.1653755826699692 4.6237969204714 -0.027996237211867524
6.1697389057999548 4.6236747638415299 -0.027996237617879519
6.1741022289299412 4.623552607211189 -0.027996236586679511
6.1784655520599268 4.623430450582843 -0.027996239257563855
6.1828288751899123 4.6233082939503616 -0.027996231076949832
6.1871921983198979 4.6231861373396237 -0.027996249022058238
6.1915555214498843 4.6230639806570153 -0.027996219887017393
6.1959188445798699 4.6229418242538891 -0.027996175738778273
6.2002821677098554 4.622819666816202 -0.027996900620641998
6.2046454908398418 4.6226975045759779 -0.027998058534311497
6.2090088139698274 4.6225753367902662 -0.027999816775441146
6.213372137099813 4.6224531568727807 -0.0280037798869513
6.2177354602297994 4.6223309524571752 -0.028011354059578535
6.2220987833597849 4.6222087028125269 -0.028025035123248145
6.2264621064897705 4.6220863736498137 -0.028048506489329338
6.2308254296197561 4.6219639122484502 -0.028086533154159838
6.2351887527497425 4.6218412429336109 -0.02814482650330077
6.239552075879728 4.6217182651371909 -0.028228673529488508
6.2439153990097136 4.6215948563938802 -0.028343385643529839
6.2482787221397 4.6214708825467641 -0.02848552417400145
6.2526420452696856 4.6213462161897976 -0.028666929394953477
6.2570053683996711 4.621220762023496 -0.028816962480596245
6.2613686915296576 4.6210944847572994 -0.029143004517754336
6.2657320146596431 4.62096743263647 -0.028787475887047293
6.2700953377896287 4.6208397488519504 -0.030850599137422528
6.2744586609196151 4.620711664941604 -0.023663040982605812
6.2788219840496007 4.6205834746473649 -0.050698400782012529
6.2831853071795862 4.6203207170169414 -0.042339349000183692
