# q  U_kJmol  dU_dq   # conservative spline pchip_hermite_v1
0 4.062493964801531 -0.14276472406643767
0.0043633231299858239 4.0594246657646504 -0.62928439954898141
0.0087266462599716477 4.0586653095443488 0.027512872896961832
0.013089969389957472 4.0587089658445645 0.027153890135858474
0.017453292519943295 4.0589903416827164 0.087347203374549265
0.021816615649929118 4.0594039721147057 0.10130840853657345
0.026179938779914945 4.0598455467647172 0.095414864280556677
0.030543261909900768 4.0601902619235801 0.057645184613020033
0.034906585039886591 4.0603013527126137 -0.012606517635474294
0.039269908169872414 4.0600376922170334 -0.11211831727126668
0.043633231299858237 4.0593137222847755 -0.21796487608542123
0.04799655442984406 4.0581623018723167 -0.30544559868921228
0.05235987755982989 4.0566868067301431 -0.36638682217014429
0.056723200689815713 4.0550061401012911 -0.39902409991385113
0.061086523819801536 4.0532521851268797 -0.39898864327188571
0.065449846949787352 4.0515696361751923 -0.36778738194582183
0.069813170079773182 4.0500573721264095 -0.32645344407046123
0.074176493209759012 4.048701425563805 -0.29843519521789619
0.078539816339744828 4.0474259081156783 -0.28906715612356293
0.082903139469730658 4.0461537383848132 -0.29695685479769396
0.087266462599716474 4.0448077218111571 -0.32323772742185108
0.091629785729702304 4.0433086566289198 -0.36622635930322084
0.09599310885968812 4.0416049435533745 -0.41392495801172957
0.10035643198967395 4.0397092015963079 -0.45287679163932182
0.10471975511965978 4.0376704158873737 -0.47974983110261377
0.1090830782496456 4.0355390541274785 -0.49530608288325961
0.11344640137963143 4.0333652687873087 -0.49902694556488308
0.11780972450961724 4.0312002860669134 -0.49170331273571077
0.12217304763960307 4.029081708465406 -0.4793189363089686
0.1265363707695889 4.0270148140478366 -0.4687395255868218
0.1308996938995747 4.0249859501943224 -0.46175891541046121
0.13526301702956053 4.0229805251261128 -0.45799755538519349
0.13962634015954636 4.0209842315814308 -0.45762991086034926
0.14398966328953219 4.0189823685616561 -0.46041276488411625
0.14835298641951802 4.0169646778942871 -0.46436057119816126
0.15271630954950383 4.0149317576993742 -0.46713983262649755
0.15707963267948966 4.0128907509452185 -0.46810594101072234
0.16144295580947549 4.0108491546909733 -0.46742746503602972
0.16580627893946132 4.0088142461574181 -0.46498243291520047
0.17016960206944712 4.0067936708203273 -0.46098811935985384
0.17453292519943295 4.0047907119845911 -0.45744341160114288
0.17889624832941878 4.0027976161956929 -0.4567230105790534
0.18325957145940461 4.0008000331628875 -0.45945319259297052
0.18762289458939044 3.9987837254424305 -0.46521221411126457
0.19198621771937624 3.9967357037551907 -0.47412501030512477
0.19634954084936207 3.9946428482115373 -0.48534521041230061
0.2007128639793479 3.9925060309770104 -0.49260293497893748
0.20507618710933373 3.9903610389895943 -0.48819821484228249
0.20943951023931956 3.9882661647358466 -0.46972150147610969
0.21380283336930536 3.9862814598227367 -0.43782780065848004
0.21816615649929119 3.9844653126092653 -0.39224072076717725
0.22252947962927702 3.9828766967772395 -0.33415194926198294
0.22689280275926285 3.9815534379702315 -0.27320900963865619
0.23125612588924865 3.9804787343907577 -0.22172950230172075
0.23561944901923448 3.9795985328885486 -0.18396670750378619
0.23998277214922031 3.9788539226200816 -0.15954195123814519
0.24434609527920614 3.9781861766303295 -0.14893012072176504
0.24870941840919197 3.977534770812948 -0.15171953890452383
0.2530727415391778 3.9768511167108955 -0.16211130902782769
0.25743606466916363 3.9761202972094587 -0.17235563753536801
0.26179938779914941 3.9753513052956948 -0.17966051070924194
0.26616271092913524 3.974556525116038 -0.18417281250781611
0.27052603405912107 3.9737485473133085 -0.18562345491914514
0.2748893571891069 3.9729412105949629 -0.18394182354119526
0.27925268031909273 3.9721458789071939 -0.18052287846794729
0.28361600344907856 3.9713654976069308 -0.17734710984522892
0.28797932657906439 3.9705968523162505 -0.17512091432631874
0.29234264970905022 3.9698360370193009 -0.17374887208301823
0.29670597283903605 3.9690793255100298 -0.17325817287452228
0.30106929596902182 3.9683227938291932 -0.17364781445991037
0.30543261909900765 3.9675632352090946 -0.17453747653754367
0.30979594222899348 3.96679972981351 -0.17538395971260476
0.31415926535897931 3.9660330827364083 -0.17598202896920964
0.31852258848896514 3.9652643267441898 -0.17635331309232041
0.32288591161895097 3.9644944505325723 -0.1764902966940835
0.3272492347489368 3.963724502205149 -0.1763908674639135
0.33161255787892263 3.9629553498021424 -0.17615394663992426
0.33597588100890846 3.962187256506617 -0.1759256331827313
0.34033920413889424 3.9614200124339343 -0.17576373655372488
0.34470252726888007 3.9606533399255399 -0.17566277525259086
0.3490658503988659 3.9598869744788869 -0.17562441832685394
0.35342917352885173 3.9591206352533121 -0.17564965894359247
0.35779249665883756 3.9583540870392899 -0.17571271498905652
0.36215581978882339 3.957587254707895 -0.175774284778655
0.36651914291880922 3.9568201928470788 -0.17581810709626761
0.37088246604879505 3.95605297609761 -0.1758455544345984
0.37524578917878088 3.9552856752259418 -0.17585627452059102
0.37960911230876665 3.95451836547279 -0.17584989146046157
0.38397243543875248 3.9537511105419387 -0.17583311703597812
0.38833575856873831 3.9529839318066462 -0.17581651654953914
0.39269908169872414 3.9522168151021062 -0.17580465550872648
0.39706240482870997 3.9514497403664288 -0.17579719529019253
0.4014257279586958 3.9506826886650153 -0.17579420434754098
0.40578905108868163 3.9499156398428634 -0.17579581150892698
0.41015237421866746 3.9491485766544505 -0.17580027168501994
0.41451569734865329 3.9483814930380103 -0.1758047466097383
0.41887902047863912 3.94761439265943 -0.17580795681034203
0.42324234360862489 3.9468472809094433 -0.17580998428501277
0.42760566673861072 3.9460801628542121 -0.17581081775557397
0.43196898986859655 3.9453130438914683 -0.17581041552510882
0.43633231299858238 3.9445459286875071 -0.17580923058763903
0.44069563612856821 3.9437788189574454 -0.17580802464331716
0.44505895925855404 3.9430117137569076 -0.17580715551076068
0.44942228238853987 3.9422446116396115 -0.17580660383328567
0.4537856055185257 3.9414775112517892 -0.17580637069626756
0.45814892864851153 3.9407104111500928 -0.17580646909755185
0.46251225177849731 3.9399433100734984 -0.17580678219428669
0.46687557490848314 3.9391762075351573 -0.17580710671952796
0.47123889803846897 3.9384091037711033 -0.17580734328292549
0.4756022211684548 3.9376419991620253 -0.17580749623792283
0.47996554429844063 3.9368748940627483 -0.17580756588627702
0.48432886742842646 3.9361077888515714 -0.17580754831051454
0.48869219055841229 3.9353406838650034 -0.17580747147224213
0.49305551368839812 3.9345735792510523 -0.17580738577886437
0.49741883681838395 3.9338064749750945 -0.17580731681103814
0.50178215994836972 3.9330393709640412 -0.17580726385378145
0.50614548307835561 3.9322722671509016 -0.17580722644025379
0.51050880620834138 3.9315051634649176 -0.17580720555043064
0.51487212933832727 3.9307380598325508 -0.17580720223307714
0.51923545246831304 3.9299709561729257 -0.17580721826925921
0.52359877559829882 3.9292038523989627 -0.17580725479618306
0.5279620987282847 3.9284367484214711 -0.17580731120128293
0.53232542185827048 3.9276696441539074 -0.17580738842881283
0.53668874498825636 3.9269025395014872 -0.17580748716028718
0.54105206811824214 3.926135434416024 -0.1758075773531507
0.54541539124822802 3.925368329060217 -0.17580760146328134
0.5497787143782138 3.9246012238112096 -0.17580752727466573
0.55414203750819968 3.9238341190991619 -0.17580735730272853
0.55850536063818546 3.9230670153373151 -0.17580708888277113
0.56286868376817123 3.9222999129745997 -0.17580671725265662
0.56723200689815712 3.9215328122891062 -0.17580635704826938
0.57159533002814289 3.9207657127377407 -0.17580623655417998
0.57595865315812877 3.9199986129117974 -0.17580648775173399
0.58032197628811455 3.9192315111795182 -0.17580710294139384
0.58468529941810043 3.9184644059737455 -0.17580808988347862
0.58904862254808621 3.9176972955972666 -0.1758094702393169
0.59341194567807209 3.9169301789458366 -0.17581083132817099
0.59777526880805787 3.9161630579347371 -0.17581131844353742
0.60213859193804364 3.9153959377749876 -0.17581042103597749
0.60650191506802953 3.914628824563811 -0.17580816071886463
0.6108652381980153 3.9138617241599336 -0.17580451625780755
0.61522856132800119 3.9130946428880313 -0.17579939459170651
0.61959188445798696 3.9123275850303103 -0.17579427313482965
0.62395520758797285 3.911560543818613 -0.17579233726041035
0.62831853071795862 3.9107934999967719 -0.17579555185472598
0.63268185384794451 3.9100264308088994 -0.17580386435304193
0.63704517697793028 3.9092593143729641 -0.1758173255390964
0.64140850010791606 3.908492127149009 -0.17583632392899376
0.64577182323790194 3.9077248525986361 -0.17585558066275203
0.65013514636788772 3.9069575145783224 -0.17586323527672518
0.6544984694978736 3.9061901842113533 -0.17585173675176605
0.65886179262785938 3.9054229464096495 -0.17582117099714897
0.66322511575784526 3.9046558829022269 -0.17577145343175682
0.66758843888783104 3.9038890812792322 -0.17570099505816855
0.67195176201781692 3.9031226052524817 -0.17562862416122516
0.6763150851478027 3.9023563709974542 -0.17559847264311801
0.68067840827778847 3.901590115935599 -0.17563952534146893
0.68504173140777436 3.9008235232669599 -0.17575189311338985
0.68940505453776013 3.9000562877130651 -0.17593550599591048
0.69376837766774602 3.8992880834170354 -0.17619676006549143
0.69813170079773179 3.8985186654868977 -0.17646862228093363
0.70249502392771768 3.8977483274244005 -0.17658698910624632
0.70685834705770345 3.8969780381902326 -0.17644072411283207
0.71122167018768934 3.8962089795815595 -0.17602772961065949
0.71558499331767511 3.8954422919716176 -0.17534967820228331
0.71994831644766089 3.8946791874460942 -0.17438115231384987
0.72431163957764677 3.8939206053731183 -0.17336035056983407
0.72867496270763255 3.8931655220918064 -0.17289708215717228
0.73303828583761843 3.8924103636812939 -0.17341702063633566
0.73740160896760421 3.8916507221584902 -0.17493455112613246
0.74176493209759009 3.8908823373583967 -0.17743828630195824
0.74612825522757587 3.8901007012645623 -0.18102816821597156
0.75049157835756175 3.8893022174585701 -0.18485945745057025
0.75485490148754752 3.8884904406684173 -0.18666763488568494
0.7592182246175333 3.8876785464110695 -0.18482398307914544
0.76358154774751918 3.8868829736048403 -0.17924937418877052
0.76794487087750496 3.8861196381618592 -0.1700048801002674
0.77230819400749084 3.885405305026131 -0.15670118235976754
0.77667151713747662 3.884753716794382 -0.14232874449888214
0.7810348402674625 3.8841525828942407 -0.13529213236405496
0.78539816339744828 3.8835533436007692 -0.14181854006071731
0.78976148652743416 3.8828946771987578 -0.16230595591273653
0.79412480965741994 3.8821170700615277 -0.19646658058658228
0.79848813278740571 3.8811580882415155 -0.24581833772902667
0.8028514559173916 3.8799651380071873 -0.29981956264876047
0.80721477904737737 3.8785801945443121 -0.32733255827350088
0.81157810217736326 3.877181673261731 -0.30461959231447117
0.81594142530734903 3.8759975777301894 -0.22986559505368451
0.82030474843733492 3.8752494177806782 -0.10443903553494825
0.82466807156732069 3.8751682563432315 0.077422353202001581
0.82903139469730658 3.8759531345399871 0.27858962609922344
0.83339471782729235 3.877459516731653 0.38357374266582611
0.83775804095727824 3.8790293079765679 0.30213646283343221
0.84212136408726401 3.8798127176083264 0.025822148958849562
0.84648468721724979 3.87897890315242 -0.4400808629580919
0.85084801034723567 3.8756818988392649 -1.105640473934183
0.85521133347722145 3.8691185573255424 -1.9168316463394215
0.85957465660720733 3.8589979055788315 -2.6981017316786371
0.86393797973719311 3.845822178971956 -3.3081713181512367
0.86830130286717899 3.8303995403859936 -3.7320005139977219
0.87266462599716477 3.8135136899379503 -3.9775073949766329
0.87702794912715065 3.7959584788870591 -4.0378994961692616
0.88139127225713643 3.7785092435352126 -3.9381791371714896
0.8857545953871222 3.7617035725695791 -3.7613226704365164
0.89011791851710809 3.7456973039635773 -3.5763580421983918
0.89448124164709386 3.7304940191137077 -3.391353482882248
0.89884456477707975 3.7161074908157592 -3.2026849456808484
0.90320788790706552 3.702549956193939 -3.0108291474035251
0.90757121103705141 3.6898319058857698 -2.8197599134163163
0.91193453416703718 3.6779176159245055 -2.6460808425553499
0.91629785729702307 3.6666948127775605 -2.5038101399816894
0.92066118042700884 3.6560193275652537 -2.3948326160649134
0.92502450355699462 3.6457485690917357 -2.3184357139625211
0.9293878266869805 3.6357392693527841 -2.2749654543345694
0.93375114981696627 3.6258483257339718 -2.2641019368966839
0.93811447294695216 3.6159351677723834 -2.2849240493425529
0.94247779607693793 3.6058638119064632 -2.3365414409779812
0.94684111920692382 3.5955002712260486 -2.4189101094428462
0.95120444233690959 3.5847112734785633 -2.5312322561340488
0.95556776546689548 3.573361157509988 -2.6778942031065771
0.95993108859688125 3.5613216751169698 -2.8386941789445741
0.96429441172686703 3.5486905190925353 -2.92961059167546
0.96865773485685291 3.5359674903859197 -2.8751167913640274
0.97302105798683869 3.52382812484487 -2.6640453506471178
0.97738438111682457 3.5129331924432758 -2.3059184799719357
0.98174770424681035 3.5039433491315828 -1.7840454286922514
0.98611102737679623 3.4974880320723787 -1.1772098431205191
0.99047435050678201 3.4933039842369045 -0.82220366080223772
0.99483767363676789 3.4894906437490012 -1.0325746903513542
0.99920099676675367 3.4833931856830902 -1.8616607226473747
1.0035643198967394 3.4723794152547072 -3.2855965191437866
1.0079276430267252 3.4538149391666582 -5.3324574902467337
1.0122909661567112 3.4250978270662045 -7.8929989423902791
1.016654289286697 3.3849014672906024 -10.476959821289654
1.0210176124166828 3.334322380977079 -12.611761104342495
1.0253809355466685 3.275627517283751 -14.207229514734852
1.0297442586766545 3.2110929739908887 -15.285620023220538
1.0341075818066403 3.1430253170332936 -15.820847534379368
1.0384709049366261 3.0737514197528211 -15.860086754563351
1.0428342280666119 3.0049844375740156 -15.648722966857509
1.0471975511965976 2.9371990496454319 -15.431515253949106
1.0515608743265836 2.8702607900347208 -15.254372872660584
1.0559241974565694 2.8040421382704874 -15.102941672789573
1.0602875205865552 2.7384137023841864 -14.985240397786869
1.064650843716541 2.6732371873473069 -14.890956263833253
1.0690141668465269 2.60851765311924 -14.760879326537022
1.0733774899765127 2.5445629275041175 -14.535430681830684
1.0777408131064985 2.4818216442148571 -14.207157042617686
1.0821041362364843 2.4207160020806833 -13.786814736910378
1.08646745936647 2.3616368376287085 -13.278570157530718
1.090830782496456 2.304944523179822 -12.697510181052184
1.0951941056264418 2.2508640473545731 -12.093149529408613
1.0995574287564276 2.1993708128745681 -11.517028037648414
1.1039207518864134 2.1502936573594504 -10.985845008461512
1.1082840750163994 2.103429800154494 -10.503773261359004
1.1126473981463851 2.0585506740060495 -10.076890899167619
1.1170107212763709 2.0154054237192818 -9.7097663100729434
1.1213740444063567 1.9737238922916696 -9.4066428434789966
1.1257373675363425 1.9332197303765735 -9.1703826947350677
1.1301006906663285 1.8935988427594563 -9.001752435249843
1.1344640137963142 1.8545683768009162 -8.8992949187808019
1.1388273369263 1.8158440675547187 -8.8613133642666728
1.1431906600562858 1.777154738518822 -8.8811486279496776
1.1475539831862718 1.7382902238700091 -8.9361872617479694
1.1519173063162575 1.6991579495229205 -9.0007442255086048
1.1562806294462433 1.6597473640978384 -9.0629283462170385
1.1606439525762291 1.6200824598017747 -9.1158442770452215
1.1650072757062149 1.5802207983167507 -9.1521334867127884
1.1693705988362009 1.5402523654004925 -9.1627516239957973
1.1737339219661866 1.5003244041718347 -9.1295742111123968
1.1780972450961724 1.4606728364690638 -9.0338052524763839
1.1824605682261582 1.421592537093493 -8.867249140270312
1.1868238913561442 1.3833978231490849 -8.6275836870657461
1.19118721448613 1.3464126880033847 -8.3122727989897456
1.1955505376161157 1.310966761846001 -7.9232545368163345
1.1999138607461015 1.2773521773772056 -7.4772185325266323
1.2042771838760873 1.2457681711763728 -6.9951202399263197
1.2086405070060733 1.2163474390969773 -6.4860689128546207
1.2130038301360591 1.189198895625579 -5.9547729787315813
1.2173671532660448 1.1644073742861469 -5.4061971877779582
1.2217304763960306 1.1420341703414334 -4.848514678263026
1.2260937995260166 1.1220741383984172 -4.3059330931535973
1.2304571226560024 1.1043954604207922 -3.80622364636125
1.2348204457859882 1.0887798454974587 -3.360641902569288
1.2391837689159739 1.0749858604448705 -2.9717602128221077
1.2435470920459597 1.0627600571143043 -2.6422059442817405
1.2479104151759457 1.0518406890989265 -2.3728636208074021
1.2522737383059315 1.0419686361115303 -2.1614676549517067
1.2566370614359172 1.0329000168619145 -2.0039127232427174
1.261000384565903 1.0244079518876055 -1.8967185487919123
1.265363707695889 1.0162805694746335 -1.8359033991605322
1.2697270308258748 1.0083249708400004 -1.8175110867657516
1.2740903539558606 1.0003673130849056 -1.8352014070686031
1.2784536770858463 0.99228380812427852 -1.8707743500816838
1.2828170002158321 0.98404769147658655 -1.9022464894909494
1.2871803233458181 0.97570464220202147 -1.9192345142637357
1.2915436464758039 0.96732575442047353 -1.9179724766382582
1.2959069696057897 0.95899875339994567 -1.8949986356690303
1.3002702927357754 0.95082477702035251 -1.8472693350980089
1.3046336158657614 0.94292216607389456 -1.7693712570136382
1.3089969389957472 0.93543616147022568 -1.6556783197071601
1.313360262125733 0.92852758130318469 -1.5049029266174194
1.3177235852557188 0.92235469033566819 -1.3188670038115433
1.3220869083857045 0.91706657940189207 -1.0996335133622492
1.3264502315156905 0.91280177355070258 -0.85070070855794833
1.3308135546456763 0.90967209494016221 -0.58163666839210315
1.3351768777756621 0.90773763207603508 -0.30459981814093001
1.3395402009056478 0.90701545839501196 -0.026532799892102291
1.3439035240356338 0.90750225277450458 0.24889613096009303
1.3482668471656196 0.90917871695532093 0.51829530206674279
1.3526301702956054 0.91201148270959898 0.77824079039247784
1.3569934934255912 0.91594687776258132 1.0221861282259188
1.3613568165555769 0.92089742468528402 1.242538363162635
1.3657201396855629 0.92675091301747603 1.435967880915598
1.3700834628155487 0.93338922444498162 1.6023189702133775
1.3744467859455345 0.94069460756728895 1.7417344205171879
1.3788101090755203 0.94855101216972815 1.8552207057328074
1.3831734322055063 0.95685294897426987 1.9470399551692565
1.387536755335492 0.96551938745015664 2.0232149387420191
1.3919000784654778 0.97449143719969811 2.0874314775616249
1.3962634015954636 0.9837215117119491 2.1419179314922689
1.4006267247254494 0.99317184685579829 2.1886003909090852
1.4049900478554354 1.002812888375022 2.2299441995347817
1.4093533709854211 1.0126362674407994 2.2743726132090782
1.4137166941154069 1.0226818733874568 2.3334731606834254
1.4180800172453927 1.0330289098874295 2.4126828877922684
1.4224433403753787 1.0437671256203422 2.512946843104892
1.4268066635053644 1.0549898229728225 2.6347413483476974
1.4311699866353502 1.0667919981380445 2.778823992597653
1.435533309765336 1.0792807609126462 2.951181373655158
1.4398966328953218 1.0926002793142073 3.1609175673546317
1.4442599560253078 1.1069247203018029 3.411734781282679
1.4486232791552935 1.1224320837511184 3.702981181450133
1.4529866022852793 1.1392973997365832 4.0341553306314273
1.4573499254152651 1.1576940834794809 4.4047626355439657
1.4617132485452511 1.1777911743885912 4.8131640282450165
1.4660765716752369 1.1997484497544748 5.2570336233290877
1.4704398948052226 1.2237172030332053 5.7351128120387678
1.4748032179352084 1.2498453476684184 6.2466049345166779
1.4791665410651942 1.278277626629807 6.7914514562701527
1.4835298641951802 1.3091593731162419 7.3689091295042619
1.487893187325166 1.3426131467952724 7.9667573648318468
1.4922565104551517 1.3786825861326539 8.5647016195216992
1.4966198335851375 1.4173404223228778 9.1531261839983031
1.5009831567151235 1.4585441993992143 9.7315942678429774
1.5053464798451093 1.5022504501963518 10.300331570487907
1.509709802975095 1.5484161829221958 10.858503678239508
1.5140731261050808 1.596972428129551 11.391688468998321
1.5184364492350666 1.647754881604335 11.875000567468401
1.5227997723650526 1.7005108912227225 12.296112691244202
1.5271630954950384 1.7549679933959415 12.654854437033711
1.5315264186250241 1.8108544076117672 12.951082989320508
1.5358897417550099 1.8678955159521993 13.184058805788871
1.5402530648849959 1.9258120989950702 13.351768253491196
1.5446163880149817 1.9843118900919368 13.450871033320009
1.5489797111449675 2.0430905660234524 13.479481875115439
1.5533430342749532 2.1018401819444184 13.437702624566832
1.557706357404939 2.1602535415580819 13.325035786563635
1.562069680534925 2.2180196979636877 13.141305434497587
1.5664330036649108 2.274848158712194 12.899197489621953
1.5707963267948966 2.3305362048043503 12.622556217313354
1.5751596499248823 2.3849688843774968 12.324011451603214
1.5795229730548683 2.4380525693931392 12.004205010601797
1.5838862961848541 2.4896941310237963 11.662944201583066
1.5882496193148399 2.5398008189607562 11.300961459885793
1.5926129424448257 2.5883048683239362 10.932958702530126
1.5969762655748114 2.635240966296458 10.587015391304012
1.6013395887047974 2.6807488481206598 10.2787783371919
1.6057029118347832 2.724996182222144 10.009012001853911
1.610066234964769 2.7681504483864097 9.7780874703966525
1.6144295580947547 2.8103843248057312 9.5872004025702964
1.6187928812247407 2.8518726176485432 9.4362343241232693
1.6231562043547265 2.892787739586081 9.3242769134957424
1.6275195274847123 2.9332986071603111 9.2510445223041078
1.6318828506146981 2.9735746909792478 9.2165612519722053
1.6362461737446838 3.013785008947103 9.2210840367363041
1.6406094968746698 3.0541002212370305 9.2643789229693212
1.6449728200046556 3.0946672105582556 9.331905751928856
1.6493361431346414 3.1355281312844503 9.3937050327726563
1.6536994662646272 3.1766062157276673 9.4303842014763042
1.6580627893946132 3.2177797301381976 9.4367918315949471
1.6624261125245989 3.2589078744547697 9.4089007760111674
1.6667894356545847 3.2998313602175444 9.342150332943989
1.6711527587845705 3.3403380522348818 9.2097640338182707
1.6755160819145565 3.3800309670697763 8.9599814266785707
1.6798794050445423 3.4183128625420891 8.5618407267006891
1.684242728174528 3.4545327212885022 8.016288663166856
1.6886060513045138 3.4880594489656276 7.3272250707908491
1.6929693744344996 3.5182702849694776 6.4975317980647604
1.6973326975644856 3.5446198488822764 5.570714170502522
1.7016960206944713 3.5668734041346348 4.6366547119435744
1.7060593438244571 3.5851574500907981 3.754268511716107
1.7104226669544429 3.5997229248653508 2.9319380039626282
1.7147859900844289 3.6108338783383678 2.1717911311079723
1.7191493132144147 3.6187692316293814 1.4761733862902793
1.7235126363444004 3.6238313047072164 0.85988742933586815
1.7278759594743862 3.6264385252841698 0.35729479555636517
1.732239282604372 3.6271441794494583 -0.011301722129848589
1.736602605734358 3.6265298714452872 -0.24928291295595964
1.7409659288643438 3.6251523875971516 -0.3610218277149268
1.7453292519943295 3.6235627372917096 -0.34668094717372239
1.7496925751243153 3.6222633766066892 -0.23859202423510995
1.7540558982543013 3.6215073059185841 -0.11216146899233596
1.7584192213842871 3.6212382669984593 -0.017575548874101312
1.7627825445142729 3.6213041974343536 0.042816557332295238
1.7671458676442586 3.6215657826609511 0.071492501767447092
1.7715091907742444 3.6218797983329747 0.066967461697023445
1.7758725139042304 3.6221139824023281 0.037552029577230833
1.7802358370342162 3.6222000669950334 0.0030249317492270747
1.7845991601642019 3.6221529218302426 -0.022878978060245511
1.7889624832941877 3.622013964566102 -0.03946362432704717
1.7933258064241737 3.6218209988685746 -0.047479942556312667
1.7976891295541595 3.6216126435441693 -0.04654461488714054
1.8020524526841453 3.6214247185158306 -0.038803898489349398
1.806415775814131 3.6212762283199829 -0.029541861273458134
1.8107790989441168 3.6211636229389943 -0.022544751643857462
1.8151424220741028 3.6210758512129368 -0.01804828268844216
1.8195057452040886 3.6210027897124735 -0.015842898623752495
1.8238690683340744 3.6209341064155534 -0.016036666712681818
1.8282323914640601 3.6208601508502785 -0.018081692105388271
1.8325957145940461 3.6207756681207619 -0.020570712123360573
1.8369590377240319 3.620681504972342 -0.022463317399201883
1.8413223608540177 3.6205806164663223 -0.023683657317004694
1.8456856839840035 3.6204757182259066 -0.024290597938469223
1.8500490071139892 3.6203695765665258 -0.024254297735585899
1.8544123302439752 3.6202647918418136 -0.023714510277020363
1.858775653373961 3.6201628158634738 -0.02304584900480099
1.8631389765039468 3.6200634508456631 -0.02253396557240921
1.8675022996339325 3.6199659070661192 -0.022202805154525371
1.8718656227639185 3.6198694559251554 -0.022035896114255132
1.8762289458939043 3.6197733568074315 -0.022041416391938493
1.8805922690238901 3.6196769092308352 -0.022183793642928162
1.8849555921538759 3.6195797125821056 -0.022363371095376929
1.8893189152838616 3.619481811841172 -0.022501806236191035
1.8936822384138476 3.6193834179343534 -0.022591662246411924
1.8980455615438334 3.619284726375362 -0.02263752950954533
1.9024088846738192 3.6191859354380123 -0.022637182532045393
1.906772207803805 3.6190872337665536 -0.022599655999278268
1.911135530933791 3.6189887317770508 -0.022551443202265365
1.9154988540637767 3.6188904196244018 -0.022514007517076256
1.9198621771937625 3.6187922410068323 -0.022489628891003755
1.9242255003237483 3.6186941434512914 -0.022477032977416038
1.9285888234537341 3.6185960738788814 -0.022476821328804044
1.9329521465837201 3.618497981499992 -0.022486704633405116
1.9373154697137058 3.6183998359162031 -0.022499644638131432
1.9416787928436916 3.6183016391580982 -0.022509767176828222
1.9460421159736774 3.6182034062444473 -0.022516380607537339
1.9504054391036634 3.6181051512606182 -0.022519837405098605
1.9547687622336491 3.618006888415644 -0.022519976046078114
1.9591320853636349 3.6179086313803195 -0.022517375188951923
1.9634954084936207 3.6178103885145183 -0.02251390330899633
1.9678587316236065 3.6177121594412114 -0.022511166418809795
1.9722220547535925 3.6176139401567808 -0.02250937250335858
1.9765853778835782 3.617515726879633 -0.022508424416398738
1.980948701013564 3.617417515806161 -0.022508365240424249
1.9853120241435498 3.6173193032575934 -0.022509049096362383
1.9896753472735358 3.6172210869372807 -0.02250998031054283
1.9940386704035216 3.6171228669003184 -0.022510720238886617
1.9984019935335073 3.6170246442132079 -0.022511206799019409
2.0027653166634933 3.6169264198913988 -0.022511466673722023
2.0071286397934789 3.6168281949530532 -0.022511488450088855
2.0114919629234649 3.616729970387873 -0.022511308799562254
2.0158552860534504 3.6166317468261657 -0.022511059118487282
2.0202186091834364 3.6165335242657881 -0.022510859092617921
2.0245819323134224 3.6164353024228544 -0.022510727135506899
2.028945255443408 3.6163370810246427 -0.022510655943400161
2.033308578573394 3.6162388597986115 -0.02251064851800268
2.0376719017033795 3.6161406384785661 -0.022510695668467452
2.0420352248333655 3.6160424168916903 -0.022510762590537674
2.0463985479633515 3.6159441950350906 -0.022510816659386416
2.0507618710933371 3.6158459729842747 -0.022510852443573766
2.0551251942233231 3.6157477508125004 -0.02251087193603607
2.0594885173533091 3.615649528592721 -0.022510874352744702
2.0638518404832946 3.6155513063965175 -0.022510861989836803
2.0682151636132806 3.6154530842712265 -0.022510844059309611
2.0725784867432662 3.6153548622185752 -0.022510829445048071
2.0769418098732522 3.6152566402184982 -0.022510819741774428
2.0813051330032382 3.6151584182513119 -0.022510814407739804
2.0856684561332237 3.6150601962974886 -0.022510813645479556
2.0900317792632097 3.6149619743377852 -0.022510816883689909
2.0943951023931953 3.6148637523592466 -0.022510821686125421
2.0987584255231813 3.6147655303611494 -0.022510825635759103
2.1031217486531673 3.6146673083488214 -0.02251082826667293
2.1074850717831528 3.6145690863275517 -0.022510829725679776
2.1118483949131388 3.6144708643025671 -0.02251082996073616
2.1162117180431244 3.6143726422790401 -0.022510829113512692
2.1205750411731104 3.6142744202605126 -0.022510827827804732
2.1249383643030963 3.6141761982472502 -0.02251082676038044
2.1293016874330819 3.6140779762378403 -0.022510826046995506
2.1336650105630679 3.6139797542308609 -0.022510825648104714
2.1380283336930539 3.6138815322249127 -0.022510825576973259
2.1423916568230394 3.6137833102186052 -0.022510825798427541
2.1467549799530254 3.6136850882109717 -0.022510826142481549
2.151118303083011 3.613586866201921 -0.022510826430854725
2.155481626212997 3.6134886441918281 -0.022510826624243547
2.159844949342983 3.6133904221810744 -0.022510826733261217
2.1642082724729685 3.6132922001700352 -0.022510826754473752
2.1685715956029545 3.6131939781590834 -0.022510826696784576
2.1729349187329401 3.6130957561484829 -0.02251082660465949
2.1772982418629261 3.6129975341382643 -0.02251082652674382
2.1816615649929121 3.6128993121283273 -0.022510826474356819
2.1860248881228976 3.6128010901185701 -0.022510826444586136
2.1903882112528836 3.6127028681088915 -0.022510826438351918
2.1947515343828692 3.6126046460991921 -0.022510826453366148
2.1991148575128552 3.6125064240893994 -0.022510826478014081
2.2034781806428412 3.6124082020795041 -0.022510826499053206
2.2078415037728267 3.6123099800695324 -0.022510826513304948
2.2122048269028127 3.6122117580595119 -0.022510826521362839
2.2165681500327987 3.6121135360494701 -0.022510826523115309
2.2209314731627843 3.6120153140394331 -0.022510826519351754
2.2252947962927703 3.6119170920294201 -0.022510826512806829
2.2296581194227558 3.6118188700194351 -0.022510826507026096
2.2340214425527418 3.611720648009471 -0.022510826503107286
2.2383847656827278 3.6116224259995202 -0.022510826501045727
2.2427480888127134 3.6115242039895747 -0.022510826500393665
2.2471114119426994 3.6114259819796293 -0.022510826501399465
2.2514747350726849 3.6113277599696763 -0.022510826503218999
2.2558380582026709 3.6112295379597166 -0.022510826504705726
2.2602013813326569 3.6111313159497507 -0.022510826505787066
2.2645647044626425 3.6110330939397817 -0.022510826506393865
2.2689280275926285 3.6109348719298104 -0.022510826506549324
2.2732913507226145 3.6108366499198401 -0.022510826506229792
2.2776546738526 3.6107384279098711 -0.022510826505832696
2.282017996982586 3.6106402058999043 -0.022510826505297937
2.2863813201125716 3.6105419838899393 -0.022510826505086078
2.2907446432425576 3.6104437618799747 -0.022510826504941597
2.2951079663725436 3.6103455398700111 -0.022510826504808509
2.2994712895025291 3.6102473178600474 -0.022510826504881554
2.3038346126325151 3.6101490958500833 -0.022510826505027781
2.3081979357625007 3.6100508738401182 -0.022510826505285835
2.3125612588924866 3.6099526518301523 -0.022510826505328721
2.3169245820224726 3.6098544298201869 -0.022510826505197593
2.3212879051524582 3.6097562078102214 -0.022510826505380759
2.3256512282824442 3.6096579858002551 -0.022510826505389873
2.3300145514124297 3.6095597637902896 -0.022510826505170264
2.3343778745424157 3.6094615417803246 -0.022510826505123576
2.3387411976724017 3.6093633197703596 -0.022510826505217737
2.3431045208023873 3.6092650977603942 -0.022510826505199984
2.3474678439323733 3.6091668757504292 -0.022510826505176853
2.3518311670623593 3.6090686537404637 -0.022510826505280235
2.3561944901923448 3.6089704317304983 -0.022510826505202048
2.3605578133223308 3.6088722097205332 -0.022510826505106076
2.3649211364523164 3.6087739877105682 -0.022510826505262833
2.3692844595823024 3.6086757657006023 -0.022510826505342446
2.3736477827122884 3.6085775436906369 -0.022510826505165685
2.3780111058422739 3.6084793216806719 -0.022510826505189326
2.3823744289722599 3.6083810996707064 -0.02251082650527152
2.3867377521022455 3.608282877660741 -0.022510826505224436
2.3911010752322315 3.6081846556507755 -0.022510826505330584
2.3954643983622175 3.6080864336408096 -0.022510826505251522
2.399827721492203 3.6079882116308446 -0.022510826505163169
2.404191044622189 3.6078899896208791 -0.0225108265052903
2.4085543677521746 3.6077917676109137 -0.022510826505175472
2.4129176908821606 3.6076935456009487 -0.022510826505202336
2.4172810140121466 3.6075953235909832 -0.022510826505202822
2.4216443371421321 3.6074971015810182 -0.022510826505180902
2.4260076602721181 3.6073988795710528 -0.022510826505268089
2.4303709834021041 3.6073006575610873 -0.022510826505239712
2.4347343065320897 3.6072024355511219 -0.022510826505272901
2.4390976296620757 3.6071042135411564 -0.022510826505168526
2.4434609527920612 3.6070059915311914 -0.022510826505247505
2.4478242759220472 3.6069077695212255 -0.022510826505341308
2.4521875990520332 3.60680954751126 -0.022510826505185565
2.4565509221820188 3.606711325501295 -0.022510826505110944
2.4609142453120048 3.60661310349133 -0.022510826505259832
2.4652775684419903 3.6065148814813641 -0.022510826505349572
2.4696408915719763 3.6064166594713987 -0.02251082650514705
2.4740042147019623 3.6063184374614337 -0.022510826505249864
2.4783675378319479 3.6062202154514678 -0.022510826505353354
2.4827308609619338 3.6061219934415023 -0.022510826505141902
2.4870941840919194 3.6060237714315373 -0.022510826505273546
2.4914575072219054 3.6059255494215714 -0.022510826505263773
2.4958208303518914 3.6058273274116064 -0.022510826505164332
2.5001841534818769 3.6057291054016409 -0.022510826505273418
2.5045474766118629 3.6056308833916755 -0.022510826505241853
2.5089107997418489 3.60553266138171 -0.02251082650525215
2.5132741228718345 3.6054344393717446 -0.022510826505249399
2.5176374460018205 3.6053362173617791 -0.022510826505250107
2.522000769131806 3.6052379953518137 -0.022510826505250027
2.526364092261792 3.6051397733418482 -0.022510826505249638
2.530727415391778 3.6050415513318828 -0.022510826505244375
2.5350907385217636 3.6049433293219173 -0.022510826505272707
2.5394540616517496 3.6048451073119518 -0.022510826505164637
2.5438173847817351 3.6047468853019868 -0.022510826505263266
2.5481807079117211 3.6046486632920209 -0.022510826505282151
2.5525440310417071 3.6045504412820559 -0.022510826505101098
2.5569073541716927 3.6044522192720909 -0.022510826505202634
2.5612706773016787 3.6043539972621255 -0.022510826505282876
2.5656340004316642 3.60425577525216 -0.022510826505165706
2.5699973235616502 3.604157553242195 -0.022510826505248827
2.5743606466916362 3.6040593312322291 -0.022510826505331961
2.5787239698216218 3.6039611092222636 -0.022510826505228499
2.5830872929516078 3.6038628872122982 -0.022510826505253888
2.5874506160815938 3.6037646652023327 -0.022510826505248917
2.5918139392115793 3.6036664431923673 -0.022510826505250294
2.5961772623415653 3.6035682211824018 -0.022510826505249756
2.6005405854715509 3.6034699991724364 -0.022510826505250527
2.6049039086015369 3.6033717771624709 -0.022510826505247987
2.6092672317315229 3.6032735551525055 -0.022510826505250499
2.6136305548615084 3.60317533314254 -0.022510826505249878
2.6179938779914944 3.6030771111325746 -0.02251082650524984
2.62235720112148 3.6029788891226091 -0.022510826505250613
2.626720524251466 3.6028806671126437 -0.02251082650524756
2.631083847381452 3.6027824451026782 -0.022510826505252126
2.6354471705114375 3.6026842230927127 -0.022510826505243782
2.6398104936414235 3.6025860010827473 -0.022510826505272589
2.6441738167714091 3.6024877790727818 -0.022510826505165706
2.6485371399013951 3.6023895570628168 -0.02251082650525911
2.6529004630313811 3.6022913350528509 -0.022510826505290821
2.6572637861613666 3.6021931130428859 -0.02251082650507746
2.6616271092913526 3.6020948910329209 -0.02251082650528851
2.6659904324213386 3.601996669022955 -0.022510826505261459
2.6703537555513241 3.60189844701299 -0.022510826505165511
2.6747170786813101 3.6018002250030245 -0.022510826505271014
2.6790804018112957 3.6017020029930591 -0.022510826505250284
2.6834437249412817 3.6016037809830936 -0.022510826505227705
2.6878070480712677 3.6015055589731282 -0.022510826505331868
2.6921703712012532 3.6014073369631623 -0.022510826505249996
2.6965336943312392 3.6013091149531973 -0.022510826505167992
2.7008970174612248 3.6012108929432318 -0.02251082650527254
2.7052603405912108 3.6011126709332664 -0.022510826505241704
2.7096236637211968 3.6010144489233009 -0.022510826505253611
2.7139869868511823 3.6009162269133355 -0.022510826505243692
2.7183503099811683 3.60081800490337 -0.022510826505271465
2.7227136331111539 3.6007197828934046 -0.022510826505170296
2.7270769562411399 3.6006215608834395 -0.02251082650524186
2.7314402793711259 3.6005233388734736 -0.022510826505355228
2.7358036025011114 3.6004251168635082 -0.022510826505142419
2.7401669256310974 3.6003268948535432 -0.022510826505269619
2.7445302487610834 3.6002286728435773 -0.022510826505272079
2.748893571891069 3.6001304508336123 -0.022510826505141902
2.753256895021055 3.6000322288236468 -0.022510826505354818
2.7576202181510405 3.5999340068136809 -0.022510826505243994
2.7619835412810265 3.5998357848037159 -0.022510826505169054
2.7663468644110125 3.5997375627937505 -0.022510826505267423
2.7707101875409981 3.599639340783785 -0.022510826505261098
2.7750735106709841 3.5995411187738195 -0.022510826505188024
2.7794368338009696 3.5994428967638545 -0.022510826505181318
2.7838001569309556 3.5993446747538891 -0.022510826505281217
2.7881634800609416 3.5992464527439236 -0.022510826505186769
2.7925268031909272 3.5991482307339586 -0.022510826505166222
2.7968901263209132 3.5990500087239932 -0.022510826505342856
2.8012534494508987 3.5989517867140273 -0.022510826505267534
2.8056167725808847 3.5988535647040623 -0.022510826505086862
2.8099800957108707 3.5987553426940972 -0.022510826505267329
2.8143434188408563 3.5986571206841313 -0.022510826505343674
2.8187067419708423 3.5985588986741659 -0.022510826505163142
2.8230700651008283 3.5984606766642009 -0.02251082650519139
2.8274333882308138 3.5983624546542354 -0.02251082650526582
2.8317967113607998 3.59826423264427 -0.02251082650524518
2.8361600344907854 3.5981660106343045 -0.022510826505253295
2.8405233576207713 3.5980677886243391 -0.022510826505241485
2.8448866807507573 3.5979695666143736 -0.02251082650527373
2.8492500038807429 3.5978713446044082 -0.022510826505163433
2.8536133270107289 3.5977731225944432 -0.022510826505267048
2.8579766501407144 3.5976749005844773 -0.022510826505268207
2.8623399732707004 3.5975766785745122 -0.022510826505159974
2.8667032964006864 3.5974784565645468 -0.022510826505279535
2.871066619530672 3.5973802345545813 -0.022510826505221741
2.875429942660658 3.5972820125446159 -0.022510826505333346
2.8797932657906435 3.59718379053465 -0.022510826505250041
2.8841565889206295 3.597085568524685 -0.022510826505166334
2.8885199120506155 3.5969873465147195 -0.022510826505272259
2.8928832351806011 3.5968891245047541 -0.022510826505244479
2.8972465583105871 3.5967909024947886 -0.022510826505249684
2.9016098814405731 3.5966926804848232 -0.022510826505249763
2.9059732045705586 3.5965944584748577 -0.022510826505251113
2.9103365277005446 3.5964962364648922 -0.022510826505245628
2.9146998508305302 3.5963980144549268 -0.022510826505266222
2.9190631739605162 3.5962997924449613 -0.022510826505189339
2.9234264970905022 3.5962015704349963 -0.022510826505164058
2.9277898202204877 3.5961033484250309 -0.022510826505348948
2.9321531433504737 3.596005126415065 -0.022510826505245329
2.9365164664804593 3.5959069044051 -0.022510826505169591
2.9408797896104453 3.5958086823951345 -0.022510826505270826
2.9452431127404313 3.5957104603851691 -0.02251082650524008
2.9496064358704168 3.5956122383752036 -0.022510826505268706
2.9539697590004028 3.5955140163652382 -0.022510826505184933
2.9583330821303884 3.5954157943552731 -0.022510826505186075
2.9626964052603744 3.5953175723453077 -0.022510826505265289
2.9670597283903604 3.5952193503353422 -0.022510826505245739
2.9714230515203459 3.5951211283253768 -0.022510826505251613
2.9757863746503319 3.5950229063154113 -0.022510826505247664
2.9801496977803179 3.5949246843054459 -0.022510826505250686
2.9845130209103035 3.5948264622954804 -0.022510826505249437
2.9888763440402895 3.594728240285515 -0.022510826505251408
2.993239667170275 3.5946300182755495 -0.022510826505244778
2.997602990300261 3.5945317962655841 -0.022510826505269324
3.001966313430247 3.5944335742556186 -0.022510826505170892
3.0063296365602326 3.5943353522456531 -0.022510826505546956
3.0106929596902186 3.5942371302356872 -0.022510826504446468
3.0150562828202041 3.5941389082257227 -0.022510826507861684
3.0194196059501901 3.5940406862157555 -0.022510826496217301
3.0237829290801761 3.5939424642057971 -0.022510826535098082
3.0281462522101616 3.5938442421958041 -0.022510826408935553
3.0325095753401476 3.5937460201859426 -0.022510826808142231
3.0368728984701332 3.593647798175589 -0.02251082558540865
3.0412362216001192 3.593549576167073 -0.022510829151976545
3.0455995447301052 3.5934513541516973 -0.022510819561445385
3.0499628678600907 3.593353132161925 -0.022510841469808567
3.0543261909900767 3.593254910076598 -0.022510811521759093
3.0586895141200627 3.5931566883478867 -0.022510729913298937
3.0630528372500483 3.5930584668424275 -0.022510687607526815
3.0674161603800343 3.592960245793956 -0.022510470740595982
3.0717794835100198 3.5928620262374369 -0.022510040521570379
3.0761428066400058 3.5927638090956768 -0.022509292207704489
3.0805061297699918 3.592665596530709 -0.022507908645579847
3.0848694528999774 3.5925673919552081 -0.02250555128459231
3.0892327760299634 3.5924692006877761 -0.022501721183727369
3.0935960991599489 3.5923710304514631 -0.022495789061685895
3.0979594222899349 3.5922728917530073 -0.022487203885024586
3.1023227454199209 3.5921747978846095 -0.022474970002997176
3.1066860685499065 3.5920767643443008 -0.022460189291666478
3.1110493916798925 3.5919788075153636 -0.022437324626340308
3.115412714809878 3.5918809425965335 -0.022427628410296181
3.119776037939864 3.5917831809860039 -0.022355055649691664
3.12413936106985 3.5916855275469799 -0.022509640104037831
3.1285026841998356 3.5915879783414026 -0.021817836159495511
3.1328660073298216 3.5914905194389135 -0.024296714014401311
3.1372293304598076 3.5913931272525614 -0.0149650480724524
3.1415926535897931 3.5913648748881806 -0.0022299234055638737
3.1459559767197791 3.5913366225237993 -0.014965048072541396
3.1503192998497647 3.5912392303374472 -0.024296714014358067
3.1546826229797507 3.5911417714349581 -0.021817836159586677
3.1590459461097367 3.5910442222293804 -0.022509640104014825
3.1634092692397222 3.5909465687903568 -0.022355055649692465
3.1677725923697082 3.5908488071798268 -0.022427628410322822
3.1721359154996938 3.5907509422609971 -0.022437324626232935
3.1764992386296798 3.5906529854320599 -0.022460189291763993
3.1808625617596658 3.5905549518917508 -0.022474970003012931
3.1852258848896513 3.5904568580233533 -0.022487203884864033
3.1895892080196373 3.590358719324898 -0.02249578906170854
3.1939525311496229 3.5902605490885846 -0.022501721183797323
3.1983158542796088 3.5901623578211526 -0.022505551284595183
3.2026791774095948 3.5900641532456516 -0.022507908645491528
3.2070425005395804 3.5899659406806843 -0.022509292207749568
3.2114058236695664 3.5898677235389234 -0.022510040521790606
3.2157691467995524 3.5897695039824038 -0.022510470740579113
3.2201324699295379 3.5896712829339328 -0.022510687607374055
3.2244957930595239 3.589573061428474 -0.022510729913316176
3.2288591161895095 3.5894748396997622 -0.022510811521842897
3.2332224393194955 3.5893766176144353 -0.022510841469768325
3.2375857624494815 3.589278395624663 -0.022510819561515679
3.241949085579467 3.5891801736092868 -0.022510829152040931
3.246312408709453 3.5890819516007708 -0.022510825585393024
3.2506757318394386 3.5889837295904172 -0.022510826808140354
3.2550390549694246 3.5888855075805557 -0.022510826408958688
3.2594023780994106 3.5887872855705627 -0.022510826535000545
3.2637657012293961 3.5886890635606048 -0.022510826496278984
3.2681290243593821 3.5885908415506367 -0.02251082650802471
3.2724923474893677 3.5884926195406721 -0.022510826504343346
3.2768556706193537 3.5883943975307067 -0.022510826505491095
3.2812189937493397 3.5882961755207412 -0.022510826505185239
3.2855823168793252 3.5881979535107758 -0.022510826505267797
3.2899456400093112 3.5880997315008103 -0.022510826505243411
3.2943089631392972 3.5880015094908448 -0.022510826505251519
3.2986722862692828 3.5879032874808794 -0.02251082650525036
3.3030356093992688 3.5878050654709139 -0.02251082650524688
3.3073989325292543 3.5877068434609485 -0.022510826505261976
3.3117622556592403 3.587608621450983 -0.022510826505205063
3.3161255787892263 3.587510399441018 -0.0225108265051054
3.3204889019192119 3.587412177431053 -0.022510826505262524
3.3248522250491979 3.5873139554210871 -0.022510826505344347
3.3292155481791834 3.5872157334111217 -0.022510826505165261
3.3335788713091694 3.5871175114011566 -0.022510826505189124
3.3379421944391554 3.5870192893911912 -0.022510826505265868
3.342305517569141 3.5869210673812257 -0.022510826505247255
3.346668840699127 3.5868228453712603 -0.022510826505244958
3.351032163829113 3.5867246233612948 -0.022510826505265868
3.3553954869590985 3.5866264013513294 -0.022510826505191414
3.3597588100890845 3.5865281793413644 -0.022510826505162989
3.3641221332190701 3.5864299573313989 -0.022510826505351147
3.3684854563490561 3.586331735321433 -0.022510826505237599
3.372848779479042 3.586233513311468 -0.022510826505191431
3.3772121026090276 3.5861352913015025 -0.022510826505191196
3.3815754257390136 3.5860370692915375 -0.0225108265052383
3.3859387488689991 3.5859388472815716 -0.022510826505355446
3.3903020719989851 3.5858406252716062 -0.022510826505145094
3.3946653951289711 3.5857424032616412 -0.022510826505251824
3.3990287182589567 3.5856441812516753 -0.022510826505347463
3.4033920413889427 3.5855459592417098 -0.022510826505163506
3.4077553645189282 3.5854477372317448 -0.022510826505193024
3.4121186876489142 3.5853495152217794 -0.022510826505258919
3.4164820107789002 3.5852512932118139 -0.022510826505264255
3.4208453339088858 3.5851530712018485 -0.022510826505183913
3.4252086570388718 3.5850548491918834 -0.022510826505194606
3.4295719801688578 3.584956627181918 -0.022510826505225314
3.4339353032988433 3.584858405171953 -0.022510826505098658
3.4382986264288293 3.584760183161988 -0.02251082650526923
3.4426619495588149 3.5846619611520221 -0.022510826505324263
3.4470252726888009 3.5845637391420566 -0.0225108265052389
3.4513885958187869 3.5844655171320912 -0.022510826505213109
3.4557519189487724 3.5843672951221262 -0.022510826505103183
3.4601152420787584 3.5842690731121611 -0.022510826505263346
3.464478565208744 3.5841708511021952 -0.022510826505343286
3.46884188833873 3.5840726290922298 -0.022510826505168693
3.473205211468716 3.5839744070822648 -0.022510826505169584
3.4775685345987015 3.5838761850722993 -0.022510826505347484
3.4819318577286875 3.5837779630623334 -0.022510826505245649
3.4862951808586731 3.5836797410523684 -0.022510826505169779
3.4906585039886591 3.583581519042403 -0.022510826505269758
3.4950218271186451 3.5834832970324375 -0.022510826505244157
3.4993851502486306 3.5833850750224721 -0.022510826505253458
3.5037484733786166 3.5832868530125066 -0.022510826505241849
3.5081117965086026 3.5831886310025411 -0.022510826505272107
3.5124751196385882 3.5830904089925757 -0.022510826505169577
3.5168384427685742 3.5829921869826107 -0.022510826505244091
3.5212017658985597 3.5828939649726448 -0.022510826505353906
3.5255650890285457 3.5827957429626793 -0.022510826505145479
3.5299284121585317 3.5826975209527143 -0.022510826505251828
3.5342917352885173 3.5825992989427484 -0.022510826505347071
3.5386550584185033 3.582501076932783 -0.022510826505165067
3.5430183815484888 3.582402854922818 -0.022510826505187185
3.5473817046784748 3.5823046329128525 -0.022510826505280714
3.5517450278084608 3.5822064109028871 -0.022510826505182914
3.5561083509384463 3.582108188892922 -0.022510826505182144
3.5604716740684323 3.5820099668829566 -0.022510826505283018
3.5648349971984179 3.5819117448729911 -0.022510826505185631
3.5691983203284039 3.5818135228630261 -0.022510826505168984
3.5735616434583899 3.5817153008530607 -0.022510826505326067
3.5779249665883754 3.5816170788430948 -0.02251082650533193
3.5822882897183614 3.5815188568331293 -0.022510826505151394
3.5866516128483474 3.5814206348231643 -0.022510826505250128
3.591014935978333 3.5813224128131984 -0.022510826505347938
3.595378259108319 3.581224190803233 -0.022510826505163301
3.5997415822383045 3.5811259687932679 -0.022510826505193367
3.6041049053682905 3.5810277467833025 -0.022510826505257753
3.6084682284982765 3.580929524773337 -0.022510826505268595
3.6128315516282621 3.5808313027633716 -0.022510826505167707
3.6171948747582481 3.5807330807534066 -0.022510826505255082
3.6215581978882336 3.5806348587434407 -0.022510826505311804
3.6259215210182196 3.5805366367334752 -0.022510826505302877
3.6302848441482056 3.5804384147235093 -0.022510826505274997
3.6346481672781912 3.5803401927135443 -0.022510826505096979
3.6390114904081772 3.5802419707035793 -0.022510826505226261
3.6433748135381627 3.5801437486936138 -0.02251082650519249
3.6477381366681487 3.5800455266836488 -0.022510826505198294
3.6521014597981347 3.5799473046736834 -0.022510826505201972
3.6564647829281203 3.5798490826637184 -0.02251082650518834
3.6608281060581063 3.5797508606537529 -0.022510826505239185
3.6651914291880923 3.5796526386437875 -0.02251082650534789
3.6695547523180778 3.5795544166338211 -0.022510826505479784
3.6739180754480638 3.5794561946238548 -0.022510826505454148
3.6782813985780494 3.5793579726138884 -0.022510826505424807
3.6826447217080354 3.5792597506039225 -0.022510826505262465
3.6870080448380214 3.5791615285939575 -0.022510826505018299
3.6913713679680069 3.5790633065839939 -0.02251082650463751
3.6957346910979929 3.578965084574032 -0.022510826504267511
3.7000980142279785 3.5788668625640709 -0.022510826504296304
3.7044613373579645 3.578768640554109 -0.022510826504551124
3.7088246604879505 3.5786704185441458 -0.022510826505022841
3.713187983617936 3.5785721965341795 -0.022510826505941373
3.717551306747922 3.5784739745242082 -0.022510826507291509
3.7219146298779076 3.5783757525142308 -0.022510826508605773
3.7262779530078936 3.5782775305042493 -0.02251082650902125
3.7306412761378795 3.5781793084942688 -0.022510826508175527
3.7350045992678651 3.5780810864842949 -0.022510826505959147
3.7393679223978511 3.5779828644743334 -0.022510826502541069
3.7437312455278371 3.5778846424643898 -0.02251082649766022
3.7480945686578226 3.5777864204544687 -0.022510826492823242
3.7524578917878086 3.5776881984445628 -0.02251082649109867
3.7568212149177942 3.5775899764346542 -0.022510826494284628
3.7611845380477802 3.5774917544247207 -0.022510826502196019
3.7655478611777662 3.5773935324147428 -0.022510826514989604
3.7699111843077517 3.5772953104046969 -0.022510826533160073
3.7742745074377377 3.5771970883945685 -0.022510826551192568
3.7786378305677233 3.5770988663843815 -0.022510826557988105
3.7830011536977093 3.5770006443742037 -0.022510826546665454
3.7873644768276953 3.5769024223641153 -0.022510826517369648
3.7917277999576808 3.5768042003541933 -0.022510826470010459
3.7960911230876668 3.5767059783445201 -0.02251082640325644
3.8004544462176524 3.5766077563351542 -0.022510826335354471
3.8048177693476384 3.5765095343260125 -0.022510826308232465
3.8091810924776244 3.5764113123168442 -0.022510826348742276
3.8135444156076099 3.5763130903073495 -0.022510826456571858
3.8179077387375959 3.5762148682972406 -0.022510826631439541
3.8222710618675819 3.5761166462862115 -0.022510826879058719
3.8266343849975675 3.5760184242740367 -0.022510827134131477
3.8309977081275535 3.5759202022610084 -0.02251082724083155
3.835361031257539 3.5758219802480524 -0.02251082709603968
3.839724354387525 3.5757237582362875 -0.022510826699834011
3.844087677517511 3.5756255362267861 -0.022510826054254342
3.8484510006474966 3.5755273142206883 -0.022510825136427957
3.8528143237774826 3.5754290922188594 -0.022510824178070602
3.8571776469074681 3.5753308702202817 -0.022510823758813171
3.8615409700374541 3.5752326482215357 -0.022510824274576832
3.8659042931674401 3.5751344262184488 -0.02251082573112655
3.8702676162974257 3.5750362042070107 -0.022510828115595172
3.8746309394274117 3.5749379821829845 -0.022510831517938999
3.8789942625573972 3.5748397601430515 -0.022510835115803023
3.8833575856873832 3.574741538090759 -0.022510836756464425
3.8877209088173692 3.5746433160387148 -0.022510834922996284
3.8920842319473548 3.5745450940024872 -0.022510829570784048
3.8964475550773408 3.5744468719970532 -0.022510820766239264
3.9008108782073267 3.5743486500381754 -0.022510808154899708
3.9051742013373123 3.5742504281385554 -0.022510794652445595
3.9095375244672983 3.5741522062858855 -0.022510788250406994
3.9139008475972838 3.5740539844336952 -0.022510794750813804
3.9182641707272698 3.5739557625239207 -0.022510814413417051
3.9226274938572558 3.5738575405005988 -0.022510846923979377
3.9269908169872414 3.5737593183051151 -0.022510893658333055
3.9313541401172274 3.5736610958889492 -0.022510944309980432
3.9357174632472129 3.5735628732945681 -0.022510969230659206
3.9400807863771989 3.5734646506931775 -0.022510946247436416
3.9444441095071849 3.5733664283012927 -0.022510874033481506
3.9488074326371705 3.5732682063280392 -0.02251075399727484
3.9531707557671565 3.5731699849913765 -0.022510580838761132
3.957534078897142 3.5730717644763414 -0.022510390911879508
3.961897402027128 3.5729735446372453 -0.02251029412702937
3.966260725157114 3.5728753248436949 -0.022510375136999647
3.9706240482870996 3.5727771042884395 -0.022510640276724246
3.9749873714170856 3.5726788821899871 -0.022511083441769372
3.9793506945470716 3.5725806577378734 -0.022511724924327726
3.9837140176770571 3.5724824302275002 -0.022512436791630792
3.9880773408070431 3.5723842001553634 -0.022512811883122232
3.9924406639370287 3.572285969841293 -0.022512527330103636
3.9968039870670147 3.5721877422945099 -0.022511554145378428
4.0011673101970002 3.5720895204355489 -0.022509918132220821
4.0055306333269867 3.5719913072780121 -0.022507542052611174
4.0098939564569722 3.5718931055010859 -0.022504874994217963
4.0142572795869578 3.5717949134259031 -0.022503424148479147
4.0186206027169442 3.5716967225206573 -0.022504419772945466
4.0229839258469298 3.5715985215696984 -0.022507990654953885
4.0273472489769153 3.5715002996582261 -0.022514029813455523
4.0317105721069009 3.5714020455803381 -0.022522829683216641
4.0360738952368873 3.5713037491624013 -0.022532817917241071
4.0404372183668729 3.5712054160290934 -0.022538419614337658
4.0448005414968584 3.5711070775388305 -0.022534951392556197
4.0491638646268449 3.5710087754859061 -0.022521853284900487
4.0535271877568304 3.5709105506629872 -0.022499562028361477
4.057890510886816 3.5708124447405205 -0.022466975792697432
4.0622538340168024 3.5707144963012398 -0.022429584599936318
4.066617157146788 3.5706166867104421 -0.022407992959020743
4.0709804802767735 3.5705189007866176 -0.022420013318504618
4.0753438034067591 3.5704209828152957 -0.022468040480840352
4.0797071265367455 3.5703227803354993 -0.022550314261476155
4.0840704496667311 3.5702241383791806 -0.022670967393595413
4.0884337727967166 3.5701249108020261 -0.022810886111012528
4.092797095926703 3.5700251584942846 -0.022893979512848522
4.0971604190566886 3.5699253042347068 -0.022852562283480749
4.1015237421866741 3.5698259280628863 -0.022676525789518523
4.1058870653166606 3.5697275998059799 -0.02237288684360177
4.1102503884466461 3.5696308958335803 -0.021926210135246687
4.1146137115766317 3.5695363690732873 -0.021402839373156849
4.1189770347066181 3.5694438240222812 -0.021083535411772117
4.1233403578366037 3.5693517099711265 -0.021225265409624647
4.1277036809665892 3.5692578666891221 -0.021870247264011825
4.1320670040965748 3.5691601644049262 -0.022990775866965435
4.1364303272265612 3.5690564591556844 -0.024644268805618461
4.1407936503565468 3.5689446612845082 -0.026601180172815372
4.1451569734865323 3.5688253841739974 -0.027826464923831389
4.1495202966165188 3.5687043113540651 -0.027345399579672053
4.1538836197465043 3.5685894864981744 -0.024983231416707139
4.1582469428764899 3.5684888697838333 -0.020848387224942554
4.1626102660064763 3.5684104377241344 -0.014728088637369892
4.1669735891364619 3.5683620787620618 -0.0074143433574630794
4.1713369122664474 3.5683419248737605 -0.0027205039588120631
4.1757002353964339 3.5683291512666853 -0.0043429189874313063
4.1800635585264194 3.56829378714975 -0.01300488114544698
4.184426881656405 3.5682060203757437 -0.028296120974398552
4.1887902047863905 3.5680360419942549 -0.051023150154675061
4.193153527916377 3.5677538478701796 -0.078502192575073501
4.1975168510463625 3.5673643818602572 -0.096767570888189672
4.2018801741763481 3.5669429864065383 -0.091934799509560031
4.2062434973063345 3.5665997292953353 -0.061229608240068414
4.2106068204363201 3.5664435917552226 -0.0065052375116676497
4.2149701435663056 3.566581654726058 0.074823399853484809
4.2193334666962921 3.5671211082016341 0.17303763325860358
4.2236967898262776 3.5680406675344862 0.2361693812536767
4.2280601129562632 3.5690532074563044 0.21069843644253822
4.2324234360862487 3.5697334805347007 0.084929357982282475
4.2367867592162352 3.5696547535863341 -0.13682321517404586
4.2411500823462207 3.5683933584020102 -0.45903660410902819
4.2455134054762063 3.5655232555866276 -0.86763914978908785
4.2498767286061927 3.5608124881061824 -1.2826292725785162
4.2542400517361783 3.5544448548183918 -1.6187910531895395
4.2586033748661638 3.5468295567036585 -1.8561619696907194
4.2629666979961502 3.5383836765057692 -1.9994138438909204
4.2673300211261358 3.5295235431390202 -2.0449211041443318
4.2716933442561213 3.5206701285206417 -1.9998402165357956
4.2760566673861078 3.5121378432077144 -1.9092447890485251
4.2804199905160933 3.5040027069559936 -1.822855559505645
4.2847833136460789 3.4962065075911823 -1.7529124869343975
4.2891466367760644 3.4886845862995455 -1.6974584569971325
4.2935099599060509 3.4813715503639049 -1.657018945637843
4.2978732830360364 3.474200953367121 -1.632678228986431
4.302236606166022 3.4670906888691064 -1.6310652359711193
4.3065999292960084 3.4599238147528126 -1.6592982606061972
4.310963252425994 3.4525641281401196 -1.7194691689408759
4.3153265755559795 3.4448748974510797 -1.8096984351993644
4.319689898685966 3.4367224783880479 -1.9336531460792927
4.3240532218159515 3.4279641576575881 -2.0826572038150579
4.3284165449459371 3.4186103287241494 -2.1887148424693774
4.3327798680759235 3.4090397302292477 -2.1739612824531545
4.3371431912059091 3.3998449020948072 -2.0175969872020438
4.3415065143358946 3.3916207366578206 -1.732068548838819
4.3458698374658802 3.3849331568990269 -1.3066895961556397
4.3502331605958666 3.3803695803669869 -0.77689830782058045
4.3545964837258522 3.3779173605074733 -0.40942345047123746
4.3589598068558377 3.3760991904603062 -0.52151171263149831
4.3633231299858242 3.3725338434066368 -1.2059634047757015
4.3676864531158097 3.3647800164377655 -2.4371254570541785
4.3720497762457953 3.3504453005775425 -4.2324981234212302
4.3764130993757817 3.3270959146120314 -6.5425619215286934
4.3807764225057673 3.293185202807805 -8.9663974310124388
4.3851397456357528 3.2494021781432658 -11.01012668556784
4.3895030687657384 3.1978827708967317 -12.518221336769074
4.3938663918957248 3.1409073193166761 -13.512558082927736
4.3982297150257104 3.0807361347789413 -13.975640335967572
4.4025930381556959 3.0196880378104853 -13.929119284162715
4.4069563612856824 2.9595778947838327 -13.610152186812586
4.4113196844156679 2.9008718818495396 -13.322243262947762
4.4156830075456535 2.8431280394222673 -13.165897606920273
4.4200463306756399 2.7858002722357478 -13.131577181135647
4.4244096538056255 2.728342502701627 -13.228515307373488
4.428772976935611 2.6701685725385444 -13.456862036262264
4.4331363000655974 2.610802545509062 -13.758558202962231
4.437499623195583 2.5501094396324131 -14.05548444214425
4.4418629463255686 2.4881882655758472 -14.322873006971994
4.4462262694555541 2.425154363172767 -14.56580564843984
4.4505895925855405 2.3611117433203308 -14.785285204561481
4.4549529157155261 2.2961630934067436 -14.98091775282998
4.4593162388455116 2.2304196929748086 -15.148278592640539
4.4636795619754981 2.1640201217883495 -15.280782669216297
4.4680428851054836 2.0971250881551629 -15.375210186849042
4.4724062082354692 2.0299036390120739 -15.430077698028299
4.4767695313654556 1.962532252096246 -15.44369652749967
4.4811328544954412 1.8951953591013722 -15.413727044171104
4.4854961776254267 1.8280942039452028 -15.334188476197456
4.4898595007554132 1.761462262235548 -15.197623430546757
4.4942228238853987 1.6955590268586072 -14.999793210582721
4.4985861470153843 1.6306552684250917 -14.739467840724322
4.5029494701453698 1.5670277417857328 -14.413937467347964
4.5073127932753563 1.5049648688753463 -14.023135324041748
4.5116761164053418 1.4447171420754781 -13.588095073821039
4.5160394395353274 1.3864050473966707 -13.140213067310357
4.5204027626653138 1.3300481475715433 -12.69164576994612
4.5247660857952994 1.275650953114686 -12.242109846722689
4.5291294089252849 1.2232167680335795 -11.791760848194786
4.5334927320552714 1.1727462752979585 -11.342891533119468
4.5378560551852569 1.1242051194575031 -10.912068051824416
4.5422193783152425 1.0774589665863996 -10.523563823576771
4.5465827014452289 1.0322920034530341 -10.188480201295137
4.5509460245752145 0.98846834563062813 -9.9079593354101245
4.5553093477052 0.94574624045282618 -9.6841659128847368
4.5596726708351856 0.90387330427048995 -9.5186430651012284
4.564035993965172 0.86260512373580767 -9.4048829293849643
4.5683993170951576 0.8217412350803166 -9.3316763446373727
4.5727626402251431 0.78111833912259965 -9.2945978252097756
4.5771259633551296 0.74057805716131864 -9.2936229140570621
4.5814892864851151 0.69996291591266357 -9.3292693328883392
4.5858526096151007 0.65911379963744621 -9.39999740181009
4.5902159327450871 0.61791153712463875 -9.485113553265883
4.5945792558750727 0.57636731466796187 -9.5518406846540245
4.5989425790050582 0.53460513095885054 -9.5847894645489831
4.6033059021350438 0.49277528237807716 -9.5826492707339295
4.6076692252650302 0.4510336453073206 -9.5441344381624287
4.6120325483950158 0.40954329887593444 -9.4669094787173655
4.6163958715250013 0.368491439619832 -9.3400678580976777
4.6207591946549877 0.32813249623579116 -9.1467638655222867
4.6251225177849733 0.28877957825702255 -8.8787154784619045
4.6294858409149588 0.25076038169495174 -8.5355216029480392
4.6338491640449453 0.21440339907414152 -8.1164920715983193
4.6382124871749308 0.18004132607418322 -7.6213511293080654
4.6425758103049164 0.14799460915988014 -7.0574240270697617
4.6469391334349028 0.11853519202498339 -6.4374555046319211
4.6513024565648884 0.091889278930125246 -5.7679375186332686
4.6556657796948739 0.06827099942560684 -5.0499075797609523
4.6600291028248595 0.047890243724640902 -4.2839404013861389
4.6643924259548459 0.030954113511678021 -3.4715316239655576
4.6687557490848315 0.017642895081704451 -2.6264781271626725
4.673119072214817 0.0080470157739454644 -1.7723161225737489
4.6774823953448035 0.0021718304104889801 -0.92137790535744546
4.681845718474789 0 -0.074892754263201453
4.6862090416047746 0.0015105837477617018 0.76630920651361922
4.690572364734761 0.0066775949487565701 1.6008320225477461
4.6949356878647466 0.015461439184620247 2.42226434884495
4.6992990109947321 0.027780949985004137 3.2197087077909869
4.7036623341247186 0.043515435624263951 3.9874079535894853
4.7080256572547041 0.062534144200734582 4.7251957157682698
4.7123889803846897 0.084707055443705298 5.4330807868762774
4.7167523035146752 0.10990325704178203 6.1110840775803021
4.7211156266446617 0.13799716126488085 6.7621607431075876
4.7254789497746472 0.16888292109035921 7.3917028749833662
4.7298422729046328 0.20247549347286758 8.0030634236826934
4.7342055960346192 0.23869773170714068 8.5971713804442267
4.7385689191646048 0.27747618627884191 9.1749289546128949
4.7429322422945903 0.31874186115760134 9.7374023088301733
4.7472955654245768 0.36243171928561435 10.286583660932932
4.7516588885545623 0.40849409073324627 10.825350526320248
4.7560222116845479 0.45688827661473197 11.355559221317431
4.7603855348145334 0.50757807551075373 11.877542329490337
4.7647488579445199 0.56052790682294995 12.391632275447497
4.7691121810745054 0.61570420146208216 12.897976634049925
4.773475504204491 0.67306296705373803 13.389869170053693
4.7778388273344774 0.73251191205368471 13.853612663544622
4.782202150464463 0.79390542644740092 14.280835086619668
4.7865654735944485 0.85708055621386781 14.670137830527565
4.7909287967244349 0.92187002447943756 15.020590323151779
4.7952921198544205 0.98810144848888215 15.330830741620282
4.7996554429844061 1.0555862218707943 15.592571867128466
4.8040187661143925 1.1240783517349771 15.78971379698185
4.808382089244378 1.193268867954516 15.912187338428478
4.8127454123743636 1.2628279121478339 15.958707500735837
4.8171087355043491 1.3324233845245197 15.928580654368018
4.8214720586343356 1.4017179810721598 15.820747069528185
4.8258353817643211 1.4703770492212505 15.63838413334231
4.8301987048943067 1.5380915013068446 15.389242158580819
4.8345620280242931 1.6045837578336875 15.07838306234701
4.8389253511542787 1.6695871000531199 14.706939584515498
4.8432886742842642 1.7328388744736758 14.275581212749616
4.8476519974142507 1.7940789095705489 13.784998796025892
4.8520153205442362 1.8530714329739888 13.250241548675803
4.8563786436742218 1.9096929810394221 12.704415179159415
4.8607419668042082 1.9639540640406141 12.169379111769539
4.8651052899341938 2.0159111409752875 11.648295637407195
4.8694686130641793 2.0656267963875146 11.14245979909372
4.8738319361941649 2.1131724378490224 10.653807016229637
4.8781952593241513 2.158642060480207 10.194896889657741
4.8825585824541369 2.2022231683725728 9.7933776838118369
4.8869219055841224 2.244215704571848 9.4676961031663041
4.8912852287141089 2.2849573949195747 9.2197019325898886
4.8956485518440944 2.3247856245642553 9.0492926217316576
4.90001187497408 2.3640412160844084 8.9571577466350014
4.9043751981040664 2.4030605540225944 8.9399535874910914
4.908738521234052 2.4421544591229183 8.9897377056338037
4.9131018443640375 2.4815990069962397 9.100158208495813
4.9174651674940231 2.5216524875117114 9.2684475358549765
4.9218284906240095 2.5625619457144273 9.4920678744236788
4.9261918137539951 2.6045637117344476 9.7688396331555793
4.9305551368839806 2.6478662101982149 10.083465545622682
4.9349184600139671 2.6925625618620117 10.400850756115469
4.9392817831439526 2.7385976790143904 10.695494216189486
4.9436451062739382 2.7858585316432736 10.962756147687026
4.9480084294039246 2.8342236376764394 11.201047311794268
4.9523717525339102 2.8835613581362023 11.40856985965871
4.9567350756638957 2.9337252210661653 11.576922646778877
4.9610983987938821 2.984502013038854 11.685421639724535
4.9654617219238677 3.0355919370518927 11.719785580400426
4.9698250450538533 3.0866685740258419 11.67998906172221
4.9741883681838388 3.1374148052634943 11.568505450013852
4.9785516913138252 3.1875210108482093 11.387016940596787
4.9829150144438108 3.2366924582923424 11.141713009802308
4.9872783375737963 3.2846761721431634 10.845099421561857
4.9916416607037828 3.3312741691609036 10.507483526689997
4.9960049838337683 3.3763172933334693 10.132760160292577
5.0003683069637539 3.4196491423492681 9.7236315714446189
5.0047316300937403 3.4611250865082872 9.2822569787522742
5.0090949532237259 3.5006148277578322 8.8152452250799875
5.0134582763537114 3.5380379556859496 8.338155650393734
5.0178215994836979 3.5733812627864814 7.8626475815974706
5.0221849226136834 3.6066567124969575 7.3900359516782483
5.026548245743669 3.6378746936755206 6.9196253668195631
5.0309115688736545 3.6670436288953212 6.4504479502730563
5.035274892003641 3.6941736601287096 5.9869008566828841
5.0396382151336265 3.7193203394980525 5.5447672353534729
5.0440015382636121 3.7426108395101951 5.136981602831824
5.0483648613935985 3.7642017207515468 4.7654710478317028
5.0527281845235841 3.7842504945280897 4.4304521207132783
5.0570915076535696 3.8029248358093106 4.1367732182290871
5.0614548307835561 3.8203858172284284 3.8672727912417235
5.0658181539135416 3.836617573519483 3.5595556692127719
5.0701814770435272 3.8513180730642023 3.1619570544135476
5.0745448001735127 3.8640711215711905 2.6682853454035502
5.0789081233034992 3.8744669712409707 2.0809115548548709
5.0832714464334847 3.8820793152323856 1.3895903564648719
5.0876347695634703 3.8864958909877472 0.63120302238853909
5.0919980926934567 3.8876921975036889 -0.055268865425087903
5.0963614158234423 3.8862887564916258 -0.55254274972034034
5.1007247389534278 3.8831641778023283 -0.84779715697436286
5.1050880620834143 3.8791710434955218 -0.95004759592802079
5.1094513852133998 3.8751679276764421 -0.84982906904407207
5.1138147083433854 3.8719915174961348 -0.58691459192782036
5.1181780314733718 3.8700653233306661 -0.31080488570157649
5.1225413546033574 3.8691092516399852 -0.15156589317009278
5.1269046777333429 3.8685480104512493 -0.12615903191522465
5.1312680008633285 3.8678262065873699 -0.22595477644905848
5.1356313239933149 3.866382629976135 -0.45882780945738733
5.1399946471233005 3.8636659910687703 -0.79908747868841512
5.144357970253286 3.8594024113884169 -1.144067057649456
5.1487212933832724 3.8538089332765653 -1.4018580096320372
5.153084616513258 3.8473135783082877 -1.5601702805766147
5.1574479396432436 3.8403281662389177 -1.6261535383374683
5.16181126277323 3.8332629928828754 -1.5956865008429095
5.1661745859032155 3.8265204991558814 -1.4845530436467744
5.1705379090332011 3.8203318774624768 -1.3568813803950681
5.1749012321631875 3.8146178003013755 -1.2716143449133246
5.1792645552931731 3.8091606459777396 -1.2374342324205767
5.1836278784231586 3.803752128778183 -1.2493341636578184
5.1879912015531442 3.7981870959839323 -1.3100863240002372
5.1923545246831306 3.7922674994631937 -1.4065700085941768
5.1967178478131162 3.7859407617878915 -1.4835928089012631
5.2010811709431017 3.7794252849956185 -1.4887150189282259
5.2054444940730882 3.7730686466434036 -1.4117615696125623
5.2098078172030737 3.767218725417774 -1.256850856846887
5.2141711403330593 3.7622276960626855 -1.0145235732209057
5.2185344634630457 3.7584477173715367 -0.71555576776557683
5.2228977865930313 3.7558451075887391 -0.51159793882814697
5.2272611097230168 3.7536287257517205 -0.55134705281463969
5.2316244328530024 3.7506367020164917 -0.86404973729990353
5.2359877559829888 3.745707771206038 -1.4385011801761578
5.2403510791129744 3.7376770688417484 -2.2923329614015948
5.2447144022429599 3.7253729291447946 -3.3733745003106361
5.2490777253729464 3.7083065300424178 -4.4078640200771213
5.2534410485029319 3.6873769887865677 -5.1192536732665106
5.2578043716329175 3.6641866928796891 -5.4496868336043232
5.2621676947629039 3.6403453181676535 -5.4185937512735052
5.2665310178928895 3.6174655805338909 -4.9990087801499454
5.270894341022875 3.5971845412631303 -4.2605354137473554
5.2752576641528615 3.5801734618150483 -3.599021705145907
5.279620987282847 3.5650661327273085 -3.4263688110224617
5.2839843104128326 3.5494304277025419 -3.8328562996455426
5.2883476335428181 3.5308169053398397 -4.7902401610268495
5.2927109566728046 3.5067807335889825 -6.32995269901628
5.2970742798027901 3.4748356061923737 -8.3798551166166142
5.3014376029327757 3.433557945835545 -10.494907263970537
5.3058009260627621 3.3838487442638634 -12.198473983216283
5.3101642491927477 3.327859110826795 -13.384362548574115
5.3145275723227332 3.2677534577526992 -14.085315083913617
5.3188908954527196 3.2056668126470531 -14.287612812207502
5.3232542185827052 3.143744257273243 -14.026679366427505
5.3276175417126908 3.0836247991022319 -13.515577314847906
5.3319808648426772 3.0258220052601796 -12.988379586497171
5.3363441879726627 2.9702235136883219 -12.499884886066139
5.3407075111026483 2.9167056382730814 -12.034968519179209
5.3450708342326338 2.8651653839517643 -11.592890286532736
5.3494341573626203 2.8155124306465327 -11.168794883394808
5.3537974804926058 2.767688443810802 -10.752137419003217
5.3581608036225914 2.7216875751935148 -10.33187421119152
5.3625241267525778 2.6775378351597308 -9.9033584911318329
5.3668874498825634 2.6352770877842975 -9.4661666348765117
5.3712507730125489 2.5949472123346617 -9.0171043521652372
5.3756140961425354 2.5565981583627466 -8.5610630660111067
5.3799774192725209 2.5201889391983263 -8.1386457965672516
5.3843407424025065 2.4854565101833748 -7.797748007113702
5.388704065532492 2.4520019704103913 -7.5522685270483043
5.3930673886624785 2.419414366069673 -7.4004114172097575
5.397430711792464 2.3872814449706174 -7.3446412709282498
5.4017940349224496 2.3551832819362546 -7.3830639118149488
5.406157358052436 2.3227470865438407 -7.4936595390761145
5.4105206811824216 2.2897232786183119 -7.6492809362446224
5.4148840043124071 2.2559403947269572 -7.8421145280114128
5.4192473274423936 2.221233929973466 -8.0720683791043406
5.4236106505723791 2.1854432513700615 -8.3398773405156454
5.4279739737023647 2.1484074920371676 -8.6401926274921124
5.4323372968323511 2.1100516522027855 -8.934797465836839
5.4367006199623367 2.0705138621903987 -9.1763324032479936
5.4410639430923222 2.0300726188340503 -9.3494056599486264
5.4454272662223078 1.9890238552518129 -9.4544465978340941
5.4497905893522942 1.9476668388040808 -9.4908487871211129
5.4541539124822798 1.9063032121983665 -9.4566829605270009
5.4585172356122653 1.8652626543593083 -9.3393631656110347
5.4628805587422518 1.8249455289890484 -9.1232869233022029
5.4672438818722373 1.7857970489282986 -8.8040148329625971
5.4716072050022229 1.7482625566591428 -8.383981845115466
5.4759705281322093 1.7127787836310822 -7.8637189333385074
5.4803338512621949 1.6797790328342268 -7.2469449977440741
5.4846971743921804 1.6496438500416208 -6.5568838898663406
5.4890604975221668 1.6226221142161257 -5.8237219242682459
5.4934238206521524 1.5988687086219631 -5.0586441033744185
5.497787143782138 1.5785218082202717 -4.2628385678109364
5.5021504669121235 1.5617130096862188 -3.4363784319058484
5.5065137900421099 1.548573316480051 -2.5827138585297793
5.5108771131720955 1.5391715734754707 -1.7311160424448784
5.5152404363020811 1.5334059366491555 -0.92114417867731846
5.5196037594320675 1.5310520647097789 -0.16687025076933296
5.523967082562053 1.5318700659556463 0.53263827836413824
5.5283304056920386 1.5356211038386109 1.1777570394594217
5.532693728822025 1.5420667910903563 1.7670853446837822
5.5370570519520106 1.5509408711754393 2.2869977200769336
5.5414203750819961 1.5618956207827706 2.7182228237176771
5.5457836982119817 1.5745215182012473 3.0529696182515376
5.5501470213419681 1.5883973838738039 3.2911688005368185
5.5545103444719537 1.6030997943969569 3.4313305208806653
5.5588736676019392 1.6181978476690084 3.4727987519133561
5.5632369907319257 1.6332743856789875 3.4239952193763066
5.5676003138619112 1.6479654607273868 3.2979235036637484
5.5719636369918968 1.661948738693912 3.0993436622507367
5.5763269601218832 1.6749071557209316 2.8284468400389593
5.5806902832518688 1.6865258290119165 2.4848315527945752
5.5850536063818543 1.6964894270782369 2.0711036817397663
5.5894169295118408 1.7045347895288439 1.6128028926981426
5.5937802526418263 1.7105544588192947 1.1480882372289005
5.5981435757718119 1.7145699031360384 0.69448003790530322
5.6025068989017974 1.7166354025763153 0.25494056395464065
5.6068702220317839 1.7168197224365713 -0.16738048667241787
5.6112335451617694 1.7152070019011931 -0.56751457892275625
5.615596868291755 1.7119275716996032 -0.92615627727784122
5.6199601914217414 1.707225281324136 -1.2156871397827125
5.624323514551727 1.701438695228652 -1.4227154070260517
5.6286868376817125 1.6949322727315463 -1.5455013505949151
5.633050160811699 1.6880769044357313 -1.5821698206472754
5.6374134839416845 1.6812518170040101 -1.531807866856449
5.6417768070716701 1.674826715157548 -1.4007577926002914
5.6461401302016565 1.6691292445593064 -1.2000278178193844
5.6505034533316421 1.6644470917827292 -0.93563428387122738
5.6548667764616276 1.6610535032659504 -0.60990575728194674
5.6592300995916132 1.6592107015199724 -0.22501943027358479
5.6635934227215996 1.6591708045218543 0.21553517280073781
5.6679567458515852 1.6611488019859018 0.6954184627118507
5.6723200689815707 1.6652602428935286 1.1895803959755684
5.6766833921115571 1.6715315707293881 1.6849258973307668
5.6810467152415427 1.6799622906977407 2.1790994872723823
5.6854100383715283 1.6905431370514961 2.6700662998586049
5.6897733615015147 1.7032552920749486 3.1557233665694961
5.6941366846315002 1.7180691305346738 3.6325192757511755
5.6985000077614858 1.7349351472359573 4.0956634861655958
5.7028633308914722 1.753787224613796 4.5427792954042756
5.7072266540214578 1.774554937386118 4.9737804617947843
5.7115899771514433 1.7971680895670095 5.3885845387718723
5.7159533002814289 1.8215556424837245 5.7871858179021052
5.7203166234114153 1.8476512483799468 6.1723354272578641
5.7246799465414009 1.875406736718443 6.5487575347929692
5.7290432696713864 1.904790194887225 6.9184802018625344
5.7334065928013729 1.9357708531841722 7.2806309480243749
5.7377699159313584 1.9683131246070873 7.6341453090894182
5.742133239061344 2.002376903432824 7.9777346470292629
5.7464965621913304 2.0379120701171827 8.3076261382649612
5.750859885321316 2.0748463179433339 8.6180599427451146
5.7552232084513015 2.1130848980734034 8.9051634022117074
5.7595865315812871 2.1525218545604377 9.1670514832985628
5.7639498547112735 2.1930434300388768 9.4020676767938802
5.7683131778412591 2.2345286575476124 9.6084022398351419
5.7726765009712446 2.2768429744139036 9.7806459775686498
5.7770398241012311 2.31981864754226 9.9100913867637441
5.7814031472312166 2.3632549701069197 9.9915003055236635
5.7857664703612022 2.4069395629195993 10.023836492400594
5.7901297934911886 2.4506582942581838 10.007252796247126
5.7944931166211742 2.494200348366602 9.9432489999266771
5.7988564397511597 2.5373623871516209 9.8330942757000024
5.8032197628811462 2.5799453880178276 9.6783205316365226
5.8075830860111317 2.6217669308862246 9.4859131303935662
5.8119464091411173 2.6626893087282828 9.2685561916832473
5.8163097322711028 2.7026363961106621 9.0416106889598975
5.8206730554010893 2.741601949110545 8.8213359821221182
5.8250363785310748 2.7796420392249792 8.6182255722416805
5.8293997016610604 2.8168385338713557 8.4346269901872759
5.8337630247910468 2.8532789656422386 8.272287667299608
5.8381263479210324 2.8890605206544238 8.1324027092451932
5.8424896710510179 2.9242723170446125 8.0095344018649595
5.8468529941810043 2.9589638666305764 7.8914600626093581
5.8512163173109899 2.9931209664064884 7.7614697510343387
5.8555796404409755 3.0266503407238945 7.6004524812807137
5.8599429635709619 3.0593741138262471 7.3890290431639061
5.8643062867009474 3.0910336293984892 7.1101198927823459
5.868669609830933 3.1213046073413575 6.7507622046470184
5.8730329329609186 3.1498168809319433 6.30321791570623
5.877396256090905 3.1761878992378834 5.7713380299925632
5.8817595792208905 3.2000817571838467 5.1710131680989866
5.8861229023508761 3.2212341495907104 4.5161296348936455
5.8904862254808625 3.2394250718165249 3.8149388584187398
5.8948495486108481 3.254468394878387 3.0742988148671579
5.8992128717408336 3.2662034258265535 2.2993058870961187
5.9035761948708201 3.2745282475694348 1.5206163989623838
5.9079395180008056 3.2795602491053777 0.80170373599823841
5.9123028411307912 3.2816696194805406 0.18261430232058326
5.9166661642607767 3.2813011903458142 -0.33517791979307782
5.9210294873907632 3.2788888634207152 -0.753809656149102
5.9253928105207487 3.2748680826473904 -1.0726624988841671
5.9297561336507343 3.269662374220486 -1.2992070390686146
5.9341194567807207 3.2636409120703203 -1.4497432241158925
5.9384827799107063 3.2571063490640535 -1.5347070515515826
5.9428461030406918 3.2503422024738193 -1.5549477638738933
5.9472094261706783 3.2436328353317454 -1.5092075578262214
5.9515727493006638 3.237272861521014 -1.3940389361796039
5.9559360724306494 3.2315162321618871 -1.2453993814684647
5.9602993955606358 3.2263184940640226 -1.1560318081990633
5.9646627186906214 3.2212491299618087 -1.1896128724627009
5.9690260418206069 3.2157542789846025 -1.3489359569813666
5.9733893649505925 3.2092982314907039 -1.631475825016151
5.9777526880805789 3.2013280295730357 -2.0439192087838647
5.9821160112105645 3.1913461314758966 -2.5358021107904976
5.98647933434055 3.1792781799420688 -2.9732322210850777
5.9908426574705365 3.1656167491534863 -3.2614892034997567
5.995205980600522 3.1510415392108033 -3.3948950632597232
5.9995693037305076 3.1362092411735145 -3.3780436624587029
6.003932626860494 3.1217882877186369 -3.2059844573356546
6.0082959499904796 3.1084197254118573 -2.9046821224606836
6.0126592731204651 3.0965255024316067 -2.5446987611269525
6.0170225962504515 3.0862233055923882 -2.1776569445043763
6.0213859193804371 3.0775267330713083 -1.8072650643056307
6.0257492425104227 3.0704606594036488 -1.4308800051466966
6.0301125656404082 3.0650465165688074 -1.0499797111419682
6.0344758887703946 3.0613095920555775 -0.66101159529882558
6.0388392119003802 3.0593030271230659 -0.25490636668948785
6.0432025350303658 3.0591201892756219 0.17531459470869185
6.0475658581603522 3.0608687577522606 0.63016507074115491
6.0519291812903377 3.0646546645087778 1.1092499944808887
6.0562925044203233 3.070585272697453 1.6134185265594072
6.0606558275503097 3.0787631928590904 2.1373854546438849
6.0650191506802953 3.089242730265783 2.664962556181484
6.0693824738102808 3.1020063946372836 3.1836126917684378
6.0737457969402664 3.1170102536326207 3.6921294341543121
6.0781091200702528 3.1342124569648111 4.1911269248444931
6.0824724432002384 3.1535714214811512 4.6809702079492856
6.0868357663302239 3.1750424438948386 5.1576233873387629
6.0911990894602104 3.1985413180923183 5.6075596142087196
6.0955624125901959 3.2239231148553777 6.0200119055041403
6.0999257357201815 3.2510196403721152 6.3938293544935698
6.1042890588501679 3.2796643873577311 6.729546585401657
6.1086523819801535 3.3096907232048309 7.0272494132231627
6.113015705110139 3.3409308249094205 7.2851553318717688
6.1173790282401255 3.3731984662832262 7.4968369968065049
6.121742351370111 3.4062781804614874 7.6570287865911935
6.1261056745000966 3.4399428799889402 7.7651263937820767
6.1304689976300821 3.4739664509936587 7.8214923266812493
6.1348323207600686 3.5081221503475106 7.8255176014208097
6.1391956438900541 3.542185097145397 7.7801233707253479
6.1435589670200397 3.5759598988802632 7.6957891068388982
6.1479222901500261 3.6092998068566535 7.5813955183254302
6.1522856132800117 3.6420778899215356 7.4380108584418521
6.1566489364099972 3.6741658494809672 7.2651667609764825
6.1610122595399837 3.7054350998013508 7.0625308317062307
6.1653755826699692 3.735758166195537 6.8324674903319265
6.1697389057999548 3.7650333826436082 6.5843600840282051
6.1741022289299412 3.7932033364063846 6.3264818514603043
6.1784655520599268 3.8202300614979086 6.0601534080138384
6.1828288751899123 3.8460756315593896 5.7852169017328006
6.1871921983198979 3.8707024700307344 5.5012508745491857
6.1915555214498843 3.8940736083766576 5.2107575616239759
6.1959188445798699 3.9161812656711072 4.9246354493295339
6.2002821677098554 3.9370687529755233 4.6519845418961205
6.2046454908398418 3.956796731389256 4.392563606383459
6.2090088139698274 3.9754154308066449 4.142994609422689
6.213372137099813 3.992964251832273 3.9024132779833027
6.2177354602297994 4.0094678483678559 3.6600699803379024
6.2220987833597849 4.0248483341138419 3.3791869812450828
6.2264621064897705 4.0388522663721318 3.0264197158019064
6.2308254296197561 4.0511462760078922 2.5962671204607126
6.2351887527497425 4.0614026469381326 2.0930113965029484
6.239552075879728 4.0693029480191427 1.5152954085023105
6.2439153990097136 4.0745503106460284 0.88547466052537949
6.2482787221397 4.0770789822840499 0.28921328613572672
6.2526420452696856 4.0772445132617863 -0.18993053663615331
6.2570053683996711 4.0756194725941848 -0.53297608424377685
6.2613686915296576 4.0728033088103333 -0.73171237866416861
6.2657320146596431 4.069422752998455 -0.8007249570353796
6.2700953377896287 4.0661232224942001 -0.65827682556487732
6.2744586609196151 4.0633844851024241 -0.71777493284793759
6.2788219840496007 4.0610802233462842 0.06206574979290097
6.2831853071795862 4.062493964801531 -0.14276472406643767
