# q  U_kJmol  dU_dq   # conservative spline pchip_hermite_v1
0 4.8829287725297448 72.080298193838871
0.0043633231299858239 4.8910133124627517 -17.002058642796641
0.0087266462599716477 4.8985729905621582 6.6841083818246556
0.013089969389957472 4.9052749626524612 0.071213492645651411
0.017453292519943295 4.9109421681668843 1.5354577211752547
0.021816615649929118 4.9155146487415333 0.82724517996515223
0.026179938779914945 4.9190369993325671 0.72115749893918091
0.030543261909900768 4.9216307585780603 0.49325219233545881
0.034906585039886591 4.9234605219663914 0.34722386170368874
0.039269908169872414 4.9247020972832134 0.22954930397514731
0.043633231299858237 4.9255183748888971 0.14945437021459276
0.04799655442984406 4.9260451378653345 0.096039900010462989
0.05235987755982989 4.9263860615680608 0.062963445613181179
0.056723200689815713 4.9266143957961344 0.043499240207006684
0.061086523819801536 4.9267783024465475 0.032724556236265023
0.065449846949787352 4.9269074451002668 0.027088394640341167
0.069813170079773182 4.927018796740013 0.024273561353022648
0.074176493209759012 4.9271215925688399 0.023054313659334181
0.078539816339744828 4.9272205597023069 0.022231178427616037
0.082903139469730658 4.927316307673081 0.021897216795837785
0.087266462599716474 4.9274123653623159 0.022055812051862703
0.091629785729702304 4.9275085273897954 0.022040077079900577
0.09599310885968812 4.9276047642313552 0.022067597777056441
0.10035643198967395 4.9277010666055912 0.022069745282142589
0.10471975511965978 4.9277973514203994 0.022066618540654458
0.1090830782496456 4.9278936409402432 0.022068139972453927
0.11344640137963143 4.9279899291993754 0.022067549129442709
0.11780972450961724 4.9280862177963147 0.022067756527350501
0.12217304763960307 4.928182506302738 0.022067687803550506
0.1265363707695889 4.9282787948334148 0.022067709742068339
0.1308996938995747 4.9283750833575937 0.022067702919631397
0.13526301702956053 4.9284713718835143 0.022067705000742208
0.13962634015954636 4.9285676604089677 0.022067704375041911
0.14398966328953219 4.9286639489345454 0.022067704561015016
0.14835298641951802 4.9287602374600912 0.02206770450633223
0.15271630954950383 4.9288565259856441 0.02206770452199203
0.15707963267948966 4.9289528145111952 0.022067704517699606
0.16144295580947549 4.929049103036748 0.022067704519209079
0.16580627893946132 4.9291453915623009 0.022067704518684943
0.17016960206944712 4.9292416800878529 0.022067704518661784
0.17453292519943295 4.9293379686134049 0.022067704518667873
0.17889624832941878 4.9294342571389569 0.022067704518666249
0.18325957145940461 4.9295305456645089 0.022067704518666659
0.18762289458939044 4.9296268341900609 0.022067704518666655
0.19198621771937624 4.9297231227156129 0.022067704518666673
0.19634954084936207 4.9298194112411649 0.02206770451866661
0.2007128639793479 4.9299156997667168 0.022067704518666423
0.20507618710933373 4.9300119882922688 0.022067704518667235
0.20943951023931956 4.9301082768178208 0.022067704518664182
0.21380283336930536 4.9302045653433728 0.022067704518675988
0.21816615649929119 4.9303008538689248 0.022067704518631815
0.22252947962927702 4.9303971423944768 0.022067704518796288
0.22689280275926285 4.9304934309200297 0.022067704518793241
0.23125612588924865 4.9305897194455817 0.022067704518641366
0.23561944901923448 4.9306860079711337 0.022067704518641248
0.23998277214922031 4.9307822964966856 0.022067704518793162
0.24434609527920614 4.9308785850222385 0.022067704518796298
0.24870941840919197 4.9309748735477905 0.022067704518631843
0.2530727415391778 4.9310711620733425 0.022067704518675867
0.25743606466916363 4.9311674505988945 0.022067704518664223
0.26179938779914941 4.9312637391244465 0.022067704518667616
0.26616271092913524 4.9313600276499985 0.022067704518665694
0.27052603405912107 4.9314563161755505 0.022067704518669132
0.2748893571891069 4.9315526047011025 0.022067704518657305
0.27925268031909273 4.9316488932266545 0.022067704518701173
0.28361600344907856 4.9317451817522064 0.022067704518537536
0.28797932657906439 4.9318414702777575 0.022067704518537554
0.29234264970905022 4.9319377588033095 0.022067704518701117
0.29670597283903605 4.9320340473288615 0.022067704518657503
0.30106929596902182 4.9321303358544135 0.02206770451866925
0.30543261909900765 4.9322266243799655 0.022067704518665875
0.30979594222899348 4.9323229129055175 0.02206770451866678
0.31415926535897931 4.9324192014310695 0.022067704518666534
0.31852258848896514 4.9325154899566215 0.02206770451866661
0.32288591161895097 4.9326117784821735 0.022067704518666569
0.3272492347489368 4.9327080670077255 0.022067704518666652
0.33161255787892263 4.9328043555332775 0.022067704518666364
0.33597588100890846 4.9329006440588294 0.022067704518667436
0.34033920413889424 4.9329969325843814 0.022067704518664282
0.34470252726888007 4.9330932211099334 0.022067704518675804
0.3490658503988659 4.9331895096354854 0.022067704518632023
0.35342917352885173 4.9332857981610374 0.022067704518795635
0.35779249665883756 4.9333820866865903 0.022067704518795639
0.36215581978882339 4.9334783752121423 0.022067704518632009
0.36651914291880922 4.9335746637376943 0.022067704518675856
0.37088246604879505 4.9336709522632463 0.022067704518664105
0.37524578917878088 4.9337672407887982 0.022067704518667255
0.37960911230876665 4.9338635293143502 0.022067704518667255
0.38397243543875248 4.9339598178399022 0.022067704518664105
0.38833575856873831 4.9340561063654542 0.02206770451867586
0.39269908169872414 4.9341523948910062 0.022067704518631999
0.39706240482870997 4.9342486834165582 0.022067704518795687
0.4014257279586958 4.9343449719421111 0.022067704518795458
0.40578905108868163 4.9344412604676631 0.022067704518632672
0.41015237421866746 4.9345375489932151 0.022067704518673386
0.41451569734865329 4.9346338375187671 0.02206770451867332
0.41887902047863912 4.934730126044319 0.02206770451863287
0.42324234360862489 4.934826414569871 0.02206770451879559
0.42760566673861072 4.9349227030954239 0.022067704518795816
0.43196898986859655 4.9350189916209759 0.022067704518631347
0.43633231299858238 4.9351152801465279 0.022067704518678337
0.44069563612856821 4.9352115686720799 0.022067704518654842
0.44505895925855404 4.9353078571976319 0.022067704518701818
0.44942228238853987 4.9354041457231839 0.022067704518537422
0.4537856055185257 4.935500434248735 0.022067704518537363
0.45814892864851153 4.935596722774287 0.022067704518702002
0.46251225177849731 4.935693011299839 0.022067704518655008
0.46687557490848314 4.9357892998253909 0.022067704518678337
0.47123889803846897 4.9358855883509429 0.022067704518631184
0.4756022211684548 4.9359818768764949 0.022067704518796475
0.47996554429844063 4.9360781654020478 0.02206770451879312
0.48432886742842646 4.9361744539275998 0.022067704518641238
0.48869219055841229 4.9362707424531518 0.022067704518641467
0.49305551368839812 4.9363670309787038 0.022067704518792426
0.49741883681838395 4.9364633195042567 0.022067704518799029
0.50178215994836972 4.9365596080298086 0.022067704518622503
0.50614548307835561 4.9366558965553606 0.022067704518710488
0.51050880620834138 4.9367521850809126 0.022067704518535076
0.51487212933832727 4.9368484736064637 0.022067704518538084
0.51923545246831304 4.9369447621320157 0.022067704518701461
0.52359877559829882 4.9370410506575677 0.022067704518657288
0.5279620987282847 4.9371373391831197 0.022067704518668917
0.53232542185827048 4.9372336277086717 0.022067704518666586
0.53668874498825636 4.9373299162342237 0.022067704518664282
0.54105206811824214 4.9374262047597757 0.022067704518675811
0.54541539124822802 4.9375224932853277 0.022067704518632013
0.5497787143782138 4.9376187818108797 0.02206770451879567
0.55414203750819968 4.9377150703364325 0.022067704518795507
0.55850536063818546 4.9378113588619845 0.022067704518632495
0.56286868376817123 4.9379076473875365 0.022067704518675724
0.56723200689815712 4.9380039359130885 0.022067704518664143
0.57159533002814289 4.9381002244386405 0.022067704518667245
0.57595865315812877 4.9381965129641925 0.022067704518666423
0.58032197628811455 4.9382928014897445 0.022067704518666593
0.58468529941810043 4.9383890900152965 0.022067704518666749
0.58904862254808621 4.9384853785408485 0.022067704518665951
0.59341194567807209 4.9385816670664004 0.022067704518668987
0.59777526880805787 4.9386779555919524 0.022067704518657631
0.60213859193804364 4.9387742441175044 0.022067704518701697
0.60650191506802953 4.9388705326430564 0.022067704518535139
0.6108652381980153 4.9389668211686075 0.022067704518546616
0.61522856132800119 4.9390631096941595 0.022067704518667255
0.61959188445798696 4.9391593982197115 0.022067704518783891
0.62395520758797285 4.9392556867452644 0.022067704518807376
0.62831853071795862 4.9393519752708164 0.022067704518596801
0.63268185384794451 4.9394482637963684 0.022067704518804951
0.63704517697793028 4.9395445523219212 0.022067704518793592
0.64140850010791606 4.9396408408474732 0.022067704518632561
0.64577182323790194 4.9397371293730252 0.022067704518675704
0.65013514636788772 4.9398334178985772 0.022067704518664161
0.6544984694978736 4.9399297064241292 0.022067704518667196
0.65886179262785938 4.9400259949496812 0.0220677045186666
0.66322511575784526 4.9401222834752332 0.022067704518665947
0.66758843888783104 4.9402185720007852 0.022067704518669143
0.67195176201781692 4.9403148605263372 0.022067704518657014
0.6763150851478027 4.9404111490518892 0.022067704518702321
0.68067840827778847 4.9405074375774412 0.02206770451853492
0.68504173140777436 4.9406037261029923 0.022067704518546883
0.68940505453776013 4.9407000146285442 0.022067704518666416
0.69376837766774602 4.9407963031540962 0.022067704518786993
0.69813170079773179 4.9408925916796491 0.022067704518795819
0.70249502392771768 4.9409888802052011 0.022067704518639941
0.70685834705770345 4.9410851687307531 0.022067704518643962
0.71122167018768934 4.9411814572563051 0.022067704518783759
0.71558499331767511 4.941277745781858 0.022067704518831201
0.71994831644766089 4.94137403430741 0.022067704518503321
0.72431163957764677 4.9414703228329611 0.022067704518544406
0.72867496270763255 4.9415666113585131 0.022067704518707924
0.73303828583761843 4.941662899884065 0.022067704518623429
0.73740160896760421 4.941759188409617 0.022067704518797897
0.74176493209759009 4.9418554769351699 0.022067704518795188
0.74612825522757587 4.9419517654607219 0.022067704518631548
0.75049157835756175 4.9420480539862739 0.02206770451867816
0.75485490148754752 4.9421443425118259 0.022067704518655334
0.7592182246175333 4.9422406310373779 0.022067704518701704
0.76358154774751918 4.9423369195629299 0.022067704518537384
0.76794487087750496 4.942433208088481 0.02206770451853763
0.77230819400749084 4.942529496614033 0.022067704518700978
0.77667151713747662 4.9426257851395849 0.022067704518657992
0.7810348402674625 4.9427220736651369 0.022067704518666579
0.78539816339744828 4.9428183621906889 0.022067704518675214
0.78976148652743416 4.9429146507162409 0.022067704518632106
0.79412480965741994 4.9430109392417929 0.022067704518795896
0.79848813278740571 4.9431072277673458 0.022067704518796191
0.8028514559173916 4.9432035162928978 0.022067704518629556
0.80721477904737737 4.9432998048184498 0.022067704518685113
0.81157810217736326 4.9433960933440018 0.022067704518629529
0.81594142530734903 4.9434923818695538 0.022067704518796315
0.82030474843733492 4.9435886703951066 0.022067704518795413
0.82466807156732069 4.9436849589206586 0.022067704518632238
0.82903139469730658 4.9437812474462106 0.022067704518675166
0.83339471782729235 4.9438775359717626 0.022067704518666627
0.83775804095727824 4.9439738244973146 0.022067704518657857
0.84212136408726401 4.9440701130228666 0.022067704518701475
0.84648468721724979 4.9441664015484186 0.022067704518537463
0.85084801034723567 4.9442626900739697 0.022067704518537554
0.85521133347722145 4.9443589785995217 0.022067704518701197
0.85957465660720733 4.9444552671250737 0.022067704518657194
0.86393797973719311 4.9445515556506257 0.022067704518669559
0.86830130286717899 4.9446478441761776 0.022067704518664095
0.87266462599716477 4.9447441327017296 0.022067704518673584
0.87702794912715065 4.9448404212272816 0.02206770451864111
0.88139127225713643 4.9449367097528336 0.02206770451876151
0.8857545953871222 4.9450329982783865 0.022067704518924734
0.89011791851710809 4.9451292868039394 0.022067704518760431
0.89448124164709386 4.9452255753294914 0.02206770451864375
0.89884456477707975 4.9453218638550434 0.022067704518664105
0.90320788790706552 4.9454181523805953 0.022067704518699351
0.90757121103705141 4.9455144409061473 0.022067704518538015
0.91193453416703718 4.9456107294316984 0.02206770451853745
0.91629785729702307 4.9457070179572504 0.022067704518701058
0.92066118042700884 4.9458033064828024 0.022067704518657846
0.92502450355699462 4.9458995950083544 0.022067704518668768
0.9293878266869805 4.9459958835339064 0.022067704518666624
0.93375114981696627 4.9460921720594584 0.022067704518664279
0.93811447294695216 4.9461884605850104 0.022067704518675808
0.94247779607693793 4.9462847491105624 0.022067704518632027
0.94684111920692382 4.9463810376361144 0.022067704518795625
0.95120444233690959 4.9464773261616672 0.022067704518795677
0.95556776546689548 4.9465736146872192 0.022067704518631878
0.95993108859688125 4.9466699032127712 0.022067704518676342
0.96429441172686703 4.9467661917383232 0.022067704518663977
0.96865773485685291 4.9468624802638752 0.02206770451866729
0.97302105798683869 4.9469587687894272 0.022067704518666412
0.97738438111682457 4.9470550573149792 0.022067704518666596
0.98174770424681035 4.9471513458405312 0.022067704518666745
0.98611102737679623 4.9472476343660832 0.022067704518665968
0.99047435050678201 4.9473439228916352 0.022067704518668917
0.99483767363676789 4.9474402114171872 0.022067704518657905
0.99920099676675367 4.9475364999427391 0.022067704518699001
1.0035643198967394 4.9476327884682911 0.022067704518547299
1.0079276430267252 4.9477290769938422 0.022067704518502356
1.0122909661567112 4.9478253655193942 0.022067704518830462
1.016654289286697 4.9479216540449471 0.022067704518784315
1.0210176124166828 4.9480179425704991 0.022067704518644177
1.0253809355466685 4.9481142310960511 0.022067704518640194
1.0297442586766545 4.9482105196216031 0.022067704518792898
1.0341075818066403 4.948306808147156 0.022067704518796739
1.0384709049366261 4.9484030966727079 0.02206770451863202
1.0428342280666119 4.9484993851982599 0.022067704518676387
1.0471975511965976 4.9485956737238119 0.022067704518663651
1.0515608743265836 4.9486919622493639 0.022067704518666856
1.0559241974565694 4.9487882507749159 0.022067704518666784
1.0602875205865552 4.9488845393004679 0.022067704518667235
1.064650843716541 4.9489808278260199 0.022067704518665496
1.0690141668465269 4.9490771163515719 0.02206770451866864
1.0733774899765127 4.9491734048771239 0.022067704518657812
1.0777408131064985 4.9492696934026759 0.022067704518701336
1.0821041362364843 4.9493659819282279 0.022067704518538074
1.08646745936647 4.949462270453779 0.022067704518536936
1.090830782496456 4.9495585589793309 0.022067704518701367
1.0951941056264418 4.9496548475048829 0.022067704518655442
1.0995574287564276 4.9497511360304349 0.022067704518678077
1.1039207518864134 4.9498474245559869 0.02206770451863346
1.1082840750163994 4.9499437130815389 0.022067704518785935
1.1126473981463851 4.9500400016070918 0.022067704518831319
1.1170107212763709 4.9501362901326438 0.02206770451850067
1.1213740444063567 4.9502325786581949 0.022067704518556556
1.1257373675363425 4.9503288671837469 0.022067704518663668
1.1301006906663285 4.9504251557092989 0.022067704518786622
1.1344640137963142 4.9505214442348517 0.022067704518798362
1.1388273369263 4.9506177327604037 0.022067704518631808
1.1431906600562858 4.9507140212859557 0.022067704518675617
1.1475539831862718 4.9508103098115077 0.022067704518663578
1.1519173063162575 4.9509065983370597 0.022067704518667935
1.1562806294462433 4.9510028868626117 0.022067704518665906
1.1606439525762291 4.9510991753881637 0.022067704518669656
1.1650072757062149 4.9511954639137157 0.022067704518656694
1.1693705988362009 4.9512917524392677 0.022067704518701419
1.1737339219661866 4.9513880409648197 0.022067704518535479
1.1780972450961724 4.9514843294903708 0.022067704518547213
1.1824605682261582 4.9515806180159228 0.022067704518666222
1.1868238913561442 4.9516769065414747 0.022067704518785758
1.19118721448613 4.9517731950670276 0.022067704518799271
1.1955505376161157 4.9518694835925796 0.02206770451862904
1.1999138607461015 4.9519657721181316 0.022067704518685789
1.2042771838760873 4.9520620606436836 0.02206770451862904
1.2086405070060733 4.9521583491692356 0.022067704518795903
1.2130038301360591 4.9522546376947885 0.022067704518795875
1.2173671532660448 4.9523509262203405 0.022067704518632478
1.2217304763960306 4.9524472147458924 0.022067704518675429
1.2260937995260166 4.9525435032714444 0.022067704518663668
1.2304571226560024 4.9526397917969964 0.022067704518667745
1.2348204457859882 4.9527360803225484 0.022067704518666572
1.2391837689159739 4.9528323688481004 0.022067704518667179
1.2435470920459597 4.9529286573736524 0.022067704518665944
1.2479104151759457 4.9530249458992044 0.022067704518666891
1.2522737383059315 4.9531212344247564 0.022067704518664348
1.2566370614359172 4.9532175229503084 0.022067704518676939
1.261000384565903 4.9533138114758604 0.022067704518629112
1.265363707695889 4.9534101000014124 0.022067704518804465
1.2697270308258748 4.9535063885269652 0.022067704518761545
1.2740903539558606 4.9536026770525172 0.022067704518761232
1.2784536770858463 4.9536989655780701 0.022067704518805402
1.2828170002158321 4.9537952541036221 0.022067704518629053
1.2871803233458181 4.9538915426291741 0.022067704518676238
1.2915436464758039 4.9539878311547261 0.022067704518663859
1.2959069696057897 4.9540841196802781 0.022067704518669535
1.3002702927357754 4.9541804082058301 0.022067704518659199
1.3046336158657614 4.954276696731382 0.022067704518691521
1.3089969389957472 4.954372985256934 0.022067704518572574
1.313360262125733 4.9544692737824851 0.022067704518408723
1.3177235852557188 4.9545655623080362 0.022067704518572429
1.3220869083857045 4.9546618508335882 0.022067704518692131
1.3264502315156905 4.9547581393591402 0.02206770451865691
1.3308135546456763 4.9548544278846922 0.022067704518678091
1.3351768777756621 4.9549507164102442 0.022067704518631943
1.3395402009056478 4.9550470049357962 0.022067704518795351
1.3439035240356338 4.9551432934613491 0.022067704518795171
1.3482668471656196 4.9552395819869011 0.022067704518632502
1.3526301702956054 4.9553358705124531 0.022067704518676026
1.3569934934255912 4.955432159038005 0.022067704518664594
1.3613568165555769 4.955528447563557 0.022067704518666818
1.3657201396855629 4.955624736089109 0.022067704518665993
1.3700834628155487 4.955721024614661 0.022067704518667058
1.3744467859455345 4.955817313140213 0.022067704518666981
1.3788101090755203 4.955913601665765 0.022067704518666225
1.3831734322055063 4.956009890191317 0.022067704518665972
1.387536755335492 4.956106178716869 0.022067704518667741
1.3919000784654778 4.956202467242421 0.022067704518664268
1.3962634015954636 4.956298755767973 0.022067704518676394
1.4006267247254494 4.956395044293525 0.022067704518631392
1.4049900478554354 4.9564913328190769 0.022067704518795889
1.4093533709854211 4.9565876213446298 0.022067704518793575
1.4137166941154069 4.9566839098701818 0.022067704518641696
1.4180800172453927 4.9567801983957338 0.02206770451864086
1.4224433403753787 4.9568764869212858 0.022067704518792714
1.4268066635053644 4.9569727754468387 0.022067704518796791
1.4311699866353502 4.9570690639723907 0.022067704518632009
1.435533309765336 4.9571653524979427 0.022067704518676391
1.4398966328953218 4.9572616410234946 0.022067704518663654
1.4442599560253078 4.9573579295490466 0.022067704518666843
1.4486232791552935 4.9574542180745986 0.022067704518666829
1.4529866022852793 4.9575505066001506 0.022067704518667054
1.4573499254152651 4.9576467951257026 0.022067704518666159
1.4617132485452511 4.9577430836512546 0.022067704518666156
1.4660765716752369 4.9578393721768066 0.022067704518667075
1.4704398948052226 4.9579356607023586 0.022067704518666756
1.4748032179352084 4.9580319492279106 0.022067704518667124
1.4791665410651942 4.9581282377534626 0.022067704518665986
1.4835298641951802 4.9582245262790146 0.022067704518666794
1.487893187325166 4.9583208148045665 0.022067704518664692
1.4922565104551517 4.9584171033301185 0.022067704518675658
1.4966198335851375 4.9585133918556705 0.0220677045186339
1.5009831567151235 4.9586096803812225 0.022067704518786601
1.5053464798451093 4.9587059689067754 0.02206770451882822
1.509709802975095 4.9588022574323274 0.022067704518512404
1.5140731261050808 4.9588985459578785 0.022067704518512716
1.5184364492350666 4.9589948344834305 0.022067704518827294
1.5227997723650526 4.9590911230089834 0.022067704518786622
1.5271630954950384 4.9591874115345354 0.022067704518634733
1.5315264186250241 4.9592837000600873 0.022067704518675658
1.5358897417550099 4.9593799885856393 0.022067704518663855
1.5402530648849959 4.9594762771111913 0.02206770451866678
1.5446163880149817 4.9595725656367433 0.022067704518666895
1.5489797111449675 4.9596688541622953 0.022067704518666856
1.5533430342749532 4.9597651426878473 0.022067704518666898
1.557706357404939 4.9598614312133993 0.022067704518666773
1.562069680534925 4.9599577197389513 0.022067704518663869
1.5664330036649108 4.9600540082645033 0.022067704518675606
1.5707963267948966 4.9601502967900553 0.022067704518634917
1.5751596499248823 4.9602465853156072 0.022067704518785942
1.5795229730548683 4.9603428738411601 0.02206770451882983
1.5838862961848541 4.9604391623667121 0.022067704518503258
1.5882496193148399 4.9605354508922632 0.022067704518547684
1.5926129424448257 4.9606317394178152 0.022067704518696548
1.5969762655748114 4.9607280279433672 0.022067704518667353
1.6013395887047974 4.9608243164689192 0.022067704518631898
1.6057029118347832 4.9609206049944712 0.022067704518802907
1.610066234964769 4.9610168935200241 0.022067704518768348
1.6144295580947547 4.9611131820455761 0.022067704518735569
1.6187928812247407 4.9612094705711289 0.022067704518897897
1.6231562043547265 4.9613057590966818 0.022067704518892034
1.6275195274847123 4.9614020476222347 0.022067704518756528
1.6318828506146981 4.9614983361477867 0.022067704518693741
1.6362461737446838 4.9615946246733387 0.02206770451846974
1.6406094968746698 4.9616909131988889 0.022067704518203824
1.6449728200046556 4.9617872017244391 0.02206770451827015
1.6493361431346414 4.9618834902499893 0.022067704518274122
1.6536994662646272 4.9619797787755395 0.022067704518191913
1.6580627893946132 4.9620760673010897 0.022067704518513406
1.6624261125245989 4.9621723558266426 0.022067704519141647
1.6667894356545847 4.9622686443521982 0.02206770451997456
1.6711527587845705 4.9623649328777582 0.022067704520899983
1.6755160819145565 4.9624612214033208 0.022067704521247351
1.6798794050445423 4.9625575099288834 0.022067704520764456
1.684242728174528 4.9626537984544417 0.022067704519298712
1.6886060513045138 4.9627500869799919 0.022067704517095242
1.6929693744344996 4.9628463755055305 0.022067704513940221
1.6973326975644856 4.9629426640310541 0.022067704510440388
1.7016960206944713 4.9630389525565661 0.022067704509274762
1.7060593438244571 4.9631352410820808 0.022067704511333799
1.7104226669544429 4.9632315296076106 0.022067704516476598
1.7147859900844289 4.9633278181331706 0.022067704524987006
1.7191493132144147 4.9634241066587741 0.022067704536487903
1.7235126363444004 4.9635203951844309 0.022067704548539908
1.7278759594743862 4.9636166837101285 0.022067704553561624
1.732239282604372 4.9637129722358218 0.022067704546460103
1.736602605734358 4.9638092607614581 0.022067704527705095
1.7409659288643438 4.963905549286987 0.022067704496853351
1.7453292519943295 4.9640018378123534 0.022067704453376084
1.7496925751243153 4.964098126337519 0.022067704408374304
1.7540558982543013 4.9641944148625319 0.022067704388810068
1.7584192213842871 4.9642907033875545 0.022067704413751471
1.7627825445142729 4.964386991912785 0.02206770448316675
1.7671458676442586 4.9644832804384125 0.022067704596428119
1.7715091907742444 4.9645795689646377 0.02206770475791385
1.7758725139042304 4.9646758574916161 0.022067704927529928
1.7802358370342162 4.9647721460191736 0.022067705003579643
1.7845991601642019 4.9648684345467125 0.022067704915098622
1.7889624832941877 4.9649647230734946 0.022067704659861131
1.7933258064241737 4.9650610115988112 0.022067704241401177
1.7976891295541595 4.9651573001219171 0.02206770364292986
1.8020524526841453 4.9652535886422164 0.022067703005623388
1.806415775814131 4.9653498771603122 0.022067702708550869
1.8107790989441168 4.9654461656784141 0.022067703023358504
1.8151424220741028 4.965542454199273 0.022067703960980602
1.8195057452040886 4.9656387427255355 0.022067705506488369
1.8238690683340744 4.9657350312599737 0.022067707723318623
1.8282323914640601 4.9658313198048596 0.022067710114945027
1.8325957145940461 4.965927608358121 0.022067711273460897
1.8369590377240319 4.9660238969116026 0.022067710157801398
1.8413223608540177 4.9661201854550496 0.022067706714062066
1.8456856839840035 4.9662164739785748 0.022067701008119223
1.8500490071139892 4.966312762471869 0.02206769279312475
1.8544123302439752 4.9664090509262575 0.022067683824151169
1.858775653373961 4.9665053393488741 0.022067679320642665
1.8631389765039468 4.9666016277697445 0.022067683258321282
1.8675022996339325 4.9666979162271119 0.022067695904052755
1.8718656227639185 4.9667942047579192 0.022067716970522785
1.8762289458939043 4.9668904934005065 0.022067747406692186
1.8805922690238901 4.9669867821879254 0.022067781028702087
1.8849555921538759 4.9670830710957921 0.022067798497141612
1.8893189152838616 4.9671793600135912 0.022067784644162335
1.8936822384138476 4.9672756487987533 0.022067738222227729
1.8980455615438334 4.9673719373132137 0.022067660447685638
1.9024088846738192 4.9674682254144038 0.022067547703291883
1.906772207803805 4.9675645129765842 0.022067421715887606
1.911135530933791 4.9676608000824727 0.02206735409090984
1.9154988540637767 4.9677570871386107 0.022067402649155472
1.9198621771937625 4.9678533746764257 0.022067573011936435
1.9242255003237483 4.967949663211904 0.022067860121970085
1.9285888234537341 4.9680459532751815 0.022068277699169338
1.9329521465837201 4.9681422453439659 0.02206874960265701
1.9373154697137058 4.9682385391400565 0.022069010904791089
1.9416787928436916 4.9683348331688677 0.022068841407936097
1.9460421159736774 4.9684311254498841 0.022068216404873598
1.9504054391036634 4.968527414054619 0.02206715659381879
1.9547687622336491 4.9686236970117399 0.022065610202816988
1.9591320853636349 4.9687199725087003 0.022063843336044477
1.9634954084936207 4.9688162414715267 0.022062835425913939
1.9678587316236065 4.968912509391326 0.022063424260973692
1.9722220547535925 4.9690087836476575 0.022065716376936273
1.9765853778835782 4.9691050714483671 0.022069628185029597
1.980948701013564 4.9692013801244768 0.022075354132926626
1.9853120241435498 4.9692977165446859 0.022081966838751632
1.9896753472735358 4.969394077665366 0.022085848298102902
1.9940386704035216 4.9694904433258298 0.022083813873081053
1.9984019935335073 4.9695867860344638 0.022075410923408922
2.0027653166634933 4.9696830788509168 0.022060973294520163
2.0071286397934789 4.9697792945098893 0.022039773847069365
2.0114919629234649 4.9698754070129523 0.022015034910923062
2.0158552860534504 4.9699714262061274 0.022000110170836928
2.0202186091834364 4.9700674260572901 0.022007094326064566
2.0245819323134224 4.9701635089628358 0.022037887844415991
2.028945255443408 4.9702597756176026 0.022091170261474197
2.033308578573394 4.9703563274383598 0.022169649425744738
2.0376719017033795 4.9704532627198521 0.02226216422492279
2.0420352248333655 4.9705505502599827 0.022319469243978242
2.0463985479633515 4.9706479188773152 0.022295674145565311
2.0507618710933371 4.9707449872644505 0.022182871019783713
2.0551251942233231 4.9708413790346881 0.021986248032204503
2.0594885173533091 4.9709367169533865 0.021695760652055345
2.0638518404832946 4.9710306296071298 0.021349818215692387
2.0682151636132806 4.9711232122605535 0.021129694481210382
2.0725784867432662 4.9712154567106444 0.021209159511588541
2.0769418098732522 4.9713087795127588 0.021620311878884479
2.0813051330032382 4.971404581208688 0.022342019458042296
2.0856684561332237 4.9715042536465681 0.0234097247439084
2.0900317792632097 4.9716091763182897 0.024688317036646021
2.0943951023931953 4.9717190294545741 0.025505975192577083
2.0987584255231813 4.9718301205205915 0.02519782579037191
2.1031217486531673 4.9719370797322053 0.023623049205027221
2.1074850717831528 4.9720345284868381 0.020850542566951919
2.1118483949131388 4.9721170834471016 0.016736218449933848
2.1162117180431244 4.9721792736141932 0.011724002463664005
2.1205750411731104 4.9722216788204756 0.0082822531065414283
2.1249383643030963 4.9722574015192222 0.0088637757545197236
2.1293016874330819 4.9723059316570382 0.014190627239855289
2.1336650105630679 4.9723869617628411 0.023452777110638704
2.1380283336930539 4.9725197036544904 0.038977063102697329
2.1423916568230394 4.9727255832937924 0.053457985387810082
2.1467549799530254 4.9729225852824612 0.024191998459148437
2.151118303083011 4.9728078217957972 -0.093682950284228766
2.155481626212997 4.9719610258731564 -0.31057974817334388
2.159844949342983 4.9699593885715165 -0.62243648073577418
2.1642082724729685 4.9663826458266547 -1.0350859270981378
2.1685715956029545 4.9608028188841029 -1.5328133857463457
2.1729349187329401 4.9530258454030331 -2.0171200347814535
2.1772982418629261 4.9433747711253995 -2.3813494558415766
2.1816615649929121 4.9324558094775135 -2.600397057428752
2.1860248881228976 4.9208805345431648 -2.6829601488135868
2.1903882112528836 4.9092500839789812 -2.6228439265772963
2.1947515343828692 4.8981719919058362 -2.4389079690190636
2.1991148575128552 4.8879732072535083 -2.2504270484234405
2.2034781806428412 4.8783467189651928 -2.1902374436120127
2.2078415037728267 4.8686238901205332 -2.2922336752844004
2.2122048269028127 4.8581211861006572 -2.5468799137428517
2.2165681500327987 4.8461672389218196 -2.9603026979479004
2.2209314731627843 4.8320835464260714 -3.5140716364997
2.2252947962927703 4.8154742748021366 -4.0863384137050094
2.2296581194227558 4.7966006042799929 -4.5368486648066835
2.2340214425527418 4.776118459612209 -4.8253322432249766
2.2383847656827278 4.7547183297018716 -4.9579531991052219
2.2427480888127134 4.733092642233852 -4.9252279109204089
2.2471114119426994 4.7119594715072406 -4.7399604934222594
2.2514747350726849 4.6917835649339121 -4.516959533785541
2.2558380582026709 4.6723968003642611 -4.3934903645167864
2.2602013813326569 4.6532390023882515 -4.410368092678854
2.2645647044626425 4.6337151623418604 -4.5605725048040711
2.2689280275926285 4.6132309399270603 -4.8548593943695373
2.2732913507226145 4.5911566405168704 -5.2810741123645579
2.2776546738526 4.5671454225013663 -5.7069118981992029
2.282017996982586 4.5415916037804633 -5.9696872917230293
2.2863813201125716 4.5153598721852228 -6.0194606094377896
2.2907446432425576 4.4893537554623064 -5.8685691442257193
2.2951079663725436 4.4644611061869837 -5.5016765031349424
2.2994712895025291 4.4416236633631812 -4.9415188398419154
2.3038346126325151 4.4212613157581089 -4.4342361465879332
2.3081979357625007 4.4023982504831709 -4.290943865998825
2.3125612588924866 4.3831412773000613 -4.6113962116871896
2.3169245820224726 4.3615108680314947 -5.3755646850710521
2.3212879051524582 4.3355549378351492 -6.6043020138246655
2.3256512282824442 4.3032376101754348 -8.2729680631880154
2.3300145514124297 4.2631886783716162 -10.059200690333341
2.3343778745424157 4.2158953854747896 -11.542319359042104
2.3387411976724017 4.1631013232557805 -12.586518242669429
2.3431045208023873 4.1066571799051736 -13.218265358938925
2.3474678439323733 4.0483589427211353 -13.431469952606358
2.3518311670623593 3.990037152750634 -13.237879182506607
2.3561944901923448 3.9332016802582164 -12.793314750234682
2.3605578133223308 3.8784579934945658 -12.305040700445034
2.3649211364523164 3.825785011379085 -11.840783761527721
2.3692844595823024 3.7751160420227907 -11.384516245186692
2.3736477827122884 3.7264323376541335 -10.93101791108314
2.3780111058422739 3.6797323736503009 -10.472391697111068
2.3823744289722599 3.6351058857131355 -9.9708583499557442
2.3867377521022455 3.5928529730801482 -9.3780506546212781
2.3911010752322315 3.553428386244184 -8.6742510405952462
2.3954643983622175 3.5173160562673385 -7.8603035526531135
2.399827721492203 3.4849987679607914 -6.9332746047484157
2.404191044622189 3.4569713514640728 -5.896560842633308
2.4085543677521746 3.4336279267971856 -4.8004706892569082
2.4129176908821606 3.4150605774829375 -3.7172819832886708
2.4172810140121466 3.4011266487028187 -2.6766341406461991
2.4216443371421321 3.3916378402470682 -1.6804693132372746
2.4260076602721181 3.3863928332704645 -0.73171389118839969
2.4303709834021041 3.3851749007318381 0.16373498833896866
2.4347343065320897 3.3877045789362037 0.97866382312993749
2.4390976296620757 3.3935426850684554 1.6748744355073235
2.4434609527920612 3.4021234458573195 2.2355210741297489
2.4478242759220472 3.4128522081390109 2.6592913842136623
2.4521875990520332 3.4251286308915851 2.9445135015863122
2.4565509221820188 3.4383448764742641 3.0901222590829733
2.4609142453120048 3.4518950161450475 3.0982083562171208
2.4652775684419903 3.4651875468768067 2.9727050151658165
2.4696408915719763 3.4776459159947763 2.7159861437622275
2.4740042147019623 3.4887010197265225 2.3300234815945475
2.4783675378319479 3.4977926380338262 1.8157856561887467
2.4827308609619338 3.5043642013686607 1.1760443157464147
2.4870941840919194 3.5079062155619205 0.4336207784833761
2.4914575072219054 3.5080496376193437 -0.37660811573583458
2.4958208303518914 3.5045438667373334 -1.2389690783353007
2.5001841534818769 3.4971629781056413 -2.1526312884964027
2.5045474766118629 3.4856834532269656 -3.117970895866172
2.5089107997418489 3.4698801084988369 -4.1338045057458279
2.5132741228718345 3.4495671850608658 -5.1785279333135126
2.5176374460018205 3.424698280575607 -6.2168203692491337
2.522000769131806 3.3953469328998955 -7.2332899451947164
2.526364092261792 3.361606239677418 -8.2289118219683903
2.530727415391778 3.323564242511591 -9.2052051830595794
2.5350907385217636 3.2813042664198866 -10.161837296541544
2.5394540616517496 3.234939520546801 -11.081315980008728
2.5438173847817351 3.1846996023710066 -11.933373158784713
2.5481807079117211 3.13092083671101 -12.703170276411115
2.5525440310417071 3.0739647948880711 -13.389591103158512
2.5569073541716927 3.0141976714836765 -13.991402178168407
2.5612706773016787 2.9519937455357597 -14.505916392200486
2.5656340004316642 2.8877545389604022 -14.920826356994354
2.5699973235616502 2.8219587844534515 -15.216231689793064
2.5743606466916362 2.7551577276364703 -15.381098872875185
2.5787239698216218 2.6879260349004417 -15.413503209764473
2.5830872929516078 2.6208449415742172 -15.31155760019573
2.5874506160815938 2.5545051413551985 -15.073715577529175
2.5918139392115793 2.4894920046704225 -14.705207024516154
2.5961772623415653 2.4263523989739539 -14.216791582078807
2.6005405854715509 2.3655928055293631 -13.614440997172885
2.6049039086015369 2.3077071534011031 -12.899906396641525
2.6092672317315229 2.2531816052483733 -12.074181569464328
2.6136305548615084 2.2024985264800883 -11.139490816789053
2.6179938779914944 2.1560921985374666 -10.121614042949444
2.62235720112148 2.1142240052225292 -9.0671430905656702
2.626720524251466 2.0769823184136835 -8.0017605813324852
2.631083847381452 2.0444069619558114 -6.928477591284774
2.6354471705114375 2.0165300840430893 -5.8482237523775851
2.6398104936414235 1.9933786802649294 -4.7630895195122891
2.6441738167714091 1.9749309620833133 -3.70086760651512
2.6485371399013951 1.9609724627504861 -2.7143139771540414
2.6529004630313811 1.9510920152601894 -1.8323289768897015
2.6572637861613666 1.9448294028132911 -1.0555205492230801
2.6616271092913526 1.9417294039454174 -0.38284618891259864
2.6659904324213386 1.941336596277925 0.18542842728730147
2.6703537555513241 1.9431831582182706 0.64066029116669732
2.6747170786813101 1.9467365658389582 0.96467599220162015
2.6790804018112957 1.9513962286772173 1.1475270297215798
2.6834437249412817 1.956546839696335 1.1902633436547663
2.6878070480712677 1.9615808205744882 1.0938291769802078
2.6921703712012532 1.9658900918141502 0.85836690775417157
2.6965336943312392 1.9688907117292944 0.49861413444809227
2.7008970174612248 1.9701041506212471 0.044549965652455344
2.7052603405912108 1.9691682983838144 -0.48595947202003137
2.7096236637211968 1.9657545395423675 -1.0912843656899982
2.7139869868511823 1.9595359291957197 -1.7716322794963124
2.7183503099811683 1.950185310740834 -2.5267997235414188
2.7227136331111539 1.9374083427817186 -3.3349765743377682
2.7270769562411399 1.9210739167809079 -4.1488140948644148
2.7314402793711259 1.9012368400809778 -4.9394603669856458
2.7358036025011114 1.8780048176786399 -5.705475709081151
2.7401669256310974 1.8514817684691824 -6.4477041494145757
2.7445302487610834 1.82177333846353 -7.1656249108999575
2.748893571891069 1.7890011013143878 -7.8483385565629842
2.753256895021055 1.7533712002521087 -8.4708668130682145
2.7576202181510405 1.7151895602160685 -9.017271602646268
2.7619835412810265 1.674793185921964 -9.4863097799767289
2.7663468644110125 1.6325188400472834 -9.8776895371858178
2.7707101875409981 1.5887092986388993 -10.189853176074818
2.7750735106709841 1.5437092501234122 -10.423873953620125
2.7794368338009696 1.4978519386911924 -10.583570161900301
2.7838001569309556 1.4514552088140016 -10.671051919436714
2.7881634800609416 1.4048355772772081 -10.685561376568177
2.7925268031909272 1.3583136716162836 -10.626106319771369
2.7968901263209132 1.312214183332302 -10.491792932287224
2.8012534494508987 1.2668546891613512 -10.289286269824428
2.8056167725808847 1.2224973026123982 -10.035845384365196
2.8099800957108707 1.1793315750391768 -9.7437927812217549
2.8143434188408563 1.1375193059966893 -9.4155501814337565
2.8187067419708423 1.0972153620988883 -9.0529556659570343
2.8230700651008283 1.058563290685816 -8.6587844885361136
2.8274333882308138 1.0216867511756031 -8.2415540405781158
2.8317967113607998 0.98665056146323959 -7.8185498818008332
2.8361600344907854 0.95344596612278421 -7.4031541224504833
2.8405233576207713 0.92202777624080923 -7.0001878719055615
2.8448866807507573 0.89233432708192428 -6.6133623439438161
2.8492500038807429 0.86428609797096578 -6.2466163546909863
2.8536133270107289 0.83778470628888546 -5.9057287830551664
2.8579766501407144 0.8126977485526381 -5.6000048376849021
2.8623399732707004 0.78885407254053796 -5.3364774983741041
2.8667032964006864 0.76606331675170081 -5.1175586350299476
2.871066619530672 0.74412817023790567 -4.9445532037697912
2.875429942660658 0.72284555953734697 -4.8185696107337463
2.8797932657906435 0.70201037251916465 -4.7392329733305845
2.8841565889206295 0.68142328304513056 -4.7043579458798304
2.8885199120506155 0.66089551744480479 -4.7118272957832517
2.8928832351806011 0.64024497824421922 -4.7604497421336758
2.8972465583105871 0.61929485765708037 -4.8488805052368642
2.9016098814405731 0.59787449992440878 -4.975823241026041
2.9059732045705586 0.57582493236905141 -5.1355455876961642
2.9103365277005446 0.55303039202093529 -5.3145318349690873
2.9146998508305302 0.52943508608611056 -5.5016359237058099
2.9190631739605162 0.50501320830860896 -5.6931081200554132
2.9234264970905022 0.479751126330067 -5.8861060383007135
2.9277898202204877 0.4536495724099141 -6.0775024160444993
2.9321531433504737 0.42672837078060344 -6.259645631179179
2.9365164664804593 0.39906140382006683 -6.4159751178015121
2.9408797896104453 0.37079625506009728 -6.532543937883097
2.9452431127404313 0.34211936056874054 -6.6043141924932112
2.9496064358704168 0.31323287638049724 -6.6278631263976475
2.9539697590004028 0.28435635389522163 -6.5991512344603596
2.9583330821303884 0.25572443254356131 -6.5154253544200529
2.9626964052603744 0.22758001570909286 -6.3756819991314551
2.9670597283903604 0.20016874593924414 -6.1791230935989061
2.9714230515203459 0.17374189425831862 -5.9241912589786017
2.9757863746503319 0.14855676074184573 -5.6098989597184401
2.9801496977803179 0.12487421072603978 -5.2351571539127013
2.9845130209103035 0.1029509803682896 -4.8056972662949775
2.9888763440402895 0.082987528442294733 -4.3412151328756536
2.993239667170275 0.065092459898880378 -3.8590435002840247
2.997602990300261 0.049330376518052374 -3.3635639342650645
3.001966313430247 0.035755954338870091 -2.8569962136628755
3.0063296365602326 0.024410315928272686 -2.3422227751395539
3.0106929596902186 0.015318163793863339 -1.8261023753943588
3.0150562828202041 0.0084521319056709687 -1.3254068415412046
3.0194196059501901 0.0037079813306821825 -0.85484371264600356
3.0237829290801761 0.00094193199431064642 -0.41885140652023412
3.0281462522101616 0 -0.019170830409706439
3.0325095753401476 0.00071802209459783176 0.34158562122207908
3.0368728984701332 0.0029261277818973612 0.66468561214583255
3.0412362216001192 0.0064770868468041493 0.95931318112230002
3.0455995447301052 0.011268938944646444 1.2341560901665802
3.0499628678600907 0.017220712340086514 1.4908352274223569
3.0543261909900767 0.024253223988529988 1.7298397962564098
3.0586895141200627 0.032290927086281077 1.9513220033047813
3.0630528372500483 0.041264396221396243 2.1608926726851192
3.0674161603800343 0.051160592882872995 2.3789338375598232
3.0717794835100198 0.062063596693297252 2.6238488285130521
3.0761428066400058 0.074101438886534532 2.8986347020204986
3.0805061297699918 0.087400694443874521 3.2021175580261372
3.0848694528999774 0.10208654949635365 3.5340397916682376
3.0892327760299634 0.11828126528484439 3.8936398130090324
3.0935960991599489 0.13610327613863885 4.2795793897339598
3.0979594222899349 0.15566717424966686 4.6927001913909638
3.1023227454199209 0.1770861289813464 5.1273538482155248
3.1066860685499065 0.19990988945760646 5.2169346831177661
3.1110493916798925 0.22172664709815554 4.6974668197592386
3.115412714809878 0.24062877217235179 3.98943955036275
3.119776037939864 0.25661339162167768 3.331133644577648
3.12413936106985 0.26968246261617229 2.6618719718517028
3.1285026841998356 0.2798417679549392 1.992033614065011
3.1328660073298216 0.28709953876736038 1.345093030940975
3.1372293304598076 0.29146502985038963 0.61916047158524379
3.1415926535897931 0.29294731728255075 0.19890142409019376
3.1459559767197791 0.29441025790389003 0.61022347808324229
3.1503192998497647 0.29871623478899845 1.3266201693200814
3.1546826229797507 0.30587021650910073 1.9625829823148286
3.1590459461097367 0.31587559860184522 2.6209574086877256
3.1634092692397222 0.32873428068844729 3.2737599428482271
3.1677725923697082 0.34444663481315818 3.9280003146035933
3.1721359154996938 0.36301129920886727 4.5813807448796675
3.1764992386296798 0.3844248055883055 5.2334422027082184
3.1808625617596658 0.40868112626424175 5.8851105406702668
3.1852258848896513 0.43577129370074486 6.5293603745483892
3.1895892080196373 0.46568329821509935 7.1892544714942037
3.1939525311496229 0.49840237728883513 7.7755828106192055
3.1983158542796088 0.53283673975071244 7.8797196432592429
3.2026791774095948 0.5663215047118042 7.4032908109105238
3.2070425005395804 0.59720387095964855 6.7626966047411639
3.2114058236695664 0.62534199892751396 6.1254254501628944
3.2157691467995524 0.65059897216049289 5.4473689403933401
3.2201324699295379 0.67284294985764936 4.744346922121343
3.2244957930595239 0.69198424146284676 4.029658551568172
3.2288591161895095 0.70801849166031006 3.3219399201475812
3.2332224393194955 0.72099068395446031 2.6259425693425773
3.2375857624494815 0.73095134261935724 1.9417566683528322
3.241949085579467 0.7379532913984439 1.2696605501755207
3.246312408709453 0.74204995779875449 0.61044682957683094
3.2506757318394386 0.74330637904798691 -0.0309359122938903
3.2550390549694246 0.74181379039363804 -0.6490799272618899
3.2594023780994106 0.7376772558093313 -1.2430444258661526
3.2637657012293961 0.73100017417270302 -1.8136372180791009
3.2681290243593821 0.7218834046973629 -2.3614588335029532
3.2724923474893677 0.71042532846761752 -2.8867493243205642
3.2768556706193537 0.69672677276562933 -3.3879699066433502
3.2812189937493397 0.68089754341426312 -3.8631805922254134
3.2855823168793252 0.66305236117855393 -4.3121276627656346
3.2899456400093112 0.64330493308395587 -4.7350837103903149
3.2943089631392972 0.62176788081029677 -5.1326553095740364
3.2986722862692828 0.59855168277183357 -5.5043633998396615
3.3030356093992688 0.57377965672844178 -5.8441635656878361
3.3073989325292543 0.54760864715715907 -6.1448335730753429
3.3117622556592403 0.52021492114046797 -6.4049015011123656
3.3161255787892263 0.49177293013056367 -6.6253716030016729
3.3204889019192119 0.46245311300620623 -6.8077059645329374
3.3248522250491979 0.43241964742567962 -6.9521157297071516
3.3292155481791834 0.40185083844797664 -7.0508858495941613
3.3335788713091694 0.37096950846686827 -7.0943442259045764
3.3379421944391554 0.3400237022812842 -7.0809447875713909
3.342305517569141 0.3092558360565591 -7.0130722321743253
3.346668840699127 0.2788992708721208 -6.8928296223152019
3.351032163829113 0.24917832571526238 -6.7218627130815438
3.3553954869590985 0.22031560233311892 -6.4988829934968315
3.3597588100890845 0.1925438854996489 -6.221578106219213
3.3641221332190701 0.16610098314351701 -5.8900309913045081
3.3684854563490561 0.14122046920466491 -5.5056796553096996
3.372848779479042 0.11813156822087351 -5.0685906368075075
3.3772121026090276 0.097064076188198817 -4.5796572978339132
3.3815754257390136 0.078228666787855089 -4.0479942811190188
3.3859387488689991 0.061784088432239065 -3.4850983739667378
3.3903020719989851 0.047857968861945273 -2.8929659672706487
3.3946653951289711 0.036585114953283288 -2.2685756978250917
3.3990287182589567 0.028114474573318681 -1.6073579883764011
3.4033920413889427 0.022615984037039665 -0.9064592882672653
3.4077553645189282 0.020242210911133231 -0.17937465524358379
3.4121186876489142 0.021060250173455322 0.55431409609386861
3.4164820107789002 0.025085220307184724 1.2919262532994047
3.4208453339088858 0.032350089685221371 2.040302755559543
3.4252086570388718 0.042915743272894796 2.8062272738177092
3.4295719801688578 0.056871452558610092 3.5944353558165103
3.4339353032988433 0.074303030658895541 4.3963404739012413
3.4382986264288293 0.09523491799120766 5.1969786299850451
3.4426619495588149 0.11964801581915868 5.9926602673562153
3.4470252726888009 0.14752760688793828 6.7861847786697664
3.4513885958187869 0.17886655847354774 7.5782713741063423
3.4557519189487724 0.21365682807290484 8.3678330415338973
3.4601152420787584 0.25188077197412367 9.151271796359886
3.464478565208744 0.29349959219340954 9.9229206781890635
3.46884188833873 0.33844854018675757 10.676658616292643
3.473205211468716 0.3866354134723759 11.40591862587179
3.4775685345987015 0.43793685866171006 12.102795993839424
3.4819318577286875 0.49219319781403653 12.759083849122584
3.4862951808586731 0.54921521028586251 13.370227400511446
3.4906585039886591 0.60880117154480895 13.933743576980028
3.4950218271186451 0.67073231144775614 14.443802714454463
3.4993851502486306 0.73475806504910846 14.892626345704802
3.5037484733786166 0.80059645363829923 15.273698993986402
3.5081117965086026 0.86794027248994943 15.581918389498162
3.5124751196385882 0.93646300672052174 15.813588271240251
3.5168384427685742 1.0058255534511376 15.966664398161569
3.5212017658985597 1.0756837640745083 16.040895940094742
3.5255650890285457 1.1456963501871276 16.037827802713817
3.5299284121585317 1.2155323203273976 15.960577380507392
3.5342917352885173 1.2848774866054844 15.81376313053455
3.5386550584185033 1.3534416026414275 15.603808084620544
3.5430183815484888 1.4209658576106501 15.338476123862495
3.5473817046784748 1.4872257429809497 15.025486706816835
3.5517450278084608 1.5520300774463074 14.672696749962252
3.5561083509384463 1.6152217508144115 14.287298813904547
3.5604716740684323 1.676673731974416 13.876772164988418
3.5648349971984179 1.7363066756591397 13.457474401282852
3.5691983203284039 1.7941313318320182 13.051227152805458
3.5735616434583899 1.8502363529504673 12.669893028458569
3.5779249665883754 1.9047380250826214 12.316761243253307
3.5822882897183614 1.957763712242105 11.993428433700995
3.5866516128483474 2.0094454732686908 11.701063397698203
3.591014935978333 2.0599337683806866 11.44927408777194
3.595378259108319 2.1094409859852461 11.253690438079294
3.5997415822383045 2.1582308633784044 11.120068341100549
3.6041049053682905 2.2065673080549408 11.045176208181513
3.6084682284982765 2.2546983060379309 11.02535472390446
3.6128315516282621 2.302856708163628 11.057119753093041
3.6171948747582481 2.3512615705743114 11.13817643100292
3.6215581978882336 2.4001258147730167 11.267485951608466
3.6259215210182196 2.4496564085505361 11.443187065498735
3.6302848441482056 2.500049276373526 11.662077274954658
3.6346481672781912 2.5514876359990004 11.922498499888432
3.6390114904081772 2.6041509352391032 12.222957045191039
3.6433748135381627 2.6581850770554287 12.545430007898879
3.6477381366681487 2.7136166925647998 12.858433674802439
3.6521014597981347 2.7703586230597996 13.145684401692693
3.6564647829281203 2.8282978410783843 13.407778312924421
3.6608281060581063 2.8873257842280067 13.643898465387544
3.6651914291880923 2.9473226318779364 13.85204586842479
3.6695547523180778 3.0081962614554296 14.052336615275831
3.6739180754480638 3.0699964118296004 14.282885848235789
3.6782813985780494 3.1329083427510334 14.56183094214815
3.6826447217080354 3.1971298043375955 14.880272293831471
3.6870080448380214 3.2628141964438533 15.233765690232923
3.6913713679680069 3.3301149770224003 15.618534537130998
3.6957346910979929 3.3989922774195196 15.921247786401425
3.7000980142279785 3.4686232211747354 15.927728129620791
3.7044613373579645 3.5373848466250557 15.519561272509112
3.7088246604879505 3.6034629381991721 14.702987135201514
3.713187983617936 3.6651055533746089 13.482779624814938
3.717551306747922 3.7205349284317668 11.858665639833639
3.7219146298779076 3.7682687568438862 10.012351733918509
3.7262779530078936 3.8081087858614211 8.3032765412883265
3.7306412761378795 3.8412320858851849 6.9404318604149591
3.7350045992678651 3.8691892079088168 5.930800747375244
3.7393679223978511 3.893497880584059 5.2716785397972155
3.7437312455278371 3.9157131653739756 4.9700020014317401
3.7480945686578226 3.9373204287295827 4.9784781294444462
3.7524578917878086 3.9594691433141804 5.2004798540860113
3.7568212149177942 3.9829289394494309 5.5777045437056723
3.7611845380477802 4.0083588895086253 6.1028153919812063
3.7655478611777662 4.036407360709255 6.7800878868954051
3.7699111843077517 4.067759729125962 7.6178419757204283
3.7742745074377377 4.10289109864142 8.4593952874256999
3.7786378305677233 4.1410787713316903 8.9550369905349729
3.7830011536977093 4.1802254287786758 8.8916254904684635
3.7873644768276953 4.2178648041873412 8.2726483457691042
3.7917277999576808 4.2516210865458701 7.1058195139033238
3.7960911230876668 4.2790510693797073 5.3726507149078211
3.8004544462176524 4.2980087220135443 3.297366433134544
3.8048177693476384 4.3080741452558673 1.392680626857743
3.8091810924776244 4.3108812569951489 -0.017585827600412576
3.8135444156076099 4.308646532412916 -0.92879289629976292
3.8179077387375959 4.3034789839974721 -1.356670606046863
3.8222710618675819 4.2975310970296725 -1.2869350984352435
3.8266343849975675 4.2927846243281493 -0.84848908397758627
3.8309977081275535 4.2902262623455796 -0.34154293492623256
3.835361031257539 4.2896172398051116 0.036927640501122412
3.839724354387525 4.2903510829812213 0.27965272034258043
3.844087677517511 4.2918734323660441 0.39570521625148225
3.8484510006474966 4.2936101993351246 0.37832975890021825
3.8528143237774826 4.2950299368202831 0.26122834705335368
3.8571776469074681 4.2958606435882327 0.12404834567717908
3.8615409700374541 4.2961622506686794 0.0210999254058487
3.8659042931674401 4.2960981359501593 -0.045160327240725044
3.8702676162974257 4.2958176537663126 -0.077385994109730738
3.8746309394274117 4.295474994836475 -0.073735966582683526
3.8789942625573972 4.2952137753997555 -0.042866320475298751
3.8833575856873832 4.2951095850605858 -0.0060360069313799359
3.8877209088173692 4.2951479978400711 0.021785029521789012
3.8920842319473548 4.2952853666743298 0.039754423846580574
3.8964475550773408 4.2954816832516078 0.04862246428560834
3.9008108782073267 4.2956956915295654 0.047874308222786335
3.9051742013373123 4.2958886926335529 0.039719340515398917
3.9095375244672983 4.2960397727027901 0.029821118143849638
3.9139008475972838 4.2961523832419397 0.022296494402826827
3.9182641707272698 4.296238198487015 0.017420424036776058
3.9226274938572558 4.2963079480062794 0.014980262701371004
3.9269908169872414 4.2963726754083167 0.015118045547703803
3.9313541401172274 4.296442808221812 0.01727060919876831
3.9357174632472129 4.2965241269645489 0.019929937330741818
3.9400807863771989 4.2966158216892625 0.02196493928429482
3.9444441095071849 4.2967147716340151 0.02328792489700909
3.9488074326371705 4.2968180988098412 0.023958864742319914
3.9531707557671565 4.2969228471853693 0.023938827083200175
3.957534078897142 4.2970262078225501 0.023371044207096289
3.961897402027128 4.2971265849803153 0.022656785420893475
3.966260725157114 4.2972241640234268 0.022106472173472721
3.9706240482870996 4.2973197787205271 0.021747557194986326
3.9749873714170856 4.2974142011587961 0.021563208735630088
3.9793506945470716 4.2975082225393528 0.02156403379102111
3.9837140176770571 4.2976025993162228 0.021713687563354511
3.9880773408070431 4.2976977714809879 0.021905468357868826
3.9924406639370287 4.2977936980852887 0.02205427425660407
3.9968039870670147 4.2978901565062664 0.022151634495437646
4.0011673101970002 4.2979869395790669 0.02220225200517691
4.0055306333269867 4.2980838355422781 0.022203253607477054
4.0098939564569722 4.2981806407360184 0.022163838926373317
4.0142572795869578 4.298277233979741 0.02211236145963269
4.0186206027169442 4.298373623845114 0.022072127257017092
4.0229839258469298 4.298469869736631 0.022045719749549993
4.0273472489769153 4.2985660272498896 0.022031830435828879
4.0317105721069009 4.2986621530598379 0.022031233193182443
4.0360738952368873 4.2987583019832911 0.022041605562381592
4.0404372183668729 4.2988545073587918 0.022055418572375786
4.0448005414968584 4.2989507675500045 0.022066296239362067
4.0491638646268449 4.2990470667160423 0.022073458184628404
4.0535271877568304 4.2991433899344127 0.022077267018158181
4.057890510886816 4.2992397220373322 0.022077515470503968
4.0622538340168024 4.2993360482741858 0.022074788183780537
4.066617157146788 4.299432359482716 0.022071082954439231
4.0709804802767735 4.2995286559197599 0.022068142318606855
4.0753438034067591 4.2996249418065089 0.022066200117025016
4.0797071265367455 4.2997212211490545 0.022065156247932011
4.0840704496667311 4.2998174980066111 0.022065065910410655
4.0884337727967166 4.2999137763474122 0.022065782380842495
4.092797095926703 4.3000100586869072 0.022066775939869849
4.0971604190566886 4.3001063450061983 0.022067570838885026
4.1015237421866741 4.3002026341812778 0.022068097485548159
4.1058870653166606 4.3002989251364712 0.022068383411518993
4.1102503884466461 4.3003952167854695 0.022068414002278405
4.1146137115766317 4.300491508060996 0.022068225958094871
4.1189770347066181 4.3005877982731286 0.022067959627946276
4.1233403578366037 4.300684087413214 0.02206774477153569
4.1277036809665892 4.3007803757803167 0.022067601978219414
4.1320670040965748 4.3008766636633213 0.022067523702897964
4.1364303272265612 4.3009729513529367 0.022067513791462583
4.1407936503565468 4.3010692391361438 0.022067563096816418
4.1451569734865323 4.301165527201988 0.022067634462736182
4.1495202966165188 4.3012618155565558 0.022067692532395163
4.1538836197465043 4.3013581041203395 0.022067731245798739
4.1582469428764899 4.3014543928157423 0.022067752663365185
4.1626102660064763 4.3015506815649669 0.022067755779519301
4.1669735891364619 4.3016469702908662 0.022067742865181317
4.1713369122664474 4.3017432589416869 0.022067723748819195
4.1757002353964339 4.3018395475147635 0.022067708055482391
4.1800635585264194 4.3019358360312161 0.022067697560510462
4.184426881656405 4.3020321245118911 0.02206769170305925
4.1887902047863905 4.3021284129776083 0.022067690744733626
4.193153527916377 4.3022247014491031 0.022067694123624897
4.1975168510463625 4.3023209899405286 0.022067699242127255
4.2018801741763481 4.302417278452884 0.022067703482952311
4.2062434973063345 4.3025135669805641 0.022067706327932073
4.2106068204363201 4.3026098555179679 0.02206770792920458
4.2149701435663056 4.3027061440595231 0.022067708218980301
4.2193334666962921 4.3028024325996572 0.02206770733578025
4.2236967898262776 4.3028987211345031 0.022067705965830013
4.2280601129562632 4.3029950096637162 0.022067704820089205
4.2324234360862487 4.3030912981887823 0.022067704048953862
4.2367867592162352 4.3031875867112062 0.022067703611287848
4.2411500823462207 4.3032838752324789 0.022067703524930631
4.2455134054762063 4.3033801637540989 0.02206770375538579
4.2498767286061927 4.3034764522771196 0.022067704121700567
4.2542400517361783 4.3035727408016564 0.022067704431415092
4.2586033748661638 4.3036690293273159 0.022067704640545853
4.2629666979961502 4.3037653178536939 0.022067704760206461
4.2673300211261358 4.3038616063803907 0.022067704785691752
4.2716933442561213 4.3039578949070032 0.022067704725319399
4.2760566673861078 4.3040541834332435 0.022067704627427468
4.2804199905160933 4.3041504719590771 0.022067704543813026
4.2847833136460789 4.304246760484606 0.022067704487032328
4.2891466367760644 4.3043430490099404 0.022067704454575003
4.2935099599060509 4.3044393375351868 0.022067704446979572
4.2978732830360364 4.3045356260604528 0.022067704462797322
4.302236606166022 4.3046319145858183 0.022067704488964522
4.3065999292960084 4.3047282031112921 0.022067704511360448
4.310963252425994 4.3048244916368485 0.022067704526902848
4.3153265755559795 4.3049207801624583 0.022067704535782759
4.319689898685966 4.305017068688092 0.022067704537835235
4.3240532218159515 4.3051133572137203 0.022067704533569418
4.3284165449459371 4.3052096457393221 0.022067704526609694
4.3327798680759235 4.3053059342648954 0.022067704520839598
4.3371431912059091 4.3054022227904474 0.022067704516682406
4.3415065143358946 4.3054985113159843 0.022067704514057405
4.3458698374658802 4.3055947998415141 0.022067704513447948
4.3502331605958666 4.3056910883670456 0.022067704514833288
4.3545964837258522 4.3057873768925852 0.022067704516618731
4.3589598068558377 4.3058836654181309 0.022067704517875753
4.3633231299858242 4.305979953943682 0.022067704518987402
4.3676864531158097 4.3060762424692376 0.022067704520001119
4.3720497762457953 4.3061725309947967 0.02206770452034407
4.3764130993757817 4.3062688195203549 0.02206770451977708
4.3807764225057673 4.3063651080459104 0.022067704519259435
4.3851397456357528 4.3064613965714642 0.022067704518857131
4.3895030687657384 4.3065576850970162 0.022067704518541339
4.3938663918957248 4.3066539736225673 0.022067704518361316
4.3982297150257104 4.3067502621481175 0.022067704518175881
4.4025930381556959 4.3068465506736677 0.022067704518500444
4.4069563612856824 4.3069428391992197 0.022067704518595483
4.4113196844156679 4.3070391277247708 0.022067704518501447
4.4156830075456535 4.3071354162503228 0.022067704518796027
4.4200463306756399 4.3072317047758757 0.022067704518919592
4.4244096538056255 4.3073279933014286 0.022067704518741418
4.428772976935611 4.3074242818269806 0.022067704518733352
4.4331363000655974 4.3075205703525334 0.02206770451893033
4.437499623195583 4.3076168588780863 0.022067704518761142
4.4418629463255686 4.3077131474036383 0.022067704518643733
4.4462262694555541 4.3078094359291903 0.022067704518671898
4.4505895925855405 4.3079057244547423 0.022067704518663151
4.4549529157155261 4.3080020129802943 0.022067704518669986
4.4593162388455116 4.3080983015058463 0.022067704518664862
4.4636795619754981 4.3081945900313983 0.022067704518665035
4.4680428851054836 4.3082908785569503 0.022067704518669483
4.4724062082354692 4.3083871670825022 0.02206770451866499
4.4767695313654556 4.3084834556080542 0.022067704518665042
4.4811328544954412 4.3085797441336062 0.02206770451866933
4.4854961776254267 4.3086760326591582 0.02206770451866559
4.4898595007554132 4.3087723211847102 0.022067704518662773
4.4942228238853987 4.3088686097102622 0.022067704518677806
4.4985861470153843 4.3089648982358142 0.022067704518633963
4.5029494701453698 4.3090611867613662 0.022067704518794303
4.5073127932753563 4.3091574752869191 0.02206770451879397
4.5116761164053418 4.309253763812471 0.022067704518634979
4.5160394395353274 4.309350052338023 0.022067704518674073
4.5204027626653138 4.309446340863575 0.022067704518663196
4.5247660857952994 4.309542629389127 0.022067704518667623
4.5291294089252849 4.309638917914679 0.022067704518674264
4.5334927320552714 4.309735206440231 0.022067704518629799
4.5378560551852569 4.309831494965783 0.022067704518801027
4.5422193783152425 4.3099277834913359 0.022067704518784717
4.5465827014452289 4.3100240720168879 0.022067704518665243
4.5509460245752145 4.3101203605424399 0.022067704518548802
4.5553093477052 4.310216649067991 0.022067704518536846
4.5596726708351856 4.3103129375935429 0.022067704518701117
4.564035993965172 4.3104092261190949 0.02206770451865317
4.5683993170951576 4.3105055146446469 0.022067704518680689
4.5727626402251431 4.3106018031701989 0.02206770451863203
4.5771259633551296 4.3106980916957509 0.022067704518785668
4.5814892864851151 4.3107943802213038 0.022067704518830437
4.5858526096151007 4.3108906687468558 0.0220677045185112
4.5902159327450871 4.3109869572724069 0.022067704518508584
4.5945792558750727 4.3110832457979589 0.022067704518838285
4.5989425790050582 4.3111795343235118 0.022067704518756896
4.6033059021350438 4.3112758228490637 0.02206770451875276
4.6076692252650302 4.3113721113746166 0.022067704518837206
4.6120325483950158 4.3114683999001686 0.02206770451850356
4.6163958715250013 4.3115646884257197 0.022067704518545846
4.6207591946549877 4.3116609769512717 0.022067704518696885
4.6251225177849733 4.3117572654768237 0.022067704518661101
4.6294858409149588 4.3118535540023757 0.022067704518666669
4.6338491640449453 4.3119498425279277 0.022067704518666683
4.6382124871749308 4.3120461310534797 0.022067704518661076
4.6425758103049164 4.3121424195790317 0.022067704518696968
4.6469391334349028 4.3122387081045837 0.022067704518545526
4.6513024565648884 4.3123349966301348 0.022067704518504733
4.6556657796948739 4.3124312851556867 0.022067704518832835
4.6600291028248595 4.3125275736812396 0.022067704518782552
4.6643924259548459 4.3126238622067916 0.022067704518642099
4.6687557490848315 4.3127201507323436 0.022067704518643531
4.673119072214817 4.3128164392578956 0.022067704518791736
4.6774823953448035 4.3129127277834485 0.022067704518794664
4.681845718474789 4.3130090163090005 0.022067704518634747
4.6862090416047746 4.3131053048345525 0.022067704518674309
4.690572364734761 4.3132015933601044 0.022067704518662502
4.6949356878647466 4.3132978818856564 0.022067704518670177
4.6992990109947321 4.3133941704112084 0.022067704518664751
4.7036623341247186 4.3134904589367604 0.022067704518665292
4.7080256572547041 4.3135867474623124 0.022067704518668574
4.7123889803846897 4.3136830359878644 0.022067704518668369
4.7167523035146752 4.3137793245134164 0.022067704518665913
4.7211156266446617 4.3138756130389684 0.022067704518662454
4.7254789497746472 4.3139719015645204 0.022067704518678771
4.7298422729046328 4.3140681900900724 0.022067704518630413
4.7342055960346192 4.3141644786156244 0.022067704518794043
4.7385689191646048 4.3142607671411772 0.022067704518798557
4.7429322422945903 4.3143570556667292 0.022067704518630351
4.7472955654245768 4.3144533441922812 0.022067704518674517
4.7516588885545623 4.3145496327178332 0.022067704518666065
4.7560222116845479 4.3146459212433852 0.022067704518669171
4.7603855348145334 4.3147422097689372 0.022067704518665205
4.7647488579445199 4.3148384982944892 0.02206770451866448
4.7691121810745054 4.3149347868200412 0.022067704518671363
4.773475504204491 4.3150310753455932 0.022067704518658023
4.7778388273344774 4.3151273638711451 0.022067704518691028
4.782202150464463 4.3152236523966971 0.022067704518572345
4.7865654735944485 4.3153199409222482 0.022067704518416872
4.7909287967244349 4.3154162294477993 0.0220677045185333
4.7952921198544205 4.3155125179733513 0.022067704518833751
4.7996554429844061 4.3156088064989042 0.022067704518750311
4.8040187661143925 4.3157050950244562 0.022067704518770142
4.808382089244378 4.3158013835500091 0.022067704518774257
4.8127454123743636 4.3158976720755611 0.022067704518751442
4.8171087355043491 4.315993960601114 0.022067704518838608
4.8214720586343356 4.3160902491266659 0.022067704518499272
4.8258353817643211 4.316186537652217 0.022067704518548129
4.8301987048943067 4.316282826177769 0.022067704518705496
4.8345620280242931 4.316379114703321 0.022067704518624356
4.8389253511542787 4.316475403228873 0.022067704518791562
4.8432886742842642 4.3165716917544259 0.022067704518828012
4.8476519974142507 4.3166679802799779 0.02206770451850153
4.8520153205442362 4.316764268805529 0.022067704518549679
4.8563786436742218 4.316860557331081 0.022067704518697041
4.8607419668042082 4.316956845856633 0.022067704518656635
4.8651052899341938 4.317053134382185 0.022067704518670891
4.8694686130641793 4.317149422907737 0.022067704518667748
4.8738319361941649 4.3172457114332889 0.022067704518666083
4.8781952593241513 4.3173419999588409 0.022067704518662405
4.8825585824541369 4.3174382884843929 0.022067704518678784
4.8869219055841224 4.3175345770099449 0.02206770451863041
4.8912852287141089 4.3176308655354969 0.02206770451879405
4.8956485518440944 4.3177271540610498 0.022067704518798553
4.90001187497408 4.3178234425866018 0.022067704518630354
4.9043751981040664 4.3179197311121538 0.022067704518674507
4.908738521234052 4.3180160196377058 0.022067704518666104
4.9131018443640375 4.3181123081632578 0.022067704518669028
4.9174651674940231 4.3182085966888097 0.02206770451866575
4.9218284906240095 4.3183048852143617 0.022067704518662454
4.9261918137539951 4.3184011737399137 0.022067704518678937
4.9305551368839806 4.3184974622654657 0.022067704518629751
4.9349184600139671 4.3185937507910177 0.022067704518796531
4.9392817831439526 4.3186900393165706 0.022067704518789272
4.9436451062739382 4.3187863278421226 0.022067704518665
4.9480084294039246 4.3188826163676746 0.022067704518545207
4.9523717525339102 4.3189789048932257 0.02206770451853798
4.9567350756638957 4.3190751934187777 0.02206770451870016
4.9610983987938821 4.3191714819443296 0.022067704518655858
4.9654617219238677 4.3192677704698816 0.022067704518670891
4.9698250450538533 4.3193640589954336 0.022067704518668522
4.9741883681838388 4.3194603475209856 0.022067704518662992
4.9785516913138252 4.3195566360465376 0.022067704518673983
4.9829150144438108 4.3196529245720896 0.022067704518635559
4.9872783375737963 4.3197492130976416 0.022067704518791736
4.9916416607037828 4.3198455016231945 0.022067704518802651
4.9960049838337683 4.3199417901487465 0.022067704518602814
5.0003683069637539 4.3200380786742985 0.02206770451879405
5.0047316300937403 4.3201343671998513 0.022067704518826139
5.0090949532237259 4.3202306557254033 0.022067704518506547
5.0134582763537114 4.3203269442509544 0.022067704518544964
5.0178215994836979 4.3204232327765064 0.022067704518697398
5.0221849226136834 4.3205195213020584 0.022067704518659928
5.026548245743669 4.3206158098276104 0.02206770451867085
5.0309115688736545 4.3207120983531624 0.022067704518664633
5.035274892003641 4.3208083868787144 0.022067704518665087
5.0396382151336265 4.3209046754042664 0.022067704518669511
5.0440015382636121 4.3210009639298184 0.022067704518664827
5.0483648613935985 4.3210972524553704 0.02206770451866566
5.0527281845235841 4.3211935409809223 0.022067704518667026
5.0570915076535696 4.3212898295064743 0.022067704518674194
5.0614548307835561 4.3213861180320263 0.022067704518630674
5.0658181539135416 4.3214824065575783 0.022067704518797592
5.0701814770435272 4.3215786950831312 0.022067704518797592
5.0745448001735127 4.3216749836086832 0.022067704518630681
5.0789081233034992 4.3217712721342352 0.022067704518674149
5.0832714464334847 4.3218675606597872 0.022067704518667203
5.0876347695634703 4.3219638491853392 0.02206770451866499
5.0919980926934567 4.3220601377108911 0.022067704518667308
5.0963614158234423 4.3221564262364431 0.022067704518660275
5.1007247389534278 4.3222527147619951 0.022067704518699553
5.1050880620834143 4.3223490032875471 0.022067704518535996
5.1094513852133998 4.3224452918130982 0.022067704518540281
5.1138147083433854 4.3225415803386502 0.02206770451870017
5.1181780314733718 4.3226378688642022 0.022067704518653506
5.1225413546033574 4.3227341573897542 0.02206770451868029
5.1269046777333429 4.3228304459153062 0.022067704518633297
5.1312680008633285 4.3229267344408582 0.02206770451879448
5.1356313239933149 4.3230230229664111 0.022067704518793935
5.1399946471233005 4.323119311491963 0.022067704518634941
5.144357970253286 4.323215600017515 0.02206770451867425
5.1487212933832724 4.323311888543067 0.02206770451866253
5.153084616513258 4.323408177068619 0.022067704518670121
5.1574479396432436 4.323504465594171 0.022067704518664952
5.16181126277323 4.323600754119723 0.022067704518664556
5.1661745859032155 4.323697042645275 0.022067704518671301
5.1705379090332011 4.323793331170827 0.022067704518658193
5.1749012321631875 4.323889619696379 0.02206770451869039
5.1792645552931731 4.323985908221931 0.022067704518574736
5.1836278784231586 4.3240821967474821 0.022067704518407963
5.1879912015531442 4.3241784852730332 0.022067704518580044
5.1923545246831306 4.3242747737985852 0.022067704518655664
5.1967178478131162 4.3243710623241371 0.022067704518791774
5.2010811709431017 4.32446735084969 0.022067704518795847
5.2054444940730882 4.324563639375242 0.022067704518629976
5.2098078172030737 4.324659927900794 0.022067704518678722
5.2141711403330593 4.324756216426346 0.022067704518663089
5.2185344634630457 4.324852504951898 0.022067704518663397
5.2228977865930313 4.32494879347745 0.022067704518677799
5.2272611097230168 4.325045082003002 0.022067704518633352
5.2316244328530024 4.325141370528554 0.022067704518796756
5.2359877559829888 4.3252376590541068 0.022067704518784766
5.2403510791129744 4.3253339475796588 0.022067704518669323
5.2447144022429599 4.3254302361052108 0.022067704518545884
5.2490777253729464 4.3255265246307619 0.022067704518530941
5.2534410485029319 4.3256228131563139 0.02206770451871418
5.2578043716329175 4.3257191016818659 0.022067704518620296
5.2621676947629039 4.3258153902074179 0.022067704518799105
5.2665310178928895 4.3259116787329708 0.022067704518788436
5.270894341022875 4.3260079672585228 0.022067704518665774
5.2752576641528615 4.3261042557840748 0.022067704518542942
5.279620987282847 4.3262005443096259 0.022067704518546283
5.2839843104128326 4.3262968328351779 0.022067704518669209
5.2883476335428181 4.3263931213607298 0.022067704518784856
5.2927109566728046 4.3264894098862827 0.022067704518796517
5.2970742798027901 4.3265856984118347 0.022067704518634237
5.3014376029327757 4.3266819869373867 0.022067704518674486
5.3058009260627621 4.3267782754629387 0.022067704518662294
5.3101642491927477 4.3268745639884907 0.022067704518670829
5.3145275723227332 4.3269708525140427 0.022067704518662336
5.3188908954527196 4.3270671410395947 0.022067704518674305
5.3232542185827052 4.3271634295651467 0.02206770451863492
5.3276175417126908 4.3272597180906986 0.022067704518793977
5.3319808648426772 4.3273560066162515 0.022067704518794307
5.3363441879726627 4.3274522951418035 0.022067704518633945
5.3407075111026483 4.3275485836673555 0.022067704518677855
5.3450708342326338 4.3276448721929075 0.022067704518662589
5.3494341573626203 4.3277411607184595 0.022067704518666263
5.3537974804926058 4.3278374492440115 0.022067704518666846
5.3581608036225914 4.3279337377695635 0.022067704518674309
5.3625241267525778 4.3280300262951155 0.022067704518630393
5.3668874498825634 4.3281263148206675 0.022067704518798605
5.3712507730125489 4.3282226033462203 0.0220677045187938
5.3756140961425354 4.3283188918717723 0.02206770451863134
5.3799774192725209 4.3284151803973243 0.022067704518675329
5.3843407424025065 4.3285114689228763 0.022067704518675294
5.388704065532492 4.3286077574484283 0.022067704518631468
5.3930673886624785 4.3287040459739803 0.022067704518793314
5.397430711792464 4.3288003344995332 0.022067704518800423
5.4017940349224496 4.3288966230250852 0.022067704518623617
5.406157358052436 4.3289929115506371 0.022067704518699584
5.4105206811824216 4.3290892000761891 0.022067704518572536
5.4148840043124071 4.3291854886017402 0.022067704518407564
5.4192473274423936 4.3292817771272913 0.022067704518570347
5.4236106505723791 4.3293780656528433 0.022067704518694876
5.4279739737023647 4.3294743541783953 0.022067704518658117
5.4323372968323511 4.3295706427039473 0.022067704518667124
5.4367006199623367 4.3296669312294993 0.022067704518667873
5.4410639430923222 4.3297632197550513 0.022067704518669341
5.4454272662223078 4.3298595082806033 0.022067704518662731
5.4497905893522942 4.3299557968061553 0.022067704518674208
5.4541539124822798 4.3300520853317073 0.022067704518634927
5.4585172356122653 4.3301483738572593 0.022067704518794043
5.4628805587422518 4.3302446623828121 0.02206770451879405
5.4672438818722373 4.3303409509083641 0.02206770451863491
5.4716072050022229 4.3304372394339161 0.022067704518674264
5.4759705281322093 4.3305335279594681 0.022067704518662513
5.4803338512621949 4.3306298164850201 0.022067704518670173
5.4846971743921804 4.3307261050105721 0.022067704518664754
5.4890604975221668 4.3308223935361241 0.022067704518665302
5.4934238206521524 4.3309186820616761 0.022067704518668515
5.497787143782138 4.3310149705872281 0.022067704518668595
5.5021504669121235 4.3311112591127801 0.02206770451866507
5.5065137900421099 4.331207547638332 0.022067704518665601
5.5108771131720955 4.331303836163884 0.022067704518667023
5.5152404363020811 4.331400124689436 0.02206770451867426
5.5196037594320675 4.331496413214988 0.022067704518630413
5.523967082562053 4.33159270174054 0.02206770451879856
5.5283304056920386 4.3316889902660929 0.022067704518793977
5.532693728822025 4.3317852787916449 0.022067704518630677
5.5370570519520106 4.3318815673171969 0.022067704518677806
5.5414203750819961 4.3319778558427489 0.022067704518666059
5.5457836982119817 4.3320741443683008 0.02206770451866593
5.5501470213419681 4.3321704328938528 0.022067704518664705
5.5545103444719537 4.3322667214194048 0.022067704518669736
5.5588736676019392 4.3323630099449568 0.022067704518664299
5.5632369907319257 4.3324592984705088 0.022067704518667533
5.5676003138619112 4.3325555869960608 0.022067704518660046
5.5719636369918968 4.3326518755216128 0.022067704518700229
5.5763269601218832 4.3327481640471648 0.022067704518533505
5.5806902832518688 4.3328444525727159 0.022067704518549561
5.5850536063818543 4.3329407410982679 0.022067704518665548
5.5894169295118408 4.3330370296238199 0.022067704518782722
5.5937802526418263 4.3331333181493727 0.022067704518808715
5.5981435757718119 4.3332296066749247 0.022067704518601027
5.6025068989017974 4.3333258952004767 0.022067704518795139
5.6068702220317839 4.3334221837260296 0.022067704518823561
5.6112335451617694 4.3335184722515816 0.022067704518515772
5.615596868291755 4.3336147607771327 0.022067704518510627
5.6199601914217414 4.3337110493026847 0.022067704518825532
5.624323514551727 4.3338073378282376 0.022067704518792398
5.6286868376817125 4.3339036263537896 0.022067704518623506
5.633050160811699 4.3339999148793416 0.022067704518708042
5.6374134839416845 4.3340962034048935 0.022067704518538806
5.6417768070716701 4.3341924919304446 0.022067704518534029
5.6461401302016565 4.3342887804559966 0.022067704518708885
5.6505034533316421 4.3343850689815486 0.022067704518624907
5.6548667764616276 4.3344813575071006 0.022067704518799445
5.6592300995916132 4.3345776460326535 0.022067704518795944
5.6635934227215996 4.3346739345582055 0.022067704518621927
5.6679567458515852 4.3347702230837575 0.022067704518710825
5.6723200689815707 4.3348665116093095 0.022067704518542737
5.6766833921115571 4.3349628001348606 0.022067704518502033
5.6810467152415427 4.3350590886604126 0.022067704518832935
5.6854100383715283 4.3351553771859654 0.022067704518784835
5.6897733615015147 4.3352516657115174 0.02206770451863287
5.6941366846315002 4.3353479542370694 0.022067704518678156
5.6985000077614858 4.3354442427626214 0.022067704518662447
5.7028633308914722 4.3355405312881734 0.022067704518666537
5.7072266540214578 4.3356368198137254 0.022067704518665892
5.7115899771514433 4.3357331083392774 0.022067704518677851
5.7159533002814289 4.3358293968648294 0.02206770451863066
5.7203166234114153 4.3359256853903814 0.02206770451879398
5.7246799465414009 4.3360219739159342 0.02206770451879856
5.7290432696713864 4.3361182624414862 0.022067704518630403
5.7334065928013729 4.3362145509670382 0.022067704518674309
5.7377699159313584 4.3363108394925902 0.022067704518666846
5.742133239061344 4.3364071280181422 0.02206770451866626
5.7464965621913304 4.3365034165436942 0.022067704518662589
5.750859885321316 4.3365997050692462 0.022067704518677858
5.7552232084513015 4.3366959935947982 0.022067704518633935
5.7595865315812871 4.3367922821203502 0.022067704518794352
5.7639498547112735 4.3368885706459031 0.022067704518793804
5.7683131778412591 4.336984859171455 0.022067704518635593
5.7726765009712446 4.337081147697007 0.022067704518671769
5.7770398241012311 4.337177436222559 0.02206770451867179
5.7814031472312166 4.337273724748111 0.022067704518635541
5.7857664703612022 4.337370013273663 0.022067704518794001
5.7901297934911886 4.3374663017992159 0.022067704518793602
5.7944931166211742 4.3375625903247679 0.022067704518636738
5.7988564397511597 4.3376588788503199 0.022067704518667412
5.8032197628811462 4.3377551673758719 0.022067704518688086
5.8075830860111317 4.3378514559014238 0.022067704518574732
5.8119464091411173 4.3379477444269749 0.022067704518410263
5.8163097322711028 4.3380440329525261 0.022067704518570833
5.8206730554010893 4.338140321478078 0.02206770451869022
5.8250363785310748 4.33823661000363 0.022067704518662776
5.8293997016610604 4.338332898529182 0.022067704518666631
5.8337630247910468 4.338429187054734 0.02206770451866517
5.8381263479210324 4.338525475580286 0.022067704518667179
5.8424896710510179 4.338621764105838 0.022067704518674063
5.8468529941810043 4.33871805263139 0.022067704518631045
5.8512163173109899 4.338814341156942 0.022067704518796253
5.8555796404409755 4.3389106296824949 0.022067704518802574
5.8599429635709619 4.3390069182080468 0.022067704518598592
5.8643062867009474 4.3391032067335988 0.02206770451879754
5.868669609830933 4.3391994952591517 0.022067704518829865
5.8730329329609186 4.3392957837847037 0.022067704518501621
5.877396256090905 4.3393920723102548 0.022067704518547452
5.8817595792208905 4.3394883608358068 0.022067704518692392
5.8861229023508761 4.3395846493613588 0.022067704518690945
5.8904862254808625 4.3396809378869108 0.022067704518538303
5.8948495486108481 4.3397772264124619 0.02206770451853966
5.8992128717408336 4.3398735149380139 0.02206770451870034
5.9035761948708201 4.3399698034635659 0.022067704518653461
5.9079395180008056 4.3400660919891179 0.022067704518680301
5.9123028411307912 4.3401623805146698 0.022067704518633297
5.9166661642607767 4.3402586690402218 0.02206770451879448
5.9210294873907632 4.3403549575657747 0.022067704518793935
5.9253928105207487 4.3404512460913267 0.022067704518634941
5.9297561336507343 4.3405475346168787 0.02206770451867425
5.9341194567807207 4.3406438231424307 0.022067704518662523
5.9384827799107063 4.3407401116679827 0.022067704518670149
5.9428461030406918 4.3408364001935347 0.022067704518664834
5.9472094261706783 4.3409326887190867 0.022067704518664997
5.9515727493006638 4.3410289772446387 0.02206770451866966
5.9559360724306494 4.3411252657701906 0.022067704518664313
5.9602993955606358 4.3412215542957426 0.022067704518667561
5.9646627186906214 4.3413178428212946 0.022067704518659938
5.9690260418206069 4.3414141313468466 0.022067704518700638
5.9733893649505925 4.3415104198723986 0.022067704518545467
5.9777526880805789 4.3416067083979497 0.022067704518501305
5.9821160112105645 4.3417029969235017 0.022067704518833123
5.98647933434055 4.3417992854490546 0.022067704518784825
5.9908426574705365 4.3418955739746066 0.022067704518632724
5.995205980600522 4.3419918625001586 0.022067704518678757
5.9995693037305076 4.3420881510257106 0.022067704518660209
6.003932626860494 4.3421844395512625 0.022067704518674888
6.0082959499904796 4.3422807280768145 0.022067704518634712
6.0126592731204651 4.3423770166023665 0.022067704518794206
6.0170225962504515 4.3424733051279194 0.022067704518793613
6.0213859193804371 4.3425695936534714 0.022067704518636495
6.0257492425104227 4.3426658821790234 0.022067704518668366
6.0301125656404082 4.3427621707045754 0.022067704518698012
6.0344758887703946 4.3428584592301274 0.022067704518534067
6.0388392119003802 4.3429547477556785 0.022067704518549548
6.0432025350303658 4.3430510362812305 0.022067704518665042
6.0475658581603522 4.3431473248067824 0.022067704518784762
6.0519291812903377 4.3432436133323353 0.022067704518801044
6.0562925044203233 4.3433399018578873 0.022067704518629681
6.0606558275503097 4.3434361903834393 0.022067704518674697
6.0650191506802953 4.3435324789089913 0.02206770451866601
6.0693824738102808 4.3436287674345433 0.022067704518669223
6.0737457969402664 4.3437250559600953 0.022067704518665066
6.0781091200702528 4.3438213444856473 0.022067704518664983
6.0824724432002384 4.3439176330111993 0.02206770451866949
6.0868357663302239 4.3440139215367513 0.022067704518665014
6.0911990894602104 4.3441102100623032 0.022067704518664931
6.0955624125901959 4.3442064985878552 0.022067704518669743
6.0999257357201815 4.3443027871134072 0.02206770451866406
6.1042890588501679 4.3443990756389592 0.022067704518668494
6.1086523819801535 4.3444953641645112 0.022067704518656441
6.113015705110139 4.3445916526900632 0.022067704518713697
6.1173790282401255 4.3446879412156161 0.022067704519093911
6.121742351370111 4.3447842297411681 0.022067704517515805
6.1261056745000966 4.3448805182667192 0.022067704522240158
6.1304689976300821 4.3449768067922729 0.022067704506142198
6.1348323207600686 4.3450730953178178 0.022067704561521521
6.1391956438900541 4.3451693838433956 0.022067704372590199
6.1435589670200397 4.345265672368849 0.022067705010050981
6.1479222901500261 4.3453619608947696 0.022067702884842971
6.1522856132800117 4.3454582494189484 0.022067709871907794
6.1566489364099972 4.3455545379496234 0.022067687317767766
6.1610122595399837 4.3456508264560547 0.02206775834491161
6.1653755826699692 4.3457471150529701 0.022067542333983746
6.1697389057999548 4.3458434033121929 0.022068165382536864
6.1741022289299412 4.3459396928316973 0.022066523524789779
6.1784655520599268 4.3460359776477677 0.022070100569995612
6.1828288751899123 4.3461322800172937 0.022066269270910085
6.1871921983198979 4.3462285168764323 0.022045044664588072
6.1915555214498843 4.3463247346651359 0.022075620899170128
6.1959188445798699 4.3464209206040163 0.021939530376502901
6.2002821677098554 4.3465169479908878 0.022322405575927223
6.2046454908398418 4.3466164990443819 0.023240677680148335
6.2090088139698274 4.3467204601935787 0.024639567226655435
6.213372137099813 4.3468340264093834 0.027761852731546667
6.2177354602297994 4.3469671262614593 0.033908117510897222
6.2220987833597849 4.3471378383069812 0.045491351203409212
6.2264621064897705 4.3473773145758878 0.066151188343553644
6.2308254296197561 4.3477355957373565 0.10089163061945761
6.2351887527497425 4.3482880684005485 0.15647049312001618
6.239552075879728 4.3491405162847014 0.23917861186938968
6.2439153990097136 4.3504303559932049 0.35974351015198336
6.2482787221397 4.3523210771223955 0.50863989733606785
6.2526420452696856 4.3549874886961346 0.73895054721067965
6.2570053683996711 4.3585911794657974 0.84656273052572406
6.2613686915296576 4.3632485859276029 1.5547105968102337
6.2657320146596431 4.3689974634341002 0.089428703814086852
6.2700953377896287 4.3757701002662523 6.6967336845398489
6.2744586609196151 4.3833819441514725 -16.986323014862755
6.2788219840496007 4.3915416555305518 72.092281010924467
6.2831853071795862 4.8829287725297448 72.080298193838871
