# q  U_kJmol  dU_dq   # conservative spline pchip_hermite_v1
0 4.9282645034983918 77.13029797121996
0.0043633231299858239 4.9275742811385141 -20.702938477984908
0.0087266462599716477 4.9283356572628874 5.7303776655443741
0.013089969389957472 4.9283616648719786 -1.6772070067754026
0.017453292519943295 4.9273786610243757 0.3204682158378912
0.021816615649929118 4.9277632583191409 -0.016099895503042957
0.026179938779914945 4.9277814079922404 0.020839783818331133
0.030543261909900768 4.9278977470096335 0.025208372519321658
0.034906585039886591 4.9279877762715181 0.020215103240232388
0.039269908169872414 4.9280848552111429 0.022577337625058511
0.043633231299858237 4.9281800451953117 0.021669920638315476
0.04799655442984406 4.9282757413235689 0.021986603137723826
0.05235987755982989 4.9283713018309268 0.021882043106143837
0.056723200689815713 4.9284668986777938 0.021915339877329808
0.061086523819801536 4.9285624857875181 0.021905003264094041
0.065449846949787352 4.9286580755063039 0.021908152038200804
0.069813170079773182 4.9287536645259937 0.021907206750568523
0.074176493209759012 4.9288492537330049 0.021907487256679396
0.078539816339744828 4.9289448428898233 0.021907404802501126
0.082903139469730658 4.9290404320600913 0.02190742885044094
0.087266462599716474 4.929136021226757 0.021907421883319438
0.091629785729702304 4.9292316103943872 0.021907423890186132
0.09599310885968812 4.929327199561758 0.021907423314710055
0.10035643198967395 4.9294227887291981 0.02190742347906505
0.10471975511965978 4.9295183778966205 0.021907423432539579
0.1090830782496456 4.9296139670640482 0.021907423445737345
0.11344640137963143 4.9297095562314741 0.021907423441914445
0.11780972450961724 4.9298051453989 0.021907423442786945
0.12217304763960307 4.929900734566325 0.021907423442509174
0.1265363707695889 4.929996323733751 0.021907423442747549
0.1308996938995747 4.9300919129011769 0.021907423442682893
0.13526301702956053 4.9301875020686028 0.021907423442703137
0.13962634015954636 4.9302830912360287 0.021907423442686397
0.14398966328953219 4.9303786804034546 0.021907423442733116
0.14835298641951802 4.9304742695708805 0.021907423442562978
0.15271630954950383 4.9305698587383056 0.021907423442586556
0.15707963267948966 4.9306654479057315 0.021907423442662371
0.16144295580947549 4.9307610370731574 0.02190742344294579
0.16580627893946132 4.9308566262405851 0.021907423442957642
0.17016960206944712 4.930952215408011 0.021907423442627239
0.17453292519943295 4.9310478045754369 0.021907423442715655
0.17889624832941878 4.9311433937428628 0.021907423442691972
0.18325957145940461 4.9312389829102887 0.02190742344269829
0.18762289458939044 4.9313345720777146 0.021907423442696701
0.19198621771937624 4.9314301612451406 0.021907423442697159
0.19634954084936207 4.9315257504125665 0.02190742344269692
0.2007128639793479 4.9316213395799924 0.021907423442696992
0.20507618710933373 4.9317169287474183 0.021907423442696951
0.20943951023931956 4.9318125179148442 0.021907423442697048
0.21380283336930536 4.9319081070822701 0.021907423442697107
0.21816615649929119 4.932003696249696 0.021907423442696774
0.22252947962927702 4.9320992854171219 0.021907423442697624
0.22689280275926285 4.9321948745845479 0.021907423442694578
0.23125612588924865 4.9322904637519738 0.021907423442706329
0.23561944901923448 4.9323860529193997 0.021907423442662367
0.23998277214922031 4.9324816420868256 0.021907423442826032
0.24434609527920614 4.9325772312542524 0.021907423442826014
0.24870941840919197 4.9326728204216783 0.021907423442662406
0.2530727415391778 4.9327684095891042 0.0219074234427062
0.25743606466916363 4.9328639987565301 0.021907423442694619
0.26179938779914941 4.9329595879239561 0.021907423442697992
0.26616271092913524 4.933055177091382 0.021907423442696083
0.27052603405912107 4.9331507662588079 0.021907423442699518
0.2748893571891069 4.9332463554262338 0.021907423442687691
0.27925268031909273 4.9333419445936597 0.021907423442731555
0.28361600344907856 4.9334375337610856 0.021907423442567922
0.28797932657906439 4.9335331229285107 0.021907423442567936
0.29234264970905022 4.9336287120959366 0.021907423442731503
0.29670597283903605 4.9337243012633625 0.021907423442687885
0.30106929596902182 4.9338198904307884 0.021907423442699633
0.30543261909900765 4.9339154795982143 0.02190742344269626
0.30979594222899348 4.9340110687656402 0.021907423442697162
0.31415926535897931 4.9341066579330661 0.021907423442696923
0.31852258848896514 4.934202247100492 0.021907423442696985
0.32288591161895097 4.934297836267918 0.021907423442696968
0.3272492347489368 4.9343934254353439 0.021907423442696985
0.33161255787892263 4.9344890146027698 0.021907423442696927
0.33597588100890846 4.9345846037701957 0.021907423442697152
0.34033920413889424 4.9346801929376216 0.021907423442697149
0.34470252726888007 4.9347757821050475 0.021907423442696923
0.3490658503988659 4.9348713712724734 0.021907423442696985
0.35342917352885173 4.9349669604398994 0.021907423442696972
0.35779249665883756 4.9350625496073253 0.021907423442696972
0.36215581978882339 4.9351581387747512 0.021907423442696972
0.36651914291880922 4.9352537279421771 0.021907423442696972
0.37088246604879505 4.935349317109603 0.021907423442696972
0.37524578917878088 4.9354449062770289 0.021907423442696972
0.37960911230876665 4.9355404954444548 0.021907423442697815
0.38397243543875248 4.9356360846118807 0.021907423442694439
0.38833575856873831 4.9357316737793067 0.021907423442706259
0.39269908169872414 4.9358272629467326 0.021907423442662378
0.39706240482870997 4.9359228521141585 0.02190742344282607
0.4014257279586958 4.9360184412815853 0.021907423442825848
0.40578905108868163 4.9361140304490112 0.021907423442663054
0.41015237421866746 4.9362096196164371 0.021907423442703768
0.41451569734865329 4.936305208783863 0.021907423442703702
0.41887902047863912 4.9364007979512889 0.021907423442663262
0.42324234360862489 4.9364963871187149 0.021907423442825924
0.42760566673861072 4.9365919762861417 0.021907423442826375
0.43196898986859655 4.9366875654535676 0.021907423442661066
0.43633231299858238 4.9367831546209935 0.0219074234427112
0.44069563612856821 4.9368787437884194 0.021907423442675968
0.44505895925855404 4.9369743329558453 0.021907423442766766
0.44942228238853987 4.9370699221232712 0.021907423442438803
0.4537856055185257 4.9371655112906954 0.021907423442438533
0.45814892864851153 4.9372611004581213 0.021907423442767578
0.46251225177849731 4.9373566896255472 0.021907423442673823
0.46687557490848314 4.9374522787929731 0.021907423442719801
0.47123889803846897 4.937547867960399 0.021907423442628804
0.4756022211684548 4.9376434571278249 0.02190742344294682
0.47996554429844063 4.9377390462952526 0.021907423442987087
0.48432886742842646 4.9378346354626785 0.021907423442508005
0.48869219055841229 4.9379302246301036 0.021907423442552063
0.49305551368839812 4.9380258137975295 0.021907423442854904
0.49741883681838395 4.9381214029649563 0.02190742344282081
0.50178215994836972 4.9382169921323822 0.021907423442655193
0.50614548307835561 4.9383125812998081 0.021907423442740256
0.51050880620834138 4.938408170467234 0.021907423442565622
0.51487212933832727 4.938503759634659 0.021907423442568422
0.51923545246831304 4.938599348802085 0.021907423442731853
0.52359877559829882 4.9386949379695109 0.021907423442687673
0.5279620987282847 4.9387905271369368 0.0219074234426993
0.53232542185827048 4.9388861163043627 0.021907423442696968
0.53668874498825636 4.9389817054717886 0.021907423442694668
0.54105206811824214 4.9390772946392145 0.021907423442706193
0.54541539124822802 4.9391728838066404 0.021907423442662399
0.5497787143782138 4.9392684729740663 0.021907423442826052
0.55414203750819968 4.9393640621414932 0.021907423442825893
0.55850536063818546 4.9394596513089191 0.021907423442662874
0.56286868376817123 4.939555240476345 0.02190742344270611
0.56723200689815712 4.9396508296437709 0.021907423442694526
0.57159533002814289 4.9397464188111968 0.021907423442697624
0.57595865315812877 4.9398420079786227 0.021907423442696819
0.58032197628811455 4.9399375971460486 0.021907423442696927
0.58468529941810043 4.9400331863134745 0.021907423442697312
0.58904862254808621 4.9401287754809005 0.021907423442695667
0.59341194567807209 4.9402243646483264 0.021907423442701857
0.59777526880805787 4.9403199538157523 0.021907423442678747
0.60213859193804364 4.9404155429831782 0.021907423442766655
0.60650191506802953 4.9405111321506041 0.021907423442436475
0.6108652381980153 4.9406067213180282 0.021907423442447952
0.61522856132800119 4.9407023104854542 0.021907423442732221
0.61959188445798696 4.9407978996528801 0.02190742344280501
0.62395520758797285 4.9408934888203069 0.021907423442840242
0.62831853071795862 4.9409890779877328 0.021907423442626518
0.63268185384794451 4.9410846671551587 0.021907423442835517
0.63704517697793028 4.9411802563225855 0.021907423442823922
0.64140850010791606 4.9412758454900114 0.021907423442662961
0.64577182323790194 4.9413714346574373 0.021907423442706082
0.65013514636788772 4.9414670238248632 0.02190742344269454
0.6544984694978736 4.9415626129922892 0.021907423442697589
0.65886179262785938 4.9416582021597151 0.021907423442696937
0.66322511575784526 4.941753791327141 0.0219074234426965
0.66758843888783104 4.9418493804945669 0.021907423442698908
0.67195176201781692 4.9419449696619928 0.021907423442689707
0.6763150851478027 4.9420405588294187 0.021907423442724096
0.68067840827778847 4.9421361479968446 0.021907423442597409
0.68504173140777436 4.9422317371642697 0.021907423442457441
0.68940505453776013 4.9423273263316947 0.021907423442533335
0.69376837766774602 4.9424229154991206 0.021907423442980384
0.69813170079773179 4.9425185046665483 0.021907423442948288
0.70249502392771768 4.9426140938339742 0.021907423442629623
0.70685834705770345 4.9427096830014001 0.021907423442715051
0.71122167018768934 4.942805272168826 0.021907423442692007
0.71558499331767511 4.9429008613362519 0.021907423442698751
0.71994831644766089 4.9429964505036779 0.021907423442696496
0.72431163957764677 4.9430920396711038 0.0219074234426971
0.72867496270763255 4.9431876288385297 0.021907423442696937
0.73303828583761843 4.9432832180059556 0.021907423442696992
0.73740160896760421 4.9433788071733815 0.021907423442696927
0.74176493209759009 4.9434743963408074 0.021907423442697138
0.74612825522757587 4.9435699855082333 0.02190742344269634
0.75049157835756175 4.9436655746756593 0.021907423442699327
0.75485490148754752 4.9437611638430852 0.021907423442688187
0.7592182246175333 4.9438567530105111 0.02190742344273143
0.76358154774751918 4.943952342177937 0.021907423442567946
0.76794487087750496 4.944047931345362 0.02190742344256796
0.77230819400749084 4.9441435205127879 0.021907423442731375
0.77667151713747662 4.9442391096802139 0.021907423442688374
0.7810348402674625 4.9443346988476398 0.021907423442696961
0.78539816339744828 4.9444302880150657 0.021907423442705611
0.78976148652743416 4.9445258771824916 0.021907423442662444
0.79412480965741994 4.9446214663499175 0.021907423442826451
0.79848813278740571 4.9447170555173443 0.02190742344282591
0.8028514559173916 4.9448126446847702 0.021907423442662426
0.80721477904737737 4.9449082338521961 0.021907423442706228
0.81157810217736326 4.945003823019622 0.021907423442694491
0.81594142530734903 4.945099412187048 0.021907423442697641
0.82030474843733492 4.9451950013544739 0.021907423442696791
0.82466807156732069 4.9452905905218998 0.021907423442697024
0.82903139469730658 4.9453861796893257 0.021907423442696954
0.83339471782729235 4.9454817688567516 0.02190742344269701
0.83775804095727824 4.9455773580241775 0.021907423442696843
0.84212136408726401 4.9456729471916034 0.021907423442697454
0.84648468721724979 4.9457685363590294 0.021907423442696843
0.85084801034723567 4.9458641255264553 0.02190742344269701
0.85521133347722145 4.9459597146938812 0.021907423442696951
0.85957465660720733 4.9460553038613071 0.021907423442697024
0.86393797973719311 4.946150893028733 0.021907423442696798
0.86830130286717899 4.9462464821961589 0.021907423442697627
0.87266462599716477 4.9463420713635848 0.021907423442694522
0.87702794912715065 4.9464376605310107 0.021907423442706121
0.88139127225713643 4.9465332496984367 0.021907423442662825
0.8857545953871222 4.9466288388658626 0.021907423442826073
0.89011791851710809 4.9467244280332894 0.021907423442825393
0.89448124164709386 4.9468200172007153 0.021907423442664865
0.89884456477707975 4.9469156063681412 0.021907423442696975
0.90320788790706552 4.9470111955355671 0.021907423442729071
0.90757121103705141 4.947106784702993 0.021907423442568578
0.91193453416703718 4.9472023738704181 0.021907423442567783
0.91629785729702307 4.947297963037844 0.021907423442731472
0.92066118042700884 4.9473935522052699 0.021907423442688177
0.92502450355699462 4.9474891413726958 0.021907423442699331
0.9293878266869805 4.9475847305401217 0.02190742344269634
0.93375114981696627 4.9476803197075476 0.021907423442697145
0.93811447294695216 4.9477759088749735 0.021907423442696927
0.94247779607693793 4.9478714980423995 0.021907423442696989
0.94684111920692382 4.9479670872098254 0.021907423442696958
0.95120444233690959 4.9480626763772513 0.02190742344269701
0.95556776546689548 4.9481582655446772 0.021907423442696843
0.95993108859688125 4.9482538547121031 0.021907423442697454
0.96429441172686703 4.948349443879529 0.021907423442696847
0.96865773485685291 4.9484450330469549 0.021907423442697006
0.97302105798683869 4.9485406222143808 0.021907423442696968
0.97738438111682457 4.9486362113818068 0.021907423442696972
0.98174770424681035 4.9487318005492327 0.021907423442696975
0.98611102737679623 4.9488273897166586 0.021907423442696965
0.99047435050678201 4.9489229788840845 0.021907423442696996
0.99483767363676789 4.9490185680515104 0.021907423442696885
0.99920099676675367 4.9491141572189363 0.021907423442697287
1.0035643198967394 4.9492097463863622 0.021907423442697464
1.0079276430267252 4.9493053355537882 0.021907423442696368
1.0122909661567112 4.9494009247212141 0.021907423442697225
1.016654289286697 4.94949651388864 0.021907423442694907
1.0210176124166828 4.9495921030560659 0.021907423442706655
1.0253809355466685 4.9496876922234918 0.021907423442661979
1.0297442586766545 4.9497832813909177 0.021907423442825587
1.0341075818066403 4.9498788705583445 0.021907423442826503
1.0384709049366261 4.9499744597257704 0.021907423442662569
1.0428342280666119 4.9500700488931964 0.021907423442706717
1.0471975511965976 4.9501656380606223 0.021907423442694068
1.0515608743265836 4.9502612272280482 0.021907423442697176
1.0559241974565694 4.9503568163954741 0.021907423442697388
1.0602875205865552 4.9504524055629 0.02190742344269677
1.064650843716541 4.9505479947303259 0.021907423442699029
1.0690141668465269 4.9506435838977518 0.021907423442687278
1.0733774899765127 4.9507391730651777 0.02190742344273203
1.0777408131064985 4.9508347622326037 0.021907423442568102
1.0821041362364843 4.9509303514000287 0.021907423442568408
1.08646745936647 4.9510259405674546 0.021907423442731114
1.090830782496456 4.9511215297348805 0.021907423442687295
1.0951941056264418 4.9512171189023064 0.021907423442699872
1.0995574287564276 4.9513127080697323 0.021907423442696722
1.1039207518864134 4.9514082972371583 0.021907423442696739
1.1082840750163994 4.9515038864045842 0.021907423442696493
1.1126473981463851 4.9515994755720101 0.021907423442697468
1.1170107212763709 4.951695064739436 0.021907423442697145
1.1213740444063567 4.9517906539068619 0.021907423442697457
1.1257373675363425 4.9518862430742878 0.021907423442696538
1.1301006906663285 4.9519818322417137 0.021907423442696559
1.1344640137963142 4.9520774214091396 0.021907423442697388
1.1388273369263 4.9521730105765656 0.021907423442697388
1.1431906600562858 4.9522685997439915 0.021907423442696573
1.1475539831862718 4.9523641889114174 0.021907423442696489
1.1519173063162575 4.9524597780788433 0.021907423442697634
1.1562806294462433 4.9525553672462692 0.021907423442696472
1.1606439525762291 4.9526509564136951 0.02190742344269999
1.1650072757062149 4.952746545581121 0.021907423442687094
1.1693705988362009 4.952842134748547 0.021907423442731801
1.1737339219661866 4.9529377239159729 0.021907423442565858
1.1780972450961724 4.9530333130833979 0.021907423442577605
1.1824605682261582 4.9531289022508238 0.021907423442696559
1.1868238913561442 4.9532244914182497 0.021907423442816324
1.19118721448613 4.9533200805856765 0.021907423442828984
1.1955505376161157 4.9534156697531024 0.021907423442661902
1.1999138607461015 4.9535112589205283 0.021907423442706901
1.2042771838760873 4.9536068480879543 0.021907423442694005
1.2086405070060733 4.9537024372553802 0.021907423442697242
1.2130038301360591 4.9537980264228061 0.021907423442697208
1.2173671532660448 4.953893615590232 0.02190742344269744
1.2217304763960306 4.9539892047576579 0.021907423442696545
1.2260937995260166 4.9540847939250838 0.021907423442696538
1.2304571226560024 4.9541803830925097 0.021907423442697461
1.2348204457859882 4.9542759722599357 0.021907423442697124
1.2391837689159739 4.9543715614273616 0.021907423442697554
1.2435470920459597 4.9544671505947875 0.021907423442696184
1.2479104151759457 4.9545627397622134 0.021907423442697891
1.2522737383059315 4.9546583289296393 0.021907423442692427
1.2566370614359172 4.9547539180970652 0.021907423442715918
1.261000384565903 4.9548495072644911 0.021907423442627402
1.265363707695889 4.9549450964319171 0.021907423442954637
1.2697270308258748 4.9550406855993447 0.021907423442955553
1.2740903539558606 4.9551362747667707 0.021907423442627985
1.2784536770858463 4.9552318639341966 0.021907423442715998
1.2828170002158321 4.9553274531016225 0.021907423442691535
1.2871803233458181 4.9554230422690484 0.021907423442698023
1.2915436464758039 4.9555186314364743 0.021907423442696545
1.2959069696057897 4.9556142206039002 0.021907423442699303
1.3002702927357754 4.9557098097713261 0.021907423442689752
1.3046336158657614 4.955805398938752 0.021907423442721858
1.3089969389957472 4.955900988106178 0.021907423442602981
1.313360262125733 4.955996577273603 0.021907423442439049
1.3177235852557188 4.956092166441028 0.021907423442602984
1.3220869083857045 4.9561877556084539 0.021907423442721851
1.3264502315156905 4.9562833447758798 0.021907423442689776
1.3308135546456763 4.9563789339433058 0.021907423442699206
1.3351768777756621 4.9564745231107317 0.021907423442696899
1.3395402009056478 4.9565701122781576 0.021907423442696687
1.3439035240356338 4.9566657014455835 0.021907423442696503
1.3482668471656196 4.9567612906130094 0.021907423442697464
1.3526301702956054 4.9568568797804353 0.021907423442697145
1.3569934934255912 4.9569524689478612 0.021907423442697457
1.3613568165555769 4.9570480581152871 0.021907423442696538
1.3657201396855629 4.9571436472827131 0.021907423442696559
1.3700834628155487 4.957239236450139 0.021907423442697391
1.3744467859455345 4.9573348256175649 0.021907423442697378
1.3788101090755203 4.9574304147849908 0.021907423442696607
1.3831734322055063 4.9575260039524167 0.021907423442696358
1.387536755335492 4.9576215931198426 0.02190742344269812
1.3919000784654778 4.9577171822872685 0.021907423442694654
1.3962634015954636 4.9578127714546945 0.021907423442706769
1.4006267247254494 4.9579083606221204 0.021907423442661781
1.4049900478554354 4.9580039497895463 0.021907423442826274
1.4093533709854211 4.9580995389569731 0.021907423442823957
1.4137166941154069 4.958195128124399 0.021907423442672071
1.4180800172453927 4.9582907172918249 0.021907423442671246
1.4224433403753787 4.9583863064592508 0.021907423442823107
1.4268066635053644 4.9584818956266776 0.021907423442827166
1.4311699866353502 4.9585774847941035 0.021907423442662392
1.435533309765336 4.9586730739615295 0.021907423442706769
1.4398966328953218 4.9587686631289554 0.021907423442694043
1.4442599560253078 4.9588642522963813 0.021907423442697232
1.4486232791552935 4.9589598414638072 0.021907423442697211
1.4529866022852793 4.9590554306312331 0.021907423442697437
1.4573499254152651 4.959151019798659 0.021907423442696545
1.4617132485452511 4.9592466089660849 0.021907423442696541
1.4660765716752369 4.9593421981335108 0.021907423442697454
1.4704398948052226 4.9594377873009368 0.021907423442697149
1.4748032179352084 4.9595333764683627 0.021907423442697457
1.4791665410651942 4.9596289656357886 0.021907423442696538
1.4835298641951802 4.9597245548032145 0.021907423442696559
1.487893187325166 4.9598201439706404 0.021907423442697388
1.4922565104551517 4.9599157331380663 0.021907423442697391
1.4966198335851375 4.9600113223054922 0.021907423442696559
1.5009831567151235 4.9601069114729182 0.021907423442696538
1.5053464798451093 4.9602025006403441 0.021907423442697454
1.509709802975095 4.96029808980777 0.021907423442697149
1.5140731261050808 4.9603936789751959 0.021907423442697457
1.5184364492350666 4.9604892681426218 0.021907423442696538
1.5227997723650526 4.9605848573100477 0.021907423442696559
1.5271630954950384 4.9606804464774736 0.021907423442697388
1.5315264186250241 4.9607760356448996 0.021907423442697391
1.5358897417550099 4.9608716248123255 0.021907423442696559
1.5402530648849959 4.9609672139797514 0.021907423442696541
1.5446163880149817 4.9610628031471773 0.021907423442697443
1.5489797111449675 4.9611583923146032 0.021907423442697194
1.5533430342749532 4.9612539814820291 0.021907423442697294
1.557706357404939 4.961349570649455 0.021907423442697155
1.562069680534925 4.9614451598168809 0.021907423442694255
1.5664330036649108 4.9615407489843069 0.021907423442705989
1.5707963267948966 4.9616363381517328 0.021907423442665296
1.5751596499248823 4.9617319273191587 0.021907423442816341
1.5795229730548683 4.9618275164865855 0.021907423442860178
1.5838862961848541 4.9619231056540114 0.021907423442533797
1.5882496193148399 4.9620186948214364 0.021907423442577467
1.5926129424448257 4.9621142839888623 0.021907423442729172
1.5969762655748114 4.9622098731562883 0.021907423442689363
1.6013395887047974 4.9623054623237142 0.02190742344269354
1.6057029118347832 4.9624010514911401 0.021907423442716654
1.610066234964769 4.962496640658566 0.021907423442623357
1.6144295580947547 4.9625922298259919 0.021907423442973421
1.6187928812247407 4.9626878189934196 0.021907423442884464
1.6231562043547265 4.9627834081608455 0.021907423442890223
1.6275195274847123 4.9628789973282732 0.02190742344295948
1.6318828506146981 4.9629745864956991 0.021907423442676693
1.6362461737446838 4.963070175663125 0.021907423442517261
1.6406094968746698 4.9631657648305492 0.021907423442213081
1.6449728200046556 4.9632613539979733 0.021907423442367915
1.6493361431346414 4.9633569431653974 0.021907423442056081
1.6536994662646272 4.9634525323328198 0.021907423441927254
1.6580627893946132 4.9635481215002439 0.021907423442751074
1.6624261125245989 4.9636437106676716 0.021907423443248621
1.6667894356545847 4.9637392998351011 0.021907423444101948
1.6711527587845705 4.9638348890025359 0.021907423445076415
1.6755160819145565 4.9639304781699725 0.021907423445207214
1.6798794050445423 4.964026067337409 0.0219074234449309
1.684242728174528 4.9641216565048421 0.02190742344346603
1.6886060513045138 4.9642172456722662 0.021907423441052488
1.6929693744344996 4.9643128348396779 0.02190742343751553
1.6973326975644856 4.9644084240070727 0.021907423433921571
1.7016960206944713 4.9645040131744569 0.021907423432903694
1.7060593438244571 4.9645996023418437 0.021907423435076491
1.7104226669544429 4.9646951915092465 0.021907423440227183
1.7147859900844289 4.9647907806766796 0.021907423449202938
1.7191493132144147 4.9648863698441605 0.021907423461887891
1.7235126363444004 4.9649819590116984 0.021907423474234303
1.7278759594743862 4.965077548179277 0.021907423479337024
1.732239282604372 4.9651731373468522 0.021907423472227724
1.736602605734358 4.9652687265143678 0.021907423452201535
1.7409659288643438 4.9653643156817679 0.021907423419114291
1.7453292519943295 4.9654599048489949 0.021907423373026185
1.7496925751243153 4.9655554940160105 0.021907423326047247
1.7540558982543013 4.965651083182868 0.021907423306010507
1.7584192213842871 4.9657466723497361 0.021907423331765773
1.7627825445142729 4.965842261516821 0.021907423405115412
1.7671458676442586 4.9659378506843304 0.021907423526862809
1.7715091907742444 4.9660334398524792 0.021907423698102054
1.7758725139042304 4.9661290290214186 0.021907423874567396
1.7802358370342162 4.9662246181909584 0.021907423953770516
1.7845991601642019 4.9663202073604813 0.021907423861703905
1.7889624832941877 4.9664157965292075 0.021907423591396719
1.7933258064241737 4.9665113856963714 0.021907423142758523
1.7976891295541595 4.966606974861171 0.021907422507861908
1.8020524526841453 4.9667025640230236 0.021907421844304231
1.806415775814131 4.9667981531825891 0.021907421534773888
1.8107790989441168 4.966893742342152 0.021907421862154691
1.8151424220741028 4.9669893315046156 0.021907422854763273
1.8195057452040886 4.9670849206728391 0.021907424511557166
1.8238690683340744 4.9671805098498094 0.021907426865792279
1.8282323914640601 4.9672760990377594 0.021907429354960876
1.8325957145940461 4.9673716882343903 0.021907430561761653
1.8369590377240319 4.9674672774312967 0.021907429403350928
1.8413223608540177 4.9675628666176426 0.021907425758678326
1.8456856839840035 4.9676584557827654 0.021907419643078789
1.8500490071139892 4.9677540449155346 0.021907410913524987
1.8544123302439752 4.9678496340073943 0.021907401575288907
1.858775653373961 4.9679452230663195 0.021907396886363662
1.8631389765039468 4.9680408121232613 0.021907400972561331
1.8675022996339325 4.9681364012185956 0.021907414349747689
1.8718656227639185 4.9682319903921419 0.021907436926152546
1.8762289458939043 4.9683275796853437 0.021907469287018699
1.8805922690238901 4.9684231691309222 0.021907504302698499
1.8849555921538759 4.9685187587013484 0.021907522484615437
1.8893189152838616 4.9686143482827401 0.021907508119503566
1.8936822384138476 4.9687099377246451 0.02190745903336706
1.8980455615438334 4.9688055268783691 0.021907375700388424
1.9024088846738192 4.9689011155896168 0.021907255755479537
1.906772207803805 4.9689967037334348 0.021907124507919221
1.911135530933791 4.9690922914043218 0.021907054143747932
1.9154988540637767 4.9691878790210611 0.021907104455287658
1.9198621771937625 4.9692834671441997 0.021907284518577937
1.9242255003237483 4.9693790563290223 0.021907592088634131
1.9285888234537341 4.9694746471499247 0.021908036590870653
1.9329521465837201 4.9695702400833213 0.021908528341426051
1.9373154697137058 4.9696658348069498 0.021908800153806505
1.9416787928436916 4.9697614297817099 0.021908624691904233
1.9460421159736774 4.9698570229194949 0.021907964381488527
1.9504054391036634 4.9699526121465905 0.021906829281989667
1.9547687622336491 4.9700481953247433 0.021905182251693401
1.9591320853636349 4.9701437706401608 0.021903340507134678
1.9634954084936207 4.9702393391834345 0.021902292314001821
1.9678587316236065 4.970334906607718 0.02190290128702839
1.9722220547535925 4.9704304806898971 0.021905321858837021
1.9765853778835782 4.9705260691745465 0.021909510639545816
1.980948701013564 4.9706216800215639 0.021915612585723776
1.9853120241435498 4.9707173201268597 0.021922507762413161
1.9896753472735358 4.9708129858329766 0.021926543447895092
1.9940386704035216 4.9709086563886675 0.021924441678758892
1.9984019935335073 4.9710043028358246 0.021915571584480195
2.0027653166634933 4.971099896250192 0.021900115263541384
2.0071286397934789 4.9711954069995308 0.021877511694235442
2.0114919629234649 4.9712908089002923 0.021851707236374789
2.0158552860534504 4.9713861140847388 0.021836192628240492
2.0202186091834364 4.9714813986759498 0.021843399412943242
2.0245819323134224 4.9715767704797491 0.021875890975183804
2.028945255443408 4.9716723375252636 0.021932919215477006
2.033308578573394 4.9717682101292073 0.02201663950795232
2.0376719017033795 4.9718644875863678 0.022113173166119493
2.0420352248333655 4.9719611301923354 0.022172732635221095
2.0463985479633515 4.9720578588894178 0.022148210817494129
2.0507618710933371 4.9721542724245005 0.022029241080319173
2.0551251942233231 4.9722499673078744 0.021818843899204861
2.0594885173533091 4.9723445328168303 0.021508793190887981
2.0638518404832946 4.9724375928451678 0.021147800326718511
2.0682151636132806 4.9725292751250771 0.020919460222820322
2.0725784867432662 4.9726206019203216 0.021002130208853349
2.0769418098732522 4.9727130663523571 0.021437558557825254
2.0813051330032382 4.972808175499388 0.022213728703860184
2.0856684561332237 4.9729074586788569 0.023361845164719581
2.0900317792632097 4.9730123388835441 0.02471129355627736
2.0943951023931953 4.9731224143233312 0.025585595140931575
2.0987584255231813 4.9732339429468988 0.025310056518083959
2.1031217486531673 4.9733413700059668 0.023717016971783803
2.1074850717831528 4.9734390660707684 0.020854146933958349
2.1118483949131388 4.9735213367379423 0.016602405631891682
2.1162117180431244 4.9735828017387433 0.01156159622400049
2.1205750411731104 4.9736246940063289 0.0082144325987569874
2.1249383643030963 4.9736606754981434 0.0091227263622497435
2.1293016874330819 4.9737114899973651 0.014971189532618251
2.1336650105630679 4.9737978916695562 0.025335405542058285
2.1380283336930539 4.973941962797972 0.04214861350712755
2.1423916568230394 4.9741612994127848 0.055930899581929441
2.1467549799530254 4.9743656146267341 0.025409329417993922
2.151118303083011 4.9742554832639172 -0.092812171235849075
2.155481626212997 4.9734105847856043 -0.31079079494403511
2.159844949342983 4.9714020354588797 -0.62591084446213374
2.1642082724729685 4.9678003188381048 -1.0429005560597508
2.1685715956029545 4.9621832251113034 -1.5408740318706982
2.1729349187329401 4.9543760812205768 -2.0234292204389663
2.1772982418629261 4.9446991875284265 -2.3865478345369775
2.1816615649929121 4.9337672235961758 -2.5999861909827935
2.1860248881228976 4.9222200492697326 -2.6690243933027249
2.1903882112528836 4.9106944272308102 -2.5876024754093234
2.1947515343828692 4.8998224517614339 -2.3800194065589961
2.1991148575128552 4.8899331958368304 -2.1666911347894842
2.2034781806428412 4.8807287627833826 -2.0810695796161189
2.2078415037728267 4.87152795955594 -2.1635388647791491
2.2122048269028127 4.8616131602038015 -2.4076951691800503
2.2165681500327987 4.8502725974164127 -2.8197909699049437
2.2209314731627843 4.8367956122189009 -3.3764300399789677
2.2252947962927703 4.8207778609971497 -3.9535758462741843
2.2296581194227558 4.8024698022104051 -4.4099550771814089
2.2340214425527418 4.782534199104969 -4.7010088795674134
2.2383847656827278 4.7616770772446708 -4.8330211090420612
2.2427480888127134 4.7405972927078857 -4.8005995929214018
2.2471114119426994 4.7199941241905439 -4.6236679709936972
2.2514747350726849 4.7002991844163038 -4.4116668527295495
2.2558380582026709 4.6813600361761356 -4.2925068808390767
2.2602013813326569 4.6626426850054585 -4.3090074736527688
2.2645647044626425 4.6435673697940452 -4.455786587426954
2.2689280275926285 4.6235611942072534 -4.7382999344378645
2.2732913507226145 4.6020503021019161 -5.1360467530357292
2.2776546738526 4.5787410026162316 -5.5336068350191532
2.282017996982586 4.5539619815710051 -5.7926196304100808
2.2863813201125716 4.5284641936219714 -5.8637021964188127
2.2907446432425576 4.503055520645546 -5.7532759156323641
2.2951079663725436 4.4785364589173238 -5.4509758917522726
2.2994712895025291 4.4557131580261871 -4.9930313605650296
2.3038346126325151 4.4348742728020785 -4.5968065306071573
2.3081979357625007 4.4151189154787041 -4.5302877630206613
2.3125612588924866 4.3947163167308325 -4.8926191783603175
2.3169245820224726 4.3718140734937654 -5.6734516621518845
2.3212879051524582 4.3445785046040468 -6.8857945196486412
2.3256512282824442 4.3111613859098563 -8.4850864354559707
2.3300145514124297 4.2703891831082181 -10.182679818330552
2.3343778745424157 4.222689435045055 -11.613026969325096
2.3387411976724017 4.169639035856628 -12.635910978418556
2.3431045208023873 4.1129987125108931 -13.261114552378075
2.3474678439323733 4.0544980918394637 -13.484712508097124
2.3518311670623593 3.9958793609414869 -13.325369946060707
2.3561944901923448 3.9385694919851701 -12.920441665804326
2.3605578133223308 3.8832253578735481 -12.448050443283611
2.3649211364523164 3.8299342101612517 -11.979474417759494
2.3692844595823024 3.7786847438083599 -11.510883569374329
2.3736477827122884 3.7294827170412814 -11.042350523481115
2.3780111058422739 3.6823272422176023 -10.570252323608194
2.3823744289722599 3.6373004055538116 -10.056528909995061
2.3867377521022455 3.5947021982636684 -9.4501744149170435
2.3911010752322315 3.5549968469216839 -8.7305320126787151
2.3954643983622175 3.5186758864223311 -7.8995391398152819
2.399827721492203 3.4862255889044835 -6.9549454623502349
2.404191044622189 3.4581392505257442 -5.9026039243194814
2.4085543677521746 3.4347951667821093 -4.7955923546316992
2.4129176908821606 3.4162621925956884 -3.7075707909589077
2.4172810140121466 3.402368109962044 -2.6693264553796374
2.4216443371421321 3.3928965483925495 -1.6801569688526434
2.4260076602721181 3.3876380229885612 -0.7377074545044362
2.4303709834021041 3.3863860682551694 0.15471037316298544
2.4347343065320897 3.3888733346979185 0.96820372980386338
2.4390976296620757 3.3946596949520025 1.661001399565061
2.4434609527920612 3.4031665679094125 2.2150939353140449
2.4478242759220472 3.4137893484530326 2.6312037690590397
2.4521875990520332 3.4259279272942811 2.9096489332506512
2.4565509221820188 3.4389806568990986 3.0504683504007368
2.4609142453120048 3.4523543818382416 3.0579694195056497
2.4652775684419903 3.4654817726468252 2.9384789883658766
2.4696408915719763 3.4778166031761679 2.6946484633245853
2.4740042147019623 3.4888165999681533 2.3267726124791017
2.4783675378319479 3.4979392332675951 1.8335624100598349
2.4827308609619338 3.5046381591659657 1.2170805554942352
2.4870941840919194 3.5084161352333769 0.50150254810250228
2.4914575072219054 3.5089240781190041 -0.27630993977329488
2.4958208303518914 3.5059393232366034 -1.0991932777591691
2.5001841534818769 3.4992664039573946 -1.9670445816634847
2.5045474766118629 3.4887058793309276 -2.8814716228349373
2.5089107997418489 3.4740560252509196 -3.8404485246860602
2.5132741228718345 3.4551551758681085 -4.8244987757951527
2.5176374460018205 3.4319620486349653 -5.8032428083321568
2.522000769131806 3.404541830083768 -6.7617031966244356
2.526364092261792 3.3729852398208751 -7.6994112155382988
2.530727415391778 3.3373798656018225 -8.6178172446966972
2.5350907385217636 3.2978108844332188 -9.5153993016266227
2.5394540616517496 3.2543967642496354 -10.375563289437403
2.5438173847817351 3.2073603562093607 -11.171549804096705
2.5481807079117211 3.1570196740498675 -11.889792970713581
2.5525440310417071 3.1037161851152408 -12.529761210944589
2.5569073541716927 3.047788902267595 -13.092708778479809
2.5612706773016787 2.9895740264610939 -13.577771139880099
2.5656340004316642 2.9294351218271397 -13.97027196587379
2.5699973235616502 2.8678312981875513 -14.24527519440951
2.5743606466916362 2.8053111687478105 -14.389971031589868
2.5787239698216218 2.7424445718700605 -14.404403378681835
2.5830872929516078 2.6797981755770164 -14.288792846573722
2.5874506160815938 2.6179403243833086 -14.043240184337957
2.5918139392115793 2.5574280552894137 -13.673743587929435
2.5961772623415653 2.4987798831812897 -13.190469853455106
2.6005405854715509 2.4424771323378014 -12.598809833381667
2.6049039086015369 2.3889911878128922 -11.899437407299233
2.6092672317315229 2.3387937762579289 -11.090865046963881
2.6136305548615084 2.2923623780210125 -10.174178170211135
2.6179938779914944 2.2501244759535446 -9.1769424300239315
2.62235720112148 2.2123238433181793 -8.1484949522981704
2.626720524251466 2.1790211090785885 -7.116151734047591
2.631083847381452 2.1502273315230491 -6.0813146916533238
2.6354471705114375 2.1259588052077181 -5.0415422558381033
2.6398104936414235 2.1062366676068374 -3.9982688495233196
2.6441738167714091 2.0910333033416268 -2.9783885977083755
2.6485371399013951 2.0801393106543529 -2.0313976775286742
2.6529004630313811 2.0731583211904079 -1.185953125814728
2.6572637861613666 2.0696398296521314 -0.44370120127323837
2.6616271092913526 2.0691387432768318 0.19709973244456896
2.6659904324213386 2.0712111768519437 0.73568102388220513
2.6703537555513241 2.0753978098047101 1.1635933208951259
2.6747170786813101 2.0811810747578821 1.4647425587763361
2.6790804018112957 2.0879815241576685 1.6293611202722096
2.6834437249412817 2.0952007486401651 1.6570306833902457
2.6878070480712677 2.1022424696616899 1.5476200171243737
2.6921703712012532 2.1085069827831053 1.3011819393525144
2.6965336943312392 2.1134196645199466 0.93252533154687423
2.7008970174612248 2.1165092456717591 0.47066741534831841
2.7052603405912108 2.117417322588838 -0.066607769533256117
2.7096236637211968 2.1158206191871809 -0.67770103194243858
2.7139869868511823 2.1113933334378738 -1.3643779528912627
2.7183503099811683 2.1038048949060082 -2.1261906257411853
2.7227136331111539 2.0927619701639233 -2.9408413302132206
2.7270769562411399 2.0781304170815305 -3.7629146999435377
2.7314402793711259 2.0599555357244044 -4.5635426810965303
2.7358036025011114 2.0383407912167351 -5.3402461411590636
2.7401669256310974 2.0133851911520591 -6.0948830878518336
2.7445302487610834 1.9851857080994413 -6.8269645748884997
2.748893571891069 1.953856861762731 -7.525923038271725
2.753256895021055 1.9195903499657048 -8.1693893925718299
2.7576202181510405 1.8826676027403342 -8.7426484552050674
2.7619835412810265 1.8434004327272633 -9.2443451771731784
2.7663468644110125 1.80209853699586 -9.6751799537451628
2.7707101875409981 1.7590718451950429 -10.035000902596064
2.7750735106709841 1.7146287515866137 -10.324610902248827
2.7794368338009696 1.66907285073016 -10.545306007517947
2.7838001569309556 1.6227024525215612 -10.698032619898997
2.7881634800609416 1.5758132685917809 -10.78312898107659
2.7925268031909272 1.528700684506124 -10.800306344424273
2.7968901263209132 1.481661761065117 -10.749453834091595
2.8012534494508987 1.4349832808051941 -10.637218707054084
2.8056167725808847 1.3889021299361353 -10.478495812264672
2.8099800957108707 1.3435936868355709 -10.283654354368533
2.8143434188408563 1.2992109416400721 -10.054005356792867
2.8187067419708423 1.2559076506758318 -9.788801748675656
2.8230700651008283 1.2138397470631541 -9.4876973434726946
2.8274333882308138 1.1731511909389314 -9.1595593218587741
2.8317967113607998 1.133915077693139 -8.82622017565755
2.8361600344907854 1.0961130128509067 -8.5031095653639568
2.8405233576207713 1.0596943551438862 -8.1917514166910284
2.8448866807507573 1.0246106596599811 -7.8912815249956996
2.8492500038807429 0.9908141589880004 -7.601656864512579
2.8536133270107289 0.95825156363995667 -7.3272446279639052
2.8579766501407144 0.9268330449083706 -7.0795382873262875
2.8623399732707004 0.8964199454524362 -6.8668913740426456
2.8667032964006864 0.86685592629602071 -6.69012538261972
2.871066619530672 0.8379859908483136 -6.5488348443821325
2.875429942660658 0.80965456327310426 -6.443295443157834
2.8797932657906435 0.78170783939992883 -6.3719900644730556
2.8841565889206295 0.75400443325402322 -6.3309552523219548
2.8885199120506155 0.72642010988027328 -6.317231650283027
2.8928832351806011 0.69883702013766047 -6.3304374052133205
2.8972465583105871 0.67113711203170601 -6.370808195508693
2.9016098814405731 0.6432012614865974 -6.4386597413228621
2.9059732045705586 0.61491640292594829 -6.529065075111915
2.9103365277005446 0.58621110426450629 -6.6286257495838461
2.9146998508305302 0.55707253119947464 -6.7269485740297723
2.9190631739605162 0.52751138651440077 -6.8225329825800314
2.9234264970905022 0.49753781169234462 -6.9159774426931557
2.9277898202204877 0.46716052900939353 -7.0077503470359677
2.9321531433504737 0.43639552948385307 -7.0913578132960913
2.9365164664804593 0.40531609581079553 -7.1479185036812076
2.9408797896104453 0.37407941414165774 -7.1623730290783216
2.9452431127404313 0.34287688921539605 -7.13262554874545
2.9496064358704168 0.31189872407643604 -7.0594180713193682
2.9539697590004028 0.28133504219633632 -6.9427593375602417
2.9583330821303884 0.25137667721472312 -6.781438810469778
2.9626964052603744 0.22222745496327689 -6.5708688484289706
2.9670597283903604 0.19411205004202925 -6.3073432244391503
2.9714230515203459 0.16726290438934244 -5.9905995024525289
2.9757863746503319 0.14191137622261116 -5.6207983368517107
2.9801496977803179 0.1182905448003832 -5.1971213570719881
2.9845130209103035 0.09662622476221723 -4.7264928743558201
2.9888763440402895 0.077081629613452607 -4.2300701677893686
2.993239667170275 0.059723331782426427 -3.7257866892665006
2.997602990300261 0.044574907978113205 -3.2167585412835802
3.001966313430247 0.031659993497657808 -2.7021092587801507
3.0063296365602326 0.021003571604413664 -2.1812615239501305
3.0106929596902186 0.012625104374754968 -1.6602703683213025
3.0150562828202041 0.0064856441631021885 -1.1594486387363843
3.0194196059501901 0.0024519752264406569 -0.69646345241247198
3.0237829290801761 0.00034845473210860019 -0.27431818123229496
3.0281462522101616 0 0.10788219399350671
3.0325095753401476 0.0012309709435668898 0.44956285647942013
3.0368728984701332 0.0038684458688366514 0.75361383879881616
3.0412362216001192 0.0077661665641452233 1.0292513165435164
3.0455995447301052 0.012821062320078614 1.2847465540935092
3.0499628678600907 0.018950907441570408 1.5218238337695316
3.0543261909900767 0.02607422829965609 1.7401638206222785
3.0586895141200627 0.034108094862897807 1.9388353061110144
3.0630528372500483 0.042975023963227332 2.1246260981614626
3.0674161603800343 0.052665618042359003 2.3218733780351175
3.0717794835100198 0.063286467035977512 2.5529999563640815
3.0761428066400058 0.075000565005311104 2.8225051560169754
3.0805061297699918 0.087971876474893379 3.1294167363947638
3.0848694528999774 0.10236393703043488 3.4734966618354881
3.0892327760299634 0.11834048272809199 3.8565122322980119
3.0935960991599489 0.13606544514960545 4.2719045504250168
3.0979594222899349 0.15570516767160344 4.7459345671927569
3.1023227454199209 0.17742196740568308 5.179007348148108
3.1066860685499065 0.20023998035367235 5.1579177372741238
3.1110493916798925 0.22165451902097452 4.6013839985650646
3.115412714809878 0.24021461040107217 3.9210773402200578
3.119776037939864 0.25591990113658303 3.2734479840841351
3.12413936106985 0.26877009222140813 2.6184338066562205
3.1285026841998356 0.27876493900643151 1.9599078223972828
3.1328660073298216 0.28590425120417973 1.3225148463826801
3.1372293304598076 0.2901878928924384 0.60387735896077943
3.1415926535897931 0.29161578251684461 0.18893538304426097
3.1459559767197791 0.29304367214125093 0.60387028699818113
3.1503192998497647 0.29732731382950917 1.3225431342331275
3.1546826229797507 0.30446662602725727 1.9598017429579784
3.1590459461097367 0.31446147281228165 2.6188298365628673
3.1634092692397222 0.32731166389710548 3.2719699438969276
3.1677725923697082 0.34301695463261617 3.9265934710621142
3.1721359154996938 0.36157704601271368 4.5807975153838383
3.1764992386296798 0.38299158468001565 5.2347475391567464
3.1808625617596658 0.40726016293257256 5.8896098621150701
3.1852258848896513 0.43438231873163397 6.5404790192272086
3.1895892080196373 0.46435753571045468 7.2057358384700407
3.1939525311496229 0.49718524318410573 7.8166877733603188
3.1983158542796088 0.531911180390229 7.9739778386185831
3.2026791774095948 0.56587154919095961 7.5126262066050957
3.2070425005395804 0.59716665616683362 6.8418775603728834
3.2114058236695664 0.62559812815598104 6.184834345310791
3.2157691467995524 0.65109965669786074 5.5003847412386637
3.2201324699295379 0.67357064174701509 4.797097426537575
3.2244957930595239 0.69295345928644703 4.0877804914080755
3.2288591161895095 0.7092543861945011 3.3861160566022606
3.2332224393194955 0.72252038627804005 2.6964768396598453
3.2375857624494815 0.73280223583627979 2.0182853977485182
3.241949085579467 0.74014970910718358 1.3514110947487621
3.246312408709453 0.74461317110828329 0.69667114151265419
3.2506757318394386 0.74625201080820536 0.057537932609145442
3.2550390549694246 0.74514360234965449 -0.5621252145196467
3.2594023780994106 0.7413767050538409 -1.1610503972615545
3.2637657012293961 0.73504153604246492 -1.7393423615935906
3.2681290243593821 0.72622795709618715 -2.2970920309359104
3.2724923474893677 0.71502598993909094 -2.8339653111372223
3.2768556706193537 0.70152955910544745 -3.348414311760612
3.2812189937493397 0.68584075592838412 -3.8386662368015729
3.2855823168793252 0.66806690654669709 -4.304145896181943
3.2899456400093112 0.64831605738391695 -4.7448324276549219
3.2943089631392972 0.6266960128832314 -5.1610556124105029
3.2986722862692828 0.60331462040379624 -5.5516540545218911
3.3030356093992688 0.57829529752048825 -5.9102087578924873
3.3073989325292543 0.55179590300301451 -6.2291717898124794
3.3117622556592403 0.52399675321668626 -6.5060331506016125
3.3161255787892263 0.49508102666664699 -6.7409722039424462
3.3204889019192119 0.46523112448886639 -6.934348112070988
3.3248522250491979 0.43462976436795958 -7.0848616992112374
3.3292155481791834 0.40347610659191946 -7.1858277620836564
3.3335788713091694 0.37200533095121802 -7.2292160025825636
3.3379421944391554 0.34047734493923409 -7.2120661145782101
3.342305517569141 0.30915591579526902 -7.1345943387222182
3.346668840699127 0.27830392734206955 -6.9968496451966189
3.351032163829113 0.24818483651648465 -6.7986332608723465
3.3553954869590985 0.21906225315222466 -6.5401921397209657
3.3597588100890845 0.19119792962518697 -6.2219092087604091
3.3641221332190701 0.1648530238207675 -5.8436916414291735
3.3684854563490561 0.14028922164308638 -5.4055735195833297
3.372848779479042 0.11776825598875237 -4.907115993769942
3.3772121026090276 0.097552298098696297 -4.3497066869390988
3.3815754257390136 0.079882277999442419 -3.7425369566299951
3.3859387488689991 0.064947845783029923 -3.0973156188197724
3.3903020719989851 0.052901933204317048 -2.4185192069125598
3.3946653951289711 0.043891366127215489 -1.7059765417043833
3.3990287182589567 0.03806451055755701 -0.95903498440400359
3.4033920413889427 0.03556934807475412 -0.17968165793243149
3.4077553645189282 0.036528326968653504 0.62155958171670966
3.4121186876489142 0.041005622916509915 1.4311505875345498
3.4164820107789002 0.04902107053727775 2.2432158404012155
3.4208453339088858 0.060585046052625796 3.0578057828637673
3.4252086570388718 0.075709829210021617 3.8753998168405128
3.4295719801688578 0.094406863128210644 4.6947634365074071
3.4339353032988433 0.11667528919475008 5.51132199237433
3.4382986264288293 0.14248964004960987 6.3192308123780414
3.4426619495588149 0.17180412832905417 7.1155525003293594
3.4470252726888009 0.2045672409255872 7.8999735761983256
3.4513885958187869 0.24072779281593201 8.6729741989612457
3.4557519189487724 0.28023590375002799 9.4340698828245824
3.4601152420787584 0.32302936974321855 10.177142332198429
3.464478565208744 0.36900916529239625 10.893359428247205
3.46884188833873 0.41804796914393733 11.579396605679104
3.473205211468716 0.47001463521394798 12.235299759919585
3.4775685345987015 0.52477801339305818 12.8615773472733
3.4819318577286875 0.58220958128786215 13.457953563785729
3.4862951808586731 0.64216303582928635 14.014604761317026
3.4906585039886591 0.70443060728523466 14.516614879844903
3.4950218271186451 0.76875670417268571 14.958330629168071
3.4993851502486306 0.83487984425010442 15.340351228951979
3.5037484733786166 0.90253996454596064 15.662858721686304
3.5081117965086026 0.97147722151949589 15.925652405407606
3.5124751196385882 1.0414263850589287 16.125800381551432
3.5168384427685742 1.1121036491410119 16.258755556965465
3.5212017658985597 1.1832101708737772 16.322527757519641
3.5255650890285457 1.2544445011586973 16.317494287872087
3.5299284121585317 1.3255064303605681 16.24319640008639
3.5342917352885173 1.3960928666087011 16.099962294326545
3.5386550584185033 1.4659206899091248 15.898687889650368
3.5430183815484888 1.534775865503351 15.656692469643781
3.5473817046784748 1.6025027211772573 15.381429619629658
3.5517450278084608 1.6689555699964904 15.072758217067436
3.5561083509384463 1.7339872994326389 14.729674373193056
3.5604716740684323 1.7974477324851921 14.353247623502991
3.5648349971984179 1.8592197275436328 13.960810200021221
3.5691983203284039 1.919296044376205 13.580239722198337
3.5735616434583899 1.9777661816590233 13.224768875819899
3.5779249665883754 2.0347401814863129 12.894226685788272
3.5822882897183614 2.0903246456688787 12.587823615906585
3.5866516128483474 2.1446260914291591 12.306465262739231
3.591014935978333 2.1977643117086911 12.056388329652798
3.595378259108319 2.2498978051308605 11.847480185254572
3.5997415822383045 2.3012207090438923 11.685070100555983
3.6041049053682905 2.3519372032708827 11.56936170226238
3.6084682284982765 2.4022501584833851 11.500215803351063
3.6128315516282621 2.4523634892881159 11.477803175867717
3.6171948747582481 2.5024760488694402 11.498817697920108
3.6215581978882336 2.5527640743015141 11.55728341539835
3.6259215210182196 2.6033828360045472 11.65044496528675
3.6302848441482056 2.6544837001507862 11.778199781209349
3.6346481672781912 2.7062186134032244 11.941428244568993
3.6390114904081772 2.7587424991348026 12.139157147159207
3.6433748135381627 2.8121783746463653 12.354508576145182
3.6477381366681487 2.8665392939864489 12.558425228703593
3.6521014597981347 2.9217313255568778 12.734851153552478
3.6564647829281203 2.9776316729366785 12.883663556081123
3.6608281060581063 3.0341216534790298 13.004391998491631
3.6651914291880923 3.0910764939137483 13.097681845188685
3.6695547523180778 3.1484193944237902 13.190218588927193
3.6739180754480638 3.206250986347448 13.329591687252533
3.6782813985780494 3.2648500319756053 13.543224314900467
3.6826447217080354 3.3245439640803349 13.829771494699832
3.6870080448380214 3.3856501180370611 14.193710859959371
3.6913713679680069 3.4485161796547263 14.632401817047434
3.6957346910979929 3.5132579849213501 15.01338833349562
3.7000980142279785 3.5790910626341126 15.090721310572427
3.7044613373579645 3.6442993170424653 14.721109691959859
3.7088246604879505 3.7069031535851011 13.901960508391035
3.713187983617936 3.76495984400976 12.631115663081992
3.717551306747922 3.8164741931828772 10.9090743490428
3.7219146298779076 3.8598117647295416 8.9479637721827743
3.7262779530078936 3.8948039687120972 7.1546571386041897
3.7306412761378795 3.9228459413699062 5.7725151122989171
3.7350045992678651 3.9457936285115074 4.8131900759692945
3.7393679223978511 3.9654511187553467 4.2678867789279522
3.7437312455278371 3.9836474397844004 4.1416263013759567
3.7480945686578226 4.0020931669886819 4.3588246133873154
3.7524578917878086 4.0219653572120997 4.7685346251304557
3.7568212149177942 4.0438535273996674 5.2793457160274206
3.7611845380477802 4.0681735793669294 5.8845158100558663
3.7655478611777662 4.0953578244463555 6.5943372145077932
3.7699111843077517 4.1258662382451643 7.4046856832434136
3.7742745074377377 4.1599150932630824 8.173228533598488
3.7786378305677233 4.1967135361831893 8.6134141234201174
3.7830011536977093 4.2343328723768767 8.5390109402082608
3.7873644768276953 4.2704618829899026 7.9361703328461024
3.7917277999576808 4.3028220303228126 6.8059840408918557
3.7960911230876668 4.3290843579987328 5.1457383349925978
3.8004544462176524 4.3472759350797539 3.1753161245289099
3.8048177693476384 4.3570113613841084 1.3541903080473656
3.8091810924776244 4.359754513343443 -0.012438930721815055
3.8135444156076099 4.3576038396285774 -0.89707655082355831
3.8179077387375959 4.3526108916139155 -1.3108473724623588
3.8222710618675819 4.3468584209434358 -1.2475396364423006
3.8266343849975675 4.3422323085261123 -0.83478218085215894
3.8309977081275535 4.3396810786090319 -0.34810872673224547
3.835361031257539 4.3390283906892337 0.024365448263292528
3.839724354387525 4.3396997468715774 0.26348228553547148
3.844087677517511 4.3411463064716145 0.37787703792953431
3.8484510006474966 4.3428106426804245 0.36390396696889327
3.8528143237774826 4.3441835939464486 0.25479213590623534
3.8571776469074681 4.3450026287242487 0.12402607815861623
3.8615409700374541 4.3453096101735964 0.023295281205096181
3.8659042931674401 4.3452580205665772 -0.041612706729099273
3.8702676162974257 4.3449950304701517 -0.073133526223031251
3.8746309394274117 4.3446699065165717 -0.070210623630690597
3.8789942625573972 4.3444200020259185 -0.041384414708629809
3.8833575856873832 4.3443179239409435 -0.0062571100824715233
3.8877209088173692 4.344353923788689 0.020980805707554263
3.8920842319473548 4.3444870232612676 0.038598015729447155
3.8964475550773408 4.3446777539050201 0.047276318714673839
3.9008108782073267 4.3448861478303371 0.046714549103796466
3.9051742013373123 4.3450751632044025 0.039103991996470265
3.9095375244672983 4.3452247431580613 0.0296704818076594
3.9139008475972838 4.3453370963040356 0.022306014258025038
3.9182641707272698 4.3454231573083177 0.017524982024675735
3.9226274938572558 4.3454935118836255 0.015137488370392329
3.9269908169872414 4.3455588614311251 0.015228346486417091
3.9313541401172274 4.3456291925276158 0.017236264831059216
3.9357174632472129 4.3457100394319159 0.019768930995797206
3.9400807863771989 4.3458009211285225 0.021759899829396214
3.9444441095071849 4.3458989215396704 0.023057240885011529
3.9488074326371705 4.3460012012304494 0.023713591360939222
3.9531707557671565 4.3461048950083523 0.02370531903694599
3.957534078897142 4.34620731125045 0.023175943627970538
3.961897402027128 4.3463069245442103 0.022496183350989234
3.966260725157114 4.3464038333769395 0.021957984113454867
3.9706240482870996 4.3464988149268251 0.021605988830936472
3.9749873714170856 4.3465926308982805 0.021425674427275842
3.9793506945470716 4.346686048394008 0.021423562898101853
3.9837140176770571 4.3467797926637095 0.021563024923901438
3.9880773408070431 4.3468742837227277 0.021745416097051298
3.9924406639370287 4.3469695035198734 0.021890887319972199
3.9968039870670147 4.3470652450624119 0.021986380391896338
4.0011673101970002 4.3471613039956241 0.022035884341789398
4.0055306333269867 4.3472574749468746 0.022037615152990034
4.0098939564569722 4.3473535625546962 0.022000903167436244
4.0142572795869578 4.3474494512850548 0.021951979506447231
4.0186206027169442 4.347545143688718 0.021912663772152792
4.0229839258469298 4.347640694857466 0.021886760102919445
4.0273472489769153 4.347736159622456 0.021873177691390105
4.0317105721069009 4.3478315929661022 0.021872400434180438
4.0360738952368873 4.3479270474986569 0.021882056570223216
4.0404372183668729 4.3480225549696412 0.021895175486660381
4.0448005414968584 4.3481181153220323 0.021905800045089806
4.0491638646268449 4.3482137139037604 0.021912826028004411
4.0535271877568304 4.348309336001341 0.021916550403014844
4.057890510886816 4.3484049668950364 0.021916842992337052
4.0622538340168024 4.3485005924209119 0.021914305382024608
4.066617157146788 4.3485962038620833 0.021910788663614483
4.0709804802767735 4.348691801062234 0.021907917813735769
4.0753438034067591 4.3487873879151673 0.021906012304426816
4.0797071265367455 4.3488829683695442 0.021904991645665495
4.0840704496667311 4.3489785463660695 0.021904890572383859
4.0884337727967166 4.3490741257169958 0.021905556847493596
4.092797095926703 4.3491697088134096 0.021906499245375268
4.0971604190566886 4.3492652957441775 0.021907274893965257
4.1015237421866741 4.3493608854753676 0.021907791637885986
4.1058870653166606 4.3494564769471626 0.021908071193856328
4.1102503884466461 4.349552069104571 0.02190810437090512
4.1146137115766317 4.3496476609217867 0.021907929600450397
4.1189770347066181 4.3497432517434946 0.021907677145232826
4.1233403578366037 4.3498388415330229 0.021907467601428993
4.1277036809665892 4.3499344305646765 0.021907327481178841
4.1320670040965748 4.3500300191229417 0.021907250951839933
4.1364303272265612 4.3501256074902575 0.021907240424325861
4.1407936503565468 4.3502211959425789 0.02190728622219976
4.1451569734865323 4.3503167846593529 0.021907353828018908
4.1495202966165188 4.3504123736539251 0.021907410430965907
4.1538836197465043 4.3505079628535874 0.021907448422963521
4.1582469428764899 4.350603552181969 0.021907469362493694
4.1626102660064763 4.3506991415634522 0.021907472623122325
4.1669735891364619 4.3507947309238224 0.021907460634842252
4.1713369122664474 4.3508903202139804 0.021907442536785879
4.1757002353964339 4.3509859094293883 0.021907427248566789
4.1800635585264194 4.3510814985892994 0.021907416948310811
4.184426881656405 4.351177087714218 0.021907411221642942
4.1887902047863905 4.3512726768243892 0.021907410230025143
4.193153527916377 4.3513682659397688 0.021907413364592631
4.1975168510463625 4.3514638550737779 0.021907418207618646
4.2018801741763481 4.3515594442278971 0.021907422336401146
4.2062434973063345 4.3516550333970319 0.02190742512887044
4.2106068204363201 4.351750622575679 0.02190742669437681
4.2149701435663056 4.3518462117584154 0.021907426991642158
4.2193334666962921 4.351941800939878 0.021907426172873834
4.2236967898262776 4.3520373901163989 0.021907424877237621
4.2280601129562632 4.3521329792875116 0.021907423762467459
4.2324234360862487 4.3522285684545619 0.021907423005647471
4.2367867592162352 4.3523241576190284 0.021907422578066764
4.2411500823462207 4.3524197467823615 0.021907422489570297
4.2455134054762063 4.352515335946002 0.021907422703230393
4.2498767286061927 4.3526109251109535 0.021907423049707463
4.2542400517361783 4.352706514277358 0.02190742335053323
4.2586033748661638 4.3528021034448621 0.021907423555821984
4.2629666979961502 4.3528976926130687 0.021907423672870151
4.2673300211261358 4.3529932817815897 0.02190742369860188
4.2716933442561213 4.3530888709500353 0.021907423642909457
4.2760566673861078 4.3531844601181353 0.021907423550478117
4.2804199905160933 4.3532800492858437 0.02190742346904272
4.2847833136460789 4.3533756384532545 0.021907423413351813
4.2891466367760644 4.3534712276204743 0.021907423381684273
4.2935099599060509 4.3535668167876089 0.021907423374114679
4.2978732830360364 4.3536624059547595 0.021907423388428611
4.302236606166022 4.3537579951220025 0.021907423413257156
4.3065999292960084 4.3538535842893502 0.021907423435183628
4.310963252425994 4.3539491734567788 0.021907423450278504
4.3153265755559795 4.3540447626242589 0.0219074234589752
4.319689898685966 4.354140351791763 0.021907423460986817
4.3240532218159515 4.3542359409592617 0.021907423457067671
4.3284165449459371 4.3543315301267365 0.021907423450594009
4.3327798680759235 4.3544271192941837 0.021907423444975753
4.3371431912059091 4.3545227084616105 0.021907423440946459
4.3415065143358946 4.3546182976290222 0.021907423438268611
4.3458698374658802 4.3547138867964268 0.021907423437742636
4.3502331605958666 4.3548094759638332 0.021907423438846996
4.3545964837258522 4.3549050651312458 0.021907423440451546
4.3589598068558377 4.3550006542986655 0.021907423442102357
4.3633231299858242 4.3550962434660914 0.021907423443041165
4.3676864531158097 4.3551918326335199 0.021907423443741806
4.3720497762457953 4.3552874218009521 0.021907423444288466
4.3764130993757817 4.3553830109683842 0.021907423443830468
4.3807764225057673 4.3554786001358137 0.021907423443283811
4.3851397456357528 4.3555741893032414 0.021907423442888475
4.3895030687657384 4.3556697784706673 0.021907423442573831
4.3938663918957248 4.3557653676380923 0.021907423442382345
4.3982297150257104 4.3558609568055164 0.021907423442241617
4.4025930381556959 4.3559565459729406 0.021907423442398714
4.4069563612856824 4.3560521351403656 0.021907423442508348
4.4113196844156679 4.3561477243077906 0.021907423442523388
4.4156830075456535 4.3562433134752165 0.021907423442977636
4.4200463306756399 4.3563389026426442 0.021907423442964216
4.4244096538056255 4.3564344918100701 0.021907423442563648
4.428772976935611 4.3565300809774961 0.021907423442971391
4.4331363000655974 4.3566256701449237 0.02190742344294893
4.437499623195583 4.3567212593123497 0.021907423442631042
4.4418629463255686 4.3568168484797756 0.021907423442717098
4.4462262694555541 4.3569124376472015 0.021907423442690775
4.4505895925855405 4.3570080268146274 0.021907423442696632
4.4549529157155261 4.3571036159820533 0.021907423442699518
4.4593162388455116 4.3571992051494792 0.02190742344269548
4.4636795619754981 4.3572947943169051 0.021907423442695369
4.4680428851054836 4.3573903834843311 0.021907423442699855
4.4724062082354692 4.357485972651757 0.021907423442695393
4.4767695313654556 4.3575815618191829 0.02190742344269539
4.4811328544954412 4.3576771509866088 0.021907423442699869
4.4854961776254267 4.3577727401540347 0.021907423442695324
4.4898595007554132 4.3578683293214606 0.02190742344269565
4.4942228238853987 4.3579639184888865 0.021907423442698908
4.4985861470153843 4.3580595076563124 0.021907423442698915
4.5029494701453698 4.3581550968237384 0.021907423442695646
4.5073127932753563 4.3582506859911643 0.021907423442695313
4.5116761164053418 4.3583462751585902 0.021907423442699921
4.5160394395353274 4.3584418643260161 0.021907423442695206
4.5204027626653138 4.358537453493442 0.021907423442696073
4.5247660857952994 4.3586330426608679 0.021907423442697319
4.5291294089252849 4.3587286318282938 0.021907423442704833
4.5334927320552714 4.3588242209957198 0.021907423442660147
4.5378560551852569 4.3589198101631457 0.021907423442831399
4.5422193783152425 4.3590153993305725 0.021907423442815113
4.5465827014452289 4.3591109884979984 0.021907423442695632
4.5509460245752145 4.3592065776654243 0.02190742344257917
4.5553093477052 4.3593021668328493 0.021907423442567218
4.5596726708351856 4.3593977560002752 0.021907423442731506
4.564035993965172 4.3594933451677012 0.021907423442683566
4.5683993170951576 4.3595889343351271 0.021907423442711051
4.5727626402251431 4.359684523502553 0.021907423442662426
4.5771259633551296 4.3597801126699789 0.021907423442816064
4.5814892864851151 4.3598757018374057 0.021907423442860813
4.5858526096151007 4.3599712910048316 0.021907423442541547
4.5902159327450871 4.3600668801722566 0.021907423442539153
4.5945792558750727 4.3601624693396825 0.021907423442867991
4.5989425790050582 4.3602580585071093 0.021907423442789745
4.6033059021350438 4.3603536476745353 0.021907423442773889
4.6076692252650302 4.3604492368419621 0.021907423442902182
4.6120325483950158 4.360544826009388 0.021907423442404875
4.6163958715250013 4.3606404151768121 0.021907423442447175
4.6207591946549877 4.360736004344238 0.021907423442761902
4.6251225177849733 4.3608315935116639 0.021907423442682032
4.6294858409149588 4.3609271826790899 0.02190742344270017
4.6338491640449453 4.3610227718465158 0.021907423442694109
4.6382124871749308 4.3611183610139417 0.021907423442700216
4.6425758103049164 4.3612139501813676 0.02190742344269522
4.6469391334349028 4.3613095393487935 0.021907423442695719
4.6513024565648884 4.3614051285162194 0.021907423442698724
4.6556657796948739 4.3615007176836453 0.021907423442699581
4.6600291028248595 4.3615963068510712 0.021907423442693162
4.6643924259548459 4.3616918960184972 0.021907423442704591
4.6687557490848315 4.3617874851859231 0.021907423442665296
4.673119072214817 4.361883074353349 0.021907423442824436
4.6774823953448035 4.3619786635207758 0.021907423442824446
4.681845718474789 4.3620742526882017 0.021907423442665271
4.6862090416047746 4.3621698418556276 0.021907423442704663
4.690572364734761 4.3622654310230535 0.021907423442692905
4.6949356878647466 4.3623610201904794 0.021907423442700535
4.6992990109947321 4.3624566093579054 0.02190742344269515
4.7036623341247186 4.3625521985253313 0.021907423442695684
4.7080256572547041 4.3626477876927572 0.021907423442698942
4.7123889803846897 4.3627433768601831 0.021907423442698738
4.7167523035146752 4.362838966027609 0.021907423442696309
4.7211156266446617 4.3629345551950349 0.021907423442692843
4.7254789497746472 4.3630301443624608 0.021907423442709135
4.7298422729046328 4.3631257335298868 0.021907423442660813
4.7342055960346192 4.3632213226973127 0.021907423442824439
4.7385689191646048 4.3633169118647395 0.021907423442828918
4.7429322422945903 4.3634125010321654 0.021907423442660744
4.7472955654245768 4.3635080901995913 0.02190742344270491
4.7516588885545623 4.3636036793670172 0.021907423442696434
4.7560222116845479 4.3636992685344431 0.021907423442699542
4.7603855348145334 4.363794857701869 0.021907423442695601
4.7647488579445199 4.3638904468692949 0.021907423442694873
4.7691121810745054 4.3639860360367209 0.021907423442701728
4.773475504204491 4.3640816252041468 0.021907423442688416
4.7778388273344774 4.3641772143715727 0.021907423442721424
4.782202150464463 4.3642728035389986 0.021907423442602717
4.7865654735944485 4.3643683927064236 0.02190742344244723
4.7909287967244349 4.3644639818738487 0.021907423442563856
4.7952921198544205 4.3645595710412746 0.021907423442863502
4.7996554429844061 4.3646551602087014 0.021907423442783014
4.8040187661143925 4.3647507493761273 0.021907423442791934
4.808382089244378 4.3648463385435541 0.021907423442836738
4.8127454123743636 4.36494192771098 0.021907423442661982
4.8171087355043491 4.3650375168784059 0.021907423442705538
4.8214720586343356 4.3651331060458318 0.021907423442692676
4.8258353817643211 4.3652286952132577 0.02190742344270058
4.8301987048943067 4.3653242843806837 0.021907423442695195
4.8345620280242931 4.3654198735481096 0.021907423442695455
4.8389253511542787 4.3655154627155355 0.021907423442699792
4.8432886742842642 4.3656110518829614 0.021907423442695573
4.8476519974142507 4.3657066410503873 0.021907423442694723
4.8520153205442362 4.3658022302178132 0.021907423442702353
4.8563786436742218 4.3658978193852391 0.02190742344268606
4.8607419668042082 4.365993408552665 0.021907423442730216
4.8651052899341938 4.366088997720091 0.021907423442569903
4.8694686130641793 4.366184586887516 0.021907423442569688
4.8738319361941649 4.3662801760549419 0.021907423442730885
4.8781952593241513 4.3663757652223678 0.02190742344268358
4.8825585824541369 4.3664713543897937 0.02190742344271162
4.8869219055841224 4.3665669435572196 0.021907423442660143
4.8912852287141089 4.3666625327246456 0.02190742344282462
4.8956485518440944 4.3667581218920724 0.021907423442828873
4.90001187497408 4.3668537110594983 0.021907423442660758
4.9043751981040664 4.3669493002269242 0.02190742344270491
4.908738521234052 4.3670448893943501 0.02190742344269643
4.9131018443640375 4.367140478561776 0.021907423442699577
4.9174651674940231 4.3672360677292019 0.021907423442695466
4.9218284906240095 4.3673316568966278 0.021907423442695372
4.9261918137539951 4.3674272460640537 0.021907423442699858
4.9305551368839806 4.3675228352314797 0.02190742344269539
4.9349184600139671 4.3676184243989056 0.021907423442695396
4.9392817831439526 4.3677140135663315 0.021907423442699848
4.9436451062739382 4.3678096027337574 0.021907423442695393
4.9480084294039246 4.3679051919011833 0.02190742344269539
4.9523717525339102 4.3680007810686092 0.021907423442699869
4.9567350756638957 4.3680963702360351 0.021907423442695324
4.9610983987938821 4.3681919594034611 0.021907423442695646
4.9654617219238677 4.368287548570887 0.021907423442698911
4.9698250450538533 4.3683831377383129 0.021907423442698904
4.9741883681838388 4.3684787269057388 0.021907423442695688
4.9785516913138252 4.3685743160731647 0.021907423442695161
4.9829150144438108 4.3686699052405906 0.02190742344270049
4.9872783375737963 4.3687654944080165 0.021907423442693082
4.9916416607037828 4.3688610835754424 0.021907423442703997
4.9960049838337683 4.3689566727428684 0.021907423442667755
5.0003683069637539 4.3690522619102943 0.021907423442815176
5.0047316300937403 4.3691478510777211 0.021907423442859019
5.0090949532237259 4.369243440245147 0.021907423442536243
5.0134582763537114 4.369339029412572 0.021907423442575541
5.0178215994836979 4.3694346185799979 0.021907423442727746
5.0221849226136834 4.3695302077474238 0.021907423442690307
5.026548245743669 4.3696257969148498 0.021907423442701218
5.0309115688736545 4.3697213860822757 0.021907423442695025
5.035274892003641 4.3698169752497016 0.021907423442695494
5.0396382151336265 4.3699125644171275 0.021907423442699827
5.0440015382636121 4.3700081535845534 0.0219074234426954
5.0483648613935985 4.3701037427519793 0.021907423442695386
5.0527281845235841 4.3701993319194052 0.021907423442699872
5.0570915076535696 4.3702949210868312 0.021907423442695324
5.0614548307835561 4.3703905102542571 0.02190742344269565
5.0658181539135416 4.370486099421683 0.021907423442698908
5.0701814770435272 4.3705816885891089 0.021907423442698915
5.0745448001735127 4.3706772777565348 0.021907423442695643
5.0789081233034992 4.3707728669239607 0.021907423442695327
5.0832714464334847 4.3708684560913866 0.021907423442699872
5.0876347695634703 4.3709640452588125 0.021907423442695386
5.0919980926934567 4.3710596344262385 0.021907423442695396
5.0963614158234423 4.3711552235936644 0.021907423442699848
5.1007247389534278 4.3712508127610903 0.021907423442695393
5.1050880620834143 4.3713464019285162 0.02190742344269539
5.1094513852133998 4.3714419910959421 0.021907423442699869
5.1138147083433854 4.371537580263368 0.021907423442695324
5.1181780314733718 4.3716331694307939 0.02190742344269565
5.1225413546033574 4.3717287585982199 0.021907423442698908
5.1269046777333429 4.3718243477656458 0.021907423442698915
5.1312680008633285 4.3719199369330717 0.021907423442695643
5.1356313239933149 4.3720155261004976 0.021907423442695327
5.1399946471233005 4.3721111152679235 0.021907423442699872
5.144357970253286 4.3722067044353494 0.02190742344269539
5.1487212933832724 4.3723022936027753 0.02190742344269539
5.153084616513258 4.3723978827702012 0.021907423442699876
5.1574479396432436 4.3724934719376272 0.021907423442695296
5.16181126277323 4.3725890611050531 0.02190742344269575
5.1661745859032155 4.372684650272479 0.021907423442698526
5.1705379090332011 4.3727802394399049 0.021907423442700334
5.1749012321631875 4.3728758286073308 0.021907423442676942
5.1792645552931731 4.3729714177747567 0.02190742344276873
5.1836278784231586 4.3730670069421826 0.021907423442438331
5.1879912015531442 4.3731625961096068 0.021907423442446811
5.1923545246831306 4.3732581852770327 0.021907423442729907
5.1967178478131162 4.3733537744444586 0.021907423442810391
5.2010811709431017 4.3734493636118854 0.02190742344282939
5.2054444940730882 4.3735449527793113 0.021907423442659529
5.2098078172030737 4.3736405419467372 0.021907423442709309
5.2141711403330593 4.3737361311141632 0.021907423442693422
5.2185344634630457 4.3738317202815891 0.021907423442693804
5.2228977865930313 4.373927309449015 0.021907423442708168
5.2272611097230168 4.3740228986164409 0.02190742344266372
5.2316244328530024 4.3741184877838668 0.021907423442827149
5.2359877559829888 4.3742140769512936 0.021907423442815165
5.2403510791129744 4.3743096661187195 0.021907423442699685
5.2447144022429599 4.3744052552861454 0.021907423442576294
5.2490777253729464 4.3745008444535705 0.021907423442561285
5.2534410485029319 4.3745964336209964 0.021907423442744725
5.2578043716329175 4.3746920227884223 0.021907423442650016
5.2621676947629039 4.3747876119558482 0.02190742344283203
5.2665310178928895 4.374883201123275 0.021907423442809354
5.270894341022875 4.3749787902907009 0.021907423442731416
5.2752576641528615 4.3750743794581268 0.021907423442441797
5.279620987282847 4.375169968625551 0.021907423442456875
5.2839843104128326 4.3752655577929769 0.021907423442699574
5.2883476335428181 4.3753611469604028 0.021907423442935035
5.2927109566728046 4.3754567361278305 0.02190742344295844
5.2970742798027901 4.3755523252952564 0.021907423442629369
5.3014376029327757 4.3756479144626823 0.021907423442714277
5.3058009260627621 4.3757435036301082 0.021907423442690335
5.3101642491927477 4.3758390927975341 0.021907423442701208
5.3145275723227332 4.37593468196496 0.021907423442695032
5.3188908954527196 4.376030271132386 0.021907423442695487
5.3232542185827052 4.3761258602998119 0.021907423442699841
5.3276175417126908 4.3762214494672378 0.021907423442695331
5.3319808648426772 4.3763170386346637 0.021907423442695646
5.3363441879726627 4.3764126278020896 0.021907423442698901
5.3407075111026483 4.3765082169695155 0.021907423442698956
5.3450708342326338 4.3766038061369414 0.021907423442695466
5.3494341573626203 4.3766993953043674 0.021907423442695993
5.3537974804926058 4.3767949844717933 0.021907423442697384
5.3581608036225914 4.3768905736392192 0.02190742344270466
5.3625241267525778 4.3769861628066451 0.021907423442660799
5.3668874498825634 4.377081751974071 0.021907423442828963
5.3712507730125489 4.3771773411414978 0.021907423442824196
5.3756140961425354 4.3772729303089237 0.021907423442661726
5.3799774192725209 4.3773685194763496 0.021907423442705718
5.3843407424025065 4.3774641086437756 0.0219074234427056
5.388704065532492 4.3775596978112015 0.021907423442662086
5.3930673886624785 4.3776552869786274 0.021907423442822864
5.397430711792464 4.3777508761460542 0.021907423442833935
5.4017940349224496 4.3778464653134801 0.021907423442642265
5.406157358052436 4.377942054480906 0.02190742344277382
5.4105206811824216 4.3780376436483319 0.021907423442439272
5.4148840043124071 4.3781332328157561 0.02190742344243796
5.4192473274423936 4.378228821983182 0.021907423442764369
5.4236106505723791 4.3783244111506079 0.021907423442681387
5.4279739737023647 4.3784200003180338 0.021907423442700278
5.4323372968323511 4.3785155894854597 0.021907423442694321
5.4367006199623367 4.3786111786528856 0.021907423442699265
5.4410639430923222 4.3787067678203115 0.021907423442698817
5.4454272662223078 4.3788023569877375 0.021907423442695667
5.4497905893522942 4.3788979461551634 0.02190742344269532
5.4541539124822798 4.3789935353225893 0.021907423442699872
5.4585172356122653 4.3790891244900152 0.021907423442695386
5.4628805587422518 4.3791847136574411 0.021907423442695396
5.4672438818722373 4.379280302824867 0.021907423442699848
5.4716072050022229 4.3793758919922929 0.021907423442695393
5.4759705281322093 4.3794714811597188 0.02190742344269539
5.4803338512621949 4.3795670703271448 0.021907423442699869
5.4846971743921804 4.3796626594945707 0.02190742344269532
5.4890604975221668 4.3797582486619966 0.021907423442695653
5.4934238206521524 4.3798538378294225 0.021907423442698894
5.497787143782138 4.3799494269968484 0.02190742344269896
5.5021504669121235 4.3800450161642743 0.021907423442695466
5.5065137900421099 4.3801406053317002 0.021907423442695993
5.5108771131720955 4.3802361944991262 0.021907423442697388
5.5152404363020811 4.3803317836665521 0.021907423442704656
5.5196037594320675 4.380427372833978 0.021907423442660813
5.523967082562053 4.3805229620014039 0.021907423442828918
5.5283304056920386 4.3806185511688307 0.021907423442824373
5.532693728822025 4.3807141403362566 0.02190742344266107
5.5370570519520106 4.3808097295036825 0.021907423442708174
5.5414203750819961 4.3809053186711084 0.021907423442696423
5.5457836982119817 4.3810009078385344 0.021907423442696323
5.5501470213419681 4.3810964970059603 0.021907423442695102
5.5545103444719537 4.3811920861733862 0.021907423442700094
5.5588736676019392 4.3812876753408121 0.02190742344269471
5.5632369907319257 4.381383264508238 0.021907423442697881
5.5676003138619112 4.3814788536756639 0.021907423442690591
5.5719636369918968 4.3815744428430898 0.021907423442729945
5.5763269601218832 4.3816700320105157 0.02190742344256643
5.5806902832518688 4.3817656211779408 0.021907423442570489
5.5850536063818543 4.3818612103453667 0.021907423442731146
5.5894169295118408 4.3819567995127926 0.021907423442681748
5.5937802526418263 4.3820523886802185 0.021907423442718687
5.5981435757718119 4.3821479778476444 0.021907423442633703
5.6025068989017974 4.3822435670150703 0.02190742344293671
5.6068702220317839 4.382339156182498 0.021907423443017597
5.6112335451617694 4.3824347453499239 0.021907423442391064
5.615596868291755 4.3825303345173481 0.021907423442387015
5.6199601914217414 4.382625923684774 0.021907423443016362
5.624323514551727 4.3827215128522017 0.0219074234429457
5.6286868376817125 4.3828171020196276 0.021907423442612362
5.633050160811699 4.3829126911870535 0.021907423442781664
5.6374134839416845 4.3830082803544794 0.0219074234424378
5.6417768070716701 4.3831038695219036 0.021907423442435996
5.6461401302016565 4.3831994586893295 0.021907423442773695
5.6505034533316421 4.3832950478567554 0.021907423442646054
5.6548667764616276 4.3833906370241813 0.021907423442832284
5.6592300995916132 4.3834862261916081 0.021907423442825671
5.6635934227215996 4.383581815359034 0.021907423442652507
5.6679567458515852 4.3836774045264599 0.021907423442741134
5.6723200689815707 4.3837729936938858 0.021907423442573147
5.6766833921115571 4.3838685828613109 0.021907423442532426
5.6810467152415427 4.3839641720287368 0.021907423442863304
5.6854100383715283 4.3840597611961636 0.021907423442815228
5.6897733615015147 4.3841553503635895 0.021907423442663269
5.6941366846315002 4.3842509395310154 0.021907423442708521
5.6985000077614858 4.3843465286984413 0.021907423442692843
5.7028633308914722 4.3844421178658672 0.02190742344269693
5.7072266540214578 4.3845377070332932 0.02190742344269626
5.7115899771514433 4.3846332962007191 0.021907423442708223
5.7159533002814289 4.384728885368145 0.021907423442661052
5.7203166234114153 4.3848244745355709 0.02190742344282438
5.7246799465414009 4.3849200637029977 0.021907423442828918
5.7290432696713864 4.3850156528704236 0.021907423442660813
5.7334065928013729 4.3851112420378495 0.021907423442704656
5.7377699159313584 4.3852068312052754 0.021907423442697384
5.742133239061344 4.3853024203727013 0.02190742344269599
5.7464965621913304 4.3853980095401273 0.021907423442695466
5.750859885321316 4.3854935987075532 0.02190742344269896
5.7552232084513015 4.3855891878749791 0.021907423442698887
5.7595865315812871 4.385684777042405 0.021907423442695695
5.7639498547112735 4.3857803662098309 0.021907423442695147
5.7683131778412591 4.3858759553772568 0.021907423442700538
5.7726765009712446 4.3859715445446827 0.021907423442692902
5.7770398241012311 4.3860671337121087 0.02190742344270467
5.7814031472312166 4.3861627228795346 0.021907423442665237
5.7857664703612022 4.3862583120469605 0.021907423442824574
5.7901297934911886 4.3863539012143873 0.021907423442823953
5.7944931166211742 4.3864494903818132 0.021907423442667107
5.7988564397511597 4.3865450795492391 0.021907423442697808
5.8032197628811462 4.386640668716665 0.021907423442718479
5.8075830860111317 4.3867362578840909 0.021907423442605104
5.8119464091411173 4.386831847051516 0.021907423442440635
5.8163097322711028 4.386927436218941 0.021907423442601222
5.8206730554010893 4.3870230253863669 0.021907423442720616
5.8250363785310748 4.3871186145537928 0.021907423442693138
5.8293997016610604 4.3872142037212187 0.021907423442697024
5.8337630247910468 4.3873097928886446 0.021907423442695577
5.8381263479210324 4.3874053820560706 0.021907423442697502
5.8424896710510179 4.3875009712234965 0.021907423442704622
5.8468529941810043 4.3875965603909224 0.02190742344266082
5.8512163173109899 4.3876921495583483 0.021907423442828918
5.8555796404409755 4.3877877387257751 0.021907423442824366
5.8599429635709619 4.387883327893201 0.021907423442661091
5.8643062867009474 4.3879789170606269 0.021907423442708077
5.868669609830933 4.3880745062280528 0.021907423442696788
5.8730329329609186 4.3881700953954788 0.02190742344269498
5.877396256090905 4.3882656845629047 0.021907423442700111
5.8817595792208905 4.3883612737303306 0.021907423442681394
5.8861229023508761 4.3884568628977565 0.021907423442764508
5.8904862254808625 4.3885524520651824 0.021907423442437391
5.8948495486108481 4.3886480412326065 0.021907423442441416
5.8992128717408336 4.3887436304000325 0.021907423442765812
5.9035761948708201 4.3888392195674584 0.021907423442672151
5.9079395180008056 4.3889348087348843 0.021907423442722403
5.9123028411307912 4.3890303979023102 0.021907423442628426
5.9166661642607767 4.3891259870697361 0.021907423442954099
5.9210294873907632 4.3892215762371638 0.021907423442953329
5.9253928105207487 4.3893171654045897 0.02190742344263074
5.9297561336507343 4.3894127545720156 0.021907423442713913
5.9341194567807207 4.3895083437394415 0.021907423442690432
5.9384827799107063 4.3896039329068675 0.021907423442701173
5.9428461030406918 4.3896995220742934 0.021907423442695063
5.9472094261706783 4.3897951112417193 0.02190742344269539
5.9515727493006638 4.3898907004091452 0.021907423442700188
5.9559360724306494 4.3899862895765711 0.02190742344269405
5.9602993955606358 4.390081878743997 0.021907423442700431
5.9646627186906214 4.3901774679114229 0.021907423442681043
5.9690260418206069 4.3902730570788489 0.021907423442765587
5.9733893649505925 4.3903686462462748 0.021907423442446807
5.9777526880805789 4.3904642354136989 0.021907423442402658
5.9821160112105645 4.3905598245811248 0.021907423442898061
5.98647933434055 4.3906554137485516 0.021907423442805954
5.9908426574705365 4.3907510029159775 0.021907423442665601
5.995205980600522 4.3908465920834034 0.021907423442708455
5.9995693037305076 4.3909421812508294 0.021907423442690779
6.003932626860494 4.3910377704182553 0.021907423442705236
6.0082959499904796 4.3911333595856812 0.021907423442665091
6.0126592731204651 4.3912289487531071 0.021907423442824595
6.0170225962504515 4.3913245379205339 0.021907423442824005
6.0213859193804371 4.3914201270879598 0.02190742344266686
6.0257492425104227 4.3915157162553857 0.021907423442698734
6.0301125656404082 4.3916113054228116 0.021907423442728405
6.0344758887703946 4.3917068945902376 0.021907423442564463
6.0388392119003802 4.3918024837576626 0.021907423442579909
6.0432025350303658 4.3918980729250885 0.021907423442695438
6.0475658581603522 4.3919936620925144 0.021907423442815162
6.0519291812903377 4.3920892512599412 0.021907423442831406
6.0562925044203233 4.3921848404273671 0.021907423442660081
6.0606558275503097 4.392280429594793 0.02190742344270509
6.0650191506802953 4.3923760187622189 0.021907423442696378
6.0693824738102808 4.3924716079296449 0.021907423442699595
6.0737457969402664 4.3925671970970708 0.021907423442695462
6.0781091200702528 4.3926627862644967 0.021907423442695376
6.0824724432002384 4.3927583754319226 0.021907423442699858
6.0868357663302239 4.3928539645993485 0.02190742344269539
6.0911990894602104 4.3929495537667744 0.021907423442695396
6.0955624125901959 4.3930451429342003 0.021907423442699844
6.0999257357201815 4.3931407321016263 0.021907423442695403
6.1042890588501679 4.3932363212690522 0.021907423442695344
6.1086523819801535 4.3933319104364781 0.021907423442700049
6.113015705110139 4.393427499603904 0.021907423442694657
6.1173790282401255 4.3935230887713299 0.02190742344269813
6.121742351370111 4.3936186779387558 0.021907423442689644
6.1261056745000966 4.3937142671061817 0.021907423442733488
6.1304689976300821 4.3938098562736077 0.021907423442566621
6.1348323207600686 4.3939054454410327 0.021907423442566173
6.1391956438900541 4.3940010346084586 0.021907423442734834
6.1435589670200397 4.3940966237758845 0.021907423442684686
6.1479222901500261 4.3941922129433104 0.021907423442703241
6.1522856132800117 4.3942878021107363 0.021907423442679166
6.1566489364099972 4.3943833912781622 0.021907423442770288
6.1610122595399837 4.394478980445589 0.021907423443027155
6.1653755826699692 4.394574569613015 0.021907423441908578
6.1697389057999548 4.3946701587804409 0.021907423445528734
6.1741022289299412 4.3947657479478668 0.021907423432153312
6.1784655520599268 4.3948613371152891 0.021907423479592181
6.1828288751899123 4.3949569262827302 0.02190742331360683
6.1871921983198979 4.3950525154501019 0.02190742389530138
6.1915555214498843 4.3951481046177312 0.021907421863956427
6.1959188445798699 4.3952436937843959 0.021907428921551161
6.2002821677098554 4.3953392829546631 0.021907404536210068
6.2046454908398418 4.3954348721114851 0.021907488252560191
6.2090088139698274 4.3955304613184829 0.02190720302661385
6.213372137099813 4.3956260503382225 0.021908165963184366
6.2177354602297994 4.3957216400568218 0.021904951194066585
6.2220987833597849 4.3958172271672469 0.021915534586026644
6.2264621064897705 4.3959128240115035 0.02188131502845914
6.2308254296197561 4.3960083845286082 0.021989325646479371
6.2351887527497425 4.3961040806204865 0.021659740370137865
6.239552075879728 4.3961992707404249 0.022615404525031951
6.2439153990097136 4.3962963491733484 0.020072760874653189
6.2482787221397 4.3963863803262715 0.025740626881732925
6.2526420452696856 4.3965027122862121 0.018849556569679654
6.2570053683996711 4.3965208882980846 -0.0086579840113578804
6.2613686915296576 4.396905387295206 0.29264132184458092
6.2657320146596431 4.3959227502993983 -1.573156698060538
6.2700953377896287 4.3966631630723807 5.833444362432866
6.2744586609196151 4.3974245120120532 -20.728085456039341
6.2788219840496007 4.3967580256969798 77.144120197993786
6.2831853071795862 4.9282645034983918 77.13029797121996
