# q  U_kJmol  dU_dq   # conservative spline pchip_hermite_v1
0 3.9313895424762983 431.56091979064206
0.0043633231299858239 3.9313895424762979 -115.32090440521146
0.0087266462599716477 3.9342452945401503 31.68616831733766
0.013089969389957472 3.9371010466040026 -7.4968278898708336
0.017453292519943295 3.942812333255131 4.1914051776686225
0.021816615649929118 3.9535289874746642 2.0262273149488954
0.026179938779914945 3.9651514836850783 3.0629540130618391
0.030543261909900768 3.9794321539211155 3.5316619936822904
0.034906585039886591 3.9963380303380145 4.2526880218220509
0.039269908169872414 4.0170870629495132 5.347194302344513
0.043633231299858237 4.0411018580039908 5.1358755701366219
0.04799655442984406 4.0578042760309785 2.1043969743428974
0.05235987755982989 4.0589835601505708 -1.2589107053994921
0.056723200689815713 4.0491420014402451 -3.024495453134191
0.061086523819801536 4.0346144221774232 -3.3980925568639488
0.065449846949787352 4.0213011559252489 -2.5250896724300755
0.069813170079773182 4.0133987616169433 -1.088362469787564
0.074176493209759012 4.0115340358457576 0.16316244895233453
0.078539816339744828 4.0142456785217986 1.0180098449361137
0.082903139469730658 4.0198836575489647 1.5055751807984028
0.087266462599716474 4.0268362368495731 1.6163196786075635
0.091629785729702304 4.0334956350843196 1.388052468004052
0.09599310885968812 4.0387234534254874 1.0045185288703424
0.10035643198967395 4.0423278907053835 0.66648506452643941
0.10471975511965978 4.0446943946429528 0.43485799080152149
0.1090830782496456 4.0462660309098979 0.3017487264610455
0.11344640137963143 4.0474743991852415 0.26953743095843552
0.11780972450961724 4.0487513507260298 0.32888158416024388
0.12217304763960307 4.0504071507693977 0.43134768999005302
0.1265363707695889 4.0524992469377743 0.52259127571191977
0.1308996938995747 4.054926209747248 0.58536328878060018
0.13526301702956053 4.0575690335194796 0.62168405913093783
0.13962634015954636 4.0603121460582585 0.63099750686156508
0.14398966328953219 4.0630395742079219 0.61559263065084213
0.14835298641951802 4.065666810596726 0.58822811568567901
0.15271630954950383 4.0681768165578447 0.56360256644375639
0.15707963267948966 4.0705962470728778 0.54659248407540439
0.16144295580947549 4.0729570667350954 0.53668541933216696
0.16580627893946132 4.0752902242233189 0.53400679680933527
0.17016960206944712 4.0776268576455355 0.53799911795173561
0.17453292519943295 4.0799899704789508 0.54530423414520746
0.17889624832941878 4.0823845749614396 0.55194941327883285
0.18325957145940461 4.0848036763112958 0.55655844886996797
0.18762289458939044 4.087238689092473 0.55925982703763155
0.19198621771937624 4.0896813253312327 0.56002667644160919
0.19634954084936207 4.092123226267864 0.55899384749178005
0.2007128639793479 4.0945581338303931 0.55704446753630099
0.20507618710933373 4.096984583843664 0.55525154393053988
0.20943951023931956 4.0994044091044994 0.55400279152030385
0.21380283336930536 4.1018199154940893 0.55326644337298581
0.21816615649929119 4.1042333226045891 0.55304779325434128
0.22252947962927702 4.1066468738512851 0.55331448464230593
0.22689280275926285 4.1090622707884323 0.55383447323543278
0.23125612588924865 4.1114799385613354 0.55431814240997834
0.23561944901923448 4.1138993977047749 0.55465644443134621
0.23998277214922031 4.1163200289447968 0.55485709707492226
0.24434609527920614 4.1187412378281154 0.55491921700314306
0.24870941840919197 4.1211624223511123 0.55485049399880459
0.2530727415391778 4.1235831201129818 0.55471184486566893
0.25743606466916363 4.1260032083139926 0.55458138892907105
0.26179938779914941 4.1284228121694087 0.55448974713306232
0.26616271092913524 4.1308420979789569 0.55443508652179885
0.27052603405912107 4.1332612249579244 0.554417494668626
0.2748893571891069 4.1356803546221084 0.5544351650482745
0.27925268031909273 4.138099612565223 0.55447211969759769
0.28361600344907856 4.1405190340917741 0.55450730050270225
0.28797932657906439 4.1429385865587793 0.55453212234373306
0.29234264970905022 4.145358225310666 0.55454700731363304
0.29670597283903605 4.1477779076993997 0.55455197319351401
0.30106929596902182 4.150197590395452 0.55454743848681554
0.30543261909900765 4.1526172393025274 0.55453759114116452
0.30979594222899348 4.1550368443168981 0.55452810524047835
0.31415926535897931 4.157456413940162 0.55452138465547185
0.31852258848896514 4.159875960171151 0.55451733642004875
0.32288591161895097 4.1622954944436792 0.55451594457126707
0.3272492347489368 4.1647150283892866 0.55451711339563181
0.33161255787892263 4.1671345712620091 0.55451974300501461
0.33597588100890846 4.1695541259265623 0.55452230104083333
0.34033920413889424 4.171973690141793 0.55452411331592977
0.34470252726888007 4.1743932606492944 0.5545251989885871
0.3490658503988659 4.1768128343486808 0.55452556484795479
0.35342917352885173 4.1792324080825614 0.55452523403273724
0.35779249665883756 4.1816519793318268 0.55452450685513199
0.36215581978882339 4.1840715473455825 0.55452381351264568
0.36651914291880922 4.186491112830649 0.55452335088896842
0.37088246604879505 4.1889106768017808 0.55452311522263431
0.37524578917878088 4.1913302402295267 0.55452310600224164
0.37960911230876665 4.1937498041035823 0.55452331180554126
0.38397243543875248 4.1961693691462143 0.55452360812656354
0.38833575856873831 4.1985889353404051 0.55452381224660885
0.39269908169872414 4.2010085020355241 0.55452383561179874
0.39706240482870997 4.20342806843564 0.55452367961463267
0.4014257279586958 4.2058476337587543 0.55452333691713962
0.40578905108868163 4.2082671972035293 0.55452283176157768
0.41015237421866746 4.2106867584094108 0.55452236428058188
0.41451569734865329 4.2131063182108832 0.55452223440981296
0.41887902047863912 4.2155258785086218 0.55452259698082373
0.42324234360862489 4.2179454414710058 0.55452344985025404
0.42760566673861072 4.220365009254051 0.55452482231923772
0.43196898986859655 4.2227845840791991 0.55452663580964989
0.43633231299858238 4.2252041667249811 0.55452822824411863
0.44069563612856821 4.2276237539653909 0.55452858112100034
0.44505895925855404 4.2300433388969232 0.55452714874511677
0.44942228238853987 4.2324629136406875 0.55452393331122907
0.4537856055185257 4.2348824703599917 0.55451883012344827
0.45814892864851153 4.2373020009507254 0.5545121009208096
0.46251225177849731 4.2397215024218609 0.55450613507645397
0.46687557490848314 4.2421409864467003 0.55450471130599632
0.47123889803846897 4.2445604785329536 0.55450991966246288
0.4756022211684548 4.2469800080314606 0.55452177539777403
0.47996554429844063 4.2493996041143447 0.55454064691644678
0.48432886742842646 4.251819297038308 0.55456566817336184
0.48869219055841229 4.2542390988591432 0.55458816662244725
0.49305551368839812 4.2566589676017887 0.55459403559064069
0.49741883681838395 4.2590788089347136 0.55457522778046742
0.50178215994836972 4.2614985133280801 0.55453159181230416
0.50614548307835561 4.263917971994049 0.55446184107672281
0.51050880620834138 4.2663370718224485 0.55436881173462027
0.51487212933832727 4.2687557644156531 0.55428396700425542
0.51923545246831304 4.2711742004242925 0.55425996642051911
0.52359877559829882 4.2735927286088256 0.55432777440991832
0.5279620987282847 4.2760117577233121 0.55448833257813712
0.53232542185827048 4.2784316935288222 0.55474610080957387
0.53668874498825636 4.2808529587579374 0.55509190888430482
0.54105206811824214 4.2832757464459981 0.55541171835971215
0.54541539124822802 4.2856995167793759 0.55550905520126426
0.5497787143782138 4.2881229807825889 0.55526489840583659
0.55414203750819968 4.2905446131623535 0.55467424011998323
0.55850536063818546 4.2929629004002656 0.55372174841958599
0.56286868376817123 4.2953762631604802 0.55243660192632504
0.56723200689815712 4.2977839359495 0.55123172211910687
0.57159533002814289 4.3001878497423371 0.55083975642344218
0.57595865315812877 4.3025927666880825 0.55171772074979852
0.58032197628811455 4.3050043779273199 0.55389020344120743
0.58468529941810043 4.3074283292998867 0.55740941621700735
0.58904862254808621 4.3098705192092535 0.56218442732080853
0.59341194567807209 4.3123339680303037 0.56672161532542598
0.59777526880805787 4.3148117809944821 0.56829046053207388
0.60213859193804364 4.3172863708470857 0.56513790075002801
0.60650191506802953 4.3197365053152925 0.55714896264219116
0.6108652381980153 4.3221411227441759 0.54414778011803677
0.61522856132800119 4.324478201208322 0.52640986574695259
0.61959188445798696 4.3267358758829708 0.50933230998335421
0.62395520758797285 4.3289387173919867 0.50308591560502114
0.62831853071795862 4.3311516527688756 0.51438857360174117
0.63268185384794451 4.3334538850183488 0.54376037540386002
0.63704517697793028 4.3359239882192249 0.59178608149095802
0.64140850010791606 4.3386441576239303 0.65766387649859404
0.64577182323790194 4.3416608192217634 0.72191286321780401
0.65013514636788772 4.3448865952866811 0.74666865401974769
0.6544984694978736 4.348081888230606 0.70621437073041349
0.65886179262785938 4.3509512863657598 0.59824829764079324
0.66322511575784526 4.353201631914982 0.42086890234842111
0.66758843888783104 4.3545262480797167 0.17623871053252049
0.67195176201781692 4.3547440295256674 -0.065349263398449584
0.6763150851478027 4.3541652236108428 -0.16306379734783144
0.68067840827778847 4.3536731082279427 -0.01870679381380044
0.68504173140777436 4.3543703396241646 0.37891835508971228
0.68940505453776013 4.3573509567104063 1.0317357222600478
0.69376837766774602 4.3637436662216826 1.938763404296062
0.69813170079773179 4.3743863332575401 2.9258728033586987
0.70249502392771768 4.3888572413027651 3.6245677098403526
0.70685834705770345 4.405218292065797 3.7743497232917269
0.71122167018768934 4.4209478867091292 3.3419359206192496
0.71558499331767511 4.4335465440638924 2.3349779599181164
0.71994831644766089 4.4404821107251502 0.74889534588160089
0.72431163957764677 4.4394885727978615 -1.2451213250217155
0.72867496270763255 4.4295774028907946 -3.2659348745766712
0.73303828583761843 4.4113483030732032 -5.0389634516636734
0.73740160896760421 4.3860183292644939 -6.5272242582084354
0.74176493209759009 4.354782720649105 -7.7437691787050911
0.74612825522757587 4.3188445562347253 -8.6829832898766686
0.75049157835756175 4.2793350836586619 -9.3982717472381481
0.75485490148754752 4.2369702117852555 -10.016582369430438
0.7592182246175333 4.1919297641610882 -10.630869745482743
0.76358154774751918 4.1441873205077222 -11.252755623324489
0.76794487087750496 4.0937265831300271 -11.877641455287039
0.77230819400749084 4.0405261416089413 -12.508855158536008
0.77667151713747662 3.9845886191114412 -13.124674585556161
0.7810348402674625 3.9260982844615357 -13.66724577850597
0.78539816339744828 3.8654883115639223 -14.093681834615175
0.78976148652743416 3.8032824402179193 -14.399981272976913
0.79412480965741994 3.7399966042288644 -14.588135403753858
0.79848813278740571 3.6761522805478215 -14.655736287059106
0.8028514559173916 3.6122507277051241 -14.620514348125537
0.80721477904737737 3.5486433852898771 -14.530864904309315
0.81157810217736326 3.4854701932700176 -14.423900605172319
0.81594142530734903 3.4227900059826784 -14.303942336140214
0.82030474843733492 3.3606665541442031 -14.168991527662271
0.82466807156732069 3.2991624465829723 -14.020140174483124
0.82903139469730658 3.2383404978602881 -13.855648768982249
0.83339471782729235 3.1782807251497496 -13.669414250384955
0.83775804095727824 3.1190907670472692 -13.456769633363663
0.84212136408726401 3.0608866568526873 -13.217723055666719
0.84648468721724979 3.0037824659788779 -12.952486072482316
0.85084801034723567 2.9478938475037575 -12.66046574664432
0.85521133347722145 2.8933315477509254 -12.346108434615294
0.85957465660720733 2.840167383454463 -12.022361297602846
0.86393797973719311 2.7884149409792367 -11.699791601190421
0.86830130286717899 2.7380634434729125 -11.379970288834238
0.87266462599716477 2.6891027498588249 -11.062360108226979
0.87702794912715065 2.6415230092262991 -10.746902494551968
0.88139127225713643 2.5953127838157841 -10.435260492863563
0.8857545953871222 2.5504446740342854 -10.132906072957162
0.89011791851710809 2.5068663541449836 -9.8444008129580727
0.89448124164709386 2.4645149682567276 -9.5704043854703542
0.89884456477707975 2.4233280226547116 -9.3107075086493296
0.90320788790706552 2.3832428520017741 -9.0653566219971218
0.90757121103705141 2.344197479260361 -8.8340200082393512
0.91193453416703718 2.3061318248110507 -8.6162002884091802
0.91629785729702307 2.2689879639988568 -8.4114324826312163
0.92066118042700884 2.2327096033850862 -8.2194707032591587
0.92502450355699462 2.19724090128364 -8.0403313368409215
0.9293878266869805 2.1625254622846093 -7.874264835072899
0.93375114981696627 2.128508859469612 -7.7192802819934663
0.93811447294695216 2.0951552840103616 -7.5689365988533499
0.94247779607693793 2.0624590102783493 -7.4175044762121534
0.94684111920692382 2.0304285640353088 -7.2638600118457139
0.95120444233690959 1.9990728117023522 -7.1081953697983407
0.95556776546689548 1.9683999524816931 -6.9510903219040383
0.95993108859688125 1.9384205141170787 -6.7888913754776468
0.96429441172686703 1.9091833852255755 -6.6076567485233024
0.96865773485685291 1.8808039619185264 -6.3947048832961322
0.97302105798683869 1.8534283949028931 -6.1478313056814873
0.97738438111682457 1.8272024965266898 -5.8676228060032924
0.98174770424681035 1.8022722056809621 -5.554082330976601
0.98611102737679623 1.7787830282868884 -5.2068219869904864
0.99047435050678201 1.7568872171666794 -4.8230492624788015
0.99483767363676789 1.7367508329831831 -4.4001896979572237
0.99920099676675367 1.7185455285445423 -3.9379951951309002
1.0035643198967394 1.7024420676693024 -3.4367989550017986
1.0079276430267252 1.6886122327192956 -2.895427197300589
1.0122909661567112 1.6772244810106749 -2.3198276763328702
1.016654289286697 1.6683828189272676 -1.7339824850510064
1.0210176124166828 1.6620738996925575 -1.1610147838377773
1.0253809355466685 1.658225237855558 -0.60579668524914954
1.0297442586766545 1.6567628913640664 -0.067378821342050046
1.0341075818066403 1.6576137165099556 0.45486086439527851
1.0384709049366261 1.6607030017643012 0.9569557247496252
1.0428342280666119 1.6659094744731673 1.4210592664551729
1.0471975511965976 1.6730231321196516 1.8295048783808494
1.0515608743265836 1.6817883592220177 2.1784381738266192
1.0559241974565694 1.6919485532337302 2.4689034904462703
1.0602875205865552 1.7032470429262654 2.6998519863030106
1.064650843716541 1.7154283731636131 2.8752235928552348
1.0690141668465269 1.7282831450731997 3.0128095040088478
1.0733774899765127 1.7416915310791625 3.1307556540681407
1.0777408131064985 1.7555817369830771 3.2332971167501672
1.0821041362364843 1.7698840896719226 3.3198313314166157
1.08646745936647 1.7845280845442177 3.3894201284495677
1.090830782496456 1.7994442849041581 3.4465812954628254
1.0951941056264418 1.8146192459992145 3.513413313915541
1.0995574287564276 1.8301523364477659 3.6130664551022775
1.1039207518864134 1.8462053484677179 3.7513252182315138
1.1082840750163994 1.8629432603875664 3.9270112489921085
1.1126473981463851 1.8805303040763934 4.1407308460118868
1.1170107212763709 1.899130875285294 4.3908366183750251
1.1213740444063567 1.9188878989502551 4.6686622630273122
1.1257373675363425 1.9398993422301374 4.9648474474136153
1.1301006906663285 1.9622376731820055 5.2770572232089581
1.1344640137963142 1.9859738256790556 5.6054049981706617
1.1388273369263 2.0111792339111134 5.9510612548419379
1.1431906600562858 2.0379252598515869 6.3095249953151802
1.1475539831862718 2.066223260088182 6.6563234121406261
1.1519173063162575 2.0959562285325322 6.9643363938100906
1.1562806294462433 2.1269311543438532 7.2260045003368809
1.1606439525762291 2.158949182942282 7.4424107257069556
1.1650072757062149 2.1918130038997523 7.6138263555051138
1.1693705988362009 2.2253245897204632 7.7386519145177823
1.1737339219661866 2.2592663944019722 7.8091010619234922
1.1780972450961724 2.293379940162243 7.8163560809619534
1.1824605682261582 2.3273808456925487 7.7575216078226807
1.1868238913561442 2.3609817094608414 7.6331103088677033
1.19118721448613 2.3938959124136847 7.4424283225318923
1.1955505376161157 2.4258357761594009 7.1875480740540505
1.1999138607461015 2.4565458061035317 6.8822733257106252
1.2042771838760873 2.4858452375901754 6.5428250731415689
1.2086405070060733 2.513600016263597 6.1740117292125252
1.2130038301360591 2.5396803695431727 5.7754382152472656
1.2173671532660448 2.5639554075807829 5.3460521882523722
1.2217304763960306 2.5862938974385097 4.8894540311613053
1.2260937995260166 2.6066155034056546 4.4270530197678069
1.2304571226560024 2.624956188055819 3.9845668339278295
1.2348204457859882 2.641428963199588 3.5706514418102899
1.2391837689159739 2.656156591398835 3.1846445667594239
1.2435470920459597 2.6692596475004824 2.8257393079792097
1.2479104151759457 2.6808588927940891 2.4964495718217408
1.2522737383059315 2.6911089882895496 2.2109625530126658
1.2566370614359172 2.7002422872695142 1.9867405690764297
1.261000384565903 2.7085449920753915 1.8301883127161234
1.265363707695889 2.7163113208848646 1.7407598642200244
1.2697270308258748 2.7238339257857613 1.7186687287174343
1.2740903539558606 2.7314063508253317 1.7631433074588883
1.2784536770858463 2.7393075976219556 1.8676711188596982
1.2828170002158321 2.7477801369186183 2.0239582706463577
1.2871803233458181 2.7570410655622943 2.2291302278982013
1.2915436464758039 2.7673039814285403 2.4831275012189646
1.2959069696057897 2.7787831740207305 2.7871323958350738
1.3002702927357754 2.7916945205833326 3.138042358859086
1.3046336158657614 2.8062037486656499 3.513696556456106
1.3089969389957472 2.8223511977035272 3.8851499699053327
1.313360262125733 2.8400857862753415 4.2412766399890245
1.3177235852557188 2.8593417248833775 4.5825565425714316
1.3220869083857045 2.8800558302055541 4.9098750795696935
1.3264502315156905 2.9021656279059127 5.2214900047749344
1.3308135546456763 2.925581173173768 5.5050850569009784
1.3351768777756621 2.9501416439178918 5.7440485916830575
1.3395402009056478 2.9756328193780703 5.9316975986293157
1.3439035240356338 3.0018313531150898 6.0683871888951293
1.3482668471656196 3.028515402400465 6.1541394489904206
1.3526301702956054 3.055462750218422 6.1892874560766113
1.3569934934255912 3.0824576572223377 6.1766731912537534
1.3613568165555769 3.1093004732968517 6.1201115107659065
1.3657201396855629 3.1358040885601621 6.0211851785834227
1.3700834628155487 3.1617843345075602 5.8803926539875571
1.3744467859455345 3.1870566928844721 5.695939207509733
1.3788101090755203 3.2114329502109475 5.4717241776263181
1.3831734322055063 3.2347969737365241 5.2409633490860923
1.387536755335492 3.2572279373169994 5.050736234422426
1.3919000784654778 3.2789622361623918 4.9218893703037754
1.3962634015954636 3.3002671868784734 4.853314523755663
1.4006267247254494 3.3214055252406789 4.8467085287485316
1.4049900478554354 3.3426455536663591 4.8970700764885207
1.4093533709854211 3.3641572485747604 4.95893093274295
1.4137166941154069 3.3858415679223248 4.9665978963853101
1.4180800172453927 3.4073755900387388 4.8894202430106679
1.4224433403753787 3.4283872836206579 4.7280004821073618
1.4268066635053644 3.4485117160674843 4.4816947121438968
1.4311699866353502 3.4673783219835816 4.153483913655899
1.435533309765336 3.4846900662660465 3.7787709467195554
1.4398966328953218 3.5003636929820967 3.4105028261238077
1.4442599560253078 3.5144978872410126 3.0735658089500495
1.4486232791552935 3.5272326294719294 2.7689538685452901
1.4529866022852793 3.5387023673492219 2.4923933829739431
1.4573499254152651 3.5490330509349612 2.2503382968167909
1.4617132485452511 3.5584838634545162 2.1070083012127392
1.4660765716752369 3.5677078561138953 2.1614787381157461
1.4704398948052226 3.5777060977777744 2.4633115407348876
1.4748032179352084 3.5895618113836818 3.0109479304622875
1.4791665410651942 3.6043463673311869 3.8093968634329887
1.4835298641951802 3.6231543419374717 4.8479873025624345
1.487893187325166 3.6467997517242248 5.9874509475285489
1.4922565104551517 3.6752298622961188 7.0066992973006945
1.4966198335851375 3.7076052663566115 7.7925441779498987
1.5009831567151235 3.7428913616278745 8.3437441577410816
1.5053464798451093 3.7800786850100696 8.6615313798192464
1.509709802975095 3.8181430018608538 8.749346964421413
1.5140731261050808 3.8562022008538532 8.6797549170483652
1.5184364492350666 3.8938309501538164 8.5708333336796905
1.5227997723650526 3.9310304986763747 8.4850595887735061
1.5271630954950384 3.96791321057853 8.4241386207271471
1.5315264186250241 4.0045780535568838 8.3859597862381499
1.5358897417550099 4.0411279699669826 8.3707827666107271
1.5402530648849959 4.0776396762368083 8.3643806345618987
1.5446163880149817 4.1140991070000341 8.3429528343165664
1.5489797111449675 4.1504050444077851 8.2935899191229385
1.5533430342749532 4.186433387954013 8.2160756425105301
1.557706357404939 4.2220628431408116 8.1103807500392762
1.562069680534925 4.257169687281511 7.9770982754083439
1.5664330036649108 4.2916536803979426 7.8283613597111277
1.5707963267948966 4.3254926594351133 7.6848716640427934
1.5751596499248823 4.358742126290446 7.5587696289049573
1.5795229730548683 4.3914803881973654 7.4498701131096858
1.5838862961848541 4.4237822058822704 7.3600146363336467
1.5882496193148399 4.4557339199603163 7.2875456074786218
1.5926129424448257 4.4873243326434622 7.178151150171205
1.5969762655748114 4.5181775654963392 6.932937951337462
1.6013395887047974 4.5475443534191982 6.4943334361560474
1.6057029118347832 4.5745689554011406 5.8615920130988446
1.610066234964769 4.5984107623598973 5.0324651269119087
1.6144295580947547 4.6182018268368754 4.0083000549082044
1.6187928812247407 4.633275391494049 2.9054878975639316
1.6231562043547265 4.6437629214849192 1.9442624716438635
1.6275195274847123 4.6506386219907219 1.2555401299271005
1.6318828506146981 4.6551234064117351 0.84447108299025675
1.6362461737446838 4.6584089633047681 0.70906869016375307
1.6406094968746698 4.6617137356693839 0.85043078113299697
1.6449728200046556 4.6660825354496538 1.1651677575974464
1.6493361431346414 4.6718409225465685 1.4518389853126994
1.6536994662646272 4.67853165709157 1.5868618458731496
1.6580627893946132 4.6854584754713624 1.5634533498352425
1.6624261125245989 4.6919502149895624 1.3852455712685641
1.6667894356545847 4.6973190587000726 1.0503007039154919
1.6711527587845705 4.7009760984575806 0.6192919622016414
1.6755160819145565 4.7027607622053642 0.21397117785499492
1.6798794050445423 4.7029929104570947 -0.088518885899701014
1.684242728174528 4.7021454267287375 -0.28296914380078808
1.6886060513045138 4.7006767283375996 -0.37209405926593236
1.6929693744344996 4.6990536476649716 -0.35440531762384653
1.6973326975644856 4.6976955543438867 -0.25998892424556691
1.7016960206944713 4.6968056515764509 -0.15124724420367133
1.7060593438244571 4.6963372422894238 -0.068928674729381398
1.7104226669544429 4.6961609116305993 -0.01632859024826569
1.7147859900844289 4.6961541192992096 0.0083369420693177217
1.7191493132144147 4.6961918622736736 0.004260916627428963
1.7235126363444004 4.6961608987274159 -0.020719417094189087
1.7278759594743862 4.6960048673860895 -0.049951462439789651
1.732239282604372 4.695735123829154 -0.07221598946288163
1.736602605734358 4.695386279220866 -0.086494473197195484
1.7409659288643438 4.6949911931680024 -0.093295163360719385
1.7453292519943295 4.6945833459009689 -0.092381158886320369
1.7496925751243153 4.6941933001891645 -0.085771003380413699
1.7540558982543013 4.6938366677252894 -0.077912925043595177
1.7584192213842871 4.6935107064055757 -0.071894211503262223
1.7627825445142729 4.6932061449660711 -0.068025744825161633
1.7671458676442586 4.6929141513409505 -0.066163858598227251
1.7715091907742444 4.6926257383782133 -0.066376995412060533
1.7758725139042304 4.6923326459066796 -0.068141845525208466
1.7802358370342162 4.6920305729729082 -0.070261212521225039
1.7845991601642019 4.6917202301607634 -0.07187935497014597
1.7889624832941877 4.6914041739289587 -0.072901625710198301
1.7933258064241737 4.6910848515277044 -0.073368310993967512
1.7976891295541595 4.6907647518914146 -0.073259339261102605
1.8020524526841453 4.6904461612988397 -0.072725386323893693
1.806415775814131 4.6901302005849326 -0.072124456394530523
1.8107790989441168 4.6898164703426399 -0.07172039835165922
1.8151424220741028 4.6895039898204303 -0.071544756898543851
1.8195057452040886 4.6891918085431996 -0.071586390825891896
1.8238690683340744 4.6888789525057497 -0.071853681830526525
1.8282323914640601 4.6885645801133 -0.072249383738375375
1.8325957145940461 4.6882486191068722 -0.07253410451778726
1.8369590377240319 4.6879320280968955 -0.07252492854012027
1.8413223608540177 4.687616180592423 -0.072198873475263298
1.8456856839840035 4.6873024296336379 -0.07155959434983182
1.8500490071139892 4.6869921817257962 -0.070592766869352605
1.8544123302439752 4.6866865273813243 -0.069532533974774519
1.858775653373961 4.6863846622198642 -0.068976741172913747
1.8631389765039468 4.6860831723467333 -0.069396865693962889
1.8675022996339325 4.6857775476814272 -0.070857004852903707
1.8718656227639185 4.6854633255672997 -0.073350367770282324
1.8762289458939043 4.685135862512432 -0.076931747580735052
1.8805922690238901 4.6847915582655562 -0.080795816364352777
1.8849555921538759 4.684433485649242 -0.082803745622933175
1.8893189152838616 4.6840741800352657 -0.081222140066436077
1.8936822384138476 4.6837302847524356 -0.075793016553186141
1.8980455615438334 4.6834183037593533 -0.066553103631237648
1.9024088846738192 4.6831553697393078 -0.05327701489303311
1.906772207803805 4.6829550889881197 -0.038821853594249119
1.911135530933791 4.6828068067218833 -0.031089848243176857
1.9154988540637767 4.6826644342376547 -0.036658239397966891
1.9198621771937625 4.6824660091419181 -0.056592350168289576
1.9242255003237483 4.6821499513000253 -0.090704771420725361
1.9285888234537341 4.6816525071799582 -0.13991131269982179
1.9329521465837201 4.6809217950291764 -0.19406802860600983
1.9373154697137058 4.6799942821066161 -0.22392815109942818
1.9416787928436916 4.6790393448435745 -0.20449677633954413
1.9460421159736774 4.6782877713751931 -0.13139509479420389
1.9504054391036634 4.67796948906952 -0.0055014909759328306
1.9547687622336491 4.6783218705810032 0.17684594562995157
1.9591320853636349 4.6795425984364822 0.37970803772930733
1.9634954084936207 4.6815078150216332 0.4948159459879895
1.9678587316236065 4.6835953509036319 0.42749551966564403
1.9722220547535925 4.6849462050288793 0.1592648041713188
1.9765853778835782 4.6846992411234023 -0.30557572868759941
1.980948701013564 4.6819831791955808 -0.97418838745575631
1.9853120241435498 4.6759870174518063 -1.7877544801664698
1.9896753472735358 4.6664403743233498 -2.5612391435686606
1.9940386704035216 4.6539354986300534 -3.1287964696356356
1.9984019935335073 4.6394867399009225 -3.4555289172124266
2.0027653166634933 4.6241190912254142 -3.5493395158556598
2.0071286397934789 4.6088602898404645 -3.4043089785543477
2.0114919629234649 4.5947021947933138 -3.0589927131208849
2.0158552860534504 4.5822734665931382 -2.6394733217474315
2.0202186091834364 4.5716078645370954 -2.2616058522407441
2.0245819323134224 4.5624385817321897 -1.9515655452123555
2.028945255443408 4.5544861760787994 -1.7041378084885423
2.033308578573394 4.5474774510654878 -1.5183989481828368
2.0376719017033795 4.5411307466877266 -1.4047832511014766
2.0420352248333655 4.5350555733485258 -1.4031220491256797
2.0463985479633515 4.5286685150353065 -1.551127876371682
2.0507618710933371 4.5212907016297681 -1.8563951056734118
2.0551251942233231 4.5122427748369649 -2.3167987658549904
2.0594885173533091 4.5008409007526549 -2.9366572166042779
2.0638518404832946 4.4864216526985974 -3.6898682175715267
2.0682151636132806 4.4685853508336582 -4.4811524278943757
2.0725784867432662 4.4473953485653102 -5.2180322728272515
2.0769418098732522 4.423161086204364 -5.8781422897241384
2.0813051330032382 4.3962045531607998 -6.4655968874283785
2.0856684561332237 4.3668469837698858 -6.9781949193188488
2.0900317792632097 4.3353986369389581 -7.4286918625478009
2.0943951023931953 4.3020460113525569 -7.8609043647697803
2.0987584255231813 4.2667625128296738 -8.3184134815508308
2.1031217486531673 4.22939910834695 -8.8137729520353147
2.1074850717831528 4.1897956204407016 -9.3450318638167857
2.1118483949131388 4.147793388342448 -9.9140596773093606
2.1162117180431244 4.1032385845012262 -10.510963584876055
2.1205750411731104 4.0560879056524595 -11.094131379343487
2.1249383643030963 4.0065057129807631 -11.621134237392699
2.1293016874330819 3.9547723719264991 -12.080761450441164
2.1336650105630679 3.9011763633993439 -12.474946239323712
2.1380283336930539 3.8460036039664161 -12.803349755667407
2.1423916568230394 3.7895423420510443 -13.065554017978386
2.1467549799530254 3.7320793460239994 -13.262984143542567
2.151118303083011 3.673892927738053 -13.397189527383397
2.155481626212997 3.6152592830490855 -13.467816597905427
2.159844949342983 3.5564565846572984 -13.474825920722958
2.1642082724729685 3.4977622900017806 -13.417861404266228
2.1685715956029545 3.4394549302264781 -13.298140401422659
2.1729349187329401 3.381792633478172 -13.1244394346588
2.1772982418629261 3.3249872485531817 -12.906282466265647
2.1816615649929121 3.2692256451132891 -12.645790849948007
2.1860248881228976 3.2146941291149767 -12.342517171640536
2.1903882112528836 3.1615796791879478 -11.996054813064271
2.1947515343828692 3.1100678540927862 -11.608991395461562
2.1991148575128552 3.0603146363000793 -11.192694441324033
2.2034781806428412 3.0124174862777329 -10.75967816367187
2.2078415037728267 2.9664370803873963 -10.314045841590847
2.2122048269028127 2.9224292714944147 -9.8554774259762574
2.2165681500327987 2.8804515652193681 -9.383329875135459
2.2209314731627843 2.8405597444202373 -8.9005435384711458
2.2252947962927703 2.8027768247249325 -8.4197136322414696
2.2296581194227558 2.767060284377028 -7.9551082161593376
2.2340214425527418 2.7333246103214015 -7.5116786610421968
2.2383847656827278 2.7014781134124624 -7.0891564305703634
2.2427480888127134 2.6714302637554903 -6.68711362403777
2.2471114119426994 2.6430907446801211 -6.3065867361262606
2.2514747350726849 2.6163543578062436 -5.9539429964731241
2.2558380582026709 2.5910812320869558 -5.6367480714321889
2.2602013813326569 2.5671095487435425 -5.3573013844411186
2.2645647044626425 2.5442756572402541 -5.1151891476000131
2.2689280275926285 2.5224159608166445 -4.9109895392564393
2.2732913507226145 2.5013671969086548 -4.7425368842348448
2.2776546738526 2.4809938397493472 -4.5986155114373375
2.282017996982586 2.4612205348169773 -4.4658126627078332
2.2863813201125716 2.4420131306266017 -4.3392952196566306
2.2907446432425576 2.4233437585916624 -4.2191594899300009
2.2951079663725436 2.4051835810805731 -4.1061998248871712
2.2994712895025291 2.3875026819099339 -3.998550335335104
2.3038346126325151 2.3703012910273404 -3.8828948313895224
2.3081979357625007 2.353653934109083 -3.7425550286048419
2.3125612588924866 2.3376854669769003 -3.5718738153694849
2.3169245820224726 2.322526574376865 -3.3715457904150323
2.3212879051524582 2.3083069686624151 -3.1411105651969797
2.3256512282824442 2.2951566716508038 -2.8821708914402842
2.3300145514124297 2.2831828252602877 -2.6042944389222868
2.3343778745424157 2.2724399302889169 -2.319532204787508
2.3387411976724017 2.2629442970430276 -2.0325637467923099
2.3431045208023873 2.2547055918570447 -1.7434457432785262
2.3474678439323733 2.2477343204907658 -1.4512628353442585
2.3518311670623593 2.2420427005096082 -1.1578656830341554
2.3561944901923448 2.2376097311552208 -0.87842929127786773
2.3605578133223308 2.2343273963364467 -0.63306955323636482
2.3649211364523164 2.2320246526373921 -0.42930962362581532
2.3692844595823024 2.2305215271927574 -0.2664148240100277
2.3736477827122884 2.2296396405915453 -0.1448445721126442
2.3780111058422739 2.2291996240978986 -0.063080506667676992
2.3823744289722599 2.2290472910778973 -0.010102926760519226
2.3867377521022455 2.2290909629286424 0.028782296965697996
2.3911010752322315 2.229286788038217 0.059639719288067952
2.3954643983622175 2.2296000236087838 0.082663167739986429
2.399827721492203 2.229994895312319 0.096566308734674922
2.404191044622189 2.2304327985881596 0.10364549654919882
2.4085543677521746 2.230920457578657 0.12522144352130749
2.4129176908821606 2.2315901368939821 0.19119593407500302
2.4172810140121466 2.232671361495278 0.31382767724236049
2.4216443371421321 2.2344102193435162 0.4924392238022578
2.4260076602721181 2.2370500768401165 0.7269983349295821
2.4303709834021041 2.2408348919485124 1.0168469367144202
2.4347343065320897 2.2459969656247436 1.3570415237976512
2.4390976296620757 2.2527407384201661 1.7408440203727571
2.4434609527920612 2.2612475815931248 2.1651335542682437
2.4478242759220472 2.2716930730124072 2.6292871712168364
2.4521875990520332 2.2842527827482484 3.1349289573206134
2.4565509221820188 2.2991071361901865 3.6795184322020407
2.4609142453120048 2.3163767361280945 4.233800713153725
2.4652775684419903 2.3360048094804449 4.7542501557961554
2.4696408915719763 2.357788149102106 5.2215889086718024
2.4740042147019623 2.3814951066026819 5.6362186163189723
2.4783675378319479 2.4068981996987588 5.9991201963984375
2.4827308609619338 2.4337712306536563 6.3097159271656293
2.4870941840919194 2.4618727542614347 6.5597355795754115
2.4914575072219054 2.4909083464858988 6.73592884338444
2.4958208303518914 2.5205390063480122 6.8324927798226298
2.5001841534818769 2.5504182896800263 6.8501230463669165
2.5045474766118629 2.5802015622693544 6.7879668257841619
2.5089107997418489 2.6095406808800483 6.6475715362867733
2.5132741228718345 2.6381270729317121 6.4483944741869363
2.5176374460018205 2.6657722659622181 6.2208405734354848
2.522000769131806 2.6923940786194578 5.9794879447146263
2.526364092261792 2.7179345792602585 5.7253724671086355
2.530727415391778 2.7423350254707346 5.4558879404333043
2.5350907385217636 2.7655260690547561 5.1725738427341375
2.5394540616517496 2.7875199824941159 4.9207047076676407
2.5438173847817351 2.808623017955675 4.7758867095591402
2.5481807079117211 2.829406518603669 4.7748093040926944
2.5525440310417071 2.8504969743762736 4.9152877670493273
2.5569073541716927 2.8725081677545319 5.1985506644872457
2.5612706773016787 2.8960696395743675 5.6239660991640612
2.5656340004316642 2.9217125472540322 6.1360242854337459
2.5699973235616502 2.9496043398503433 6.6396853588363749
2.5743606466916362 2.9795729530884905 7.0871189419621858
2.5787239698216218 3.0113712239362549 7.4796201348734881
2.5830872929516078 3.0447658308155559 7.8177214954235827
2.5874506160815938 3.0795141047323864 8.101087565207159
2.5918139392115793 3.1154212870551685 8.3570415489613925
2.5961772623415653 3.1524725168113701 8.6332553441724045
2.6005405854715509 3.1908271716019234 8.9552042941073697
2.6049039086015369 3.2306854989342559 9.3212128246808668
2.6092672317315229 3.2722394605935934 9.734911123831683
2.6136305548615084 3.3157019119407893 10.192122535378932
2.6179938779914944 3.3611026270559607 10.594411444198785
2.62235720112148 3.4078235735269145 10.768420615235637
2.626720524251466 3.4545997163205948 10.615769434316798
2.631083847381452 3.4999856167401617 10.134454936551235
2.6354471705114375 3.5425582411178098 9.3222377364054001
2.6398104936414235 3.580862673503141 8.1835622613324546
2.6441738167714091 3.613713706986712 6.8664078211683801
2.6485371399013951 3.6409137142152241 5.6388607120424936
2.6529004630313811 3.6632799992434446 4.6574215597332982
2.6572637861613666 3.6819285012699341 3.9311433993766802
2.6616271092913526 3.6979466955217051 3.4530694796348143
2.6659904324213386 3.7124248975515748 3.2243562496408571
2.6703537555513241 3.7264339231188712 3.2358804579566689
2.6747170786813101 3.7409932588888717 3.4742803053146072
2.6790804018112957 3.7570705078088507 3.9311623379564336
2.6834437249412817 3.7756098744635924 4.6017020243597822
2.6878070480712677 3.7975495074169423 5.4933396020677119
2.6921703712012532 3.8238676051799176 6.6045111544611901
2.6965336943312392 3.8552575849499435 7.7657672175441101
2.7008970174612248 3.8912228982684773 8.6425082374569655
2.7052603405912108 3.9299635405236675 9.0282313390230104
2.7096236637211968 3.9692804452457655 8.9129824177620893
2.7139869868511823 4.0070191061788112 8.299343390324589
2.7183503099811683 4.040976811159573 7.1844341003816892
2.7227136331111539 4.0692623089773425 5.7581940929415261
2.7270769562411399 4.0913327950554645 4.4050137334128348
2.7314402793711259 4.1081657270934588 3.3697709736411046
2.7358036025011114 4.1212278578303909 2.6702334754060417
2.7401669256310974 4.1319424307674595 2.2969523797762448
2.7445302487610834 4.1417529705708951 2.2539850142214264
2.748893571891069 4.151987743133537 2.469249134509921
2.753256895021055 4.1634614031075845 2.7946372181003509
2.7576202181510405 4.176393904633084 3.1326425695536129
2.7619835412810265 4.1908030148973445 3.4735000313459317
2.7663468644110125 4.2067189450917013 3.8233192871686739
2.7707101875409981 4.2241804210539584 4.1818368663950505
2.7750735106709841 4.2431714186081546 4.5122078709135165
2.7794368338009696 4.2633938218677931 4.7304800538024185
2.7838001569309556 4.2842078822539129 4.7804659904049389
2.7881634800609416 4.3048611868750344 4.6585160138974979
2.7925268031909272 4.3246132097465324 4.3661267760574658
2.7968901263209132 4.3427111772114682 3.9007132925362806
2.8012534494508987 4.3584654533389298 3.3061082725154005
2.8056167725808847 4.371520709986596 2.6828292705062142
2.8099800957108707 4.3819370485762308 2.1004547918996548
2.8143434188408563 4.3899197536995818 1.5656021838647234
2.8187067419708423 4.3956636216844833 1.0748329480093717
2.8230700651008283 4.3993652775577079 0.62932985242657857
2.8274333882308138 4.4012175329336856 0.2264357347184987
2.8317967113607998 4.4013960277054185 -0.13883183878785443
2.8361600344907854 4.4000552453078079 -0.47023848608400975
2.8405233576207713 4.3973409160972077 -0.76830358413592437
2.8448866807507573 4.3933991151396059 -1.0329651757042329
2.8492500038807429 4.3883746928656997 -1.2645567050979538
2.8536133270107289 4.3824201716648421 -1.4573734993039233
2.8579766501407144 4.3757336760566439 -1.597272240640448
2.8623399732707004 4.368573456547062 -1.6738375745598981
2.8667032964006864 4.3612205626323632 -1.6858592227908229
2.871066619530672 4.3539547343765523 -1.6338185212112588
2.875429942660658 4.3470565691398271 -1.5173112704412877
2.8797932657906435 4.3408026735239211 -1.3396273420836546
2.8841565889206295 4.3354425955136957 -1.1093594270671392
2.8885199120506155 4.3311887987363207 -0.83294835080836616
2.8928832351806011 4.3282396243824452 -0.51124531900207293
2.8972465583105871 4.3267938497085936 -0.14381473875008235
2.9016098814405731 4.3270518349601375 0.26984042382020879
2.9059732045705586 4.3292053106341299 0.72245144539668171
2.9103365277005446 4.3333838227967316 1.1939079421732415
2.9146998508305302 4.3396288868953707 1.6686399123327507
2.9190631739605162 4.3479471664389031 2.1445499240370536
2.9234264970905022 4.3583466492880198 2.6225458358483751
2.9277898202204877 4.370836432569762 3.1027668779691364
2.9321531433504737 4.3854186500477148 3.5797232903409464
2.9365164664804593 4.4020484799002286 4.0381629446471177
2.9408797896104453 4.4206136023522813 4.4658916576614498
2.9452431127404313 4.440973063980886 4.8608430701913576
2.9496064358704168 4.4629854101403401 5.2234451407174003
2.9539697590004028 4.4865127522613975 5.5561596327155423
2.9583330821303884 4.5114032080007744 5.8415419770660764
2.9626964052603744 4.5373370474423149 6.0218837861444099
2.9670597283903604 4.5637329282687205 6.0501882517969863
2.9714230515203459 4.5899059608603716 5.9210856759875439
2.9757863746503319 4.6151796298195906 5.6376154690613713
2.9801496977803179 4.6388695292260476 5.1933222548076579
2.9845130209103035 4.6603165510655433 4.6229565629978469
2.9888763440402895 4.6792028294895163 4.0459860403691703
2.993239667170275 4.6957605808424594 3.5626190573653327
2.997602990300261 4.7104474961643321 3.1857881232898304
3.001966313430247 4.7237083634438815 2.9097083272022206
3.0063296365602326 4.7359930179452165 2.7391855699517977
3.0106929596902186 4.7477439767240277 2.6592197805224758
3.0150562828202041 4.7592494427895176 2.6138751896581627
3.0194196059501901 4.7705344525565732 2.5548564004421253
3.0237829290801761 4.7815163757773682 2.476314603426375
3.0281462522101616 4.792119981319253 2.3810015457701277
3.0325095753401476 4.8022674486857344 2.267065989705046
3.0368728984701332 4.8118833649143671 2.1390361221873242
3.0412362216001192 4.8209378202662503 2.0135914436005038
3.0455995447301052 4.8294807860047548 1.905693608934842
3.0499628678600907 4.8375966780136661 1.8174210058891236
3.0543261909900767 4.8453680646450987 1.7479105359893552
3.0586895141200627 4.852878969931556 1.6982667883367801
3.0630528372500483 4.8602089024255513 1.662830741762394
3.0674161603800343 4.8673816293699144 1.6217043750158113
3.0717794835100198 4.8743259571739941 1.5565236330651635
3.0761428066400058 4.8809244851265978 1.463582821672613
3.0805061297699918 4.8870591062310424 1.3438134908023012
3.0848694528999774 4.8926116809665796 1.1966871668039614
3.0892327760299634 4.8974655082135365 1.0243528041437828
3.0935960991599489 4.9015255098995549 0.83459894255399447
3.0979594222899349 4.9047342379124572 0.63486183567496146
3.1023227454199209 4.9070534288187027 0.42667079743822039
3.1066860685499065 4.9084449102332517 0.20972533222259335
3.1110493916798925 4.9088723170664625 -0.014996686297489325
3.115412714809878 4.9082914660484711 -0.25523903717771895
3.119776037939864 4.9065804441929508 -0.5398228789845142
3.12413936106985 4.9034402366108596 -0.92092911358125706
3.1285026841998356 4.8985901192093717 -1.2702034486548568
3.1328660073298216 4.8929431285794287 -1.2155369393257967
3.1372293304598076 4.888795414498488 -0.60199169216820425
3.1415926535897931 4.8874230972577175 -0.17179026217016413
3.1459559767197791 4.8860689766781755 -0.58540782165617489
3.1503192998497647 4.881863079355619 -1.3093651688944214
3.1546826229797507 4.87475460392365 -1.9563211828315317
3.1590459461097367 4.8647904616026487 -2.6036174096028488
3.1634092692397222 4.8527431024216234 -2.7632028205012911
3.1677725923697082 4.8419379346652116 -2.055811445082278
3.1721359154996938 4.8352410554127569 -1.0470725165409267
3.1764992386296798 4.8324705586939771 -0.26518672333792559
3.1808625617596658 4.8325739234794183 0.27403457167421863
3.1852258848896513 4.8345207071362424 0.57862667404658352
3.1895892080196373 4.8372699136880168 0.64018376718892966
3.1939525311496229 4.8397953557146538 0.48721948068957532
3.1983158542796088 4.8413844653405622 0.23989564140598427
3.2026791774095948 4.8419367360867627 0.025502645534333158
3.2070425005395804 4.8417064731809756 -0.12050994083365665
3.2114058236695664 4.8409766775621517 -0.20355050074889933
3.2157691467995524 4.8400244481018388 -0.22176331300701438
3.2201324699295379 4.8391259341732393 -0.18187366898004562
3.2244957930595239 4.8384754246140247 -0.11577210969345803
3.2288591161895095 4.8381036850497026 -0.057884616921368093
3.2332224393194955 4.8379436488646483 -0.018311495661141885
3.2375857624494815 4.8379193054934024 0.0043605547120347246
3.241949085579467 4.8379564603094796 0.0096777774325352527
3.246312408709453 4.8379809316215656 -0.00070065982438199741
3.2506757318394386 4.8379397500599364 -0.018364259416236234
3.2550390549694246 4.8378236355953561 -0.033991083742478598
3.2594023780994106 4.8376502515307171 -0.044715932407916263
3.2637657012293961 4.8374400148079904 -0.050903411220382527
3.2681290243593821 4.8372127919407628 -0.052445481253441048
3.2724923474893677 4.8369885060235145 -0.04974923692844254
3.2768556706193537 4.8367815888269767 -0.045030993426896392
3.2812189937493397 4.8365948087890747 -0.040813068636456527
3.2855823168793252 4.8364235199926346 -0.037906727822925326
3.2899456400093112 4.8362622381979996 -0.036218715177106516
3.2943089631392972 4.8361056437141503 -0.035774041442375719
3.2986722862692828 4.8359483868711344 -0.036473396140897889
3.3030356093992688 4.8357865381017096 -0.037733231735543347
3.3073989325292543 4.8356192790368153 -0.038871555851001743
3.3117622556592403 4.8354478299971415 -0.039659083403946783
3.3161255787892263 4.8352736641112504 -0.040119429392399986
3.3204889019192119 4.8350982058967347 -0.040247023458898391
3.3248522250491979 4.834922891539712 -0.040065931789202251
3.3292155481791834 4.8347487903693214 -0.039729669589732459
3.3335788713091694 4.8345761424443205 -0.03942250644278332
3.3379421944391554 4.834404627694898 -0.039209129163866444
3.342305517569141 4.8342338504329811 -0.039083628231251367
3.346668840699127 4.8340634291827591 -0.039047174571538668
3.351032163829113 4.8338929784558111 -0.039093981236055647
3.3553954869590985 4.8337222074282113 -0.039183697447868218
3.3597588100890845 4.8335510461441764 -0.039266569002323004
3.3641221332190701 4.833379578423135 -0.039324377698511666
3.3684854563490561 4.8332079105430052 -0.039358581177135733
3.372848779479042 4.8330361446647778 -0.039368956347145885
3.3772121026090276 4.8328643842388272 -0.039356882007803594
3.3815754257390136 4.832692708316765 -0.039332954891888261
3.3859387488689991 4.8325211371683965 -0.039310600015595477
3.3903020719989851 4.8323496488793012 -0.039294939711442801
3.3946653951289711 4.8321782149064081 -0.039285620894800893
3.3990287182589567 4.8320068078892691 -0.039282677984484621
3.4033920413889427 4.8318354000706538 -0.039285786085544255
3.4077553645189282 4.8316639699741248 -0.039292164811279694
3.4121186876489142 4.8314925117557799 -0.039298194108899044
3.4164820107789002 4.8313210311350279 -0.039302436089586057
3.4208453339088858 4.8311495357769303 -0.039304974282148915
3.4252086570388718 4.8309780330094378 -0.039305806508297743
3.4295719801688578 4.8308065302789567 -0.039305008288705173
3.4339353032988433 4.8306350334171597 -0.039303308483819889
3.4382986264288293 4.8304635441014394 -0.039301682612789698
3.4426619495588149 4.8302920608419111 -0.039300533670773963
3.4470252726888009 4.8301205815804238 -0.039299842528460249
3.4513885958187869 4.8299491043542293 -0.039299607824938847
3.4557519189487724 4.8297776271660124 -0.039299812305595268
3.4601152420787584 4.829606148433025 -0.039300265080984914
3.464478565208744 4.8294346676756987 -0.039300703437668866
3.46884188833873 4.8292631852813521 -0.03930101460070759
3.473205211468716 4.8290917018025414 -0.039301202746678483
3.4775685345987015 4.8289202177650044 -0.039301268774316389
3.4819318577286875 4.8287487337043888 -0.039301216537326579
3.4862951808586731 4.8285772500500599 -0.039301095983144331
3.4906585039886591 4.8284057669386398 -0.039300977818186492
3.4950218271186451 4.8282342842696613 -0.039300893555110274
3.4993851502486306 4.8280628018948022 -0.039300842350321517
3.5037484733786166 4.8278913196732329 -0.039300823816631962
3.5081117965086026 4.8277198374613235 -0.039300837120237721
3.5124751196385882 4.8275483551426479 -0.039300869204905886
3.5168384427685742 4.8273768726784088 -0.039300901051758479
3.5212017658985597 4.8272053900946057 -0.0393009238679045
3.5255650890285457 4.8270339074310442 -0.039300937800411481
3.5299284121585317 4.8268624247254497 -0.039300942991869176
3.5342917352885173 4.8266909420163326 -0.039300939615238818
3.5386550584185033 4.8265194593352456 -0.039300931080181865
3.5430183815484888 4.8263479766931763 -0.039300922498436669
3.5473817046784748 4.8261764940834144 -0.039300916320901214
3.5517450278084608 4.8260050114952779 -0.039300912531274441
3.5561083509384463 4.8258335289186594 -0.039300911079697951
3.5604716740684323 4.825662046343238 -0.039300911933329075
3.5648349971984179 4.8254905637604635 -0.039300914202910556
3.5691983203284039 4.8253190811672342 -0.039300916514816812
3.5735616434583899 4.8251475985652759 -0.039300918187384022
3.5779249665883754 4.8249761159574547 -0.03930091921786083
3.5822882897183614 4.8248046333464796 -0.039300919622872681
3.5866516128483474 4.8246331507351154 -0.039300919408285145
3.591014935978333 4.8244616681256769 -0.039300918805182397
3.595378259108319 4.8242901855190397 -0.039300918182213811
3.5997415822383045 4.8241187029147614 -0.039300917729218537
3.6041049053682905 4.823947220312073 -0.039300917449144969
3.6084682284982765 4.823775737710247 -0.039300917336372324
3.6128315516282621 4.8236042551085436 -0.039300917390319316
3.6171948747582481 4.8234327725063348 -0.03930091755050126
3.6215581978882336 4.8232612899033773 -0.039300917718087552
3.6259215210182196 4.8230898072997821 -0.03930091784081087
3.6302848441482056 4.8229183246957561 -0.039300917916951103
3.6346481672781912 4.8227468420914938 -0.03930091794828941
3.6390114904081772 4.8225753594871943 -0.039300917934881219
3.6433748135381627 4.8224038768830262 -0.039300917892445032
3.6477381366681487 4.8222323942790588 -0.039300917847208718
3.6521014597981347 4.8220609116752637 -0.039300917814098203
3.6564647829281203 4.821889429071585 -0.039300917793321968
3.6608281060581063 4.821717946467972 -0.039300917784350763
3.6651914291880923 4.8215464638643706 -0.039300917787871828
3.6695547523180778 4.8213749812607336 -0.039300917799258796
3.6739180754480638 4.8212034986570433 -0.039300917811256497
3.6782813985780494 4.8210320160533069 -0.039300917820273389
3.6826447217080354 4.8208605334495385 -0.039300917825946774
3.6870080448380214 4.8206890508457523 -0.039300917828421655
3.6913713679680069 4.8205175682419625 -0.039300917827516754
3.6957346910979929 4.8203460856381826 -0.039300917824386786
3.7000980142279785 4.8201746030344168 -0.039300917821323562
3.7044613373579645 4.8200031204306626 -0.039300917818997132
3.7088246604879505 4.8198316378269173 -0.039300917817308711
3.713187983617936 4.8196601552231773 -0.039300917816630192
3.717551306747922 4.8194886726194381 -0.039300917816757999
3.7219146298779076 4.8193171900156972 -0.039300917817535967
3.7262779530078936 4.8191457074119519 -0.039300917818570945
3.7306412761378795 4.818974224808203 -0.039300917819137068
3.7350045992678651 4.8188027422044524 -0.039300917819513614
3.7393679223978511 4.8186312596006999 -0.039300917819883957
3.7437312455278371 4.8184597769969466 -0.039300917819846029
3.7480945686578226 4.8182882943931942 -0.03930091781963941
3.7524578917878086 4.8181168117894426 -0.039300917819282508
3.7568212149177942 4.8179453291856928 -0.039300917819084742
3.7611845380477802 4.8177738465819431 -0.039300917819011363
3.7655478611777662 4.8176023639781942 -0.039300917818879968
3.7699111843077517 4.8174308813744453 -0.039300917818880288
3.7742745074377377 4.8172593987706964 -0.039300917819010385
3.7786378305677233 4.8170879161669466 -0.039300917819100334
3.7830011536977093 4.8169164335631969 -0.039300917819221119
3.7873644768276953 4.8167449509594462 -0.039300917819246682
3.7917277999576808 4.8165734683556964 -0.039300917819035656
3.7960911230876668 4.8164019857519467 -0.039300917819243525
3.8004544462176524 4.816230503148196 -0.039300917819233741
3.8048177693476384 4.8160590205444462 -0.039300917819065008
3.8091810924776244 4.8158875379406965 -0.039300917819127042
3.8135444156076099 4.8157160553369467 -0.039300917819059637
3.8179077387375959 4.8155445727331969 -0.039300917819267207
3.8222710618675819 4.8153730901294463 -0.039300917819103026
3.8266343849975675 4.8152016075256974 -0.039300917818953528
3.8309977081275535 4.8150301249219476 -0.039300917819105032
3.835361031257539 4.8148586423181978 -0.039300917819259158
3.839724354387525 4.8146871597144472 -0.039300917819101833
3.844087677517511 4.8145156771106983 -0.039300917818954326
3.8484510006474966 4.8143441945069485 -0.03930091781910304
3.8528143237774826 4.8141727119031987 -0.039300917819266361
3.8571776469074681 4.8140012292994481 -0.039300917819075028
3.8615409700374541 4.8138297466956992 -0.039300917819066382
3.8659042931674401 4.8136582640919485 -0.039300917819280287
3.8702676162974257 4.8134867814881988 -0.03930091781905598
3.8746309394274117 4.813315298884449 -0.039300917819128624
3.8789942625573972 4.8131438162806992 -0.039300917819062343
3.8833575856873832 4.8129723336769494 -0.039300917819254856
3.8877209088173692 4.8128008510731988 -0.039300917819149739
3.8920842319473548 4.8126293684694499 -0.039300917818779015
3.8964475550773408 4.812457885865701 -0.039300917819145721
3.9008108782073267 4.8122864032619503 -0.039300917819258922
3.9051742013373123 4.8121149206582006 -0.039300917819062108
3.9095375244672983 4.8119434380544508 -0.039300917819125467
3.9139008475972838 4.811771955450701 -0.039300917819068824
3.9182641707272698 4.8116004728469512 -0.039300917819232055
3.9226274938572558 4.8114289902432006 -0.039300917819234442
3.9269908169872414 4.8112575076394508 -0.039300917819073689
3.9313541401172274 4.811086025035701 -0.039300917819103637
3.9357174632472129 4.8109145424319513 -0.039300917819144597
3.9400807863771989 4.8107430598282015 -0.039300917818950801
3.9444441095071849 4.8105715772244526 -0.039300917819062343
3.9488074326371705 4.8104000946207019 -0.039300917819432658
3.9531707557671565 4.8102286120169513 -0.039300917819061205
3.957534078897142 4.8100571294132024 -0.039300917818955339
3.961897402027128 4.8098856468094526 -0.039300917819139608
3.966260725157114 4.8097141642057029 -0.039300917819107058
3.9706240482870996 4.8095426816019531 -0.039300917819064994
3.9749873714170856 4.8093711989982033 -0.039300917819265806
3.9793506945470716 4.8091997163944527 -0.039300917819103276
3.9837140176770571 4.8090282337907038 -0.039300917818953944
3.9880773408070431 4.808856751186954 -0.039300917819103103
3.9924406639370287 4.8086852685832042 -0.039300917819266437
3.9968039870670147 4.8085137859794536 -0.039300917819074646
4.0011673101970002 4.8083423033757047 -0.03930091781906779
4.0055306333269867 4.808170820771954 -0.039300917819275007
4.0098939564569722 4.8079993381682042 -0.039300917819063662
4.0142572795869578 4.8078278555644545 -0.0393009178191151
4.0186206027169442 4.8076563729607047 -0.039300917819096733
4.0229839258469298 4.8074848903569549 -0.039300917819118812
4.0273472489769153 4.8073134077532051 -0.039300917819072773
4.0317105721069009 4.8071419251494554 -0.039300917819234858
4.0360738952368873 4.8069704425457047 -0.039300917819219253
4.0404372183668729 4.8067989599419549 -0.039300917819119631
4.0448005414968584 4.8066274773382052 -0.039300917818946984
4.0491638646268449 4.8064559947344563 -0.039300917819102582
4.0535271877568304 4.8062845121307056 -0.039300917819263495
4.057890510886816 4.8061130295269558 -0.039300917819098918
4.0622538340168024 4.8059415469232061 -0.03930091781896166
4.066617157146788 4.8057700643194572 -0.039300917819064599
4.0709804802767735 4.8055985817157065 -0.039300917819424748
4.0753438034067591 4.8054270991119559 -0.039300917819102568
4.0797071265367455 4.805255616508207 -0.03930091781878578
4.0840704496667311 4.8050841339044581 -0.039300917819153777
4.0884337727967166 4.8049126513007074 -0.039300917819243948
4.092797095926703 4.8047411686969577 -0.039300917819101916
4.0971604190566886 4.8045696860932079 -0.039300917818969223
4.1015237421866741 4.804398203489459 -0.039300917819055335
4.1058870653166606 4.8042267208857083 -0.039300917819430237
4.1102503884466461 4.8040552382819577 -0.039300917819065875
4.1146137115766317 4.8038837556782088 -0.039300917818951085
4.1189770347066181 4.803712273074459 -0.039300917819139948
4.1233403578366037 4.8035407904707093 -0.039300917819109944
4.1277036809665892 4.8033693078669595 -0.039300917819065036
4.1320670040965748 4.8031978252632097 -0.039300917819274694
4.1364303272265612 4.803026342659459 -0.039300917819067659
4.1407936503565468 4.8028548600557102 -0.039300917819075513
4.1451569734865323 4.8026833774519595 -0.039300917819275104
4.1495202966165188 4.8025118948482097 -0.039300917819055571
4.1538836197465043 4.80234041224446 -0.03930091781912344
4.1582469428764899 4.8021689296407102 -0.039300917819095428
4.1626102660064763 4.8019974470369604 -0.039300917819115676
4.1669735891364619 4.8018259644332106 -0.039300917819062683
4.1713369122664474 4.8016544818294609 -0.039300917819278344
4.1757002353964339 4.8014829992257102 -0.039300917819055405
4.1800635585264194 4.8013115166219613 -0.039300917819120866
4.184426881656405 4.8011400340182107 -0.039300917819105961
4.1887902047863905 4.8009685514144618 -0.039300917819100105
4.193153527916377 4.8007970688107111 -0.039300917819114434
4.1975168510463625 4.8006255862069622 -0.039300917819062982
4.2018801741763481 4.8004541036032116 -0.039300917819278455
4.2062434973063345 4.8002826209994618 -0.039300917819054669
4.2106068204363201 4.800111138395712 -0.039300917819123697
4.2149701435663056 4.7999396557919622 -0.039300917819095296
4.2193334666962921 4.7997681731882125 -0.039300917819115919
4.2236967898262776 4.7995966905844627 -0.039300917819061858
4.2280601129562632 4.7994252079807129 -0.039300917819281397
4.2324234360862487 4.7992537253769623 -0.039300917819068054
4.2367867592162352 4.7990822427732134 -0.039300917819067201
4.2411500823462207 4.7989107601694627 -0.039300917819283958
4.2455134054762063 4.7987392775657129 -0.039300917819052421
4.2498767286061927 4.7985677949619632 -0.039300917819127153
4.2542400517361783 4.7983963123582134 -0.039300917819059797
4.2586033748661638 4.7982248297544636 -0.039300917819278421
4.2629666979961502 4.798053347150713 -0.039300917819058007
4.2673300211261358 4.7978818645469641 -0.039300917819110388
4.2716933442561213 4.7977103819432134 -0.039300917819145235
4.2760566673861078 4.7975388993394645 -0.039300917818929484
4.2804199905160933 4.7973674167357148 -0.039300917819147005
4.2847833136460789 4.797195934131965 -0.039300917819127271
4.2891466367760644 4.7970244515282152 -0.039300917818988687
4.2935099599060509 4.7968529689244663 -0.039300917818928111
4.2978732830360364 4.7966814863207166 -0.039300917819309042
4.302236606166022 4.7965100037169659 -0.039300917819091223
4.3065999292960084 4.796338521113217 -0.039300917818946901
4.310963252425994 4.7961670385094672 -0.039300917819131358
4.3153265755559795 4.7959955559057175 -0.03930091781917245
4.319689898685966 4.7958240733019668 -0.039300917819410315
4.3240532218159515 4.7956525906982161 -0.03930091781902844
4.3284165449459371 4.7954811080944673 -0.039300917819120769
4.3327798680759235 4.7953096254907166 -0.03930091781910932
4.3371431912059091 4.7951381428869677 -0.039300917819062781
4.3415065143358946 4.7949666602832171 -0.039300917819284381
4.3458698374658802 4.7947951776794673 -0.039300917819055224
4.3502331605958666 4.7946236950757175 -0.039300917819115537
4.3545964837258522 4.7944522124719677 -0.039300917819103449
4.3589598068558377 4.794280729868218 -0.039300917819115447
4.3633231299858242 4.7941092472644682 -0.039300917819055557
4.3676864531158097 4.7939377646607184 -0.039300917819283139
4.3720497762457953 4.7937662820569678 -0.03930091781906736
4.3764130993757817 4.7935947994532189 -0.039300917819068228
4.3807764225057673 4.7934233168494682 -0.039300917819280558
4.3851397456357528 4.7932518342457184 -0.039300917819065036
4.3895030687657384 4.7930803516419687 -0.039300917819104102
4.3938663918957248 4.7929088690382189 -0.039300917819139372
4.3982297150257104 4.7927373864344691 -0.039300917818959245
4.4025930381556959 4.7925659038307202 -0.039300917819057805
4.4069563612856824 4.7923944212269696 -0.039300917819430341
4.4113196844156679 4.7922229386232189 -0.039300917819063003
4.4156830075456535 4.79205145601947 -0.039300917818962451
4.4200463306756399 4.7918799734157203 -0.039300917819097343
4.4244096538056255 4.7917084908119705 -0.039300917819269011
4.428772976935611 4.7915370082082198 -0.039300917819082105
4.4331363000655974 4.7913655256044709 -0.039300917819023375
4.437499623195583 4.7911940430007203 -0.039300917819445239
4.4418629463255686 4.7910225603969696 -0.03930091781906183
4.4462262694555541 4.7908510777932207 -0.039300917818952293
4.4505895925855405 4.790679595189471 -0.039300917819139164
4.4549529157155261 4.7905081125857212 -0.039300917819111894
4.4593162388455116 4.7903366299819714 -0.039300917819058027
4.4636795619754981 4.7901651473782216 -0.03930091781927679
4.4680428851054836 4.789993664774471 -0.039300917819066292
4.4724062082354692 4.7898221821707221 -0.039300917819102867
4.4767695313654556 4.7896506995669714 -0.03930091781914305
4.4811328544954412 4.7894792169632225 -0.039300917818945749
4.4854961776254267 4.7893077343594728 -0.039300917819108099
4.4898595007554132 4.789136251755723 -0.039300917819242671
4.4942228238853987 4.7889647691519723 -0.039300917819152723
4.4985861470153843 4.7887932865482234 -0.039300917818791262
4.5029494701453698 4.7886218039444746 -0.039300917819105753
4.5073127932753563 4.7884503213407239 -0.039300917819406554
4.5116761164053418 4.7882788387369732 -0.039300917819110187
4.5160394395353274 4.7881073561332244 -0.039300917818797527
4.5204027626653138 4.7879358735294755 -0.039300917819099203
4.5247660857952994 4.7877643909257248 -0.039300917819426497
4.5291294089252849 4.7875929083219741 -0.03930091781906099
4.5334927320552714 4.7874214257182253 -0.039300917818950364
4.5378560551852569 4.7872499431144755 -0.039300917819147733
4.5422193783152425 4.7870784605107257 -0.039300917819103463
4.5465827014452289 4.7869069779069759 -0.039300917819059207
4.5509460245752145 4.7867354953032262 -0.039300917819280551
4.5553093477052 4.7865640126994755 -0.039300917819074084
4.5596726708351856 4.7863925300957266 -0.039300917819067936
4.564035993965172 4.786221047491976 -0.039300917819274993
4.5683993170951576 4.7860495648882262 -0.039300917819063579
4.5727626402251431 4.7858780822844764 -0.039300917819115447
4.5771259633551296 4.7857065996807266 -0.039300917819095435
4.5814892864851151 4.7855351170769769 -0.039300917819123642
4.5858526096151007 4.7853636344732271 -0.039300917819054773
4.5902159327450871 4.7851921518694773 -0.039300917819278074
4.5945792558750727 4.7850206692657267 -0.039300917819064411
4.5989425790050582 4.7848491866619778 -0.039300917819109119
4.6033059021350438 4.7846777040582271 -0.039300917819143945
4.6076692252650302 4.7845062214544782 -0.03930091781893591
4.6120325483950158 4.7843347388507285 -0.039300917819122573
4.6163958715250013 4.7841632562469787 -0.039300917819218566
4.6207591946549877 4.783991773643228 -0.039300917819234629
4.6251225177849733 4.7838202910394783 -0.039300917819074396
4.6294858409149588 4.7836488084357285 -0.039300917819112539
4.6338491640449453 4.7834773258319787 -0.039300917819096254
4.6382124871749308 4.7833058432282289 -0.039300917819123267
4.6425758103049164 4.7831343606244792 -0.039300917819055446
4.6469391334349028 4.7829628780207294 -0.039300917819275756
4.6513024565648884 4.7827913954169787 -0.039300917819073009
4.6556657796948739 4.7826199128132298 -0.039300917819077026
4.6600291028248595 4.7824484302094792 -0.039300917819263724
4.6643924259548459 4.7822769476057294 -0.039300917819099536
4.6687557490848315 4.7821054650019796 -0.039300917818958954
4.673119072214817 4.7819339823982308 -0.0393009178190988
4.6774823953448035 4.7817624997944801 -0.039300917819266666
4.681845718474789 4.7815910171907303 -0.039300917819066035
4.6862090416047746 4.7814195345869805 -0.039300917819113948
4.690572364734761 4.7812480519832308 -0.039300917819098967
4.6949356878647466 4.781076569379481 -0.039300917819111006
4.6992990109947321 4.7809050867757312 -0.039300917819101791
4.7036623341247186 4.7807336041719815 -0.039300917819102658
4.7080256572547041 4.7805621215682317 -0.039300917819108404
4.7123889803846897 4.7803906389644819 -0.039300917819108508
4.7167523035146752 4.7802191563607321 -0.039300917819102353
4.7211156266446617 4.7800476737569824 -0.039300917819102874
4.7254789497746472 4.7798761911532326 -0.039300917819106988
4.7298422729046328 4.7797047085494828 -0.039300917819113927
4.7342055960346192 4.779533225945733 -0.039300917819058111
4.7385689191646048 4.7793617433419833 -0.039300917819274465
4.7429322422945903 4.7791902607382326 -0.039300917819099529
4.7472955654245768 4.7790187781344837 -0.03930091781894824
4.7516588885545623 4.778847295530734 -0.039300917819117695
4.7560222116845479 4.7786758129269842 -0.039300917819225741
4.7603855348145334 4.7785043303232335 -0.039300917819234851
4.7647488579445199 4.7783328477194837 -0.039300917819066354
4.7691121810745054 4.778161365115734 -0.03930091781912054
4.773475504204491 4.7779898825119842 -0.039300917819096254
4.7778388273344774 4.7778183999082344 -0.039300917819115239
4.782202150464463 4.7776469173044847 -0.039300917819063613
4.7865654735944485 4.7774754347007349 -0.039300917819275083
4.7909287967244349 4.7773039520969842 -0.039300917819067541
4.7952921198544205 4.7771324694932353 -0.039300917819075576
4.7996554429844061 4.7769609868894847 -0.039300917819274972
4.8040187661143925 4.7767895042857349 -0.039300917819056029
4.808382089244378 4.7766180216819851 -0.039300917819121733
4.8127454123743636 4.7764465390782354 -0.039300917819101791
4.8171087355043491 4.7762750564744856 -0.039300917819115891
4.8214720586343356 4.7761035738707358 -0.03930091781905546
4.8258353817643211 4.775932091266986 -0.039300917819283104
4.8301987048943067 4.7757606086632354 -0.039300917819067589
4.8345620280242931 4.7755891260594865 -0.039300917819067333
4.8389253511542787 4.7754176434557358 -0.03930091781928393
4.8432886742842642 4.7752461608519861 -0.039300917819052428
4.8476519974142507 4.7750746782482363 -0.039300917819127139
4.8520153205442362 4.7749031956444865 -0.039300917819059838
4.8563786436742218 4.7747317130407367 -0.039300917819278275
4.8607419668042082 4.7745602304369861 -0.039300917819058527
4.8651052899341938 4.7743887478332372 -0.039300917819108452
4.8694686130641793 4.7742172652294865 -0.039300917819152466
4.8738319361941649 4.7740457826257376 -0.039300917818926528
4.8781952593241513 4.7738743000219879 -0.03930091781915155
4.8825585824541369 4.7737028174182381 -0.039300917819088121
4.8869219055841224 4.7735313348144883 -0.039300917819140739
4.8912852287141089 4.7733598522107386 -0.039300917818969744
4.8956485518440944 4.7731883696069897 -0.03930091781899045
4.90001187497408 4.7730168870032399 -0.039300917819102631
4.9043751981040664 4.7728454043994901 -0.039300917819219842
4.908738521234052 4.7726739217957395 -0.039300917819249478
4.9131018443640375 4.7725024391919897 -0.039300917819037724
4.9174651674940231 4.7723309565882399 -0.039300917819244413
4.9218284906240095 4.7721594739844893 -0.039300917819216109
4.9261918137539951 4.7719879913807395 -0.039300917819122642
4.9305551368839806 4.7718165087769897 -0.039300917818938089
4.9349184600139671 4.7716450261732408 -0.039300917819135153
4.9392817831439526 4.7714735435694902 -0.039300917819142099
4.9436451062739382 4.7713020609657413 -0.039300917818941253
4.9480084294039246 4.7711305783619915 -0.039300917819103019
4.9523717525339102 4.7709590957582417 -0.039300917819267485
4.9567350756638957 4.7707876131544911 -0.039300917819082522
4.9610983987938821 4.7706161305507422 -0.039300917819023264
4.9654617219238677 4.7704446479469915 -0.039300917819445259
4.9698250450538533 4.7702731653432409 -0.039300917819061879
4.9741883681838388 4.770101682739492 -0.039300917818952057
4.9785516913138252 4.7699302001357422 -0.039300917819140052
4.9829150144438108 4.7697587175319924 -0.039300917819108577
4.9872783375737963 4.7695872349282427 -0.039300917819070399
4.9916416607037828 4.7694157523244929 -0.039300917819230619
4.9960049838337683 4.7692442697207422 -0.039300917819238619
5.0003683069637539 4.7690727871169925 -0.039300917819070406
5.0047316300937403 4.7689013045132427 -0.039300917819100563
5.0090949532237259 4.7687298219094929 -0.039300917819148178
5.0134582763537114 4.7685583393057431 -0.039300917818951488
5.0178215994836979 4.7683868567019942 -0.039300917819056015
5.0221849226136834 4.7682153740982436 -0.039300917819445252
5.026548245743669 4.7680438914944929 -0.039300917819029113
5.0309115688736545 4.767872408890744 -0.039300917819083132
5.035274892003641 4.7677009262869934 -0.039300917819259172
5.0396382151336265 4.7675294436832436 -0.039300917819111665
5.0440015382636121 4.7673579610794938 -0.039300917818938949
5.0483648613935985 4.7671864784757449 -0.039300917819142689
5.0527281845235841 4.7670149958719943 -0.03930091781911111
5.0570915076535696 4.7668435132682454 -0.039300917819057694
5.0614548307835561 4.7666720306644947 -0.039300917819278934
5.0658181539135416 4.766500548060745 -0.039300917819058055
5.0701814770435272 4.7663290654569952 -0.039300917819133627
5.0745448001735127 4.7661575828532454 -0.03930091781905222
5.0789081233034992 4.7659861002494956 -0.039300917819278303
5.0832714464334847 4.765814617645745 -0.039300917819066063
5.0876347695634703 4.7656431350419961 -0.039300917819102242
5.0919980926934567 4.7654716524382454 -0.039300917819145791
5.0963614158234423 4.7653001698344966 -0.039300917818935424
5.1007247389534278 4.7651286872307468 -0.039300917819146651
5.1050880620834143 4.764957204626997 -0.039300917819098787
5.1094513852133998 4.7647857220232472 -0.039300917819079011
5.1138147083433854 4.7646142394194975 -0.039300917819229918
5.1181780314733718 4.7644427568157468 -0.039300917819232777
5.1225413546033574 4.764271274211997 -0.039300917819070462
5.1269046777333429 4.7640997916082473 -0.039300917819130136
5.1312680008633285 4.7639283090044975 -0.039300917819053781
5.1356313239933149 4.7637568264007477 -0.039300917819275576
5.1399946471233005 4.7635853437969971 -0.039300917819075416
5.144357970253286 4.7634138611932482 -0.039300917819067582
5.1487212933832724 4.7632423785894975 -0.039300917819275055
5.153084616513258 4.7630708959857477 -0.039300917819063683
5.1574479396432436 4.762899413381998 -0.039300917819114982
5.16181126277323 4.7627279307782482 -0.039300917819097198
5.1661745859032155 4.7625564481744984 -0.039300917819117029
5.1705379090332011 4.7623849655707486 -0.039300917819079434
5.1749012321631875 4.7622134829669989 -0.039300917819186029
5.1792645552931731 4.7620420003632482 -0.039300917819407942
5.1836278784231586 4.7618705177594975 -0.039300917819048355
5.1879912015531442 4.7616990351557487 -0.039300917819043497
5.1923545246831306 4.761527552551998 -0.039300917819398457
5.1967178478131162 4.7613560699482473 -0.039300917819204841
5.2010811709431017 4.7611845873444976 -0.039300917819037676
5.2054444940730882 4.7610131047407478 -0.039300917819265244
5.2098078172030737 4.7608416221369971 -0.039300917819132808
5.2141711403330593 4.7606701395332482 -0.039300917818848341
5.2185344634630457 4.7604986569294994 -0.0393009178188733
5.2228977865930313 4.7603271743257505 -0.039300917819057937
5.2272611097230168 4.7601556917220007 -0.039300917818929089
5.2316244328530024 4.7599842091182527 -0.039300917818649216
5.2359877559829888 4.7598127265145038 -0.039300917819262836
5.2403510791129744 4.7596412439107523 -0.039300917819530927
5.2447144022429599 4.7594697613070007 -0.03930091781970093
5.2490777253729464 4.7592982787032474 -0.039300917819950168
5.2534410485029319 4.7591267960994941 -0.039300917820004527
5.2578043716329175 4.7589553134957407 -0.039300917819561895
5.2621676947629039 4.758783830891991 -0.039300917818811378
5.2665310178928895 4.7586123482882439 -0.039300917817981423
5.270894341022875 4.7584408656845021 -0.039300917816579746
5.2752576641528615 4.7582693830807656 -0.039300917815664395
5.279620987282847 4.758097900477031 -0.039300917815842176
5.2839843104128326 4.7579264178732927 -0.039300917817291725
5.2883476335428181 4.7577549352695456 -0.039300917819865097
5.2927109566728046 4.7575834526657843 -0.039300917823975351
5.2970742798027901 4.7574119700620026 -0.039300917828776975
5.3014376029327757 4.757240487458203 -0.039300917831742867
5.3058009260627621 4.7570690048543982 -0.03930091783093103
5.3101642491927477 4.7568975222506067 -0.039300917825716479
5.3145275723227332 4.7567260396468471 -0.039300917816266538
5.3188908954527196 4.7565545570431391 -0.039300917801854178
5.3232542185827052 4.756383074439503 -0.039300917784070938
5.3276175417126908 4.7562115918359371 -0.039300917771933619
5.3319808648426772 4.7560401092323943 -0.039300917774122132
5.3363441879726627 4.7558686266288053 -0.039300917793382753
5.3407075111026483 4.7556971440250955 -0.039300917828981027
5.3450708342326338 4.7555256614211938 -0.039300917882281967
5.3494341573626203 4.7553541788170275 -0.039300917947338462
5.3537974804926058 4.7551826962126018 -0.039300917994104817
5.3581608036225914 4.7550112136080775 -0.03930091798810547
5.3625241267525778 4.7548397310037203 -0.039300917918291184
5.3668874498825634 4.7546682483998017 -0.039300917787073134
5.3712507730125489 4.7544967657965973 -0.039300917589138513
5.3756140961425354 4.7543252831943752 -0.03930091734569801
5.3799774192725209 4.7541538005931336 -0.039300917167821706
5.3843407424025065 4.7539823179922749 -0.039300917185418331
5.388704065532492 4.7538108353908193 -0.039300917440078784
5.3930673886624785 4.7536393527877507 -0.039300917923154578
5.397430711792464 4.7534678701820496 -0.039300918655176827
5.4017940349224496 4.7532963875726981 -0.03930091956389084
5.406157358052436 4.7531249049596624 -0.039300920239872493
5.4105206811824216 4.7529534223451186 -0.039300920197188234
5.4148840043124071 4.7527819397326994 -0.039300919268165049
5.4192473274423936 4.7526104571262131 -0.03930091748695156
5.4236106505723791 4.7524389745294471 -0.039300914778442324
5.4279739737023647 4.7522674919462373 -0.039300911389979813
5.4323372968323511 4.7520960093768601 -0.039300908821192262
5.4367006199623367 4.7519245268134096 -0.039300908899307423
5.4410639430923222 4.7517530442423901 -0.039300912284780672
5.4454272662223078 4.75158156164958 -0.039300918850964303
5.4497905893522942 4.7514100790208609 -0.039300928872070928
5.4541539124822798 4.7512385963418318 -0.039300941501300549
5.4585172356122653 4.7510671136108753 -0.039300951256509432
5.4628805587422518 4.7508956308567107 -0.03930095126575274
5.4672438818722373 4.7507241481294429 -0.039300938937472683
5.4716072050022229 4.7505526654821884 -0.039300914735447126
5.4759705281322093 4.7503811829675708 -0.039300877664200248
5.4803338512621949 4.7502097006396351 -0.039300830603782998
5.4846971743921804 4.7500382185065595 -0.039300793587829619
5.4890604975221668 4.7498667364640941 -0.039300792437106324
5.4934238206521524 4.7496952543263022 -0.039300837298591997
5.497787143782138 4.7495237718947845 -0.03930092649608577
5.5021504669121235 4.7493522889733697 -0.039301063624074303
5.5065137900421099 4.7491808053593694 -0.039301238929720234
5.5108771131720955 4.7490093210144941 -0.039301379278468364
5.5152404363020811 4.7488378363167296 -0.03930138771922248
5.5196037594320675 4.7486663519558796 -0.039301224590881513
5.523967082562053 4.7484948686729549 -0.03930089589129996
5.5283304056920386 4.7483233871993455 -0.039300388697533994
5.532693728822025 4.7481519082947568 -0.039299735850124078
5.5370570519520106 4.7479804321303654 -0.03929920408415425
5.5414203750819961 4.7478089573371962 -0.039299157191543005
5.5457836982119817 4.7476374813569358 -0.039299749928853947
5.5501470213419681 4.7474660014220342 -0.039300961066969863
5.5545103444719537 4.7472945148053727 -0.039302836827897467
5.5588736676019392 4.7471230186611137 -0.039305267379314945
5.5632369907319257 4.7469515122474579 -0.039307280823315346
5.5676003138619112 4.7467800005167726 -0.039307512933281816
5.5719636369918968 4.7466084929543779 -0.039305360864115797
5.5763269601218832 4.7464369998960958 -0.039300898832042991
5.5806902832518688 4.7462655315114741 -0.03929396237695907
5.5850536063818543 4.7460940984551385 -0.039284915929811891
5.5894169295118408 4.7459227038701073 -0.039277297312717327
5.5937802526418263 4.7457513298625562 -0.039276219274576314
5.5981435757718119 4.7455799412750697 -0.039284026436285514
5.6025068989017974 4.7454084995090717 -0.039300463103962437
5.6068702220317839 4.7452369666383092 -0.039326111144746531
5.6112335451617694 4.7450653027931491 -0.0393597726984556
5.615596868291755 4.7448934948816355 -0.039388582533619612
5.6199601914217414 4.7447216074752498 -0.03939339101545946
5.624323514551727 4.7445497708444613 -0.039365093171885426
5.6286868376817125 4.7443781291248026 -0.039304554313917474
5.633050160811699 4.7442068237712105 -0.039209728296036146
5.6374134839416845 4.7440360039031777 -0.039084507670952839
5.6417768070716701 4.7438657233301544 -0.038975628970927323
5.6461401302016565 4.7436957493515717 -0.038954773651025246
5.6505034533316421 4.7435255994246432 -0.039057247992534537
5.6548667764616276 4.7433547353517422 -0.039280189720075603
5.6592300995916132 4.7431826294961752 -0.03963074594065448
5.6635934227215996 4.7430087243817152 -0.040096445490639253
5.6679567458515852 4.7428328012136625 -0.040507681804256325
5.6723200689815707 4.7426556974096092 -0.040596293963779562
5.6766833921115571 4.7424791997994262 -0.04022556632773857
5.6810467152415427 4.7423053178490857 -0.03940468127301746
5.6854100383715283 4.7421360198506495 -0.038108860721289349
5.6897733615015147 4.7419733889961702 -0.036377344289974932
5.6941366846315002 4.7418183070736983 -0.034824976718981077
5.6985000077614858 4.7416677649581063 -0.034454358819791878
5.7028633308914722 4.7415151483388218 -0.035794180373242813
5.7072266540214578 4.741352955079714 -0.038816248258077647
5.7115899771514433 4.7411738420600704 -0.043605738119708734
5.7159533002814289 4.7409700279418256 -0.050042105607419118
5.7203166234114153 4.7407379852638396 -0.055898898204031454
5.7246799465414009 4.7404885097991682 -0.057429789575411408
5.7290432696713864 4.7402460773113511 -0.052592938532530116
5.7334065928013729 4.7400386938509449 -0.041469120984938802
5.7377699159313584 4.7398937566865271 -0.023768395581580084
5.742133239061344 4.7398403202239852 0.00015104421330505407
5.7464965621913304 4.7398924064864314 0.022235889524548746
5.750859885321316 4.7400113485092508 0.02849578476544655
5.7552232084513015 4.7401066075917537 0.011054803037756099
5.7595865315812871 4.7400736446518454 -0.02988332430902749
5.7639498547112735 4.7398102320829132 -0.095294295492879003
5.7683131778412591 4.7392079240015015 -0.18416516774382166
5.7726765009712446 4.7382112850487124 -0.26740003422791186
5.7770398241012311 4.7369585606685565 -0.29278300217519543
5.7814031472312166 4.7357845433701158 -0.22997263089615474
5.7857664703612022 4.7350794078054594 -0.079336811624885956
5.7901297934911886 4.7352246355541752 0.16235562015821248
5.7944931166211742 4.7366248364221555 0.49247277829720298
5.7988564397511597 4.7394982105321635 0.80604698271048014
5.8032197628811462 4.7433512375529805 0.90807204416016729
5.8075830860111317 4.7469467216695396 0.68288386258269418
5.8119464091411173 4.7488287884101839 0.12647905974151646
5.8163097322711028 4.7475673911675873 -0.76205918902107328
5.8206730554010893 4.7416977050283453 -1.9812140772793174
5.8250363785310748 4.7300151002499637 -3.3811507862493695
5.8293997016610604 4.7123452419093912 -4.6754498380781699
5.8337630247910468 4.6896223940970438 -5.6890288895294461
5.8381263479210324 4.6631226679454798 -6.4113835426348897
5.8424896710510179 4.6340892298314351 -6.847228165046567
5.8468529941810043 4.6037874130417062 -6.9956199850068632
5.8512163173109899 4.5733262408865745 -6.947845700611472
5.8555796404409755 4.543182842893648 -6.8816302768091235
5.8599429635709619 4.5131356739463859 -6.909618618219981
5.8643062867009474 4.4827341897703867 -7.0413276648674401
5.868669609830933 4.4515451783794564 -7.2715761715641145
5.8730329329609186 4.4191324735488848 -7.6016865602484778
5.877396256090905 4.3850805552209655 -8.0193863143479991
5.8817595792208905 4.3490563694343862 -8.5015483081191636
5.8861229023508761 4.3108192409589101 -9.0327391129038244
5.8904862254808625 4.2701623995947697 -9.6109932503723634
5.8948495486108481 4.2268776968900843 -10.237242297066212
5.8992128717408336 4.1807560744011649 -10.911298705779233
5.9035761948708201 4.1315925160220415 -11.630827446368595
5.9079395180008056 4.0791991329264494 -12.390801029843571
5.9123028411307912 4.0234083668251044 -13.187910344639057
5.9166661642607767 3.964059664305311 -14.021624880047639
5.9210294873907632 3.9009923345437461 -14.892654068675613
5.9253928105207487 3.8340425078020157 -15.800970828415396
5.9297561336507343 3.7630692557553074 -16.732386362003066
5.9341194567807207 3.6880359385039494 -17.656206147130973
5.9384827799107063 3.6090318130610237 -18.551133289917995
5.9428461030406918 3.5261926180141483 -19.414531170589115
5.9472094261706783 3.4396519267218619 -20.247773487395296
5.9515727493006638 3.3495419927627017 -21.050398182885441
5.9559360724306494 3.2560048871084555 -21.817037260111171
5.9602993955606358 3.1592211854112007 -22.536400953825428
5.9646627186906214 3.0594184665754223 -23.200225398103044
5.9690260418206069 2.9568439647406088 -23.807024821922671
5.9733893649505925 2.851745145944264 -24.357332789805106
5.9777526880805789 2.7443679197809336 -24.851411504706732
5.9821160112105645 2.6349640162892576 -25.28474687908415
5.98647933434055 2.5238220152854436 -25.645795176809003
5.9908426574705365 2.4112793497233485 -25.926320445885601
5.995205980600522 2.2976903826776081 -26.125580993625118
5.9995693037305076 2.1834083103994892 -26.243941497824668
6.003932626860494 2.0687859249947032 -26.281765058606769
6.0082959499904796 1.9541777301602472 -26.236335664264452
6.0126592731204651 1.8399645738888235 -26.098864454522133
6.0170225962504515 1.7265651152423993 -25.863112902390398
6.0213859193804371 1.6144093474668748 -25.52903418905402
6.0257492425104227 1.503925021164241 -25.09680323429183
6.0301125656404082 1.3955418963183253 -24.565927556959355
6.0344758887703946 1.2896820131969411 -23.942128298432596
6.0388392119003802 1.1867213981924041 -23.239957870521913
6.0432025350303658 1.0869727927406112 -22.470633825904507
6.0475658581603522 0.99072328084232186 -21.635885825889606
6.0519291812903377 0.89826025304844948 -20.735007657202313
6.0562925044203233 0.80987330689180337 -19.767366334295946
6.0606558275503097 0.72584100267084672 -18.742271246962368
6.0650191506802953 0.64636176828142 -17.685801446634166
6.0693824738102808 0.5715190311889613 -16.61849479111099
6.0737457969402664 0.5013495792815118 -15.543256280706018
6.0781091200702528 0.43589169540028405 -14.458967213599642
6.0824724432002384 0.37518455693998154 -13.365554493012622
6.0868357663302239 0.31926202920483548 -12.267466482580593
6.0911990894602104 0.26811870015877159 -11.177640258847985
6.0955624125901959 0.22169139699109289 -10.106597645272098
6.0999257357201815 0.17989228357111528 -9.0559849044958618
6.1042890588501679 0.1426340560790984 -8.0252864221533553
6.1086523819801535 0.10982899700427823 -7.0148368360331723
6.113015705110139 0.081391734966985152 -6.0224845614249043
6.1173790282401255 0.057255637212680927 -5.0420044888418589
6.121742351370111 0.037382235185306659 -4.0682006348712143
6.1261056745000966 0.021745585245578205 -3.1001062677373517
6.1304689976300821 0.01031999255810491 -2.1380017345528075
6.1348323207600686 0.0030782802762723948 -1.1825802695490379
6.1391956438900541 0 -0.22718140548032265
6.1435589670200397 0.0011262935487088553 0.74921867761092098
6.1479222901500261 0.0065949758385849969 1.7646780735361081
6.1522856132800117 0.016587493891441932 2.822407338382575
6.1566489364099972 0.031285292308436644 3.921503715712789
6.1610122595399837 0.05086894872081911 5.0617699262651108
6.1653755826699692 0.075522095308246356 6.2464019117151111
6.1697389057999548 0.10546288234642356 7.4886462320505904
6.1741022289299412 0.1409713950717171 8.7986369424816324
6.1784655520599268 0.182342184711179 10.175120686948727
6.1828288751899123 0.22991357468932219 11.653018463126452
6.1871921983198979 0.28385923344291852 13.010786751980792
6.1915555214498843 0.34224366398219164 13.53631487465606
6.1959188445798699 0.40058978231028719 13.101967233541819
6.2002821677098554 0.45621035496773032 12.413540973697673
6.2046454908398418 0.50898495654306875 11.770900909147919
6.2090088139698274 0.55891258228393992 11.115705451451642
6.213372137099813 0.60599228164032992 10.463601004168542
6.2177354602297994 0.65022315828263555 9.8104180874777125
6.2220987833597849 0.69160437011870524 9.1572627872558456
6.2264621064897705 0.73013512930992441 8.5039548327267003
6.2308254296197561 0.76581470228617887 7.8501838353625679
6.2351887527497425 0.79864240975983691 7.1974462542104094
6.239552075879728 0.82861762673865458 6.5401412942635933
6.2439153990097136 0.85573978253771632 5.8992503462294268
6.2482787221397 0.88000836079027567 5.1965233276631704
6.2526420452696856 0.90142289945757559 4.724053877243775
6.2570053683996711 0.91998299083767343 3.3917922351162937
6.2613686915296576 0.93568828157318584 5.2679185258208072
6.2657320146596431 0.9465957288960104 -6.1658954740412675
6.2700953377896287 0.95464783191903491 32.431289965740497
6.2744586609196151 0.9589313920529311 -115.07788715229265
6.2788219840496007 0.9603592816773372 431.80716223600967
6.2831853071795862 3.9313895424762983 431.56091979064206
