# q  U_kJmol  dU_dq   # conservative spline pchip_hermite_v1
0 0.59251521810687735 5.0210579703760239
0.0043633231299858239 0.59251521810687735 -1.1310085025053875
0.0087266462599716477 0.5953709701707296 1.4664465267796212
0.013089969389957472 0.60146074080484302 1.4157107489698735
0.017453292519943295 0.60782845477466474 1.435845971197113
0.021816615649929118 0.61371390540051129 1.2655607703726688
0.026179938779914945 0.61889392747070093 1.109969552913679
0.030543261909900768 0.62339431415708235 0.95031980652869341
0.034906585039886591 0.62717414180714171 0.78180724027283277
0.039269908169872414 0.63021039177038662 0.60884099329123187
0.043633231299858237 0.63248250522105276 0.43259062342736893
0.04799655442984406 0.63398602623228795 0.25673154881241383
0.05235987755982989 0.63472417390422686 0.081741036673275203
0.056723200689815713 0.63470052947824851 -0.092439450202259105
0.061086523819801536 0.63391864101159701 -0.26582685594410704
0.065449846949787352 0.63238187646484578 -0.43844150790051367
0.069813170079773182 0.63009405331088963 -0.60999991599195025
0.074176493209759012 0.62706061319734385 -0.78018995100193533
0.078539816339744828 0.62328762715813646 -0.94899418544298741
0.082903139469730658 0.61878096091777268 -1.1165028846897056
0.087266462599716474 0.61354653355803679 -1.2824768893294898
0.091629785729702304 0.6075902971995214 -1.4477231700640392
0.09599310885968812 0.60090740641220275 -1.6166541366406053
0.10035643198967395 0.59346986517298539 -1.7941542036360216
0.10471975511965978 0.58523609034152513 -1.981532291999716
0.1090830782496456 0.57616362948730726 -2.1786077969417335
0.11344640137963143 0.56621004714311596 -2.385380233462532
0.11780972450961724 0.55533342856341983 -2.6016624613872401
0.12217304763960307 0.54349215726930422 -2.8276404315373433
0.1265363707695889 0.5306431229293388 -3.0635795051144163
0.1308996938995747 0.51674306703166084 -3.3093612651837234
0.13526301702956053 0.5017495257349488 -3.5647495244257184
0.13962634015954636 0.48561973142561021 -3.8304699322646663
0.14398966328953219 0.46831093856636374 -4.1040497581983804
0.14835298641951802 0.44981352124425322 -4.3718677199431406
0.15271630954950383 0.43019063808273983 -4.6180673398150427
0.15707963267948966 0.40955201865177182 -4.8376330256472109
0.16144295580947549 0.38801260898018408 -5.0308772266729136
0.16580627893946132 0.36568643351627855 -5.1986127972878542
0.17016960206944712 0.34268660843261206 -5.3385339871781516
0.17453292519943295 0.31916163886788151 -5.4353437667914681
0.17889624832941878 0.2953437987339661 -5.4706091779371411
0.18325957145940461 0.27151958397709186 -5.4384835923341122
0.18762289458939044 0.24798090815508714 -5.3397812812426828
0.19198621771937624 0.22501874679949008 -5.1740118519145728
0.19634954084936207 0.20292423049654731 -4.9428609356877233
0.2007128639793479 0.18196539346125834 -4.6558496873283177
0.20507618710933373 0.16235865214258974 -4.3245775132671866
0.20943951023931956 0.14428463144101947 -3.9532238507612942
0.21380283336930536 0.12791829996918611 -3.5419689774505505
0.21816615649929119 0.11343552170646699 -3.0891857137461476
0.22252947962927702 0.10101426471850199 -2.5991402283895342
0.22689280275926285 0.090764742960523642 -2.1015326577050129
0.23125612588924865 0.082631124972219694 -1.6340450007244751
0.23561944901923448 0.076441546994732171 -1.2101914751410117
0.23998277214922031 0.072008070414366174 -0.82906339913810256
0.24434609527920614 0.069145575747829577 -0.48989524706240339
0.24870941840919197 0.067669883021921493 -0.19407355249960739
0.2530727415391778 0.067372871761971612 0.047367976472672553
0.25743606466916363 0.067982925883849007 0.21983406415063492
0.26179938779914941 0.06918321314951377 0.31799481873307356
0.26616271092913524 0.070651076011317038 0.34267155785160736
0.27052603405912107 0.07206512640917849 0.29277655027943222
0.2748893571891069 0.073101667770557863 0.1711250223991275
0.27925268031909273 0.073486260782276464 -0.00017661948213598016
0.28361600344907856 0.073070862790730287 -0.19159848845585217
0.28797932657906439 0.071801981880295587 -0.39145429797164594
0.29234264970905022 0.069642177588096488 -0.59997461633605076
0.29670597283903605 0.066551502886057351 -0.81861067818747646
0.30106929596902182 0.062487659767272621 -1.0446667779261831
0.30543261909900765 0.057457028494422482 -1.2556222044736354
0.30979594222899348 0.051597628574140741 -1.420278317766541
0.31415926535897931 0.045148689802091788 -1.5258548431176231
0.31852258848896514 0.038366923541507239 -1.5730650099917278
0.32288591161895097 0.031505997966669461 -1.561909077322885
0.3272492347489368 0.024820745631921801 -1.4929645537478422
0.33161255787892263 0.01855236627439533 -1.3724938116963008
0.33597588100890846 0.012905731824462429 -1.2092202475572276
0.34033920413889424 0.0080567136759284487 -1.0069043636068371
0.34470252726888007 0.004175233160761873 -0.76581101571122201
0.3490658503988659 0.0014318785336725932 -0.48475269700279833
0.35342917352885173 0 -0.16585705941424553
0.35779249665883756 9.4929796058754179e-06 0.17022066559898069
0.36215581978882339 0.0014665638994159035 0.4933094588916796
0.36651914291880922 0.0042759198541944543 0.78992054101569054
0.37088246604879505 0.0083216782667105589 1.0602378329512805
0.37524578917878088 0.013491147394836391 1.3050518711572305
0.37960911230876665 0.019672019582563292 1.5234745235957656
0.38397243543875248 0.02673802368696199 1.7089312737082167
0.38833575856873831 0.034522911566576761 1.851521573835001
0.39269908169872414 0.042826387357539561 1.9465264821001182
0.39706240482870997 0.051440538722888465 1.9940761229553412
0.4014257279586958 0.060158673641192553 1.9939712664681348
0.40578905108868163 0.068772650808749503 1.9467212819823829
0.41015237421866746 0.077089610616912982 1.8599983885315643
0.41451569734865329 0.084964095645619561 1.7457026043498491
0.41887902047863912 0.092291899582482004 1.6095151540539094
0.42324234360862489 0.098977997333537696 1.4514858341821928
0.42760566673861072 0.10492598518433634 1.2710989051364128
0.43196898986859655 0.1100388740708861 1.0690172024460924
0.43633231299858238 0.11423188595656515 0.85109835087414487
0.44069563612856821 0.11745647653691814 0.62655717897093177
0.44505895925855404 0.11969689964931492 0.40013956815131935
0.44942228238853987 0.12094593832868859 0.17206174971104884
0.4537856055185257 0.12119540398820565 -0.058090876589748909
0.45814892864851153 0.12043657133300691 -0.28991319226188189
0.46251225177849731 0.11866866863041002 -0.51951161774074839
0.46687557490848314 0.11591543255546448 -0.74054638332854394
0.47123889803846897 0.11222346727539718 -0.9496968779958882
0.4756022211684548 0.1076454394462731 -1.1466945257951686
0.47996554429844063 0.10223363551476698 -1.3320273939816873
0.48432886742842646 0.096038729099810816 -1.5053821008754418
0.48869219055841229 0.089124923654687591 -1.6593305757441656
0.49305551368839812 0.081605332645808645 -1.7809680063888338
0.49741883681838395 0.073639837889353257 -1.8635581157216714
0.50178215994836972 0.0653996684728822 -1.9069934665051538
0.50614548307835561 0.05705456446717054 -1.911662048196481
0.51050880620834138 0.048773909619686293 -1.8773881025935761
0.51487212933832727 0.040731837170494334 -1.8014661523395639
0.51923545246831304 0.033120916303470874 -1.6789527332357079
0.52359877559829882 0.026151914252109724 -1.5071395009117217
0.5279620987282847 0.020040182254219881 -1.2861395105792419
0.53232542185827048 0.015000110204432277 -1.0157181274371985
0.53668874498825636 0.011248085476409226 -0.69598844094141976
0.54105206811824214 0.0089863319744524946 -0.33509744686305248
0.54541539124822802 0.0083618137784044859 0.05192398650886159
0.5497787143782138 0.0094652290967484308 0.45666690796983678
0.55414203750819968 0.012372116906182961 0.87868970708960503
0.55850536063818546 0.017159566456511541 1.3188109460428685
0.56286868376817123 0.023906695337662588 1.77665845977595
0.56723200689815712 0.032674440269655519 2.2417966849075985
0.57159533002814289 0.043451831269946978 2.6944003877463296
0.57595865315812877 0.056152388021771318 3.1228495780057592
0.58032197628811455 0.070667715712733198 3.5264650716795058
0.58468529941810043 0.086891627718578793 3.9060345360929909
0.58904862254808621 0.10471882640099385 4.2612159459902372
0.59341194567807209 0.12403427826419765 4.5865070742649392
0.59777526880805787 0.14468460762859534 4.8712028283668571
0.60213859193804364 0.16647494399494689 5.1087339254372122
0.60650191506802953 0.18919744643195111 5.2986350408256078
0.6108652381980153 0.21264538537956437 5.4411830663971292
0.61522856132800119 0.23661178432344102 5.5363300886609057
0.61959188445798696 0.26089147240896926 5.5850625566283654
0.62395520758797285 0.2852857441600356 5.5891693347393607
0.62831853071795862 0.30960292775236853 5.5497897658152695
0.63268185384794451 0.33365398454517703 5.4672240405134467
0.63704517697793028 0.35725003687584594 5.3410531774253132
0.64140850010791606 0.38020011995981501 5.1713285926237074
0.64577182323790194 0.40232814800707245 4.9670586469715365
0.65013514636788772 0.42352271934447272 4.7468620468134288
0.6544984694978736 0.44374673402794185 4.5228152345191237
0.65886179262785938 0.46298798433081556 4.2961944681044288
0.66322511575784526 0.48123290192062351 4.0659974174968321
0.66758843888783104 0.49846524552442806 3.8321838828352348
0.67195176201781692 0.51468645402663193 3.6062351959054402
0.6763150851478027 0.52998377334560964 3.4134187809754115
0.68067840827778847 0.54454672347796806 3.2704986564129346
0.68504173140777436 0.55859898456121904 3.1789565837308635
0.68940505453776013 0.5723617349824176 3.1378682044170465
0.69376837766774602 0.5860554700951347 3.1472594948653185
0.69813170079773179 0.59990573687353421 3.2109545272577344
0.70249502392771768 0.61416904146185025 3.3383902323353767
0.70685834705770345 0.62914062208624377 3.5359109902528734
0.71122167018768934 0.64512799545576494 3.8037746305450311
0.71558499331767511 0.66243705014286891 4.1419280936342115
0.71994831644766089 0.68137583448856598 4.5506913115072178
0.72431163957764677 0.70224060574917824 5.0222156106065832
0.72867496270763255 0.72526810505094008 5.5385485237105172
0.73303828583761843 0.75062022604214207 6.0869669813388612
0.73740160896760421 0.77843103341377895 6.6657206118980943
0.74176493209759009 0.80883525221870034 7.27585422099345
0.74612825522757587 0.84197144602258256 7.918032156179529
0.75049157835756175 0.87795662185665901 8.5763702073132411
0.75485490148754752 0.91678052205641969 9.2114189267131898
0.7592182246175333 0.95826598370939764 9.7946039604449027
0.76358154774751918 1.0021743054871868 10.322605878352705
0.76794487087750496 1.0482699168365814 10.797118619328158
0.77230819400749084 1.0963196484933866 11.218489425135315
0.77667151713747662 1.1460752838621724 11.574940611662729
0.7810348402674625 1.1971905117550985 11.835445017061515
0.78539816339744828 1.2491858055391731 11.976851905903091
0.78976148652743416 1.3015312373651471 11.996545864786412
0.79412480965741994 1.3536999966946299 11.895629264125452
0.79848813278740571 1.4051634877229515 11.673223882056295
0.8028514559173916 1.455400285604505 11.335443165212952
0.80721477904737737 1.5039398922272935 10.898656580001504
0.81157810217736326 1.5503831874342355 10.375363323768802
0.81594142530734903 1.5943587772006571 9.7673360919542862
0.82030474843733492 1.6354947419444206 9.0736866431889975
0.82466807156732069 1.6734149844659851 8.2929615826668659
0.82903139469730658 1.7077656054131316 7.4442525284236325
0.83339471782729235 1.7383578659705397 6.5814645391887527
0.83775804095727824 1.7652412367138799 5.747222495415981
0.84212136408726401 1.7885622716993794 4.9476522138464007
0.84648468721724979 1.8084646216854996 4.1803790709147348
0.85084801034723567 1.8250894252569763 3.4450523402134903
0.85521133347722145 1.8385923170558536 2.7536890623565919
0.85957465660720733 1.8492341919837616 2.1409101796325429
0.86393797973719311 1.8574307862448549 1.6350475433173761
0.86830130286717899 1.8636649772265603 1.2407767207624192
0.87266462599716477 1.8684187389505948 0.95660535997193841
0.87702794912715065 1.8721742321184749 0.78333454464287733
0.88139127225713643 1.875411810124848 0.71813803088816486
0.8857545953871222 1.8785845976207651 0.75155599281440133
0.89011791851710809 1.8821024564037401 0.87578752579929742
0.89448124164709386 1.8863578437621176 1.089784268178579
0.89884456477707975 1.8917438377584055 1.3940009250677938
0.90320788790706552 1.8986554049294133 1.7893922698304956
0.90757121103705141 1.9074771937583488 2.2658887520931716
0.91193453416703718 1.9185009093587213 2.7918164750871761
0.91629785729702307 1.9318725351052097 3.3398465350315778
0.92066118042700884 1.9476712816800654 3.904868034845538
0.92502450355699462 1.9659757055392511 4.4882941322173302
0.9293878266869805 1.9868669265533814 5.0908957547001057
0.93375114981696627 2.0104157908471607 5.7028748011169705
0.93811447294695216 2.0366019050722439 6.2928574004875433
0.94247779607693793 2.0652587319341653 6.832924321372583
0.94684111920692382 2.0961494600224149 7.3173282616398181
0.95120444233690959 2.1290354668534275 7.7474155360482291
0.95556776546689548 2.1636800330126467 8.1236114394523842
0.95993108859688125 2.1998411480553197 8.4405390871487604
0.96429441172686703 2.2372249635999695 8.6800017387874515
0.96865773485685291 2.2754515458165692 8.8253341060013657
0.97302105798683869 2.3140985287036684 8.873031876000363
0.97738438111682457 2.3527424671283321 8.8238614200983072
0.98174770424681035 2.3909598897658917 8.6775016015650177
0.98611102737679623 2.4283293989296744 8.4358783163627109
0.99047435050678201 2.4644466786952668 8.1047794004467892
0.99483767363676789 2.4989346901990315 7.68962649416257
0.99920099676675367 2.5314313219366444 7.1919628219482883
1.0035643198967394 2.5615761633962122 6.6116266582086354
1.0079276430267252 2.5890066300521837 5.9473964554462055
1.0122909661567112 2.6133674507083362 5.2078536624159781
1.016654289286697 2.6343888364503036 4.423695594135868
1.0210176124166828 2.6519496738874895 3.6245465898084523
1.0253809355466685 2.6660077656891432 2.8176924239302195
1.0297442586766545 2.6765258126204068 2.0019920279603434
1.0341075818066403 2.6834636327617454 1.1761095962459978
1.0384709049366261 2.6867872982484031 0.34884740327583835
1.0428342280666119 2.6865559183852663 -0.44540022602857376
1.0471975511965976 2.6829980985148816 -1.1725083287161397
1.0515608743265836 2.6764337098202851 -1.824084420601888
1.0559241974565694 2.6671877618150437 -2.4015407758542797
1.0602875205865552 2.6555837812712801 -2.9051073840688275
1.064650843716541 2.6419459425156675 -3.3330262449040982
1.0690141668465269 2.6266201125579038 -3.676739354213292
1.0733774899765127 2.6099955689851124 -3.92747502425012
1.0777408131064985 2.5924844544836199 -4.0833102114842106
1.0821041362364843 2.5744992242342044 -4.1447730382339039
1.08646745936647 2.5564531169567251 -4.1109204816094191
1.090830782496456 2.538756386103461 -3.9865103078584743
1.0951941056264418 2.5217680299205765 -3.7907474775392025
1.0995574287564276 2.5057505119104144 -3.5436672668009348
1.1039207518864134 2.4909098771175842 -3.2510864854323072
1.1082840750163994 2.4774466538449391 -2.9122861245381952
1.1126473981463851 2.4655634831064628 -2.5266658489696776
1.1170107212763709 2.4554601878317039 -2.0978309871776721
1.1213740444063567 2.4472989048959684 -1.6398091548950164
1.1257373675363425 2.4411707339406452 -1.1676371872958637
1.1301006906663285 2.4371229605728524 -0.68610604321733004
1.1344640137963142 2.4351975538957258 -0.19479472198246614
1.1388273369263 2.4354377510233278 0.30662019375238336
1.1431906600562858 2.4378863919668068 0.81702282617741684
1.1475539831862718 2.4425727632928993 1.330961579383878
1.1519173063162575 2.449497563993511 1.8423846842532046
1.1562806294462433 2.4586443491600458 2.3495081668385924
1.1606439525762291 2.4699952211112914 2.8527335614538831
1.1650072757062149 2.483532638070328 3.3514845536830951
1.1693705988362009 2.4992386031667029 3.8475966693775843
1.1737339219661866 2.5171214756561899 4.3521123578496379
1.1780972450961724 2.5372483188250867 4.8775093518367214
1.1824605682261582 2.5597218147656835 5.427685876404782
1.1868238913561442 2.5846479738508212 6.0013493427514204
1.19118721448613 2.6121306932062045 6.6006072764613837
1.1955505376161157 2.6422793445857047 7.2206332793545345
1.1999138607461015 2.6751160501292701 7.8224010799220975
1.2042771838760873 2.7104490530490355 8.3598014279908615
1.2086405070060733 2.7479566061691618 8.819870469777122
1.2130038301360591 2.7873086818543302 9.2055048387261635
1.2173671532660448 2.8281786548448138 9.5147279314138054
1.2217304763960306 2.8702344489124827 9.7511410194248036
1.2260937995260166 2.9132137057961733 9.946502353199941
1.2304571226560024 2.9570306412160838 10.139515529401294
1.2348204457859882 3.0017108442752942 10.341585935256655
1.2391837689159739 3.0472879899879834 10.550522585614361
1.2435470920459597 3.0937934541341936 10.767662659862767
1.2479104151759457 3.1412609904399913 10.989902543905968
1.2522737383059315 3.1896735831388381 11.195047938144457
1.2566370614359172 3.2388913665086272 11.355607715611418
1.261000384565903 3.2886913685862638 11.462135633843355
1.265363707695889 3.3388407506672735 11.515984275680108
1.2697270308258748 3.3891086101448393 11.515736843260109
1.2740903539558606 3.4392619397946902 11.465592079512325
1.2784536770858463 3.489133817304654 11.394161420840856
1.2828170002158321 3.5387164630514043 11.337655470269951
1.2871803233458181 3.5881152751471008 11.309854111169818
1.2915436464758039 3.6374516311555456 11.308229147633796
1.2959069696057897 3.6868444121084547 11.338383652551428
1.3002702927357754 3.7364206111576919 11.384294524212772
1.3046336158657614 3.7860503635188976 11.333426071376028
1.3089969389957472 3.8349697536111473 11.039400436880443
1.313360262125733 3.8819495312022001 10.444382985950279
1.3177235852557188 3.9256856376303308 9.5547150884889795
1.3220869083857045 3.9648868418553564 8.3602510351895596
1.3264502315156905 3.9982411865143548 6.8898015464686297
1.3308135546456763 4.0249315848329905 5.3642670337298082
1.3351768777756621 4.0454027720856969 4.0790480192082752
1.3395402009056478 4.0610527609732197 3.154632216042712
1.3439035240356338 4.0734462304709229 2.5836848177112093
1.3482668471656196 4.0841194819935955 2.3701376531910392
1.3526301702956054 4.0946270120404105 2.498597258166193
1.3569934934255912 4.1062206647517216 2.8311272455995251
1.3613568165555769 4.119354804125626 3.1784712373541506
1.3657201396855629 4.1338634567185393 3.4607715688650051
1.3700834628155487 4.1494643174573058 3.6802189323632075
1.3744467859455345 4.1658938794785856 3.8408491837275371
1.3788101090755203 4.1828895430145829 3.9378765771844275
1.3831734322055063 4.2001200272481132 3.9398103017547403
1.387536755335492 4.2170668087295651 3.8014391849840088
1.3919000784654778 4.2330604497760946 3.5025991930814269
1.3962634015954636 4.24740233489758 3.0453354675215927
1.4006267247254494 4.2593990898294587 2.4251738948962407
1.4049900478554354 4.2683436928676572 1.6521861003902087
1.4093533709854211 4.2737392222027752 0.82563045534220958
1.4137166941154069 4.2756813968669043 0.090325723918463899
1.4180800172453927 4.2747563595856093 -0.48760120035958177
1.4224433403753787 4.2716526047072456 -0.90991436988610785
1.4268066635053644 4.267042772310834 -1.176213269101289
1.4311699866353502 4.2616092807864661 -1.2905134290302256
1.435533309765336 4.2559245386190181 -1.3060674089523523
1.4398966328953218 4.2502395292598196 -1.3024822542316357
1.4442599560253078 4.24453122966694 -1.3174657858333396
1.4486232791552935 4.2387162773934737 -1.3504589809293623
1.4529866022852793 4.2327202756827242 -1.4013120742747245
1.4573499254152651 4.2264637676390739 -1.4684978904115651
1.4617132485452511 4.2199177806502348 -1.5270435552650348
1.4660765716752369 4.2132062178797893 -1.5385476632284389
1.4704398948052226 4.2065874243807198 -1.4840436356089497
1.4748032179352084 4.2003507286627473 -1.3640611028852443
1.4791665410651942 4.1947806636979115 -1.1774426350011171
1.4835298641951802 4.1901687504415568 -0.9267809071302493
1.487893187325166 4.1867305653907811 -0.6502736284454983
1.4922565104551517 4.1844430502609358 -0.4088260403703321
1.4966198335851375 4.1830668775513837 -0.23338841788370221
1.5009831567151235 4.1823102410311579 -0.12403189656869479
1.5053464798451093 4.1818885701484332 -0.080628489738548761
1.509709802975095 4.1815122361045658 -0.10212191636960899
1.5140731261050808 4.1809373368946012 -0.16490365410783084
1.5184364492350666 4.1800693779421829 -0.23029966488556375
1.5227997723650526 4.1789533216823669 -0.27800606415925344
1.5271630954950384 4.177669620529068 -0.30762773799801968
1.5315264186250241 4.1762942177270039 -0.31974819099477753
1.5358897417550099 4.1749047289695982 -0.31437890405045649
1.5402530648849959 4.173567178453454 -0.29771028409334055
1.5446163880149817 4.1723080815850322 -0.28010319180793775
1.5489797111449675 4.1711159921855812 -0.26718848406940671
1.5533430342749532 4.1699693576204817 -0.25913102329260757
1.557706357404939 4.1688478423494066 -0.25575237775324666
1.562069680534925 4.1677306643008416 -0.25707161176850224
1.5664330036649108 4.1665999700234577 -0.26148434110626828
1.5707963267948966 4.1654483124095316 -0.26622059263560305
1.5751596499248823 4.1642785489900538 -0.26972482059466146
1.5795229730548683 4.1630963996978485 -0.27193619093706206
1.5838862961848541 4.161907259885985 -0.27290870767907888
1.5882496193148399 4.1607166399363509 -0.27263126541311994
1.5926129424448257 4.1595293378935763 -0.27150496078477043
1.5969762655748114 4.1583475077449821 -0.27024419953596851
1.6013395887047974 4.157170605650939 -0.26926307112585374
1.6057029118347832 4.1559973068241165 -0.26858264124087805
1.610066234964769 4.1548263682360949 -0.26818528447738083
1.6144295580947547 4.1536565287743317 -0.26807665720403079
1.6187928812247407 4.1524866090408175 -0.26820801030232477
1.6231562043547265 4.151315751243259 -0.26849138130083383
1.6275195274847123 4.150143433897223 -0.26887502114946404
1.6318828506146981 4.1489692374888749 -0.26935255044860867
1.6362461737446838 4.1477927376610007 -0.26993445609002764
1.6406094968746698 4.146613469884648 -0.2706161200214553
1.6449728200046556 4.145431292509822 -0.27121115239415466
1.6493361431346414 4.1442473579665275 -0.27135799156878887
1.6536994662646272 4.1430642287175363 -0.27083006296512074
1.6580627893946132 4.1418849062058793 -0.26962393883141306
1.6624261125245989 4.1407123313774692 -0.2677196789158991
1.6667894356545847 4.1395496204922013 -0.26512152971637576
1.6711527587845705 4.1383986069596217 -0.26259393140691423
1.6755160819145565 4.1372557265511682 -0.26166804231786461
1.6798794050445423 4.1361113575745785 -0.26333073680403224
1.684242728174528 4.13495391750849 -0.26761633115219929
1.6886060513045138 4.1337720658034582 -0.27458248500566895
1.6929693744344996 4.1325538146424448 -0.2842429042848531
1.6973326975644856 4.1312916913654281 -0.29382574079004214
1.7016960206944713 4.1299981762218847 -0.29758167806980684
1.7060593438244571 4.1287088261333365 -0.29169486912987791
1.7104226669544429 4.1274669519148022 -0.27598048297176025
1.7147859900844289 4.1263149811314479 -0.25026978398346605
1.7191493132144147 4.1252976918635378 -0.21441372833973557
1.7235126363444004 4.1244441442065982 -0.17836802207105151
1.7278759594743862 4.1237102805192807 -0.16353782790151974
1.732239282604372 4.1229648934719583 -0.18453855356082674
1.736602605734358 4.1220464124964478 -0.24229934235638792
1.7409659288643438 4.1207963805291081 -0.33722375035129298
1.7453292519943295 4.1190482716399499 -0.470175465795242
1.7496925751243153 4.1166874295189793 -0.60718099974457784
1.7540558982543013 4.113854019850602 -0.67240499832135325
1.7584192213842871 4.1110010824464505 -0.61284326419960844
1.7627825445142729 4.1086945356344353 -0.42362198548879332
1.7671458676442586 4.1074916683720621 -0.10556417416037635
1.7715091907742444 4.1079644446875845 0.34390512314713656
1.7758725139042304 4.1105947292907477 0.86345121212375942
1.7802358370342162 4.1153949670459991 1.3111408769348016
1.7845991601642019 4.1217837118788481 1.5849630322593451
1.7889624832941877 4.1289577923134102 1.6741187471805348
1.7933258064241737 4.1361284113952772 1.5812508671152874
1.7976891295541595 4.14248456050219 1.3011985163850384
1.8020524526841453 4.1473473289465153 0.92751458403886433
1.806415775814131 4.1507694033523608 0.68498149838658962
1.8107790989441168 4.1537574623308338 0.73984249086316334
1.8151424220741028 4.1576865171031043 1.1115056301148178
1.8195057452040886 4.1639108025062317 1.7950574688085639
1.8238690683340744 4.1738190336351773 2.8001658172047232
1.8282323914640601 4.1885997812916278 3.9791706810674032
1.8325957145940461 4.2082598908822781 4.9629406153824425
1.8369590377240319 4.2312178985831226 5.4711258765564867
1.8413223608540177 4.2552588795333497 5.4666801714678206
1.8456856839840035 4.2781945915857014 4.9609483719267278
1.8500490071139892 4.2978037166660128 3.941201634102351
1.8544123302439752 4.3120547098742295 2.5547475526203653
1.858775653373961 4.3201211989681712 1.1841786986748097
1.8631389765039468 4.322845818558644 0.12795745928758342
1.8675022996339325 4.3217585061290338 -0.57027905481741592
1.8718656227639185 4.3183692999541536 -0.92466871540692874
1.8762289458939043 4.314202709112684 -0.92602944228740491
1.8805922690238901 4.3106953779736292 -0.64741361700418387
1.8849555921538759 4.3086742800893623 -0.28538389418350851
1.8893189152838616 4.3080970530866631 0.0024725958146293138
1.8936822384138476 4.3085516946549793 0.19120997468593329
1.8980455615438334 4.3096329433421605 0.28868785866487551
1.9024088846738192 4.3109330500746905 0.29133797149525065
1.906772207803805 4.3120647889768273 0.21797415087879421
1.911135530933791 4.3128006855372174 0.12085698105061041
1.9154988540637767 4.3131475570441369 0.043054410299241383
1.9198621771937625 4.313215100870214 -0.0081436276930237812
1.9242255003237483 4.3131120475994456 -0.034894395291142688
1.9285888234537341 4.3129475604191585 -0.036226055476472958
1.9329521465837201 4.3128259259061474 -0.016924168240385527
1.9373154697137058 4.3128096768836901 0.0091209926778403547
1.9416787928436916 4.312898221529518 0.03014700668580382
1.9460421159736774 4.3130623760134865 0.04403410406650686
1.9504054391036634 4.3132729643108938 0.051370734358113679
1.9547687622336491 4.3135007617563437 0.051894792874099593
1.9591320853636349 4.3137176897626057 0.04682079124719999
1.9634954084936207 4.3139065742429512 0.039838155212957235
1.9678587316236065 4.3140672354405298 0.034156493006063784
1.9722220547535925 4.3142074314999848 0.0303900855296446
1.9765853778835782 4.3143349921583178 0.028379123261691664
1.980948701013564 4.3144577412491758 0.028193727819092424
1.9853120241435498 4.3145832367501651 0.029526374259479935
1.9896753472735358 4.3147161910785856 0.03139778843568547
1.9940386704035216 4.3148567450582043 0.032932932546686604
1.9984019935335073 4.3150028379440668 0.033954348610286289
2.0027653166634933 4.3151523683020407 0.034505243385726532
2.0071286397934789 4.3153032415894357 0.034567010206584176
2.0114919629234649 4.3154534239452422 0.034217328836437813
2.0158552860534504 4.315601623463972 0.03371593957728318
2.0202186091834364 4.3157477770464787 0.033301197503686097
2.0245819323134224 4.3158924316097913 0.033024223249599458
2.028945255443408 4.3160361512236181 0.032873388745623552
2.033308578573394 4.3161794966275515 0.032853589330007288
2.0376719017033795 4.3163230149937144 0.032945253795130969
2.0420352248333655 4.3164670601940154 0.033079539890782494
2.0463985479633515 4.3166116560770478 0.033191577070765907
2.0507618710933371 4.3167566576227783 0.033266676937604676
2.0551251942233231 4.3169019134057223 0.033307954048297547
2.0594885173533091 4.3170472733059038 0.033314132110022945
2.0638518404832946 4.3171925901546828 0.033290128527891975
2.0682151636132806 4.3173377671019137 0.033254175611686969
2.0725784867432662 4.3174827958586421 0.033223913355269037
2.0769418098732522 4.3176277148416222 0.033203552143078706
2.0813051330032382 4.3177725647059679 0.033192261906069082
2.0856684561332237 4.3179173856422226 0.033190372103578461
2.0900317792632097 4.3180622172231793 0.033196650818234613
2.0943951023931953 4.31820708593402 0.033206273147894746
2.0987584255231813 4.3183519945149706 0.033214446410699205
2.1031217486531673 4.3184969327994649 0.033219966350344778
2.1074850717831528 4.3186418898710306 0.033223053020048313
2.1118483949131388 4.3187868549694786 0.033223622318153963
2.1162117180431244 4.3189318174565665 0.033221981894855208
2.1205750411731104 4.3190767700952071 0.033219407557408279
2.1249383643030963 4.3192217120092469 0.033217200344513281
2.1293016874330819 4.3193666458862721 0.033215703997018127
2.1336650105630679 4.3195115746578496 0.033214860508475753
2.1380283336930539 4.319656501204876 0.03321469107416862
2.1423916568230394 4.3198014283865058 0.033215119132415441
2.1467549799530254 4.3199463581787887 0.033215807607751426
2.151118303083011 4.3200912908552356 0.033216403606071719
2.155481626212997 4.3202362257061635 0.033216809205597359
2.159844949342983 4.3203811619442387 0.033217039604419372
2.1642082724729685 4.3205260987981182 0.033217089537682702
2.1685715956029545 4.3206710354995472 0.033216977984413136
2.1729349187329401 4.3208159715093641 0.033216793929534215
2.1772982418629261 4.3209609067437169 0.033216633014999358
2.1816615649929121 4.3211058413897829 0.033216523081963899
2.1860248881228976 4.3212507756590357 0.033216460174769126
2.1903882112528836 4.3213957097580016 0.033216445578233729
2.1947515343828692 4.3215406438930639 0.033216474609022113
2.1991148575128552 4.3216855782112331 0.03321652379550654
2.2034781806428412 4.3218305127378551 0.033216567235370975
2.2078415037728267 4.3219754474236192 0.033216597029036177
2.2122048269028127 4.3221203822117262 0.033216614198392204
2.2165681500327987 4.3222653170468739 0.033216618435901853
2.2209314731627843 4.3224102518736336 0.033216610892112731
2.2252947962927703 4.3225551866519458 0.033216597752599629
2.2296581194227558 4.3227001213742371 0.033216586027236879
2.2340214425527418 4.3228450560534801 0.033216577953238381
2.2383847656827278 4.3229899907049321 0.033216573269046354
2.2427480888127134 4.3231349253434015 0.033216572045956155
2.2471114119426994 4.3232798599837716 0.03321657400322308
2.2514747350726849 4.323424794636952 0.033216577511714779
2.2558380582026709 4.3235697293051834 0.033216580676478473
2.2602013813326569 4.3237146639850605 0.033216582864335473
2.2645647044626425 4.323859598672481 0.03321658414160366
2.2689280275926285 4.3240045333634827 0.033216584493271792
2.2732913507226145 4.3241494680540695 0.033216583986347012
2.2776546738526 4.3242944027412706 0.033216583049346195
2.282017996982586 4.324439337424427 0.033216582195438306
2.2863813201125716 4.3245842721044356 0.033216581602893376
2.2907446432425576 4.3247292067823961 0.033216581254581976
2.2951079663725436 4.3248741414593708 0.033216581154325596
2.2994712895025291 4.3250190761364316 0.033216581285067485
2.3038346126325151 4.3251640108143841 0.033216581534700119
2.3081979357625007 4.3253089454934228 0.033216581765381975
2.3125612588924866 4.3254538801733142 0.033216581926106901
2.3169245820224726 4.3255988148537616 0.033216582021032254
2.3212879051524582 4.3257437495344808 0.033216582049757262
2.3256512282824442 4.325888684215184 0.033216582015803832
2.3300145514124297 4.3260336188956501 0.033216581948852589
2.3343778745424157 4.3261785535758239 0.033216581886653739
2.3387411976724017 4.3263234882557677 0.033216581843318327
2.3431045208023873 4.3264684229355614 0.03321658181750374
2.3474678439323733 4.3266133576152805 0.033216581809598841
2.3518311670623593 4.3267582922950032 0.033216581818169562
2.3561944901923448 4.3269032269747862 0.033216581835769719
2.3605578133223308 4.3270481616546483 0.033216581852673031
2.3649211364523164 4.3271930963345726 0.033216581864555589
2.3692844595823024 4.3273380310145386 0.03321658187157002
2.3736477827122884 4.3274829656945242 0.03321658187375557
2.3780111058422739 4.3276279003745097 0.033216581871443787
2.3823744289722599 4.3277728350544784 0.033216581866902684
2.3867377521022455 4.3279177697344275 0.033216581862341533
2.3911010752322315 4.328062704414358 0.033216581858868603
2.3954643983622175 4.3282076390942779 0.033216581857159311
2.399827721492203 4.3283525737741924 0.033216581856487577
2.404191044622189 4.3284975084541069 0.033216581857219797
2.4085543677521746 4.3286424431340267 0.033216581858626637
2.4129176908821606 4.3287873778139518 0.033216581859595057
2.4172810140121466 4.3289323124938806 0.03321658186041105
2.4216443371421321 4.3290772471738128 0.033216581861074158
2.4260076602721181 4.3292221818537469 0.033216581861269745
2.4303709834021041 4.3293671165336809 0.03321658186103546
2.4347343065320897 4.3295120512136132 0.033216581860565843
2.4390976296620757 4.3296569858935436 0.033216581860235905
2.4434609527920612 4.3298019205734732 0.03321658186019328
2.4478242759220472 4.3299468552534028 0.033216581860083069
2.4521875990520332 4.3300917899333315 0.033216581859945714
2.4565509221820188 4.3302367246132603 0.033216581860004819
2.4609142453120048 4.330381659293189 0.033216581859905746
2.4652775684419903 4.3305265939731177 0.033216581860242934
2.4696408915719763 4.3306715286530482 0.033216581860214582
2.4740042147019623 4.3308164633329769 0.033216581859980665
2.4783675378319479 4.3309613980129065 0.033216581860344159
2.4827308609619338 4.331106332692837 0.03321658186034545
2.4870941840919194 4.3312512673727666 0.033216581859976786
2.4914575072219054 4.3313962020526953 0.033216581860228828
2.4958208303518914 4.3315411367326258 0.033216581860189838
2.5001841534818769 4.3316860714125545 0.033216581860103921
2.5045474766118629 4.3318310060924849 0.033216581860486552
2.5089107997418489 4.3319759407724154 0.033216581860253121
2.5132741228718345 4.332120875452345 0.033216581860203709
2.5176374460018205 4.3322658101322746 0.033216581860024116
2.522000769131806 4.3324107448122033 0.03321658186018122
2.526364092261792 4.3325556794921338 0.033216581860343077
2.530727415391778 4.3327006141720634 0.033216581860139045
2.5350907385217636 4.332845548851993 0.033216581860192822
2.5394540616517496 4.3329904835319226 0.033216581860181733
2.5438173847817351 4.3331354182118522 0.03321658186017231
2.5481807079117211 4.3332803528917818 0.033216581860221125
2.5525440310417071 4.3334252875717114 0.033216581860025109
2.5569073541716927 4.3335702222516401 0.033216581860159841
2.5612706773016787 4.3337151569315706 0.033216581860427592
2.5656340004316642 4.3338600916115011 0.033216581860443226
2.5699973235616502 4.3340050262914316 0.033216581860112941
2.5743606466916362 4.3341499609713603 0.033216581860186931
2.5787239698216218 4.3342948956512908 0.033216581860231444
2.5830872929516078 4.3344398303312195 0.033216581859979374
2.5874506160815938 4.3345847650111491 0.033216581860322295
2.5918139392115793 4.3347296996910796 0.033216581860434184
2.5961772623415653 4.3348746343710101 0.033216581860254397
2.6005405854715509 4.3350195690509397 0.033216581860250977
2.6049039086015369 4.3351645037308701 0.033216581860444433
2.6092672317315229 4.3353094384108006 0.033216581860274555
2.6136305548615084 4.3354543730907302 0.033216581860160091
2.6179938779914944 4.3355993077706598 0.033216581860177175
2.62235720112148 4.3357442424505894 0.033216581860223277
2.626720524251466 4.335889177130519 0.033216581860021827
2.631083847381452 4.3360341118104477 0.033216581860160674
2.6354471705114375 4.3361790464903782 0.033216581860427571
2.6398104936414235 4.3363239811703087 0.033216581860442469
2.6441738167714091 4.3364689158502392 0.033216581860115967
2.6485371399013951 4.3366138505301679 0.033216581860185737
2.6529004630313811 4.3367587852100984 0.033216581860223006
2.6572637861613666 4.3369037198900271 0.033216581860014305
2.6616271092913526 4.3370486545699567 0.033216581860201183
2.6659904324213386 4.3371935892498863 0.033216581860262905
2.6703537555513241 4.3373385239298168 0.033216581860449977
2.6747170786813101 4.3374834586097473 0.033216581860250595
2.6790804018112957 4.3376283932896769 0.033216581860250387
2.6834437249412817 4.3377733279696074 0.033216581860450622
2.6878070480712677 4.3379182626495378 0.033216581860250387
2.6921703712012532 4.3380631973294674 0.033216581860250602
2.6965336943312392 4.3382081320093979 0.033216581860449963
2.7008970174612248 4.3383530666893284 0.033216581860262932
2.7052603405912108 4.338498001369258 0.033216581860201065
2.7096236637211968 4.3386429360491876 0.033216581860014742
2.7139869868511823 4.3387878707291163 0.033216581860221375
2.7183503099811683 4.3389328054090468 0.033216581860191823
2.7227136331111539 4.3390777400889755 0.033216581860103407
2.7270769562411399 4.339222674768906 0.033216581860486635
2.7314402793711259 4.3393676094488365 0.033216581860253315
2.7358036025011114 4.3395125441287661 0.033216581860202869
2.7401669256310974 4.3396574788086957 0.033216581860027287
2.7445302487610834 4.3398024134886244 0.033216581860159244
2.748893571891069 4.3399473481685549 0.033216581860427821
2.753256895021055 4.3400922828484854 0.033216581860442879
2.7576202181510405 4.3402372175284158 0.033216581860114086
2.7619835412810265 4.3403821522083446 0.03321658186019287
2.7663468644110125 4.340527086888275 0.033216581860196381
2.7707101875409981 4.3406720215682038 0.033216581860113677
2.7750735106709841 4.3408169562481342 0.033216581860440977
2.7794368338009696 4.3409618909280647 0.033216581860435815
2.7838001569309556 4.3411068256079952 0.033216581860129185
2.7881634800609416 4.3412517602879239 0.033216581860129372
2.7925268031909272 4.3413966949678544 0.033216581860445404
2.7968901263209132 4.3415416296477849 0.033216581860402418
2.8012534494508987 4.3416865643277154 0.033216581860258339
2.8056167725808847 4.341831499007645 0.033216581860266978
2.8099800957108707 4.3419764336875755 0.033216581860366343
2.8143434188408563 4.3421213683675051 0.033216581859970416
2.8187067419708423 4.3422663030474338 0.033216581860233407
2.8230700651008283 4.3424112377273643 0.033216581860177875
2.8274333882308138 4.342556172407293 0.033216581860147178
2.8317967113607998 4.3427011070872235 0.033216581860325493
2.8361600344907854 4.3428460417671531 0.033216581860253572
2.8405233576207713 4.3429909764470835 0.033216581860362956
2.8448866807507573 4.3431359111270131 0.033216581859987181
2.8492500038807429 4.3432808458069418 0.033216581860169736
2.8536133270107289 4.3434257804868723 0.033216581860425955
2.8579766501407144 4.3435707151668028 0.033216581860439832
2.8623399732707004 4.3437156498467333 0.03321658186012811
2.8667032964006864 4.343860584526662 0.033216581860129664
2.871066619530672 4.3440055192065925 0.033216581860445328
2.875429942660658 4.344150453886523 0.033216581860402439
2.8797932657906435 4.3442953885664535 0.033216581860258332
2.8841565889206295 4.3444403232463831 0.033216581860266985
2.8885199120506155 4.3445852579263136 0.033216581860366343
2.8928832351806011 4.3447301926062432 0.033216581859970395
2.8972465583105871 4.3448751272861719 0.033216581860233477
2.9016098814405731 4.3450200619661024 0.033216581860177646
2.9059732045705586 4.3451649966460311 0.033216581860148024
2.9103365277005446 4.3453099313259615 0.033216581860322329
2.9146998508305302 4.3454548660058911 0.033216581860265375
2.9190631739605162 4.3455998006858216 0.033216581860318929
2.9234264970905022 4.3457447353657512 0.033216581860151487
2.9277898202204877 4.3458896700456808 0.033216581860167196
2.9321531433504737 4.3460346047256104 0.033216581860271821
2.9365164664804593 4.3461795394055409 0.033216581860448277
2.9408797896104453 4.3463244740854714 0.033216581860248486
2.9452431127404313 4.346469408765401 0.033216581860250359
2.9496064358704168 4.3466143434453315 0.033216581860452843
2.9539697590004028 4.346759278125262 0.033216581860251691
2.9583330821303884 4.3469042128051916 0.033216581860243143
2.9626964052603744 4.3470491474851221 0.033216581860478503
2.9670597283903604 4.3471940821650525 0.033216581860146109
2.9714230515203459 4.3473390168449813 0.03321658186002914
2.9757863746503319 4.3474839515249109 0.033216581860218738
2.9801496977803179 4.3476288862048404 0.033216581860177827
2.9845130209103035 4.34777382088477 0.033216581860162027
2.9888763440402895 4.3479187555646996 0.033216581860266145
2.993239667170275 4.3480636902446301 0.033216581860476144
2.997602990300261 4.3482086249245606 0.033216581860142674
3.001966313430247 4.3483535596044893 0.033216581860035094
3.0063296365602326 4.3484984942844189 0.03321658186019838
3.0106929596902186 4.3486434289643485 0.03321658186026346
3.0150562828202041 4.348788363644279 0.033216581860450525
3.0194196059501901 4.3489332983242095 0.033216581860247854
3.0237829290801761 4.3490782330041391 0.03321658186025065
3.0281462522101616 4.3492231676840696 0.033216581860452281
3.0325095753401476 4.3493681023640001 0.033216581860253613
3.0368728984701332 4.3495130370439297 0.033216581860235996
3.0412362216001192 4.3496579717238602 0.033216581860505141
3.0455995447301052 4.3498029064037906 0.033216581860046689
3.0499628678600907 4.3499478410837193 0.033216581860400184
3.0543261909900767 4.3500927757636498 0.033216581859444656
3.0586895141200627 4.3502377104435785 0.033216581862903091
3.0630528372500483 4.350382645123509 0.033216581850035065
3.0674161603800343 4.3505275798034342 0.033216581895606064
3.0717794835100198 4.3506725144833815 0.033216581737792759
3.0761428066400058 4.3508174491632436 0.033216582280117667
3.0805061297699918 4.3509623838434281 0.033216580431669127
3.0848694528999774 4.3511073185224101 0.033216586677978048
3.0892327760299634 4.3512522532058782 0.033216565798824919
3.0935960991599489 4.3513971878726005 0.033216634640098865
3.0979594222899349 4.3515421226018232 0.033216411612640884
3.1023227454199209 4.3516870570977924 0.033217117479943652
3.1066860685499065 4.3518319924642723 0.033214955184085626
3.1110493916798925 4.3519769245819626 0.033221263316088316
3.115412714809878 4.3521218688243009 0.033204295674557141
3.119776037939864 4.352266767816837 0.033243082930319648
3.12413936106985 4.3524118356839372 0.033189899674049811
3.1285026841998356 4.3525562733025795 0.033046628120699625
3.1328660073298216 4.3527030630404875 0.03485676875215557
3.1372293304598076 4.3528410745497927 0.023341210455207588
3.1415926535897931 4.3529040846628124 0.0099906760281121918
3.1459559767197791 4.3529670947758303 0.023341210455201759
3.1503192998497647 4.3531051062851374 0.034856768752186872
3.1546826229797507 4.3532518960230435 0.033046628120590123
3.1590459461097367 4.3533963336416877 0.033189899674446389
3.1634092692397222 4.3535414015087879 0.033243082930064269
3.1677725923697082 4.3536863005013231 0.033204295674581545
3.1721359154996938 4.3538312447436622 0.033221263316246079
3.1764992386296798 4.3539761768613525 0.033214955184040856
3.1808625617596658 4.3541211122278325 0.033217117479954851
3.1852258848896513 4.3542660467238017 0.033216411612640856
3.1895892080196373 4.3544109814530243 0.033216634640097907
3.1939525311496229 4.3545559161197467 0.033216565798828757
3.1983158542796088 4.3547008508032148 0.03321658667796365
3.2026791774095948 4.3548457854821967 0.033216580431712751
3.2070425005395804 4.3549907201623812 0.033216582279957538
3.2114058236695664 4.3551356548422424 0.03321658173778913
3.2157691467995524 4.3552805895221907 0.033216581895770536
3.2201324699295379 4.3554255242021158 0.033216581849991454
3.2244957930595239 4.3555704588820463 0.033216581862913042
3.2288591161895095 4.355715393561975 0.033216581859448459
3.2332224393194955 4.3558603282419055 0.033216581860385189
3.2375857624494815 4.3560052629218342 0.0332165818600927
3.241949085579467 4.3561501976017647 0.033216581860336061
3.246312408709453 4.3562951322816943 0.033216581860265798
3.2506757318394386 4.3564400669616248 0.033216581860303497
3.2550390549694246 4.3565850016415544 0.033216581860222957
3.2594023780994106 4.3567299363214849 0.033216581860497287
3.2637657012293961 4.3568748710014154 0.033216581860101325
3.2681290243593821 4.3570198056813441 0.033216581860189498
3.2724923474893677 4.3571647403612745 0.033216581860232741
3.2768556706193537 4.3573096750412033 0.033216581859971617
3.2812189937493397 4.3574546097211329 0.033216581860352076
3.2855823168793252 4.3575995444010633 0.033216581860322829
3.2899456400093112 4.3577444790809929 0.033216581860059331
3.2943089631392972 4.3578894137609216 0.033216581859911082
3.2986722862692828 4.3580343484408504 0.033216581860167071
3.3030356093992688 4.3581792831207808 0.033216581860512684
3.3073989325292543 4.3583242178007113 0.033216581860095594
3.3117622556592403 4.35846915248064 0.033216581860197027
3.3161255787892263 4.3586140871605705 0.03321658186019822
3.3204889019192119 4.3587590218404992 0.033216581860102186
3.3248522250491979 4.3589039565204297 0.033216581860485102
3.3292155481791834 4.3590488912003602 0.033216581860270822
3.3335788713091694 4.3591938258802898 0.033216581860134389
3.3379421944391554 4.3593387605602194 0.033216581860273556
3.342305517569141 4.3594836952401499 0.033216581860474138
3.346668840699127 4.3596286299200804 0.033216581860143292
3.351032163829113 4.3597735646000091 0.033216581860034601
3.3553954869590985 4.3599184992799387 0.03321658186019974
3.3597588100890845 4.3600634339598683 0.033216581860258512
3.3641221332190701 4.3602083686397988 0.033216581860468927
3.3684854563490561 4.3603533033197293 0.033216581860179187
3.372848779479042 4.360498237999658 0.033216581859896246
3.3772121026090276 4.3606431726795867 0.033216581860106578
3.3815754257390136 4.3607881073595163 0.033216581860158849
3.3859387488689991 4.3609330420394459 0.033216581860350078
3.3903020719989851 4.3610779767193764 0.033216581860143604
3.3946653951289711 4.3612229113993051 0.03321658186015744
3.3990287182589567 4.3613678460792356 0.033216581860318714
3.4033920413889427 4.3615127807591652 0.033216581860270447
3.4077553645189282 4.3616577154390956 0.033216581860302241
3.4121186876489142 4.3618026501190252 0.033216581860223339
3.4164820107789002 4.3619475847989557 0.033216581860496995
3.4208453339088858 4.3620925194788862 0.033216581860102075
3.4252086570388718 4.3622374541588149 0.033216581860186778
3.4295719801688578 4.3623823888387454 0.033216581860232741
3.4339353032988433 4.3625273235186741 0.03321658185997433
3.4382986264288293 4.3626722581986037 0.033216581860351348
3.4426619495588149 4.3628171928785342 0.033216581860323023
3.4470252726888009 4.3629621275584638 0.03321658186005929
3.4513885958187869 4.3631070622383925 0.033216581859911103
3.4557519189487724 4.3632519969183212 0.033216581860167058
3.4601152420787584 4.3633969315982517 0.033216581860512732
3.464478565208744 4.3635418662781822 0.033216581860095407
3.46884188833873 4.3636868009581109 0.033216581860197707
3.473205211468716 4.3638317356380414 0.033216581860195674
3.4775685345987015 4.3639766703179701 0.033216581860111671
3.4819318577286875 4.3641216049979006 0.033216581860449693
3.4862951808586731 4.3642665396778311 0.033216581860402966
3.4906585039886591 4.3644114743577616 0.033216581860251872
3.4950218271186451 4.3645564090376912 0.03321658186028216
3.4993851502486306 4.3647013437176216 0.03321658186032226
3.5037484733786166 4.3648462783975512 0.033216581860131537
3.5081117965086026 4.3649912130774808 0.033216581860233504
3.5124751196385882 4.3651361477574104 0.03321658186002651
3.5168384427685742 4.3652810824373391 0.033216581860141869
3.5212017658985597 4.3654260171172696 0.033216581860498105
3.5255650890285457 4.3655709517972001 0.033216581860179131
3.5299284121585317 4.3657158864771288 0.033216581859867304
3.5342917352885173 4.3658608211570575 0.033216581860222423
3.5386550584185033 4.366005755836988 0.033216581860335069
3.5430183815484888 4.3661506905169176 0.033216581860140038
3.5473817046784748 4.3662956251968472 0.033216581860196874
3.5517450278084608 4.3664405598767768 0.033216581860154415
3.5561083509384463 4.3665854945567064 0.033216581860277553
3.5604716740684323 4.3667304292366369 0.033216581860438119
3.5648349971984179 4.3668753639165674 0.033216581860283402
3.5691983203284039 4.367020298596497 0.033216581860131024
3.5735616434583899 4.3671652332764266 0.033216581860274458
3.5779249665883754 4.3673101679563571 0.033216581860473902
3.5822882897183614 4.3674551026362876 0.033216581860143361
3.5866516128483474 4.3676000373162163 0.03321658186003458
3.591014935978333 4.3677449719961459 0.033216581860199747
3.595378259108319 4.3678899066760755 0.033216581860258512
3.5997415822383045 4.3680348413560059 0.033216581860468927
3.6041049053682905 4.3681797760359364 0.033216581860179187
3.6084682284982765 4.3683247107158651 0.033216581859896246
3.6128315516282621 4.3684696453957939 0.033216581860106571
3.6171948747582481 4.3686145800757235 0.033216581860158877
3.6215581978882336 4.3687595147556531 0.033216581860349988
3.6259215210182196 4.3689044494355835 0.033216581860143923
3.6302848441482056 4.3690493841155122 0.03321658186015624
3.6346481672781912 4.3691943187954427 0.03321658186032321
3.6390114904081772 4.3693392534753723 0.033216581860253648
3.6433748135381627 4.3694841881553028 0.033216581860364934
3.6477381366681487 4.3696291228352324 0.033216581859989353
3.6521014597981347 4.3697740575151611 0.033216581860148926
3.6564647829281203 4.3699189921950916 0.033216581860507056
3.6608281060581063 4.3700639268750221 0.033216581860136249
3.6651914291880923 4.3702088615549508 0.03321658186002989
3.6695547523180778 4.3703537962348804 0.033216581860225587
3.6739180754480638 4.37049873091481 0.033216581860159855
3.6782813985780494 4.3706436655947396 0.033216581860227072
3.6826447217080354 4.3707886002746692 0.033216581860023943
3.6870080448380214 4.3709335349545979 0.033216581860148447
3.6913713679680069 4.3710784696345284 0.033216581860474347
3.6957346910979929 4.3712234043144589 0.033216581860267554
3.7000980142279785 4.3713683389943885 0.033216581860158148
3.7044613373579645 4.3715132736743181 0.033216581860191934
3.7088246604879505 4.3716582083542477 0.033216581860156039
3.713187983617936 4.3718031430341773 0.033216581860275984
3.717551306747922 4.3719480777141078 0.033216581860442761
3.7219146298779076 4.3720930123940382 0.03321658186026636
3.7262779530078936 4.3722379470739678 0.033216581860194536
3.7306412761378795 4.3723828817538974 0.033216581860037425
3.7350045992678651 4.3725278164338262 0.033216581860137165
3.7393679223978511 4.3726727511137566 0.033216581860505988
3.7437312455278371 4.3728176857936871 0.033216581860142161
3.7480945686578226 4.3729626204736158 0.033216581860017476
3.7524578917878086 4.3731075551535454 0.033216581860269358
3.7568212149177942 4.373252489833475 0.033216581859997187
3.7611845380477802 4.3733974245134037 0.033216581860223304
3.7655478611777662 4.3735423591933342 0.03321658186019151
3.7699111843077517 4.3736872938732629 0.033216581860102748
3.7742745074377377 4.3738322285531934 0.033216581860489591
3.7786378305677233 4.3739771632331239 0.033216581860252316
3.7830011536977093 4.3741220979130535 0.033216581860203896
3.7873644768276953 4.3742670325929831 0.033216581860014013
3.7917277999576808 4.3744119672729118 0.033216581860221479
3.7960911230876668 4.3745569019528423 0.033216581860192156
3.8004544462176524 4.374701836632771 0.033216581860101964
3.8048177693476384 4.3748467713127015 0.033216581860492075
3.8091810924776244 4.374991705992632 0.033216581860232963
3.8135444156076099 4.3751366406725616 0.033216581860278808
3.8179077387375959 4.3752815753524921 0.033216581860354533
3.8222710618675819 4.3754265100324217 0.033216581859995639
3.8266343849975675 4.3755714447123504 0.033216581860144326
3.8309977081275535 4.3757163793922809 0.033216581860519144
3.835361031257539 4.3758613140722113 0.033216581860092499
3.839724354387525 4.3760062487521401 0.033216581860202946
3.844087677517511 4.3761511834320705 0.033216581860177646
3.8484510006474966 4.3762961181119993 0.033216581860178555
3.8528143237774826 4.3764410527919297 0.033216581860200219
3.8571776469074681 4.3765859874718585 0.03321658186011265
3.8615409700374541 4.3767309221517889 0.033216581860441248
3.8659042931674401 4.3768758568317194 0.033216581860425601
3.8702676162974257 4.3770207915116499 0.03321658186016975
3.8746309394274117 4.3771657261915786 0.033216581859987472
3.8789942625573972 4.3773106608715082 0.033216581860361756
3.8833575856873832 4.3774555955514387 0.033216581860268254
3.8877209088173692 4.3776005302313683 0.033216581860257818
3.8920842319473548 4.3777454649112988 0.03321658186040323
3.8964475550773408 4.3778903995912293 0.03321658186044267
3.9008108782073267 4.3780353342711598 0.033216581860129366
3.9051742013373123 4.3781802689510885 0.033216581860131954
3.9095375244672983 4.378325203631019 0.033216581860434885
3.9139008475972838 4.3784701383109494 0.033216581860441907
3.9182641707272698 4.3786150729908799 0.033216581860110894
3.9226274938572558 4.3787600076708086 0.033216581860196451
3.9269908169872414 4.3789049423507391 0.033216581860195403
3.9313541401172274 4.3790498770306678 0.03321658186011401
3.9357174632472129 4.3791948117105983 0.033216581860440637
3.9400807863771989 4.3793397463905288 0.033216581860436849
3.9444441095071849 4.3794846810704593 0.03321658186011521
3.9488074326371705 4.379629615750388 0.033216581860194397
3.9531707557671565 4.3797745504303185 0.033216581860199289
3.957534078897142 4.3799194851102472 0.0332165818601005
3.961897402027128 4.3800644197901777 0.033216581860490764
3.966260725157114 4.3802093544701082 0.03321658186023968
3.9706240482870996 4.3803542891500378 0.033216581860253287
3.9749873714170856 4.3804992238299683 0.033216581860449901
3.9793506945470716 4.3806441585098987 0.033216581860250373
3.9837140176770571 4.3807890931898283 0.033216581860251372
3.9880773408070431 4.3809340278697588 0.033216581860446903
3.9924406639370287 4.3810789625496893 0.033216581860274416
3.9968039870670147 4.3812238972296189 0.03321658186015819
4.0011673101970002 4.3813688319095485 0.033216581860184898
4.0055306333269867 4.3815137665894781 0.033216581860184155
4.0098939564569722 4.3816587012694077 0.033216581860160417
4.0142572795869578 4.3818036359493373 0.033216581860276387
4.0186206027169442 4.3819485706292678 0.033216581860426621
4.0229839258469298 4.3820935053091983 0.033216581860320379
4.0273472489769153 4.3822384399891279 0.033216581860004729
4.0317105721069009 4.3823833746690566 0.033216581860152257
4.0360738952368873 4.3825283093489871 0.033216581860468178
4.0404372183668729 4.3826732440289176 0.03321658186027833
4.0448005414968584 4.3828181787088472 0.033216581860131399
4.0491638646268449 4.3829631133887768 0.033216581860277997
4.0535271877568304 4.3831080480687072 0.033216581860449221
4.057890510886816 4.3832529827486377 0.03321658186024868
4.0622538340168024 4.3833979174285673 0.033216581860248631
4.066617157146788 4.3835428521084978 0.03321658186044938
4.0709804802767735 4.3836877867884283 0.033216581860277407
4.0753438034067591 4.3838327214683579 0.033216581860153895
4.0797071265367455 4.3839776561482875 0.033216581860188943
4.0840704496667311 4.3841225908282171 0.033216581860172269
4.0884337727967166 4.3842675255081467 0.033216581860224199
4.092797095926703 4.3844124601880763 0.033216581860012848
4.0971604190566886 4.384557394868005 0.033216581860195681
4.1015237421866741 4.3847023295479355 0.033216581860306633
4.1058870653166606 4.3848472642278651 0.033216581860270371
4.1102503884466461 4.3849921989077956 0.033216581860304475
4.1146137115766317 4.3851371335877252 0.033216581860224602
4.1189770347066181 4.3852820682676557 0.033216581860489702
4.1233403578366037 4.3854270029475861 0.033216581860119859
4.1277036809665892 4.3855719376275148 0.03321658186013305
4.1320670040965748 4.3857168723074453 0.033216581860450137
4.1364303272265612 4.3858618069873758 0.033216581860369659
4.1407936503565468 4.3860067416673063 0.033216581860374503
4.1451569734865323 4.3861516763472368 0.033216581860455868
4.1495202966165188 4.3862966110271673 0.033216581860105281
4.1538836197465043 4.386441545707096 0.033216581860204951
4.1582469428764899 4.3865864803870265 0.03321658186017714
4.1626102660064763 4.3867314150669552 0.03321658186016839
4.1669735891364619 4.3868763497468857 0.033216581860231228
4.1713369122664474 4.3870212844268144 0.033216581860008899
4.1757002353964339 4.387166219106744 0.033216581860204437
4.1800635585264194 4.3873111537866736 0.0332165818602553
4.184426881656405 4.3874560884666041 0.033216581860487253
4.1887902047863905 4.3876010231465346 0.033216581860119256
4.193153527916377 4.3877459578264633 0.033216581860117667
4.1975168510463625 4.3878908925063937 0.033216581860492027
4.2018801741763481 4.3880358271863242 0.033216581860237765
4.2062434973063345 4.3881807618662538 0.033216581860249492
4.2106068204363201 4.3883256965461843 0.033216581860456847
4.2149701435663056 4.3884706312261148 0.033216581860246661
4.2193334666962921 4.3886155659060444 0.033216581860249103
4.2236967898262776 4.3887605005859749 0.033216581860449533
4.2280601129562632 4.3889054352659054 0.033216581860276304
4.2324234360862487 4.389050369945835 0.033216581860158134
4.2367867592162352 4.3891953046257646 0.033216581860173101
4.2411500823462207 4.3893402393056942 0.033216581860231409
4.2455134054762063 4.3894851739856238 0.03321658186000348
4.2498767286061927 4.3896301086655525 0.03321658186022592
4.2542400517361783 4.389775043345483 0.03321658186017476
4.2586033748661638 4.3899199780254117 0.033216581860177251
4.2629666979961502 4.3900649127053422 0.033216581860198158
4.2673300211261358 4.3902098473852709 0.033216581860112046
4.2716933442561213 4.3903547820652014 0.033216581860455896
4.2760566673861078 4.3904997167451318 0.033216581860367633
4.2804199905160933 4.3906446514250623 0.033216581860376841
4.2847833136460789 4.3907895861049928 0.033216581860448562
4.2891466367760644 4.3909345207849233 0.033216581860152472
4.2935099599060509 4.391079455464852 0.033216581860023464
4.2978732830360364 4.3912243901447816 0.033216581860224949
4.302236606166022 4.3913693248247112 0.033216581860178923
4.3065999292960084 4.3915142595046408 0.03321658186014128
4.310963252425994 4.3916591941845704 0.033216581860337907
4.3153265755559795 4.3918041288645009 0.033216581860219981
4.319689898685966 4.3919490635444296 0.033216581859864105
4.3240532218159515 4.3920939982243583 0.033216581860184197
4.3284165449459371 4.3922389329042888 0.033216581860501318
4.3327798680759235 4.3923838675842193 0.033216581860113815
4.3371431912059091 4.392528802264148 0.033216581860125369
4.3415065143358946 4.3926737369440785 0.033216581860486913
4.3458698374658802 4.392818671624009 0.033216581860250532
4.3502331605958666 4.3929636063039386 0.033216581860203521
4.3545964837258522 4.3931085409838682 0.033216581860017323
4.3589598068558377 4.3932534756637969 0.033216581860218745
4.3633231299858242 4.3933984103437274 0.033216581860189616
4.3676864531158097 4.3935433450236561 0.033216581860104712
4.3720497762457953 4.3936882797035866 0.03321658186049372
4.3764130993757817 4.393833214383517 0.033216581860223665
4.3807764225057673 4.3939781490634466 0.033216581860304212
4.3851397456357528 4.3941230837433771 0.033216581860272355
4.3895030687657384 4.3942680184233067 0.033216581860319248
4.3938663918957248 4.3944129531032372 0.033216581860143236
4.3982297150257104 4.3945578877831659 0.033216581860189727
4.4025930381556959 4.3947028224630964 0.033216581860200087
4.4069563612856824 4.3948477571430251 0.033216581860091875
4.4113196844156679 4.3949926918229556 0.033216581860514342
4.4156830075456535 4.3951376265028861 0.033216581860174281
4.4200463306756399 4.3952825611828148 0.033216581859870468
4.4244096538056255 4.3954274958627435 0.033216581860204458
4.428772976935611 4.395572430542674 0.033216581860413923
4.4331363000655974 4.3957173652226045 0.033216581860443128
4.437499623195583 4.395862299902535 0.033216581860116834
4.4418629463255686 4.3960072345824637 0.03321658186019176
4.4462262694555541 4.3961521692623942 0.033216581860218336
4.4505895925855405 4.3962971039423229 0.033216581860016824
4.4549529157155261 4.3964420386222525 0.033216581860185675
4.4593162388455116 4.3965869733021821 0.033216581860342716
4.4636795619754981 4.3967319079821126 0.033216581860136062
4.4680428851054836 4.3968768426620413 0.033216581860194987
4.4724062082354692 4.3970217773419717 0.033216581860186209
4.4767695313654556 4.3971667120219005 0.033216581860142098
4.4811328544954412 4.3973116467018309 0.033216581860327332
4.4854961776254267 4.3974565813817605 0.03321658186026144
4.4898595007554132 4.397601516061691 0.033216581860319491
4.4942228238853987 4.3977464507416206 0.033216581860153221
4.4985861470153843 4.3978913854215502 0.033216581860169847
4.5029494701453698 4.3980363201014798 0.033216581860269635
4.5073127932753563 4.3981812547814103 0.033216581860444218
4.5116761164053418 4.3983261894613408 0.033216581860256764
4.5160394395353274 4.3984711241412704 0.033216581860241609
4.5204027626653138 4.3986160588212009 0.033216581860469385
4.5247660857952994 4.3987609935011314 0.033216581860184134
4.5291294089252849 4.3989059281810601 0.033216581859896316
4.5334927320552714 4.3990508628609888 0.033216581860091209
4.5378560551852569 4.3991957975409184 0.03321658186021012
4.5422193783152425 4.399340732220848 0.03321658186017052
4.5465827014452289 4.3994856669007776 0.033216581860189741
4.5509460245752145 4.3996306015807072 0.033216581860152451
4.5553093477052 4.3997755362606368 0.033216581860302671
4.5596726708351856 4.3999204709405673 0.033216581860349759
4.564035993965172 4.4000654056204977 0.03321658186060155
4.5683993170951576 4.40021034030043 0.033216581860768646
4.5727626402251431 4.4003552749803614 0.033216581860479426
4.5771259633551296 4.4005002096602919 0.033216581860227593
4.5814892864851151 4.4006451443402206 0.033216581859692132
4.5858526096151007 4.4007900790201466 0.033216581859052768
4.5902159327450871 4.40093501370007 0.033216581858461373
4.5945792558750727 4.4010799483799916 0.033216581858413002
4.5989425790050582 4.401224883059915 0.033216581859218164
4.6033059021350438 4.4013698177398428 0.033216581860320567
4.6076692252650302 4.401514752419776 0.033216581861802826
4.6120325483950158 4.4016596870997171 0.033216581863931421
4.6163958715250013 4.401804621779668 0.033216581866168375
4.6207591946549877 4.401949556459626 0.033216581866674331
4.6251225177849733 4.4020944911395805 0.033216581864856244
4.6294858409149588 4.4022394258195225 0.0332165818606509
4.6338491640449453 4.4023843604994406 0.033216581854232735
4.6382124871749308 4.4025292951793276 0.033216581846249441
4.6425758103049164 4.402674229859179 0.033216581838821084
4.6469391334349028 4.4028191645390082 0.03321658183680419
4.6513024565648884 4.4029640992188463 0.033216581843140129
4.6556657796948739 4.4031090338987307 0.033216581857694862
4.6600291028248595 4.4032539685786967 0.033216581881075971
4.6643924259548459 4.4033989032587835 0.03321658191220847
4.6687557490848315 4.4035438379390053 0.03321658194016934
4.673119072214817 4.4036887726193106 0.033216581947437568
4.6774823953448035 4.4038337072995812 0.03321658192397018
4.681845718474789 4.4039786419796823 0.033216581870118222
4.6862090416047746 4.4041235766594804 0.033216581784139131
4.690572364734761 4.4042685113388353 0.033216581668927304
4.6949356878647466 4.4044134460176849 0.033216581563561901
4.6992990109947321 4.4045583806962165 0.033216581534167788
4.7036623341247186 4.4047033153748645 0.033216581618468043
4.7080256572547041 4.4048482500541324 0.033216581816903692
4.7123889803846897 4.4049931847345185 0.033216582133955432
4.7167523035146752 4.4051381194165424 0.033216582562210988
4.7211156266446617 4.4052830541004608 0.033216582960737387
4.7254789497746472 4.4054279887855996 0.033216583079983666
4.7298422729046328 4.4055729234703476 0.033216582774854946
4.7342055960346192 4.4057178581528236 0.033216582045325092
4.7385689191646048 4.4058627928311793 0.033216580873606433
4.7429322422945903 4.4060077275034626 0.033216579282022485
4.7472955654245768 4.4061526621686733 0.033216577782192454
4.7516588885545623 4.4062975968292157 0.033216577300696076
4.7560222116845479 4.4064425314910389 0.033216578397449854
4.7603855348145334 4.4065874661611657 0.033216581081633306
4.7647488579445199 4.4067324008464963 0.033216585410635643
4.7691121810745054 4.4068773355543103 0.033216591322243756
4.773475504204491 4.4070222702885449 0.033216596970737346
4.7778388273344774 4.4071672050406248 0.033216598900142218
4.782202150464463 4.4073121397885702 0.033216594960887878
4.7865654735944485 4.4074570745061799 0.033216585088553859
4.7909287967244349 4.4076020091676984 0.033216569094388332
4.7952921198544205 4.4077469437459689 0.033216547140802778
4.7996554429844061 4.4078918782255831 0.03321652588116783
4.8040187661143925 4.4080368126370528 0.033216518189493741
4.808382089244378 4.4081817470615485 0.033216532319083489
4.8127454123743636 4.4083266815968365 0.033216568623603435
4.8171087355043491 4.4084716163390256 0.033216627705844541
4.8214720586343356 4.4086165513893993 0.033216709219215899
4.8258353817643211 4.4087614868080758 0.03321678920190288
4.8301987048943067 4.4089064224867043 0.033216819713973174
4.8345620280242931 4.4090513581256312 0.033216769116063097
4.8389253511542787 4.4091962933601447 0.033216635644674364
4.8432886742842642 4.4093412278315709 0.033216417413764271
4.8476519974142507 4.409486161162234 0.033216114817652805
4.8520153205442362 4.4096310931183682 0.033215814045636075
4.8563786436742218 4.4097760240837856 0.03321569350662832
4.8607419668042082 4.4099209551642637 0.033215874377943912
4.8651052899341938 4.4100658877201662 0.033216364968676797
4.8694686130641793 4.4102108230901269 0.03321717096540476
4.8738319361941649 4.4103557626821113 0.033218294041353187
4.8781952593241513 4.4105007074024405 0.033219424580620424
4.8825585824541369 4.4106456558951308 0.033219899022230562
4.8869219055841224 4.4107906040813827 0.033219253709429457
4.8912852287141089 4.4109355468877682 0.033217450903837889
4.8956485518440944 4.4110804793179952 0.033214474394241147
4.90001187497408 4.4112253961243679 0.033210306946224802
4.9043751981040664 4.4113702938023094 0.033206059336419909
4.908738521234052 4.4115151771287264 0.033204198101739364
4.9131018443640375 4.4116600611421264 0.033206495603604724
4.9174651674940231 4.4118049647609423 0.033213118856562786
4.9218284906240095 4.4119499066343097 0.03322410992611996
4.9261918137539951 4.4120949063173995 0.033239571324389414
4.9305551368839806 4.4122399773287766 0.033255523416885438
4.9349184600139671 4.4123851028932526 0.033262803314396343
4.9392817831439526 4.4125302275891309 0.033254642376046098
4.9436451062739382 4.4126752808817384 0.0332303157554526
4.9480084294039246 4.4128201931576161 0.033189733941865043
4.9523717525339102 4.4129648915582882 0.033132382095832677
4.9567350756638957 4.4131093240535657 0.033072498451808145
4.9610983987938821 4.4132535493483802 0.033044101247076726
4.9654617219238677 4.4133977715932415 0.03307301617216548
4.9698250450538533 4.4135422537247413 0.033162341573631543
4.9741883681838388 4.4136872556093927 0.033312165876809824
4.9785516913138252 4.4138330486622719 0.033524866410401234
4.9829150144438108 4.4139798327242739 0.033749574859244916
4.9872783375737963 4.4141274031515705 0.03386007316309296
4.9916416607037828 4.414275008304867 0.033757912288081907
4.9960049838337683 4.4144216681819382 0.033430009264848258
5.0003683069637539 4.4145664126542892 0.032876922896314185
5.0047316300937403 4.4147082307641723 0.032088217490529126
5.0090949532237259 4.4148463564167164 0.031245360198685502
5.0134582763537114 4.4149814999046653 0.03081636277171795
5.0178215994836979 4.4151164272082903 0.031176187037756518
5.0221849226136834 4.4152547903002981 0.03237952409191671
5.026548245743669 4.4154002110202804 0.034421093248530071
5.0309115688736545 4.4155564545593826 0.037345169419777641
5.035274892003641 4.4157264525335256 0.040505370803304734
5.0396382151336265 4.4159077516648466 0.042167445345986772
5.0440015382636121 4.416090178674005 0.040904520789399025
5.0483648613935985 4.4162601269767032 0.03648988958428951
5.0527281845235841 4.4164040743107291 0.028954663175801518
5.0570915076535696 4.4165079988062867 0.018115574056377634
5.0614548307835561 4.4165607007154959 0.00627142404001134
5.0658181539135416 4.4165706061734333 -0.0001556153693261186
5.0701814770435272 4.4165751121360328 0.0042596003199451109
5.0745448001735127 4.4166249046585442 0.020450102459214747
5.0789081233034992 4.4167704718206302 0.048259414816426482
5.0832714464334847 4.4170640291527308 0.088432000647587522
5.0876347695634703 4.4175482965839405 0.13280549625459417
5.0919980926934567 4.4181945192104353 0.15761372338960869
5.0963614158234423 4.4188653037182331 0.14224701478989307
5.1007247389534278 4.4193718762798229 0.082889310120475457
5.1050880620834143 4.4195257209505661 -0.019734813707073338
5.1094513852133998 4.419132402172445 -0.16860032315722395
5.1138147083433854 4.4180292085874679 -0.33479000240014983
5.1181780314733718 4.4163135294515063 -0.43035378597413609
5.1225413546033574 4.4144898935862811 -0.37724859692739221
5.1269046777333429 4.4132608698592239 -0.15950595745132559
5.1312680008633285 4.4133322351313664 0.21932510372168892
5.1356313239933149 4.4154190553563701 0.76606458727816529
5.1399946471233005 4.4201815590062949 1.4256647537848686
5.144357970253286 4.4277673319476412 2.0213259928631326
5.1487212933832724 4.4374944229162034 2.3924796746273365
5.153084616513258 4.4482683236806047 2.504198934203858
5.1574479396432436 4.4589817969012344 2.3643546944958609
5.16181126277323 4.4685259691957997 1.966513378525812
5.1661745859032155 4.4758227925253893 1.3486074561485568
5.1705379090332011 4.4801663409505128 0.64238687898069957
5.1749012321631875 4.4814783314942579 -0.029692806615934528
5.1792645552931731 4.4799963280731623 -0.64050789653794049
5.1836278784231586 4.4759690957661027 -1.1961470740242521
5.1879912015531442 4.4696400258115014 -1.6953727388249598
5.1923545246831306 4.4612600620273168 -2.1355486180508714
5.1967178478131162 4.4510946180259312 -2.5133159345180078
5.2010811709431017 4.4394230132446237 -2.8252364311133129
5.2054444940730882 4.426539177459726 -3.068815643362631
5.2098078172030737 4.4127422482028651 -3.2438437683110206
5.2141711403330593 4.398330233408287 -3.3508505474120058
5.2185344634630457 4.383599735115034 -3.3896700940899813
5.2228977865930313 4.3688534859622825 -3.3571877453762915
5.2272611097230168 4.3544112247649673 -3.2501203643989776
5.2316244328530024 4.3405990708607014 -3.068635652204545
5.2359877559829888 4.3277389181412049 -2.8138642198271984
5.2403510791129744 4.3161616420546842 -2.4778458613203633
5.2447144022429599 4.3061672521623482 -2.106337346745486
5.2490777253729464 4.2975710079491032 -1.8787832243584366
5.2534410485029319 4.2892986553352328 -1.9765226098380775
5.2578043716329175 4.2797804821136767 -2.4469908845507162
5.2621676947629039 4.2674154207915187 -3.2813176293547137
5.2665310178928895 4.2506001753469533 -4.4906396695934667
5.270894341022875 4.2277667319181607 -6.0165541203217874
5.2752576641528615 4.1979782145889404 -7.623338982763463
5.279620987282847 4.161477914208831 -9.0669237525031185
5.2839843104128326 4.1191916077701771 -10.278646641688653
5.2883476335428181 4.072102774098755 -11.268309541119134
5.2927109566728046 4.0211850204954986 -12.032480977667444
5.2970742798027901 3.9674013882623487 -12.58913675937128
5.3014376029327757 3.9115234742378733 -13.008697290139096
5.3058009260627621 3.8539703919098294 -13.36548236362739
5.3101642491927477 3.7949442334574539 -13.683354962037621
5.3145275723227332 3.7346212343097367 -13.959534015351517
5.3188908954527196 3.6731826382441626 -14.195615126575932
5.3232542185827052 3.6108106986646238 -14.383859298969579
5.3276175417126908 3.5477854622343203 -14.485695056228273
5.3319808648426772 3.4845859854985197 -14.459080492119758
5.3363441879726627 3.4218110870388743 -14.291583281248256
5.3407075111026483 3.3600702473891904 -13.985301702342593
5.3450708342326338 3.2999713000458182 -13.538076767087265
5.3494341573626203 3.2421213504575248 -12.958079138201125
5.3537974804926058 3.1870221213375056 -12.287741553567413
5.3581608036225914 3.1349525632393571 -11.574785085172662
5.3625241267525778 3.0860540821936198 -10.833628209615668
5.3668874498825634 3.0404541212677576 -10.063044822776629
5.3712507730125489 2.9982832855648218 -9.2609470352559224
5.3756140961425354 2.9596724856883685 -8.4345284065519461
5.3799774192725209 2.9246533783297042 -7.6251345046780115
5.3843407424025065 2.8930359976651912 -6.8808078783642994
5.388704065532492 2.8644908702987464 -6.2163275230169974
5.3930673886624785 2.8386746085911603 -5.6300199784931486
5.397430711792464 2.815246619466071 -5.1214454189595102
5.4017940349224496 2.7938666014515539 -4.6919147155688234
5.406157358052436 2.7741740255745109 -4.3503311224586634
5.4105206811824216 2.7557592483692965 -4.1074467949336881
5.4148840043124071 2.7381813674075342 -3.9666105749062024
5.4192473274423936 2.7209969237157456 -3.926924769985046
5.4236106505723791 2.7037629523774265 -3.9900493702103801
5.4279739737023647 2.6860349279290952 -4.1509753723258038
5.4323372968323511 2.6674428616522952 -4.3779040614725711
5.4367006199623367 2.647791149498993 -4.6318935419226648
5.4410639430923222 2.6270020001049859 -4.8996100092431769
5.4454272662223078 2.6050129828290158 -5.181767287069226
5.4497905893522942 2.5817589006807622 -5.4801846316639393
5.4541539124822798 2.5571724188600595 -5.7902430456358056
5.4585172356122653 2.5312595149361052 -6.0796632398584878
5.4628805587422518 2.50420678966328 -6.3075881416929294
5.4672438818722373 2.476325915692573 -6.4595448747777695
5.4716072050022229 2.4479451578998952 -6.5368809419319174
5.4759705281322093 2.4193894620199949 -6.5395533080632902
5.4803338512621949 2.390984810047954 -6.467956203972868
5.4846971743921804 2.3630478175808931 -6.3262831222947593
5.4890604975221668 2.3358716655173848 -6.1199182344002843
5.4934238206521524 2.3097327895665143 -5.8507570182504365
5.497787143782138 2.2849051458287906 -5.5190513881225174
5.5021504669121235 2.2616628150869436 -5.1235173370332978
5.5065137900421099 2.2402826355966705 -4.6670573547009679
5.5108771131720955 2.2209883717568428 -4.1739404864672816
5.5152404363020811 2.2038641733215925 -3.6766709160520059
5.5196037594320675 2.188891208559403 -3.1877596759952094
5.523967082562053 2.1760345161078694 -2.7065532236718797
5.5283304056920386 2.1652621899823528 -2.2321438913326448
5.532693728822025 2.1565428382387224 -1.7663617413652493
5.5370570519520106 2.1498168836788394 -1.321819516943225
5.5414203750819961 2.1449518023555574 -0.91576942634292291
5.5457836982119817 2.14175875036833 -0.55546713103709011
5.5501470213419681 2.1400382017621067 -0.24070496412113845
5.5545103444719537 2.1395925312695434 0.02890444518859037
5.5588736676019392 2.1402237991554434 0.25269455128863849
5.5632369907319257 2.1417267155119748 0.4276743471924398
5.5676003138619112 2.1438790508789296 0.54977402170574519
5.5719636369918968 2.1464445744982146 0.61699046497768029
5.5763269601218832 2.1491834692170357 0.6293135209267271
5.5806902832518688 2.1518563984418635 0.58665150858239512
5.5850536063818543 2.1542234650190459 0.48932630336995081
5.5894169295118408 2.156052532498737 0.34109253869723227
5.5937802526418263 2.1571339785093406 0.14742521235829084
5.5981435757718119 2.1572764056866598 -0.089320168203947378
5.6025068989017974 2.1562920689316942 -0.36899892591190536
5.6068702220317839 2.1539926933886266 -0.69239839789826862
5.6112335451617694 2.1501882683268581 -1.0580716462531388
5.615596868291755 2.1447179119086091 -1.4521850336228597
5.6199601914217414 2.1375041121348306 -1.8541716171097478
5.624323514551727 2.1285397360524709 -2.2544228592638103
5.6286868376817125 2.1178333373287641 -2.6527654595144168
5.633050160811699 2.1053912018225787 -3.050275062121087
5.6374134839416845 2.0912181600625552 -3.4453822321563328
5.6417768070716701 2.0753478820559126 -3.8244611115579961
5.6461401302016565 2.0578969272915049 -4.1667653930609685
5.6505034533316421 2.0390543583273386 -4.4620661158596162
5.6548667764616276 2.0190267706603096 -4.7101212312615193
5.6592300995916132 1.9980186205177215 -4.9115439874537952
5.6635934227215996 1.9762339065550802 -5.0659088970002308
5.6679567458515852 1.9538839251047115 -5.1696017516745156
5.6723200689815707 1.931202800403679 -5.216792047674339
5.6766833921115571 1.9084452442540016 -5.2045657302779658
5.6810467152415427 1.8858706056735821 -5.1330662404094545
5.6854100383715283 1.8637376165762576 -5.0018698438101277
5.6897733615015147 1.8423065846601929 -4.8118688965860965
5.6941366846315002 1.8218165888583482 -4.5734301028900495
5.6985000077614858 1.8024421998455236 -4.303142725046964
5.7028633308914722 1.7842981866736616 -4.0097521880045859
5.7072266540214578 1.7674831407592497 -3.6939270196371727
5.7115899771514433 1.7520970068041961 -3.3544401557920827
5.7159533002814289 1.7382429713288667 -2.9923719644964724
5.7203166234114153 1.7259916191122784 -2.6248144338172774
5.7246799465414009 1.7153029365845489 -2.2807763730282327
5.7290432696713864 1.7060314854767518 -1.9756570640641442
5.7334065928013729 1.6980047641478804 -1.7099426576424974
5.7377699159313584 1.6910533798484322 -1.4827591566116343
5.742133239061344 1.6850087272862044 -1.2944374667572227
5.7464965621913304 1.6796936319752378 -1.1498782899602467
5.750859885321316 1.6748974299475363 -1.058065328291997
5.7552232084513015 1.6703765260450345 -1.0238305617956815
5.7595865315812871 1.6658793585970908 -1.0469815572661172
5.7639498547112735 1.6611559564986813 -1.1278398456943088
5.7683131778412591 1.6559535108729324 -1.2661692521621297
5.7726765009712446 1.6500399707404114 -1.4502719745743835
5.7770398241012311 1.6432618884028589 -1.6588596820432555
5.7814031472312166 1.6355454517723367 -1.8799864525682861
5.7857664703612022 1.6268385518939288 -2.1130489175020939
5.7901297934911886 1.6170868882262484 -2.3589913222014833
5.7944931166211742 1.6062342279917285 -2.617475385490676
5.7988564397511597 1.5942411707185167 -2.8786654535306941
5.8032197628811462 1.5811365610701873 -3.123747483138644
5.8075830860111317 1.5670206360793213 -3.3418056249007848
5.8119464091411173 1.5520136467783094 -3.5324709298093926
5.8163097322711028 1.5362332859082291 -3.6961333822024631
5.8206730554010893 1.5197984807489289 -3.8325121389405661
5.8250363785310748 1.5028233373379039 -3.9448066239796868
5.8293997016610604 1.485399261177766 -4.0394225647996089
5.8337630247910468 1.4675930383157458 -4.1200724562631832
5.8381263479210324 1.4494649295978066 -4.1869140800108529
5.8424896710510179 1.4310758692799499 -4.2396272098980203
5.8468529941810043 1.4124878163260759 -4.2781674289642666
5.8512163173109899 1.3937554700701738 -4.3073194478064627
5.8555796404409755 1.3748983730350315 -4.3371522376897946
5.8599429635709619 1.3558967463690961 -4.3738126313171222
5.8643062867009474 1.3367194577084336 -4.4174858122574063
5.868669609830933 1.3173369623114934 -4.4679987448925065
5.8730329329609186 1.297718535442663 -4.5255781235316785
5.877396256090905 1.2778386138870548 -4.586752710470166
5.8817595792208905 1.2576971181325576 -4.6441106585968912
5.8861229023508761 1.2373234347999917 -4.6929898700088959
5.8904862254808625 1.2167558307515802 -4.7330855585130083
5.8948495486108481 1.1960317863225043 -4.7647141387118284
5.8992128717408336 1.1751880508841528 -4.7879580882310302
5.9035761948708201 1.1542663061011014 -4.79928246064493
5.9079395180008056 1.1333355400447058 -4.7905788666982092
5.9123028411307912 1.1124974164475938 -4.7565751776876333
5.9166661642607767 1.0918637262868625 -4.6970391874771229
5.9210294873907632 1.0715449301137678 -4.6121236023477099
5.9253928105207487 1.0516526740160315 -4.5015494219136363
5.9297561336507343 1.0322933832076966 -4.3690544349314218
5.9341194567807207 1.0135448524531245 -4.2232409422660906
5.9384827799107063 0.99544959912822029 -4.0699017445466001
5.9428461030406918 0.9780385085212201 -3.9095159184058055
5.9472094261706783 0.96134340782078398 -3.7417243880118245
5.9515727493006638 0.94539661981126077 -3.566496030542746
5.9559360724306494 0.93022659388856099 -3.3866368123415986
5.9602993955606358 0.91583949067284831 -3.2089417699403029
5.9646627186906214 0.90221323067650105 -3.0381658921132901
5.9690260418206069 0.88931583757448951 -2.8747152192682561
5.9733893649505925 0.87711626805313625 -2.7183736738112954
5.9777526880805789 0.86558270144239635 -2.5694925052265045
5.9821160112105645 0.8546861329629184 -2.4254812002152919
5.98647933434055 0.84441930992155656 -2.279458865838107
5.9908426574705365 0.83480410269650263 -2.1265604054356495
5.995205980600522 0.82587197244131472 -1.9665094182907008
5.9995693037305076 0.8176532112476832 -1.7994862602546833
6.003932626860494 0.81017893045245104 -1.6252864248919219
6.0082959499904796 0.80347705225342925 -1.4461770011032504
6.0126592731204651 0.79755778670331756 -1.2676648041348439
6.0170225962504515 0.79240774122641378 -1.093861429944456
6.0213859193804371 0.78800426468806706 -0.92540736759705289
6.0257492425104227 0.7843246974679543 -0.76200061541916086
6.0301125656404082 0.78134798622257817 -0.60311013076253817
6.0344758887703946 0.77904514290655336 -0.45551319045840433
6.0388392119003802 0.77732935506528078 -0.3378443641986506
6.0432025350303658 0.77603271754054226 -0.26430046759417863
6.0475658581603522 0.7749563271496912 -0.23652757618470663
6.0519291812903377 0.77390306257527963 -0.25383212361047736
6.0562925044203233 0.77267538230109722 -0.31640608689198091
6.0606558275503097 0.77107678133022517 -0.42375137352469106
6.0650191506802953 0.76891328085723809 -0.57521883700762377
6.0693824738102808 0.76599369374668924 -0.77024686362856254
6.0737457969402664 0.76212877149162339 -1.0084787410788385
6.0781091200702528 0.75713001752658549 -1.2900530326447246
6.0824724432002384 0.75080668283338181 -1.6158038730242352
6.0868357663302239 0.74297869135094052 -1.9764666477885104
6.0911990894602104 0.73354662310783103 -2.3454724528345796
6.0955624125901959 0.72252983313431673 -2.7012428009602645
6.0999257357201815 0.70999807542313687 -3.0403450952718738
6.1042890588501679 0.69602038754865292 -3.3639290094343521
6.1086523819801535 0.68066410353345408 -3.672492294600687
6.113015705110139 0.66400459324025463 -3.9585405117264827
6.1173790282401255 0.64618550362853566 -4.1990847553561768
6.121742351370111 0.62745476961416613 -4.3749280955168608
6.1261056745000966 0.60810564425568991 -4.4829855807670222
6.1304689976300821 0.5884305321852985 -4.5242188221036095
6.1348323207600686 0.56872228558095361 -4.4981419521654091
6.1391956438900541 0.5492713747696607 -4.4070667596872548
6.1435589670200397 0.53034799169787683 -4.2578119846271036
6.1479222901500261 0.51219104506604529 -4.0562420414523368
6.1522856132800117 0.49502498481775681 -3.8035304168718551
6.1566489364099972 0.4790738020854487 -3.4993753138308881
6.1610122595399837 0.46456313448713249 -3.1429938490514715
6.1653755826699692 0.45171147430282965 -2.7416000851338542
6.1697389057999548 0.44066970199455502 -2.3185198892793641
6.1741022289299412 0.4314801040982621 -1.8943858756096603
6.1784655520599268 0.42413369707180038 -1.4732561132581006
6.1828288751899123 0.41862063978501951 -1.0541060547332597
6.1871921983198979 0.41493237494902629 -0.63668275071297831
6.1915555214498843 0.41305628251973481 -0.22493318646008612
6.1959188445798699 0.41294219414688471 0.16806797138545954
6.2002821677098554 0.41447835279429557 0.53040479975841015
6.2046454908398418 0.41752251030932525 0.8595062489014369
6.2090088139698274 0.421931445064472 1.1559389814680108
6.213372137099813 0.42756229135132806 1.4195827965335559
6.2177354602297994 0.43427223431019163 1.6506315080793623
6.2220987833597849 0.44192025779587013 1.8497017271012934
6.2264621064897705 0.45036821908627422 2.0173455208324493
6.2308254296197561 0.45947947206158751 2.1537426174678145
6.2351887527497425 0.46911757249426189 2.2587898358187739
6.239552075879728 0.4791455906093226 2.3325251455266107
6.2439153990097136 0.48942845135990221 2.3758412285074648
6.2482787221397 0.49984532634449519 2.3961998763811887
6.2526420452696856 0.51030656157757781 2.3940904621484882
6.2570053683996711 0.52071900305054375 2.3791212131511998
6.2613686915296576 0.53105664223311 2.356129238662716
6.2657320146596431 0.54099131023351688 2.1345735431225901
6.2700953377896287 0.54977027716568805 1.9721242006714073
6.2744586609196151 0.55473217561823063 -0.57554722499028388
6.2788219840496007 0.5571195448205889 5.3830489289427401
6.2831853071795862 0.59251521810687735 5.0210579703760239
