# q  U_kJmol  dU_dq   # conservative spline pchip_hermite_v1
0 0.47356145393756255 37.18668769766748
0.0043633231299858239 0.47356145393756255 -9.7652761271590176
0.0087266462599716477 0.47641720600141491 3.8378872981027614
0.013089969389957472 0.48355651819916268 1.2858269125687312
0.017453292519943295 0.49355136498418672 2.7993849942502305
0.021816615649929118 0.50640155606901138 3.2237241435367578
0.026179938779914945 0.52210684680452135 3.9390215148154142
0.030543261909900768 0.54066693818462008 4.5793311407307433
0.034906585039886591 0.56208147685192134 5.2281849940159981
0.039269908169872414 0.58601775169061687 5.6888514197473636
0.043633231299858237 0.61139528645959151 5.9220872737688453
0.04799655442984406 0.63743165698313708 5.9723968637380738
0.05235987755982989 0.66308358952213386 5.7265846594004879
0.056723200689815713 0.68715525649333697 5.3086932282586048
0.061086523819801536 0.70938053146143965 4.8700749573783533
0.065449846949787352 0.72960130512967436 4.3947602686578717
0.069813170079773182 0.74772503657623446 3.91462369513666
0.074176493209759012 0.76379491730500848 3.4565409182409486
0.078539816339744828 0.7779333168813195 3.028896245854023
0.082903139469730658 0.79026959947100539 2.6305247230856681
0.087266462599716474 0.8009312680338041 2.2612313236280421
0.091629785729702304 0.81004687073264892 1.9224000653327336
0.09599310885968812 0.8177602104251227 1.619896887337283
0.10035643198967395 0.82424536728415831 1.3601795193086454
0.10471975511965978 0.82969524426244823 1.1453098421230863
0.1090830782496456 0.834304799614493 0.97493731410654427
0.11344640137963143 0.83826878507475988 0.84967334979419451
0.11780972450961724 0.84178164300333547 0.76706812984826145
0.12217304763960307 0.84500629710223418 0.71442617392765639
0.1265363707695889 0.8480389483162869 0.67743340112395423
0.1308996938995747 0.85093429771163598 0.65163321201296764
0.13526301702956053 0.85374258932752456 0.63756844444394356
0.13962634015954636 0.85651532766652005 0.63532655122260195
0.14398966328953219 0.85930300316927499 0.64418429640672992
0.14835298641951802 0.86215014625068309 0.66215214148356194
0.15271630954950383 0.86509141069354245 0.68702299256656951
0.15707963267948966 0.86815396231469544 0.71767574553920388
0.16144295580947549 0.87136298475479657 0.75429072063959279
0.16580627893946132 0.874744276358838 0.79632753664436573
0.17016960206944712 0.87832233805308058 0.84529799836842856
0.17453292519943295 0.88214778363036639 0.91275711291783368
0.17889624832941878 0.88633482353705872 1.0126527696616454
0.18325957145940461 0.89103822381530939 1.1492482157644708
0.18762289458939044 0.89641628977573684 1.3218599686390786
0.19198621771937624 0.90262653255928837 1.5308461023737554
0.19634954084936207 0.9098269324485817 1.7752343304105391
0.2007128639793479 0.918160735149681 2.048747534352326
0.20507618710933373 0.92773674536630768 2.3436558368351128
0.20943951023931956 0.93864034803605523 2.6573737317189319
0.21380283336930536 0.95095380800898188 2.9897256616821708
0.21816615649929119 0.96475965525271046 3.3420364293916673
0.22252947962927702 0.98014279279359595 3.710996257910681
0.22689280275926285 0.99713210486556747 4.0716353627650497
0.23125612588924865 1.0156161604516352 4.3921533140874143
0.23561944901923448 1.0353862999595511 4.6613985115492049
0.23998277214922031 1.056221315944134 4.8803010740273987
0.24434609527920614 1.0779023737553532 5.0492962719357513
0.24870941840919197 1.100210978535779 5.1675779426988386
0.2530727415391778 1.1229152597210266 5.2289726317096852
0.25743606466916363 1.1457477289150317 5.22529484412558
0.26179938779914941 1.1684155471681297 5.1535412400011946
0.26616271092913524 1.1906226005490923 5.0142292057458686
0.27052603405912107 1.2120735719679152 4.8065886918775922
0.2748893571891069 1.2324713891883727 4.5325236279332763
0.27925268031909273 1.2515532853447826 4.2075682309574347
0.28361600344907856 1.2691455776299756 3.8525180254926688
0.28797932657906439 1.2851409746520714 3.475553757923866
0.29234264970905022 1.2994431986074921 3.0763766783965401
0.29670597283903605 1.3119539904076045 2.6542111942078543
0.30106929596902182 1.3225743842303017 2.2106102806202443
0.30543261909900765 1.3312303791974192 1.7568163462273017
0.30979594222899348 1.3379131858586601 1.3083074875905287
0.31415926535897931 1.3426645846778429 0.87153429677420036
0.31852258848896514 1.3455358088894016 0.44648486708113455
0.32288591161895097 1.3465768462078274 0.032399123135311521
0.3272492347489368 1.3458361201789886 -0.36960252642081226
0.33161255787892263 1.3433852039624832 -0.74840058193861159
0.33597588100890846 1.3393621263726356 -1.0879854061990388
0.34033920413889424 1.3339573672889953 -1.3817608092194427
0.34470252726888007 1.3273704600673826 -1.6298337803660772
0.3490658503988659 1.3197998270000155 -1.8329117514557987
0.35342917352885173 1.3114418726678132 -1.990209193017769
0.35779249665883756 1.3025146293075358 -2.0906779864133944
0.36215581978882339 1.2933040285461719 -2.1177418729632453
0.36651914291880922 1.284150834408567 -2.0643698443909781
0.37088246604879505 1.2754050568781037 -1.9312051599273374
0.37524578917878088 1.2674145970896713 -1.7177986755244947
0.37960911230876665 1.2605298787722907 -1.4250192375965949
0.38397243543875248 1.2550765866233475 -1.0651155017922393
0.38833575856873831 1.2513056590545422 -0.6566250647746138
0.39269908169872414 1.2494050299948716 -0.2078593360827303
0.39706240482870997 1.2495498631983772 0.28086610216782942
0.4014257279586958 1.2519165295458687 0.81117482166507604
0.40578905108868163 1.2566863297822086 1.3811076018480504
0.41015237421866746 1.2639864267588254 1.9630448044523203
0.41451569734865329 1.2737714142973242 2.5135520044279285
0.41887902047863912 1.2858459421155555 3.0122428435404345
0.42324234360862489 1.2999830010800342 3.4592361852925078
0.42760566673861072 1.3159601941985539 3.855846985875941
0.43196898986859655 1.3335567680278728 4.2009976528073825
0.43633231299858238 1.3525275230819613 4.4820057599274312
0.44069563612856821 1.3725462199940117 4.6781518257365571
0.44505895925855404 1.3932138500893292 4.7792447940620795
0.44942228238853987 1.4141151541286758 4.7855628152977667
0.4537856055185257 1.4348375945543586 4.6968825692732548
0.45814892864851153 1.4549658751689052 4.5137937756661426
0.46251225177849731 1.4741086469934817 4.2487290696465934
0.46687557490848314 1.4919535748176747 3.9221589510117125
0.47123889803846897 1.5082616169908212 3.5444875905202946
0.4756022211684548 1.5228117428395509 3.1164041808159078
0.47996554429844063 1.5353815159682902 2.6361647129776324
0.48432886742842646 1.545742726029796 2.1051196499113134
0.48869219055841229 1.5537196925422714 1.551758147234662
0.49305551368839812 1.5593235205102236 1.0253142351068039
0.49741883681838395 1.5627439812824353 0.55162880736399644
0.50178215994836972 1.5642150870080722 0.13136392184898571
0.50614548307835561 1.5639655650861701 -0.23718533945340348
0.51050880620834138 1.5622215058030411 -0.55330803401404727
0.51487212933832727 1.5592349933230578 -0.80208408501154238
0.51923545246831304 1.5553595917603511 -0.95626019427205311
0.52359877559829882 1.5510490561616539 -1.0011109463932617
0.5279620987282847 1.5467819380369636 -0.9368562978522379
0.53232542185827048 1.5430325396295468 -0.76321462643683213
0.53668874498825636 1.5402803283460746 -0.48046274035196856
0.54105206811824214 1.5389690748151157 -0.10876702095701674
0.54541539124822802 1.5394069847334053 0.31506398733208701
0.5497787143782138 1.5417642196764472 0.77031111581236944
0.55414203750819968 1.5461729828267985 1.2556491687582956
0.55850536063818546 1.552768741972983 1.7732444069438333
0.56286868376817123 1.5616933188585793 2.322370218416824
0.56723200689815712 1.573037779746804 2.8732385501630793
0.57159533002814289 1.5866864992409544 3.3687206111619492
0.57595865315812877 1.6023064738298056 3.7755507189752708
0.58032197628811455 1.6195033918492554 4.0923098312135409
0.58468529941810043 1.6378899011790973 4.3205724488680959
0.58904862254808621 1.6570780479431539 4.4598309033449146
0.59341194567807209 1.6766774240379652 4.508440228716216
0.59777526880805787 1.6962841107346804 4.4625113331425377
0.60213859193804364 1.7154792890479114 4.3197116663890691
0.60650191506802953 1.7338403930113171 4.0804396251402286
0.6108652381980153 1.7509463438967758 3.7438804882372057
0.61522856132800119 1.7663703761812428 3.3100073411310547
0.61959188445798696 1.7797242883312865 2.8023472571520043
0.62395520758797285 1.7907875484753062 2.268614671384102
0.62831853071795862 1.7995270593728412 1.7385764974511799
0.63268185384794451 1.805968261913647 1.2145690589847289
0.63704517697793028 1.8101318688058707 0.69447714324726573
0.64140850010791606 1.8120348456291446 0.17859808355594345
0.64577182323790194 1.8117231970208036 -0.31475279104210191
0.65013514636788772 1.8093776903609424 -0.74651230793482082
0.6544984694978736 1.805334814413545 -1.091526312946975
0.65886179262785938 1.7999810884051648 -1.3480100462424827
0.66322511575784526 1.7936984352266239 -1.5170184967765423
0.66758843888783104 1.7868704706032283 -1.5981127689718575
0.67195176201781692 1.7798729502118713 -1.5962337201362478
0.6763150851478027 1.7730465671383093 -1.5215682497167533
0.68067840827778847 1.7666907278951738 -1.3809217211960561
0.68504173140777436 1.7610902510187494 -1.1753022915992399
0.68940505453776013 1.7565301512564411 -0.90376701823021621
0.69376837766774602 1.7532997381148807 -0.56599175108649036
0.69813170079773179 1.7516610888012771 -0.17998672382180508
0.70249502392771768 1.7517401566836066 0.21364944054595111
0.70685834705770345 1.7534960925898033 0.58704463131482676
0.71122167018768934 1.7568292955978715 0.93720620791273124
0.71558499331767511 1.7616435474727854 1.2659078798517804
0.71994831644766089 1.7678452295243443 1.5731605292626716
0.72431163957764677 1.7753232791110694 1.8469406560405521
0.72867496270763255 1.7838724778340544 2.0586010708300009
0.73303828583761843 1.7931681705573248 2.1878986495139112
0.73740160896760421 1.8028426652850951 2.2327444613143155
0.74176493209759009 1.8125310397021246 2.1940516803621701
0.74612825522757587 1.8218673734294104 2.0714746148861809
0.75049157835756175 1.8304908312296573 1.8682929256423402
0.75485490148754752 1.8380645050325344 1.5916810554680545
0.7592182246175333 1.8442817736936938 1.2469364368500657
0.76358154774751918 1.8488485476218481 0.83513471461581923
0.76794487087750496 1.851471197118878 0.35560813743310216
0.77230819400749084 1.8518522717307413 -0.19235869321294005
0.77667151713747662 1.8497153785124294 -0.79338531346191243
0.7810348402674625 1.844907692422048 -1.4088410715234316
0.78539816339744828 1.8374421334747393 -2.0097120995186755
0.78976148652743416 1.8273967661309796 -2.5919365925165367
0.79412480965741994 1.8148477747620892 -3.1572782708890261
0.79848813278740571 1.7998681059795378 -3.7062628318585427
0.8028514559173916 1.7825481704705488 -4.2252424718516526
0.80721477904737737 1.7630927313142108 -4.6776523807616615
0.81157810217736326 1.7418658051197033 -5.0352820276540626
0.81594142530734903 1.7192950057112693 -5.2943174604695304
0.82030474843733492 1.6958055188886814 -5.4561681808929245
0.82466807156732069 1.6718229893115895 -5.5203640320885139
0.82903139469730658 1.6477710132255641 -5.4884690366794437
0.83339471782729235 1.6240615716813693 -5.3640916664736773
0.83775804095727824 1.6010908132764106 -5.1501056243853638
0.84212136408726401 1.5792476788892054 -4.8472488824976416
0.84648468721724979 1.5589203684967481 -4.4551609183942542
0.85084801034723567 1.5405005359630335 -3.9726805382433015
0.85521133347722145 1.5243625241116519 -3.4143405166630876
0.85957465660720733 1.5107552283568697 -2.8213244289231985
0.86393797973719311 1.4997432629822769 -2.2273188569680533
0.86830130286717899 1.4913113072557629 -1.63805553855002
0.87266462599716477 1.4854443206888772 -1.051687527786809
0.87702794912715065 1.4821306867308457 -0.46732406296996959
0.88139127225713643 1.4813434636640752 0.101442180773954
0.8857545953871222 1.4829339079948964 0.61380960121740979
0.89011791851710809 1.4865680054057673 1.0354497146229837
0.89448124164709386 1.491829290798653 1.3604062419926704
0.89884456477707975 1.4983016739650841 1.5904015572567225
0.90320788790706552 1.50556963474308 1.7251521338661155
0.90757121103705141 1.5132168434517619 1.7639050549861408
0.91193453416703718 1.5208186266040287 1.7036621517297039
0.91629785729702307 1.5279363381378797 1.5418254030525238
0.92066118042700884 1.5341254235561803 1.2781158864102158
0.92502450355699462 1.5389420334460364 0.91266975247847049
0.9293878266869805 1.5419401943627637 0.44424572462724238
0.93375114981696627 1.5426834921179247 -0.11721515752564662
0.93811447294695216 1.5408291133469205 -0.73930812938372692
0.94247779607693793 1.5361854882020576 -1.3932507206034601
0.94684111920692382 1.528632663913452 -2.0733499191920397
0.95120444233690959 1.5180520453486299 -2.7809865251452335
0.95556776546689548 1.5043227105795076 -3.5169966945669282
0.95993108859688125 1.4873317320024766 -4.2727582972350771
0.96429441172686703 1.4670501492127197 -5.0186956120047812
0.96865773485685291 1.4435889302266749 -5.7277943647153187
0.97302105798683869 1.4171275133282155 -6.39440298933925
0.97738438111682457 1.387847144446783 -7.0198224904494149
0.98174770424681035 1.3559277262448277 -7.6041811325915187
0.98611102737679623 1.321552206663809 -8.1444946357459003
0.99047435050678201 1.2849326239157877 -8.6304770790655887
0.99483767363676789 1.2463301829884352 -9.0524508443765441
0.99920099676675367 1.206031485565116 -9.4081462586836455
1.0035643198967394 1.1643244042344487 -9.6979843403337753
1.0079276430267252 1.1214962391001546 -9.9220704904678865
1.0122909661567112 1.0778350700709651 -10.07941954336486
1.016654289286697 1.0336393017831831 -10.166231846566584
1.0210176124166828 0.98922590602349358 -10.178826583599141
1.0253809355466685 0.94492141043156175 -10.116390720014605
1.0297442586766545 0.90105258238222641 -9.9791222597699178
1.0341075818066403 0.8579464536983602 -9.7666955706495582
1.0384709049366261 0.81592868486162673 -9.4809762212464417
1.0428342280666119 0.77530571239452439 -9.1289878548723351
1.0471975511965976 0.73634951014525318 -8.7176825398535769
1.0515608743265836 0.69931327044543945 -8.2488363686184059
1.0559241974565694 0.66444872032655655 -7.722313588894254
1.0602875205865552 0.63200870780947227 -7.1371178479828714
1.064650843716541 0.60224323824064352 -6.4985540523683234
1.0690141668465269 0.5753431590808008 -5.8290273738927469
1.0733774899765127 0.55138723259598854 -5.1513502880467898
1.0777408131064985 0.5303925965351286 -4.4713017211906534
1.0821041362364843 0.51237249883131841 -3.7879978296966765
1.08646745936647 0.49734173630637507 -3.1008045646352649
1.090830782496456 0.48531294679949477 -2.4135614350198256
1.0951941056264418 0.47625544282460941 -1.7428171602378404
1.0995574287564276 0.47005482869317394 -1.1058791736808598
1.1039207518864134 0.46654872279173054 -0.50751523462735737
1.1082840750163994 0.46557091828718017 0.05303040845145697
1.1126473981463851 0.46695634911973261 0.57565681937678437
1.1170107212763709 0.47053899116382714 1.0601376117849153
1.1213740444063567 0.476152853791731 1.5068435812178442
1.1257373675363425 0.48363435631793744 1.9161979175022743
1.1301006906663285 0.49282024959240989 2.288021967008516
1.1344640137963142 0.50354645240763662 2.62226302084806
1.1388273369263 0.51564910283595322 2.9188892533422979
1.1431906600562858 0.52896413894157668 3.178093926358196
1.1475539831862718 0.54333097015651988 3.4013850393396576
1.1519173063162575 0.5585970068533499 3.590425110841915
1.1562806294462433 0.57461415418357509 3.7456474910689357
1.1606439525762291 0.59123449447837984 3.8668684627786116
1.1650072757062149 0.60830993826807711 3.9543932429295587
1.1693705988362009 0.62569292578955771 4.0074307587660885
1.1737339219661866 0.64322329865174233 4.0205421052449397
1.1780972450961724 0.66071160507571813 3.9874711468847148
1.1824605682261582 0.67795098232345674 3.9065697870718914
1.1868238913561442 0.69473365594300096 3.778088805723899
1.19118721448613 0.71085180536301962 3.6020146221169771
1.1955505376161157 0.7260983524939103 3.3786295627160601
1.1999138607461015 0.74026673771655305 3.1076848692624077
1.2042771838760873 0.75314826909278776 2.7887836477930987
1.2086405070060733 0.76453397389792899 2.422103103245111
1.2130038301360591 0.77421605760383738 2.0079483235143907
1.2173671532660448 0.78198634229207187 1.5454682206002284
1.2217304763960306 0.78763650677005792 1.0373999508164176
1.2260937995260166 0.79099578127698122 0.49936593152528536
1.2304571226560024 0.79197796645263485 -0.049895876063286208
1.2348204457859882 0.79055327231001815 -0.60402918171628073
1.2391837689159739 0.78669936836398613 -1.1632841037763715
1.2435470920459597 0.78039251935670784 -1.7288535339755267
1.2479104151759457 0.77160788565254501 -2.2974409518440053
1.2522737383059315 0.76037063976182773 -2.8474130431171099
1.2566370614359172 0.74682561529101377 -3.351940857302417
1.261000384565903 0.73119898660167815 -3.8017748176259447
1.265363707695889 0.71372739504886185 -4.197619823430732
1.2697270308258748 0.69464551045527745 -4.5400648053014727
1.2740903539558606 0.67418749494369701 -4.8277537361015836
1.2784536770858463 0.65260885852112416 -5.0511931385417084
1.2828170002158321 0.63021867162196277 -5.1982097876330089
1.2871803233458181 0.60736343129337811 -5.2644319799195944
1.2915436464758039 0.58439461881378008 -5.2503602058098817
1.2959069696057897 0.5616626858896272 -5.1556451836830997
1.3002702927357754 0.53951898041052726 -4.9812752609970623
1.3046336158657614 0.51829735896466689 -4.7350562923913504
1.3089969389957472 0.49828749392699156 -4.4271814721246523
1.313360262125733 0.47974701973718437 -4.0614786574987409
1.3177235852557188 0.46292850960161458 -3.6379507344406594
1.3220869083857045 0.44808540286415055 -3.1556426373592563
1.3264502315156905 0.43547260137849875 -2.6167706827189203
1.3308135546456763 0.4253074118178784 -2.0382676646228521
1.3351768777756621 0.41770987796606801 -1.4429076690757703
1.3395402009056478 0.41272696358236816 -0.83978071840465074
1.3439035240356338 0.41039303130480825 -0.22866265372047692
1.3482668471656196 0.41074462613721741 0.39147650315202842
1.3526301702956054 0.41381944592054176 1.0185857972340275
1.3569934934255912 0.41962125206651002 1.6372987326902395
1.3613568165555769 0.42806448232115057 2.2263848491864984
1.3657201396855629 0.43899400937496647 2.7768886462328162
1.3700834628155487 0.45224158811931137 3.2890140427926773
1.3744467859455345 0.46764104758989811 3.7633078057834988
1.3788101090755203 0.48502658118699238 4.1990555437989867
1.3831734322055063 0.50422093495059739 4.590947949004307
1.387536755335492 0.52501528824381682 4.9313623706760676
1.3919000784654778 0.54717548175391828 5.2169734810211388
1.3962634015954636 0.57046253629638988 5.4479697519987544
1.4006267247254494 0.5946381985550806 5.6241077941593858
1.4049900478554354 0.61946342249211839 5.7461267283564164
1.4093533709854211 0.6447135132924916 5.8206355993293037
1.4137166941154069 0.67020281000894366 5.857163991841114
1.4180800172453927 0.69577808377287531 5.8601208873984429
1.4224433403753787 0.72129344243797611 5.8296837886179418
1.4268066635053644 0.7466020277134009 5.7651137901486198
1.4311699866353502 0.77155561270540773 5.6675837566891429
1.435533309765336 0.79602901831967965 5.5480466523656533
1.4398966328953218 0.81996336741156384 5.4229501182561393
1.4442599560253078 0.84335644262698095 5.3000928910080836
1.4486232791552935 0.86621882600554412 5.1795890002375025
1.4529866022852793 0.88855945038373674 5.0608498971530089
1.4573499254152651 0.91038644689540327 4.9444306286241453
1.4617132485452511 0.93171945458957306 4.8360606054856499
1.4660765716752369 0.95261386403138415 4.7447603289942091
1.4704398948052226 0.97315646709344894 4.6748892637727248
1.4748032179352084 0.99344097213090876 4.6263344218408848
1.4791665410651942 1.013560054625491 4.5992335621449234
1.4835298641951802 1.0336074124539507 4.593141432471719
1.487893187325166 1.0536648203058332 4.6022064501043953
1.4922565104551517 1.0737778558753468 4.6171951976917107
1.4966198335851375 1.0939592573102841 4.6334268976587234
1.5009831567151235 1.1142133894932855 4.6505222356799409
1.5053464798451093 1.1345452621246881 4.6693655575769846
1.509709802975095 1.1549625550056366 4.6890779644656257
1.5140731261050808 1.1754458961502288 4.6955270934326405
1.5184364492350666 1.1958852041808821 4.6651546726371418
1.5227997723650526 1.2160857808778074 4.585780713479525
1.5271630954950384 1.2358321301229089 4.4572056054419527
1.5315264186250241 1.2549114929013723 4.2799900912401991
1.5358897417550099 1.273110954044897 4.0538653408925356
1.5402530648849959 1.2902152995464429 3.7776580032908114
1.5446163880149817 1.3060013404982436 3.4492666099160125
1.5489797111449675 1.3202381451998533 3.0674636960026223
1.5533430342749532 1.3326927525785235 2.6325417434081881
1.557706357404939 1.3431330391581182 2.1437388848625858
1.562069680534925 1.351322905096582 1.6016520487786794
1.5664330036649108 1.357059034053218 1.0244617161418994
1.5707963267948966 1.360259143630943 0.44460611954647544
1.5751596499248823 1.3609609792174022 -0.1201063167369532
1.5795229730548683 1.3592341554402372 -0.66891082113693889
1.5838862961848541 1.3551446929435993 -1.2032342698606475
1.5882496193148399 1.34875622780841 -1.7222444755870008
1.5926129424448257 1.3401581376603766 -2.211784233809214
1.5969762655748114 1.3295354069819334 -2.6458815347874483
1.6013395887047974 1.3171708687563017 -3.0095715158704159
1.6057029118347832 1.3033754379530509 -3.3021022123056407
1.610066234964769 1.2884570418132679 -3.5241928049656623
1.6144295580947547 1.2727239541320625 -3.6755344729058641
1.6187928812247407 1.2564849413687729 -3.7560663150654796
1.6231562043547265 1.2400492808094501 -3.7656508070846422
1.6275195274847123 1.2237268536168451 -3.7041325338520905
1.6318828506146981 1.207827978308593 -3.5715547820684734
1.6362461737446838 1.1926629169893335 -3.3676379036934669
1.6406094968746698 1.1785432555275557 -3.0925858379260487
1.6449728200046556 1.165768895708573 -2.7529857068731887
1.6493361431346414 1.1545944278151949 -2.3614723610319754
1.6536994662646272 1.1452253264450634 -1.9258426282044678
1.6580627893946132 1.137851264907449 -1.4469079699159737
1.6624261125245989 1.132662799384516 -0.92388285919050628
1.6667894356545847 1.1298527969862475 -0.3569020467895484
1.6711527587845705 1.1295975686502098 0.24399363463429782
1.6755160819145565 1.1320015218236248 0.85828188245209469
1.6798794050445423 1.1370882482242128 1.4730907388600634
1.684242728174528 1.1448558501625741 2.087340309674198
1.6886060513045138 1.1553043349916219 2.7020067146430269
1.6929693744344996 1.1684358031221316 3.3170142601497958
1.6973326975644856 1.1842370827308135 3.9226282668257042
1.7016960206944713 1.2026231311924509 4.4979480076482297
1.7060593438244571 1.2234254186466131 5.0294947519768032
1.7104226669544429 1.2464485130480922 5.5161859749744702
1.7147859900844289 1.271499207802103 5.9588640338610714
1.7191493132144147 1.298385163769362 6.3573685500668509
1.7235126363444004 1.326906170482302 6.7066831724430784
1.7278759594743862 1.3568243223855931 6.9957045242288034
1.732239282604372 1.3878566652248836 7.2169720264530666
1.736602605734358 1.4197048178612879 7.3698514233436194
1.7409659288643438 1.452071665892029 7.4546045160581818
1.7453292519943295 1.4846590826580222 7.470993323160779
1.7496925751243153 1.5171744988444364 7.4228329415172443
1.7540558982543013 1.5493542137372613 7.3187705014022084
1.7584192213842871 1.5809700947603986 7.1647058229532572
1.7627825445142729 1.6118064502026577 6.9614010542279754
1.7671458676442586 1.6416472055020082 6.7081982626409768
1.7715091907742444 1.6702734254723912 6.4047369814264563
1.7758725139042304 1.6974838939591943 6.0633328986559674
1.7802358370342162 1.7231732026073405 5.7131390281321215
1.7845991601642019 1.7473577531338851 5.3748506536911442
1.7889624832941877 1.7700984362593066 5.0508724481787102
1.7933258064241737 1.7914538571239362 4.7399073727926657
1.7976891295541595 1.811480822102485 4.4419307206027296
1.8020524526841453 1.8302480982499867 4.1653251760231615
1.806415775814131 1.8478911898269059 3.9306933888489759
1.8107790989441168 1.8646329583299366 3.753189609329151
1.8151424220741028 1.8807296834562328 3.6346332601661864
1.8195057452040886 1.896435853249371 3.5743372121854926
1.8238690683340744 1.9120073643883757 3.5729672155152681
1.8282323914640601 1.927693112195308 3.6247021267503965
1.8325957145940461 1.9436938996211268 3.7142811122335
1.8369590377240319 1.960144831543033 3.8303321031274158
1.8413223608540177 1.9771562892579868 3.9714348586296691
1.8456856839840035 1.9948396904928951 4.1383563258996725
1.8500490071139892 2.0133085964893587 4.3316353259866505
1.8544123302439752 2.0326639430366651 4.5411427780931923
1.858775653373961 2.0529213660414598 4.7395276835569407
1.8631389765039468 2.0739771533416098 4.9056175509959266
1.8675022996339325 2.0956797093371313 5.0364734302214096
1.8718656227639185 2.117879189693098 5.133305467760275
1.8762289458939043 2.1404261753707461 5.1957085209564893
1.8805922690238901 2.1631674884060805 5.2218009793940263
1.8849555921538759 2.1859363421577771 5.2075733434677334
1.8893189152838616 2.2085485355819552 5.1496153234758095
1.8936822384138476 2.2308102651363573 5.047002125041816
1.8980455615438334 2.2525270373698945 4.8997666774460713
1.9024088846738192 2.2735033287046766 4.7075194485554368
1.906772207803805 2.2935516947404659 4.4766322079806358
1.911135530933791 2.3125384500173523 4.2245241674914569
1.9154988540637767 2.3304077716323315 3.9656429858155935
1.9198621771937625 2.3471391224575546 3.7025738789050666
1.9242255003237483 2.3627122170793875 3.4349621020874017
1.9285888234537341 2.3771077504108598 3.162488507011556
1.9329521465837201 2.3902972038680002 2.8811237208058098
1.9373154697137058 2.4022289407744308 2.5850748198929736
1.9416787928436916 2.4128267602372118 2.2687589307173659
1.9460421159736774 2.4219942488198543 1.9295142385825079
1.9504054391036634 2.4296309743418965 1.5669106697441799
1.9547687622336491 2.4356335461858905 1.1805331776138945
1.9591320853636349 2.4399240683175751 0.78796673505538128
1.9634954084936207 2.442566429305312 0.4342991933687898
1.9678587316236065 2.4438287713086977 0.15951251119066145
1.9722220547535925 2.4440884959994142 -0.025853265617553519
1.9765853778835782 2.443730988902407 -0.12332967901351929
1.980948701013564 2.4431419569609791 -0.13162032288881448
1.9853120241435498 2.4426889479143665 -0.06664363776358935
1.9896753472735358 2.4425984113422921 0.024480434860006086
1.9940386704035216 2.4428791008418536 0.099461420808340348
1.9984019935335073 2.4434281471277619 0.14815818532737807
2.0027653166634933 2.4441367401957521 0.17259496341749386
2.0071286397934789 2.4448978082633737 0.17192652562214802
2.0114919629234649 2.4456065828066205 0.15028827190888638
2.0158552860534504 2.4462010410072521 0.12295721811217611
2.0202186091834364 2.4466914442822647 0.10377866257141581
2.0245819323134224 2.4471227380445315 0.095640334311996783
2.028945255443408 2.4475404253485644 0.097376384006482561
2.033308578573394 2.4479887297745568 0.11026618434628542
2.0376719017033795 2.4485170487156784 0.13303564392225148
2.0420352248333655 2.4491435839279658 0.15161046728657937
2.0463985479633515 2.4498152569881908 0.15310474625853387
2.0507618710933371 2.4504539892058106 0.13693885014536791
2.0551251942233231 2.4509872039044067 0.10491119851053508
2.0594885173533091 2.4513423242915899 0.0541905703150493
2.0638518404832946 2.451439786453137 -0.010500640688525374
2.0682151636132806 2.4512810652669135 -0.054306610413525185
2.0725784867432662 2.4510450207569567 -0.043693817109440924
2.0769418098732522 2.4509838459119742 0.024728903319795523
2.0813051330032382 2.4513409762725304 0.14826222742215292
2.0856684561332237 2.4523612249697417 0.329238268589095
2.0900317792632097 2.4542933566796235 0.56469194034398651
2.0943951023931953 2.4573373588779113 0.83333162479570044
2.0987584255231813 2.4615827924219174 1.113828397256249
2.1031217486531673 2.4670709666293504 1.4036905092984877
2.1074850717831528 2.4738478941220072 1.7042723181165245
2.1118483949131388 2.4819587655157465 2.0153167273961756
2.1162117180431244 2.4914474098293256 2.3349964303414517
2.1205750411731104 2.5023371537409931 2.6558452142667965
2.1249383643030963 2.5146147752309784 2.9703298320161098
2.1293016874330819 2.5282457939652434 3.2763043109380963
2.1336650105630679 2.5431931128038681 3.5734704653523148
2.1380283336930539 2.5594216399714469 3.864746614514714
2.1423916568230394 2.5768916841152238 4.1369740177250209
2.1467549799530254 2.595407622195288 4.3294961512922212
2.151118303083011 2.6144649115862899 4.3784896584314792
2.155481626212997 2.6333837175024164 4.2669850168025301
2.159844949342983 2.6514735900757769 3.9988632680077649
2.1642082724729685 2.668044022197666 3.5682320192698942
2.1685715956029545 2.6824112552688471 2.9993803775335266
2.1729349187329401 2.6941852944126965 2.4076612988823021
2.1772982418629261 2.7035700429741598 1.9176852484701481
2.1816615649929121 2.7111195045289627 1.5647029358341793
2.1860248881228976 2.7174160782652921 1.3433356302460322
2.1903882112528836 2.7230374556014829 1.2561341059676956
2.1947515343828692 2.728558042895334 1.2927785313085873
2.1991148575128552 2.7344309575844763 1.4063466987914881
2.2034781806428412 2.7408672689308355 1.5450350844065983
2.2078415037728267 2.7479267113927195 1.6925097783015719
2.2122048269028127 2.7556514128194483 1.8497543847668487
2.2165681500327987 2.764086747579257 2.0192951258380023
2.2209314731627843 2.7732801492732282 2.193691475281458
2.2252947962927703 2.7831702139925927 2.3267639806018079
2.2296581194227558 2.7934475847294191 2.3653598252182992
2.2340214425527418 2.8036523773950495 2.2942949376222166
2.2383847656827278 2.8133138376991091 2.1164898231220106
2.2427480888127134 2.8219629795360914 1.8291884461887964
2.2471114119426994 2.8291304930421655 1.4414875581650375
2.2514747350726849 2.8344691919578358 1.0034995946714718
2.2558380582026709 2.8379000329785322 0.57400558265210844
2.2602013813326569 2.8395185035440416 0.17212899475315585
2.2645647044626425 2.839440555969138 -0.20333597440978418
2.2689280275926285 2.8377798062987996 -0.55422526515463322
2.2732913507226145 2.8346442651785373 -0.87744960039819464
2.2776546738526 2.8302089040795195 -1.1413452645043993
2.282017996982586 2.8248270883498683 -1.3069629297805618
2.2863813201125716 2.8189632353806169 -1.3627552673674297
2.2907446432425576 2.813088380700246 -1.3129568638852895
2.2951079663725436 2.8076689580321288 -1.1507903737139886
2.2994712895025291 2.8031860774099462 -0.89220387317106231
2.3038346126325151 2.799840987732261 -0.66251005763607618
2.3081979357625007 2.7971347729684579 -0.6183263568372217
2.3125612588924866 2.7940978965034349 -0.81284318025911562
2.3169245820224726 2.7897079345864269 -1.2366188551199009
2.3212879051524582 2.7829575601914427 -1.9002124356633432
2.3256512282824442 2.7728135798989033 -2.7782340565325883
2.3300145514124297 2.7587026720818271 -3.6632839931229073
2.3343778745424157 2.7412223521758525 -4.2891581889857671
2.3387411976724017 2.7217885278940166 -4.5603792465200375
2.3431045208023873 2.701923552412242 -4.489189221549597
2.3474678439323733 2.6831248961844465 -4.0660188785604854
2.3518311670623593 2.6669184040224243 -3.314502431796202
2.3561944901923448 2.6543798465177213 -2.439611727822208
2.3605578133223308 2.6454153956141226 -1.7114302004753896
2.3649211364523164 2.6390829967408163 -1.2320066550237543
2.3692844595823024 2.6343167944588366 -0.99137923579267451
2.3736477827122884 2.6300758853449344 -0.99531002486390652
2.3780111058422739 2.6252992806216442 -1.2273664796151338
2.3823744289722599 2.619243063155765 -1.5433239565364651
2.3867377521022455 2.611991848180014 -1.748854274969786
2.3911010752322315 2.6042559655974351 -1.7656281905020081
2.3954643983622175 2.5968501389672038 -1.5993053531222716
2.399827721492203 2.5905716934899092 -1.2457628466468575
2.404191044622189 2.5862303612724791 -0.71926455558927582
2.4085543677521746 2.5843797112024474 -0.13447235369188784
2.4129176908821606 2.5849129004838911 0.35133465603589303
2.4172810140121466 2.5872023541423159 0.66984005987064765
2.4216443371421321 2.5905183464274746 0.82332584275433396
2.4260076602721181 2.5941447932241237 0.81012607608324394
2.4303709834021041 2.5973598623362868 0.64004969747109841
2.4347343065320897 2.599608839834433 0.3864768520341984
2.4390976296620757 2.6007593055098503 0.15132785286918962
2.4434609527920612 2.6010256241743974 -0.017679105588733653
2.4478242759220472 2.6007017016599203 -0.12021692033057783
2.4521875990520332 2.6000723776353736 -0.15685725534715714
2.4565509221820188 2.5994235918145199 -0.13111765702756711
2.4609142453120048 2.5989815231091931 -0.068688441497235173
2.4652775684419903 2.5988253914886688 -0.0054208246789184894
2.4696408915719763 2.5989090420749532 0.040537451932660507
2.4740042147019623 2.5991528039816592 0.068383265046744787
2.4783675378319479 2.5994802409856597 0.07865693003176312
2.4827308609619338 2.5998147765630826 0.072127835653514147
2.4870941840919194 2.6000950191251624 0.055522040119115802
2.4914575072219054 2.6002986731391546 0.038486782227154452
2.4958208303518914 2.6004375571737524 0.026042645054484989
2.5001841534818769 2.6005330174576944 0.018465922417268292
2.5045474766118629 2.6006055443482703 0.015593138622908459
2.5089107997418489 2.6006756719171795 0.017243504577713745
2.5132741228718345 2.600760042446157 0.021657910486723265
2.5176374460018205 2.6008649228716476 0.026244224993522358
2.522000769131806 2.6009872959442952 0.029613185414050107
2.526364092261792 2.6011214446029207 0.031674384014335914
2.530727415391778 2.6012618755109984 0.0324762822800767
2.5350907385217636 2.6014030832246888 0.03206093936768771
2.5394540616517496 2.6015405580510578 0.030887960681817123
2.5438173847817351 2.6016725420646991 0.029653469326007351
2.5481807079117211 2.6017998024820979 0.028741503144561451
2.5525440310417071 2.6019238700147911 0.028180887863075689
2.5569073541716927 2.6020462174603018 0.027957404521899432
2.5612706773016787 2.6021683207147799 0.028061414949848984
2.5656340004316642 2.6022914013349245 0.028372950325244835
2.5699973235616502 2.6024159514933971 0.02870516565683863
2.5743606466916362 2.6025417769856229 0.028952003981720507
2.5787239698216218 2.6026684681049579 0.029104451608808302
2.5830872929516078 2.6027956299670931 0.029166643043697538
2.5874506160815938 2.6029228669605979 0.029140745109986294
2.5918139392115793 2.6030498483224735 0.029058042573018712
2.5961772623415653 2.6031764365022916 0.028968659223288833
2.6005405854715509 2.6033026804056996 0.028901856066042276
2.6049039086015369 2.6034286896557939 0.028860409287115325
2.6092672317315229 2.6035545701331948 0.02884312624361866
2.6136305548615084 2.6036804278693735 0.028849531901699706
2.6179938779914944 2.6038063523927004 0.028871476060858832
2.62235720112148 2.603932382081259 0.028895519513880693
2.626720524251466 2.6040585046924516 0.028913596726739134
2.631083847381452 2.6041846909058322 0.028924862962545209
2.6354471705114375 2.6043109123302708 0.028929659789961395
2.6398104936414235 2.6044371405501581 0.028928087791054578
2.6441738167714091 2.6045633513413482 0.028922268076124181
2.6485371399013951 2.6046895340126563 0.02891580203858856
2.6529004630313811 2.604815691607568 0.028910910836730953
2.6572637861613666 2.6049418319652222 0.028907848956285214
2.6616271092913526 2.6050679626988353 0.028906519211477338
2.6659904324213386 2.6051940914228608 0.02890690137722798
2.6703537555513241 2.6053202246894478 0.028908444003563516
2.6747170786813101 2.605446365472516 0.028910182519458781
2.6790804018112957 2.6055725130216576 0.028911505790798073
2.6834437249412817 2.6056986652418668 0.028912337788461882
2.6878070480712677 2.6058248200915344 0.028912705998368381
2.6921703712012532 2.6059509755304111 0.028912614153885911
2.6965336943312392 2.6060771297868799 0.028912205468441376
2.7008970174612248 2.6062032820348469 0.028911738146758247
2.7052603405912108 2.6063294324575117 0.028911380189511737
2.7096236637211968 2.6064555816145152 0.028911154150224119
2.7139869868511823 2.6065817300533731 0.028911052299479437
2.7183503099811683 2.6067078783207167 0.028911074056655221
2.7227136331111539 2.606834026895406 0.028911182269451118
2.7270769562411399 2.606960176006611 0.028911307857469603
2.7314402793711259 2.6070863256101489 0.028911404676755199
2.7358036025011114 2.6072124755565902 0.028911466077798674
2.7401669256310974 2.6073386256990982 0.028911494222953353
2.7445302487610834 2.607464775891227 0.028911489163543885
2.748893571891069 2.6075909260035859 0.028911460526961627
2.753256895021055 2.6077170759726793 0.028911426784876945
2.7576202181510405 2.6078432258090007 0.028911400600451408
2.7619835412810265 2.6079693755524289 0.028911383924231548
2.7663468644110125 2.608095525242347 0.028911376154010029
2.7707101875409981 2.6082216749179841 0.028911377301393589
2.7750735106709841 2.6083478246142917 0.028911384875215659
2.7794368338009696 2.6084739743488425 0.028911393938663366
2.7838001569309556 2.6086001241191932 0.028911401019263153
2.7881634800609416 2.6087262739147059 0.028911405547723937
2.7925268031909272 2.6088524237248176 0.028911407690997003
2.7968901263209132 2.6089785735390203 0.028911407439699083
2.8012534494508987 2.6091047233478757 0.02891140543782993
2.8056167725808847 2.6092308731465268 0.028911403004139417
2.8099800957108707 2.6093570229355274 0.028911401089617532
2.8143434188408563 2.6094831727177121 0.028911399859952874
2.8187067419708423 2.6096093224959152 0.028911399269260764
2.8230700651008283 2.6097354722729507 0.028911399321345985
2.8274333882308138 2.6098616220513668 0.028911399850266011
2.8317967113607998 2.6099877718325057 0.028911400503779904
2.8361600344907854 2.6101139216162457 0.028911401021139312
2.8405233576207713 2.6102400714018303 0.028911401354878959
2.8448866807507573 2.6103662211885013 0.028911401517751546
2.8492500038807429 2.6104923709755044 0.028911401507764788
2.8536133270107289 2.6106185207621508 0.028911401368045903
2.8579766501407144 2.6107446705480717 0.028911401192811086
2.8623399732707004 2.6108708203332922 0.028911401053044152
2.8667032964006864 2.6109969701180131 0.028911400962327454
2.871066619530672 2.6111231199024374 0.028911400917507508
2.875429942660658 2.611249269686768 0.028911400919116061
2.8797932657906435 2.61137541947119 0.028911400955975112
2.8841565889206295 2.6115015692558057 0.028911401002954328
2.8885199120506155 2.6116277190406096 0.028911401040756162
2.8928832351806011 2.6117538688255495 0.028911401065471722
2.8972465583105871 2.6118800186105702 0.028911401077810251
2.9016098814405731 2.6120061683956175 0.028911401077622394
2.9059732045705586 2.6121323181806408 0.028911401067876135
2.9103365277005446 2.6122584679656127 0.028911401055142363
2.9146998508305302 2.612384617750533 0.028911401044986393
2.9190631739605162 2.6125107675354178 0.028911401038498732
2.9234264970905022 2.6126369173202804 0.028911401034903191
2.9277898202204877 2.612763067105135 0.028911401035019196
2.9321531433504737 2.6128892168899966 0.028911401037540044
2.9365164664804593 2.6130153666748708 0.02891140104077531
2.9408797896104453 2.6131415164597591 0.028911401043633409
2.9452431127404313 2.6132676662446572 0.028911401045444891
2.9496064358704168 2.6133938160295616 0.028911401046341691
2.9539697590004028 2.6135199658144677 0.028911401046439026
2.9583330821303884 2.6136461155993729 0.028911401045763535
2.9626964052603744 2.6137722653842737 0.028911401044704171
2.9670597283903604 2.6138984151691709 0.028911401044112297
2.9714230515203459 2.6140245649540659 0.028911401043578647
2.9757863746503319 2.6141507147389587 0.028911401043251787
2.9801496977803179 2.614276864523851 0.028911401043252044
2.9845130209103035 2.6144030143087438 0.028911401043586707
2.9888763440402895 2.6145291640936383 0.028911401043774466
2.993239667170275 2.6146553138785329 0.028911401043910104
2.997602990300261 2.6147814636634288 0.028911401044095782
3.001966313430247 2.6149076134483247 0.028911401044124617
3.0063296365602326 2.615033763233221 0.028911401044137777
3.0106929596902186 2.6151599130181169 0.028911401044056293
3.0150562828202041 2.6152860628030128 0.028911401044063728
3.0194196059501901 2.6154122125879087 0.028911401044115465
3.0237829290801761 2.6155383623728046 0.028911401043892244
3.0281462522101616 2.6156645121576991 0.028911401043826224
3.0325095753401476 2.6157906619425946 0.028911401044008207
3.0368728984701332 2.61591681172749 0.028911401043956952
3.0412362216001192 2.6160429615123855 0.028911401043979983
3.0455995447301052 2.6161691112972809 0.028911401043930297
3.0499628678600907 2.6162952610821764 0.028911401044114823
3.0543261909900767 2.6164214108670718 0.028911401043426408
3.0586895141200627 2.6165475606519673 0.028911401045986714
3.0630528372500483 2.6166737104368636 0.028911401037053398
3.0674161603800343 2.6167998602217555 0.028911401067783674
3.0717794835100198 2.6169260100066642 0.028911400962345221
3.0761428066400058 2.6170521597915117 0.028911401322835456
3.0805061297699918 2.6171783095765839 0.028911400098666766
3.0848694528999774 2.6173044593608195 0.028911404214110894
3.0892327760299634 2.6174306091481787 0.028911390548969317
3.0935960991599489 2.6175567589238793 0.02891143522589178
3.0979594222899349 2.6176829087430908 0.028911292083370826
3.1023227454199209 2.6178090583999181 0.028911738245224458
3.1066860685499065 2.6179352086627707 0.028910401765507906
3.1110493916798925 2.6180613566639064 0.028914163152841312
3.115412714809878 2.6181875131058829 0.028904702535856672
3.119776037939864 2.6183136380462138 0.028922928175000615
3.12413936106985 2.6184398805522884 0.028918659550445081
3.1285026841998356 2.6185656842970326 0.028696670591426235
3.1328660073298216 2.6186931255213528 0.030413073007604086
3.1372293304598076 2.6188144555887005 0.02069357829721016
3.1415926535897931 2.618870946624539 0.0090733984547110291
3.1459559767197791 2.6189274376603784 0.020693578297384326
3.1503192998497647 2.6190487677277261 0.030413073007524983
3.1546826229797507 2.6191762089520463 0.028696670591577166
3.1590459461097367 2.6193020126967914 0.028918659550522332
3.1634092692397222 2.6194282552028656 0.028922928174846072
3.1677725923697082 2.619554380143196 0.028904702535795766
3.1721359154996938 2.6196805365851725 0.028914163152934165
3.1764992386296798 2.6198066845863086 0.028910401765502754
3.1808625617596658 2.6199328348491608 0.028911738245143405
3.1852258848896513 2.6200589845059881 0.028911292083394845
3.1895892080196373 2.6201851343251996 0.028911435225885612
3.1939525311496229 2.6203112841009002 0.028911390548969979
3.1983158542796088 2.6204374338882594 0.028911404214114408
3.2026791774095948 2.620563583672495 0.028911400098643222
3.2070425005395804 2.6206897334575672 0.028911401322926147
3.2114058236695664 2.6208158832424151 0.028911400962320165
3.2157691467995524 2.6209420330273234 0.028911401067784372
3.2201324699295379 2.6210681828122158 0.028911401037075683
3.2244957930595239 2.6211943325971117 0.028911401045896894
3.2288591161895095 2.6213204823820071 0.028911401043458088
3.2332224393194955 2.6214466321669025 0.028911401044086751
3.2375857624494815 2.621572781951798 0.028911401044002066
3.241949085579467 2.6216989317366939 0.028911401044026345
3.246312408709453 2.6218250815215893 0.02891140104401389
3.2506757318394386 2.6219512313064852 0.028911401044039435
3.2550390549694246 2.6220773810913807 0.028911401043949705
3.2594023780994106 2.6222035308762761 0.028911401043968919
3.2637657012293961 2.6223296806611716 0.028911401043990627
3.2681290243593821 2.622455830446067 0.028911401043884569
3.2724923474893677 2.622581980230962 0.028911401043981759
3.2768556706193537 2.6227081300158579 0.028911401044004387
3.2812189937493397 2.6228342798007529 0.028911401043807884
3.2855823168793252 2.6229604295856479 0.028911401043969415
3.2899456400093112 2.6230865793705438 0.028911401044130466
3.2943089631392972 2.6232127291554397 0.028911401043926567
3.2986722862692828 2.6233388789403347 0.028911401043979264
3.3030356093992688 2.6234650287252306 0.028911401043972374
3.3073989325292543 2.6235911785101256 0.028911401043947238
3.3117622556592403 2.6237173282950215 0.02891140104405468
3.3161255787892263 2.6238434780799169 0.028911401043946561
3.3204889019192119 2.6239696278648124 0.028911401043975091
3.3248522250491979 2.6240957776497078 0.028911401043969095
3.3292155481791834 2.6242219274346033 0.028911401043964544
3.3335788713091694 2.6243480772194987 0.02891140104398875
3.3379421944391554 2.6244742270043941 0.028911401043887633
3.342305517569141 2.6246003767892891 0.028911401043971406
3.346668840699127 2.624726526574185 0.028911401044042752
3.351032163829113 2.6248526763590805 0.028911401043970102
3.3553954869590985 2.6249788261439759 0.028911401043892841
3.3597588100890845 2.6251049759288709 0.028911401043969207
3.3641221332190701 2.6252311257137668 0.02891140104404635
3.3684854563490561 2.6253572754986623 0.02891140104396674
3.372848779479042 2.6254834252835577 0.028911401043893864
3.3772121026090276 2.6256095750684527 0.028911401043968471
3.3815754257390136 2.6257357248533486 0.028911401044048272
3.3859387488689991 2.6258618746382441 0.02891140104395978
3.3903020719989851 2.6259880244231395 0.028911401043928631
3.3946653951289711 2.6261141742080345 0.028911401043827528
3.3990287182589567 2.6262403239929295 0.028911401043966591
3.4033920413889427 2.6263664737778254 0.028911401044122115
3.4077553645189282 2.6264926235627213 0.028911401043971607
3.4121186876489142 2.6266187733476163 0.028911401043807471
3.4164820107789002 2.6267449231325113 0.028911401043995016
3.4208453339088858 2.6268710729174072 0.028911401044028461
3.4252086570388718 2.6269972227023026 0.028911401044012481
3.4295719801688578 2.6271233724871985 0.028911401044034123
3.4339353032988433 2.627249522272094 0.028911401043972367
3.4382986264288293 2.6273756720569894 0.02891140104389241
3.4426619495588149 2.6275018218418844 0.028911401043968662
3.4470252726888009 2.6276279716267803 0.028911401044048934
3.4513885958187869 2.6277541214116757 0.028911401043948098
3.4557519189487724 2.6278802711965712 0.028911401043974674
3.4601152420787584 2.6280064209814666 0.028911401043969196
3.464478565208744 2.6281325707663621 0.028911401043964551
3.46884188833873 2.6282587205512575 0.028911401043988597
3.473205211468716 2.628384870336153 0.028911401043888219
3.4775685345987015 2.628511020121048 0.028911401043969189
3.4819318577286875 2.6286371699059439 0.028911401044051023
3.4862951808586731 2.6287633196908393 0.028911401043948071
3.4906585039886591 2.6288894694757348 0.028911401043972707
3.4950218271186451 2.6290156192606302 0.028911401043968266
3.4993851502486306 2.6291417690455257 0.028911401043970251
3.5037484733786166 2.6292679188304211 0.028911401043966726
3.5081117965086026 2.6293940686153165 0.028911401043970025
3.5124751196385882 2.629520218400212 0.028911401043969196
3.5168384427685742 2.6296463681851074 0.028911401043969203
3.5212017658985597 2.6297725179700029 0.028911401043969998
3.5255650890285457 2.6298986677548983 0.028911401043966799
3.5299284121585317 2.6300248175397938 0.02891140104396997
3.5342917352885173 2.6301509673246892 0.028911401043969324
3.5386550584185033 2.6302771171095847 0.028911401043968742
3.5430183815484888 2.6304032668944801 0.028911401043971701
3.5473817046784748 2.6305294166793756 0.028911401043960464
3.5517450278084608 2.630655566464271 0.028911401043993614
3.5561083509384463 2.6307817162491665 0.028911401043881093
3.5604716740684323 2.6309078660340615 0.028911401043992702
3.5648349971984179 2.6310340158189574 0.028911401043964113
3.5691983203284039 2.6311601656038524 0.028911401043966858
3.5735616434583899 2.6312863153887482 0.028911401043975646
3.5779249665883754 2.6314124651736432 0.028911401043946579
3.5822882897183614 2.6315386149585391 0.028911401044054038
3.5866516128483474 2.6316647647434346 0.028911401043949774
3.591014935978333 2.63179091452833 0.028911401043962875
3.595378259108319 2.6319170643132255 0.028911401044014736
3.5997415822383045 2.6320432140981214 0.028911401044099515
3.6041049053682905 2.6321693638830173 0.028911401044013872
3.6084682284982765 2.6322955136679127 0.028911401043957504
3.6128315516282621 2.6324216634528081 0.028911401043972128
3.6171948747582481 2.6325478132377036 0.028911401043969987
3.6215581978882336 2.632673963022599 0.028911401043963919
3.6259215210182196 2.6328001128074945 0.028911401043990335
3.6302848441482056 2.6329262625923899 0.028911401043881919
3.6346481672781912 2.6330524123772849 0.028911401043992688
3.6390114904081772 2.6331785621621808 0.028911401043963326
3.6433748135381627 2.6333047119470758 0.028911401043970025
3.6477381366681487 2.6334308617319717 0.0289114010439726
3.6521014597981347 2.6335570115168667 0.028911401043946759
3.6564647829281203 2.6336831613017626 0.028911401044056369
3.6608281060581063 2.6338093110866581 0.028911401043949101
3.6651914291880923 2.6339354608715535 0.028911401043954392
3.6695547523180778 2.6340616106564489 0.028911401044049323
3.6739180754480638 2.6341877604413448 0.028911401043969651
3.6782813985780494 2.6343139102262398 0.02891140104388807
3.6826447217080354 2.6344400600111353 0.028911401043988746
3.6870080448380214 2.6345662097960307 0.028911401043964124
3.6913713679680069 2.6346923595809262 0.028911401043970775
3.6957346910979929 2.6348185093658216 0.028911401043968783
3.7000980142279785 2.6349446591507171 0.028911401043970112
3.7044613373579645 2.6350708089356125 0.028911401043966778
3.7088246604879505 2.635196958720508 0.028911401043969956
3.713187983617936 2.6353231085054034 0.028911401043969408
3.717551306747922 2.6354492582902989 0.028911401043968412
3.7219146298779076 2.6355754080751943 0.028911401043972957
3.7262779530078936 2.6357015578600897 0.028911401043955759
3.7306412761378795 2.6358277076449852 0.028911401044011173
3.7350045992678651 2.6359538574298811 0.028911401044120884
3.7393679223978511 2.636080007214777 0.028911401043931955
3.7437312455278371 2.636206156999672 0.028911401043958486
3.7480945686578226 2.6363323067845679 0.028911401044050114
3.7524578917878086 2.6364584565694633 0.02891140104396241
3.7568212149177942 2.6365846063543588 0.028911401043916238
3.7611845380477802 2.6367107561392538 0.028911401043883306
3.7655478611777662 2.6368369059241492 0.028911401044052373
3.7699111843077517 2.6369630557090451 0.028911401044028551
3.7742745074377377 2.6370892054939405 0.028911401043954767
3.7786378305677233 2.637215355278836 0.028911401043968395
3.7830011536977093 2.6373415050637314 0.028911401043987678
3.7873644768276953 2.6374676548486269 0.028911401043888073
3.7917277999576808 2.6375938046335219 0.028911401043970702
3.7960911230876668 2.6377199544184178 0.028911401044045128
3.8004544462176524 2.6378461042033132 0.028911401043970105
3.8048177693476384 2.6379722539882087 0.028911401043890471
3.8091810924776244 2.6380984037731037 0.028911401043969845
3.8135444156076099 2.6382245535579996 0.028911401044046162
3.8179077387375959 2.638350703342895 0.02891140104396684
3.8222710618675819 2.6384768531277905 0.028911401043893656
3.8266343849975675 2.6386030029126855 0.028911401043969207
3.8309977081275535 2.6387291526975813 0.028911401044045527
3.835361031257539 2.6388553024824768 0.028911401043970008
3.839724354387525 2.6389814522673722 0.028911401043890457
3.844087677517511 2.6391076020522672 0.028911401043969998
3.8484510006474966 2.6392337518371631 0.028911401044045559
3.8528143237774826 2.6393599016220586 0.028911401043969092
3.8571776469074681 2.639486051406954 0.028911401043894093
3.8615409700374541 2.639612201191849 0.028911401043965206
3.8659042931674401 2.6397383509767449 0.028911401044052244
3.8702676162974257 2.6398645007616404 0.028911401043947165
3.8746309394274117 2.6399906505465358 0.028911401043975112
3.8789942625573972 2.6401168003314313 0.028911401043968412
3.8833575856873832 2.6402429501163267 0.02891140104396725
3.8877209088173692 2.6403690999012221 0.028911401043969751
3.8920842319473548 2.6404952496861176 0.028911401043969751
3.8964475550773408 2.640621399471013 0.028911401043967246
3.9008108782073267 2.6407475492559085 0.028911401043968415
3.9051742013373123 2.6408736990408039 0.028911401043975105
3.9095375244672983 2.6409998488256994 0.028911401043947176
3.9139008475972838 2.6411259986105948 0.028911401044052182
3.9182641707272698 2.6412521483954907 0.028911401043965456
3.9226274938572558 2.6413782981803857 0.028911401043893156
3.9269908169872414 2.6415044479652812 0.028911401043972589
3.9313541401172274 2.6416305977501766 0.028911401044032486
3.9357174632472129 2.6417567475350725 0.028911401044018813
3.9400807863771989 2.6418828973199679 0.028911401044013605
3.9444441095071849 2.6420090471048638 0.028911401044039272
3.9488074326371705 2.6421351968897593 0.028911401043950638
3.9531707557671565 2.6422613466746547 0.028911401043974175
3.957534078897142 2.6423874964595502 0.028911401043968669
3.961897402027128 2.6425136462444456 0.02891140104396716
3.966260725157114 2.6426397960293411 0.028911401043969859
3.9706240482870996 2.6427659458142365 0.028911401043969411
3.9749873714170856 2.642892095599132 0.028911401043968492
3.9793506945470716 2.6430182453840274 0.028911401043963794
3.9837140176770571 2.6431443951689229 0.02891140104399233
3.9880773408070431 2.6432705449538183 0.028911401043882876
3.9924406639370287 2.6433966947387133 0.028911401043986817
3.9968039870670147 2.6435228445236092 0.02891140104398586
4.0011673101970002 2.6436489943085042 0.028911401043885749
4.0055306333269867 2.6437751440933996 0.028911401043972974
4.0098939564569722 2.6439012938782951 0.02891140104402953
4.0142572795869578 2.644027443663191 0.02891140104403906
4.0186206027169442 2.6441535934480864 0.028911401043926723
4.0229839258469298 2.6442797432329819 0.028911401044061234
4.0273472489769153 2.6444058930178778 0.02891140104395851
4.0317105721069009 2.6445320428027728 0.028911401043929582
4.0360738952368873 2.6446581925876687 0.028911401044130331
4.0404372183668729 2.6447843423725645 0.028911401043966937
4.0448005414968584 2.6449104921574595 0.02891140104382673
4.0491638646268449 2.6450366419423545 0.028911401043922643
4.0535271877568304 2.64516279172725 0.028911401043984535
4.057890510886816 2.6452889415121454 0.028911401043964051
4.0622538340168024 2.6454150912970409 0.028911401043966431
4.066617157146788 2.6455412410819363 0.028911401043977398
4.0709804802767735 2.6456673908668318 0.02891140104394882
4.0753438034067591 2.6457935406517272 0.028911401044052158
4.0797071265367455 2.6459196904366231 0.028911401043955048
4.0840704496667311 2.6460458402215181 0.028911401043934814
4.0884337727967166 2.646171990006414 0.028911401044130529
4.092797095926703 2.6462981397913099 0.028911401043960897
4.0971604190566886 2.6464242895762049 0.028911401043833055
4.1015237421866741 2.6465504393610999 0.028911401043921044
4.1058870653166606 2.6466765891459954 0.028911401043984614
4.1102503884466461 2.6468027389308908 0.028911401043947679
4.1146137115766317 2.6469288887157862 0.028911401044049486
4.1189770347066181 2.6470550385006821 0.028911401043966875
4.1233403578366037 2.6471811882855771 0.02891140104389019
4.1277036809665892 2.6473073380704726 0.028911401043991852
4.1320670040965748 2.647433487855368 0.028911401043967246
4.1364303272265612 2.6475596376402635 0.028911401043946332
4.1407936503565468 2.6476857874251589 0.028911401044054603
4.1451569734865323 2.6478119372100548 0.028911401043965411
4.1495202966165188 2.6479380869949498 0.028911401043890905
4.1538836197465043 2.6480642367798453 0.028911401043972808
4.1582469428764899 2.6481903865647407 0.028911401044042703
4.1626102660064763 2.6483165363496366 0.028911401043968873
4.1669735891364619 2.6484426861345316 0.028911401043888982
4.1713369122664474 2.648568835919427 0.028911401043994697
4.1757002353964339 2.6486949857043225 0.028911401043939394
4.1800635585264194 2.6488211354892179 0.028911401044054916
4.184426881656405 2.6489472852741138 0.028911401043971101
4.1887902047863905 2.6490734350590088 0.02891140104388551
4.193153527916377 2.6491995848439043 0.028911401043988684
4.1975168510463625 2.6493257346287997 0.028911401043966924
4.2018801741763481 2.6494518844136952 0.02891140104396844
4.2062434973063345 2.6495780341985906 0.028911401043966473
4.2106068204363201 2.6497041839834861 0.028911401043972839
4.2149701435663056 2.6498303337683815 0.02891140104396699
4.2193334666962921 2.649956483553277 0.028911401043966375
4.2236967898262776 2.6500826333381724 0.028911401043974695
4.2280601129562632 2.6502087831230678 0.028911401043959669
4.2324234360862487 2.6503349329079633 0.028911401044011475
4.2367867592162352 2.6504610826928592 0.028911401044106919
4.2411500823462207 2.6505872324777551 0.028911401043978695
4.2455134054762063 2.6507133822626501 0.028911401043803128
4.2498767286061927 2.6508395320475451 0.028911401044005278
4.2542400517361783 2.650965681832441 0.028911401043982949
4.2586033748661638 2.651091831617336 0.028911401043887737
4.2629666979961502 2.6512179814022314 0.028911401043967947
4.2673300211261358 2.6513441311871269 0.028911401044047654
4.2716933442561213 2.6514702809720228 0.0289114010439716
4.2760566673861078 2.6515964307569178 0.028911401043873103
4.2804199905160933 2.6517225805418132 0.028911401044037843
4.2847833136460789 2.6518487303267091 0.028911401044105695
4.2891466367760644 2.651974880111605 0.028911401043974893
4.2935099599060509 2.6521010298965 0.028911401043801896
4.2978732830360364 2.652227179681395 0.028911401044014035
4.302236606166022 2.6523533294662909 0.028911401043966785
4.3065999292960084 2.6524794792511859 0.028911401043925984
4.310963252425994 2.6526056290360818 0.028911401044136441
4.3153265755559795 2.6527317788209777 0.028911401043963735
4.319689898685966 2.6528579286058727 0.028911401043815788
4.3240532218159515 2.6529840783907677 0.02891140104396964
4.3284165449459371 2.6531102281756636 0.028911401044130473
4.3327798680759235 2.6532363779605594 0.028911401043926303
4.3371431912059091 2.6533625277454544 0.028911401043971479
4.3415065143358946 2.6534886775303503 0.028911401044012595
4.3458698374658802 2.6536148273152453 0.028911401043802968
4.3502331605958666 2.6537409771001403 0.028911401043972045
4.3545964837258522 2.6538671268850362 0.02891140104411604
4.3589598068558377 2.6539932766699321 0.028911401043999297
4.3633231299858242 2.6541194264548276 0.028911401043999283
4.3676864531158097 2.6542455762397235 0.028911401044116099
4.3720497762457953 2.6543717260246193 0.028911401043971812
4.3764130993757817 2.6544978758095144 0.028911401043803821
4.3807764225057673 2.6546240255944094 0.028911401044009404
4.3851397456357528 2.6547501753793052 0.028911401043983403
4.3895030687657384 2.6548763251642002 0.028911401043881822
4.3938663918957248 2.6550024749490957 0.028911401043991144
4.3982297150257104 2.6551286247339911 0.028911401043960783
4.4025930381556959 2.6552547745188866 0.028911401043990544
4.4069563612856824 2.655380924303782 0.028911401043884212
4.4113196844156679 2.655507074088677 0.028911401043974459
4.4156830075456535 2.6556332238735729 0.028911401044042773
4.4200463306756399 2.6557593736584684 0.028911401043966955
4.4244096538056255 2.6558855234433638 0.028911401043896605
4.428772976935611 2.6560116732282588 0.028911401043966119
4.4331363000655974 2.6561378230131547 0.028911401044046086
4.437499623195583 2.6562639727980502 0.028911401043962035
4.4418629463255686 2.6563901225829456 0.028911401043930619
4.4462262694555541 2.6565162723678406 0.028911401043835005
4.4505895925855405 2.6566424221527356 0.028911401043925856
4.4549529157155261 2.6567685719376311 0.028911401043963399
4.4593162388455116 2.6568947217225265 0.028911401044045357
4.4636795619754981 2.6570208715074224 0.02891140104396767
4.4680428851054836 2.6571470212923174 0.028911401043891147
4.4724062082354692 2.6572731710772128 0.028911401043987237
4.4767695313654556 2.6573993208621083 0.028911401043967066
4.4811328544954412 2.6575254706470037 0.028911401043951665
4.4854961776254267 2.6576516204318992 0.028911401044051117
4.4898595007554132 2.6577777702167951 0.028911401043956366
4.4942228238853987 2.6579039200016901 0.028911401043930592
4.4985861470153843 2.658030069786586 0.028911401044146089
4.5029494701453698 2.6581562195714818 0.028911401043920551
4.5073127932753563 2.6582823693563769 0.028911401043978869
4.5116761164053418 2.6584085191412727 0.028911401043971156
4.5160394395353274 2.6585346689261677 0.028911401043961327
4.5204027626653138 2.6586608187110636 0.02891140104399071
4.5247660857952994 2.6587869684959586 0.028911401043883008
4.5291294089252849 2.6589131182808541 0.028911401043996747
4.5334927320552714 2.6590392680657495 0.028911401043937159
4.5378560551852569 2.659165417850645 0.028911401044061785
4.5422193783152425 2.6592915676355409 0.028911401043945868
4.5465827014452289 2.6594177174204359 0.02891140104396191
4.5509460245752145 2.6595438672053318 0.028911401044013667
4.5553093477052 2.6596700169902268 0.028911401043808242
4.5596726708351856 2.6597961667751218 0.028911401043967541
4.564035993965172 2.6599223165600177 0.028911401044128763
4.5683993170951576 2.6600484663449135 0.028911401043935261
4.5727626402251431 2.6601746161298085 0.028911401043955013
4.5771259633551296 2.6603007659147044 0.028911401044051842
4.5814892864851151 2.6604269156995999 0.028911401043950125
4.5858526096151007 2.6605530654844953 0.028911401043972468
4.5902159327450871 2.6606792152693908 0.02891140104396716
4.5945792558750727 2.6608053650542862 0.028911401043966081
4.5989425790050582 2.6609315148391817 0.02891140104399333
4.6033059021350438 2.6610576646240771 0.02891140104388543
4.6076692252650302 2.6611838144089721 0.028911401043966792
4.6120325483950158 2.661309964193868 0.028911401044054597
4.6163958715250013 2.6614361139787635 0.028911401043944983
4.6207591946549877 2.6615622637636589 0.028911401043972638
4.6251225177849733 2.6616884135485543 0.028911401043971642
4.6294858409149588 2.6618145633334498 0.028911401043965619
4.6338491640449453 2.6619407131183452 0.028911401043973058
4.6382124871749308 2.6620668629032407 0.028911401043949327
4.6425758103049164 2.6621930126881361 0.028911401044054472
4.6469391334349028 2.662319162473032 0.028911401043945292
4.6513024565648884 2.662445312257927 0.028911401043971524
4.6556657796948739 2.6625714620428229 0.028911401043993448
4.6600291028248595 2.6626976118277179 0.028911401043879528
4.6643924259548459 2.6628237616126134 0.02891140104399029
4.6687557490848315 2.6629499113975088 0.028911401043966493
4.673119072214817 2.6630760611824043 0.028911401043968551
4.6774823953448035 2.6632022109672997 0.028911401043966452
4.681845718474789 2.6633283607521951 0.028911401043972822
4.6862090416047746 2.6634545105370906 0.028911401043967094
4.690572364734761 2.663580660321986 0.028911401043965983
4.6949356878647466 2.6637068101068815 0.028911401043976149
4.6992990109947321 2.6638329598917769 0.02891140104395425
4.7036623341247186 2.6639591096766724 0.028911401044014014
4.7080256572547041 2.6640852594615683 0.028911401044102208
4.7123889803846897 2.6642114092464642 0.028911401044012647
4.7167523035146752 2.6643375590313596 0.028911401043977381
4.7211156266446617 2.664463708816255 0.02891140104388501
4.7254789497746472 2.6645898586011501 0.028911401043984424
4.7298422729046328 2.6647160083860459 0.028911401044002121
4.7342055960346192 2.6648421581709409 0.028911401043814264
4.7385689191646048 2.6649683079558359 0.028911401043937322
4.7429322422945903 2.6650944577407314 0.028911401043955943
4.7472955654245768 2.6652206075256268 0.028911401044046062
4.7516588885545623 2.6653467573105227 0.028911401043972319
4.7560222116845479 2.6654729070954177 0.028911401043889499
4.7603855348145334 2.6655990568803132 0.028911401043989187
4.7647488579445199 2.6657252066652086 0.028911401043960897
4.7691121810745054 2.6658513564501041 0.028911401043974386
4.773475504204491 2.6659775062349995 0.028911401043966389
4.7778388273344774 2.666103656019895 0.028911401043967212
4.782202150464463 2.6662298058047904 0.028911401043971944
4.7865654735944485 2.6663559555896859 0.028911401043969841
4.7909287967244349 2.6664821053745813 0.028911401043955853
4.7952921198544205 2.6666082551594767 0.028911401044013924
4.7996554429844061 2.6667344049443726 0.028911401044118625
4.8040187661143925 2.6668605547292685 0.028911401043929395
4.808382089244378 2.6669867045141635 0.028911401043970969
4.8127454123743636 2.6671128542990594 0.028911401044011548
4.8171087355043491 2.6672390040839544 0.028911401043807676
4.8214720586343356 2.6673651538688494 0.028911401043954246
4.8258353817643211 2.6674913036537449 0.028911401043877176
4.8301987048943067 2.6676174534386394 0.028911401043751228
4.8345620280242931 2.6677436032235344 0.028911401044009077
4.8389253511542787 2.6678697530084303 0.028911401044019618
4.8432886742842642 2.6679959027933258 0.028911401044042613
4.8476519974142507 2.6681220525782221 0.028911401044227764
4.8520153205442362 2.6682482023631189 0.02891140104438018
4.8563786436742218 2.6683743521480165 0.028911401044519003
4.8607419668042082 2.6685005019329142 0.02891140104440431
4.8651052899341938 2.668626651717811 0.028911401044113612
4.8694686130641793 2.668752801502706 0.02891140104357675
4.8738319361941649 2.6688789512875983 0.028911401042961547
4.8781952593241513 2.669005101072488 0.028911401042277539
4.8825585824541369 2.669131250857375 0.028911401041964813
4.8869219055841224 2.6692574006422625 0.028911401042390705
4.8912852287141089 2.669383550427153 0.028911401043424868
4.8956485518440944 2.6695097002120498 0.028911401045274336
4.90001187497408 2.6696358499969564 0.028911401047851937
4.9043751981040664 2.6697619997818745 0.028911401050330396
4.908738521234052 2.669888149566801 0.028911401051578963
4.9131018443640375 2.670014299351728 0.028911401050230563
4.9174651674940231 2.6701404491366425 0.028911401046131605
4.9218284906240095 2.670266598921534 0.02891140103943151
4.9261918137539951 2.6703927487063899 0.028911401030026884
4.9305551368839806 2.6705188984912027 0.028911401020319142
4.9349184600139671 2.6706450482759818 0.028911401015714412
4.9392817831439526 2.6707711980607609 0.028911401020635774
4.9436451062739382 2.6708973478455835 0.028911401035495363
4.9480084294039246 2.6710234976304923 0.028911401060275291
4.9523717525339102 2.6711496474155316 0.028911401095298609
4.9567350756638957 2.6712757972007335 0.02891140113196302
4.9610983987938821 2.6714019469860624 0.028911401149341678
4.9654617219238677 2.671528096771393 0.028911401131709296
4.9698250450538533 2.6716542465565656 0.028911401077400509
4.9741883681838388 2.6717803963414219 0.028911400986172134
4.9785516913138252 2.671906546125796 0.028911400856387562
4.9829150144438108 2.6720326959095644 0.028911400718687769
4.9872783375737963 2.6721588456928496 0.028911400650612026
4.9916416607037828 2.6722849954761121 0.028911400712822583
4.9960049838337683 2.672411145259951 0.028911400912806674
5.0003683069637539 2.6725372950449571 0.028911401249415734
5.0047316300937403 2.6726634448317448 0.028911401730390519
5.0090949532237259 2.6727895946207902 0.02891140224719355
5.0134582763537114 2.672915744411668 0.02891140251114354
5.0178215994836979 2.6730418942026817 0.028911402291759831
5.0221849226136834 2.6731680439916001 0.028911401558214391
5.026548245743669 2.6732941937762202 0.028911400315914715
5.0309115688736545 2.6734203435542505 0.028911398532498283
5.035274892003641 2.6735464933238697 0.028911396594594192
5.0396382151336265 2.6736726430865456 0.028911395572729873
5.0440015382636121 2.6737987928485212 0.028911396342713003
5.0483648613935985 2.6739249426181049 0.028911399034085856
5.0527281845235841 2.674051092403527 0.028911403619290871
5.0570915076535696 2.6741772422133141 0.028911410228934682
5.0614548307835561 2.674303392054421 0.028911417491178242
5.0658181539135416 2.6744295419218185 0.02891142144252665
5.0701814770435272 2.6745556917925617 0.028911418751321517
5.0745448001735127 2.6746818416356923 0.02891140888016357
5.0789081233034992 2.6748079914204808 0.02891139195781638
5.0832714464334847 2.6749341411151799 0.028911367464388497
5.0876347695634703 2.6750602906932901 0.028911340258981257
5.0919980926934567 2.6751864401719088 0.028911325008021255
5.0963614158234423 2.675312589635344 0.028911334372590181
5.1007247389534278 2.6754387391989001 0.028911370563940084
5.1050880620834143 2.675564888977338 0.028911433013850362
5.1094513852133998 2.6756910390888464 0.028911523767143829
5.1138147083433854 2.6758171896342651 0.028911625641163063
5.1181780314733718 2.6759433405559188 0.028911684406641908
5.1225413546033574 2.676069491544244 0.028911651990854291
5.1269046777333429 2.6761956421698572 0.028911519346071498
5.1312680008633285 2.6763217920041731 0.028911288902619039
5.1356313239933149 2.6764479406071948 0.028910952689764156
5.1399946471233005 2.6765740875957071 0.02891057135421388
5.144357970253286 2.6767002331623764 0.028910345267085254
5.1487212933832724 2.6768263784431627 0.028910456805251075
5.153084616513258 2.676952525036723 0.028910942777971717
5.1574479396432436 2.6770786745436914 0.028911793057694427
5.16181126277323 2.6772048286021612 0.028913038459825416
5.1661745859032155 2.6773309886665686 0.028914465331891879
5.1705379090332011 2.6774571541008654 0.028915333883983169
5.1749012321631875 2.6775833207393349 0.028914952795742362
5.1792645552931731 2.6777094826312511 0.028913173035112982
5.1836278784231586 2.6778356337985327 0.028910035960649654
5.1879912015531442 2.6779617681422963 0.028905423304571021
5.1923545246831306 2.6780878801491692 0.028900086289625464
5.1967178478131162 2.6782139718882392 0.028896754175951361
5.2010811709431017 2.6783400586252037 0.028898045336419188
5.2054444940730882 2.6784661625056096 0.028904560575886157
5.2098078172030737 2.6785923058571841 0.028916133796015504
5.2141711403330593 2.6787185113888325 0.028933215922202632
5.2185344634630457 2.6788447999759102 0.028953170773718832
5.2228977865930313 2.6789711650136336 0.028965937540327436
5.2272611097230168 2.6790975505997254 0.028961607231930076
5.2316244328530024 2.6792238743391561 0.028937767084378417
5.2359877559829888 2.6793500528371093 0.028895074666991039
5.2403510791129744 2.6794760015293564 0.028831821035276522
5.2447144022429599 2.6796016414633237 0.028757238658894606
5.2490777253729464 2.679726993197534 0.028708383683472047
5.2534410485029319 2.6798522612881079 0.028722725276557823
5.2578043716329175 2.6799777522205606 0.028809919541224641
5.2621676947629039 2.6801037774854386 0.028967395593252808
5.2665310178928895 2.6802306520230297 0.029201593939830489
5.270894341022875 2.6803586741225871 0.029480246895678873
5.2752576641528615 2.6804877820240631 0.029666984622377934
5.279620987282847 2.6806172278131664 0.029620237587474948
5.2839843104128326 2.6807458717380337 0.029301481182757869
5.2883476335428181 2.6808725503129898 0.028720657536835746
5.2927109566728046 2.6809960904775298 0.027853621408449779
5.2970742798027901 2.6811153663979557 0.02681289922659251
5.3014376029327757 2.6812305538404893 0.026099915461403056
5.3058009260627621 2.6813443851665046 0.026249145333463522
5.3101642491927477 2.6814610977865199 0.027413844402889433
5.3145275723227332 2.6815850376519079 0.029555937970288833
5.3188908954527196 2.681720574571516 0.032765499658788416
5.3232542185827052 2.6818719537744422 0.036651058140227004
5.3276175417126908 2.6820387193357984 0.039370494991094566
5.3319808648426772 2.6822108974459713 0.03890746435080944
5.3363441879726627 2.6823727381157614 0.034654044045505893
5.3407075111026483 2.6825080079330208 0.026754482951332322
5.3450708342326338 2.6826004264833823 0.014875014255970711
5.3494341573626203 2.6826340017931489 0.00037245718362606442
5.3537974804926058 2.682609699923951 -0.0099888949166028994
5.3581608036225914 2.6825639100522807 -0.008608408682921698
5.3625241267525778 2.6825551193643467 0.0068957011427629947
5.3668874498825634 2.6826440635932212 0.036135119418903724
5.3712507730125489 2.6828912033884156 0.079638174872709355
5.3756140961425354 2.6833568564261081 0.13539243298936682
5.3799774192725209 2.6840749827473731 0.19269882688543533
5.3843407424025065 2.6850227765963051 0.23921459656497879
5.388704065532492 2.6861409660635283 0.27090828157632418
5.3930673886624785 2.6873660720653261 0.28828356345404327
5.397430711792464 2.6886353585429745 0.29097540286477108
5.4017940349224496 2.6898859225160057 0.28033637502393055
5.406157358052436 2.6910736617403352 0.26413288562372383
5.4105206811824216 2.6921961968591677 0.25155971504759755
5.4148840043124071 2.6932787848954298 0.24575925530787776
5.4192473274423936 2.6943501682292057 0.24636488806312556
5.4236106505723791 2.6954384779839544 0.25367678063195831
5.4279739737023647 2.6965721135909471 0.26662508784652439
5.4323372968323511 2.6977639030165017 0.27866734725025694
5.4367006199623367 2.6989910474397871 0.28184192867084956
5.4410639430923222 2.7002063606439854 0.27327510239870395
5.4454272662223078 2.701359423264956 0.25343293073034429
5.4497905893522942 2.7024002770720852 0.2214189978942516
5.4541539124822798 2.7032780939488328 0.18007186723198348
5.4585172356122653 2.7039845390531876 0.14755183510030559
5.4628805587422518 2.7046116524512063 0.14660807940421763
5.4672438818722373 2.7053223732707603 0.18584289954403796
5.4716072050022229 2.7062897294856705 0.26378110369124291
5.4759705281322093 2.7076852499766719 0.38362703879301169
5.4803338512621949 2.7096847008464553 0.53592110762574519
5.4846971743921804 2.7123148878023513 0.65579302773082337
5.4890604975221668 2.7152388371420595 0.65964960439333054
5.4934238206521524 2.7178556215886975 0.51513649105382753
5.497787143782138 2.7195221437962713 0.22478915515122067
5.5021504669121235 2.7196026795335104 -0.2131045500276974
5.5065137900421099 2.7174566141414376 -0.79252453521321975
5.5108771131720955 2.7125490348667767 -1.4665261441851616
5.5152404363020811 2.7046114463166995 -2.1730577299834848
5.5196037594320675 2.6935745634460715 -2.8871285066561683
5.523967082562053 2.6794032239071321 -3.6103252805351724
5.5283304056920386 2.6620563973397431 -4.3418651218232505
5.532693728822025 2.6414965972446138 -5.0848909122550223
5.5370570519520106 2.6176260378282321 -5.8666362162579189
5.5414203750819961 2.5901905250678312 -6.7240210121941928
5.5457836982119817 2.5588142579568687 -7.6732810023467
5.5501470213419681 2.5231008285094019 -8.7103325177531516
5.5545103444719537 2.4826579980332371 -9.8465762521436861
5.5588736676019392 2.4370675998504128 -11.055453274204202
5.5632369907319257 2.3864067186376845 -12.109115636232355
5.5676003138619112 2.3320865645813704 -12.687727178825892
5.5719636369918968 2.2765798129675208 -12.651393711050286
5.5763269601218832 2.2225630389764373 -12.009527271638234
5.5806902832518688 2.1726783270485339 -10.747896741944336
5.5850536063818543 2.1296179130002866 -8.9032470975306701
5.5894169295118408 2.0953064616365626 -6.8360909618539383
5.5937802526418263 2.0695285964203394 -5.0667598613286211
5.5981435757718119 2.0503157515642614 -3.8302032461085225
5.6025068989017974 2.035340345759578 -3.118536815802444
5.6068702220317839 2.0223315193100015 -2.9361903036766188
5.6112335451617694 2.008976793220318 -3.2629454911424536
5.615596868291755 1.9934702760173484 -3.8555569177861813
5.6199601914217414 1.9754683390070495 -4.3535428908433751
5.624323514551727 1.9558621390232551 -4.587721820175795
5.6286868376817125 1.9358093154246812 -4.5631058790092798
5.633050160811699 1.9164260703384637 -4.2740982185050438
5.6374134839416845 1.8988693192391375 -3.7385717669015128
5.6417768070716701 1.8838219009986694 -3.1885902862909115
5.6461401302016565 1.8705486847709387 -2.9789010258604347
5.6505034533316421 1.8570797139737523 -3.2823790279938114
5.6548667764616276 1.8411650565675497 -4.094277456194753
5.6592300995916132 1.8205979812286763 -5.4235029346335333
5.6635934227215996 1.7931153826247372 -7.248233092103713
5.6679567458515852 1.7570772623798179 -9.257193917070941
5.6723200689815707 1.7127774566398506 -10.959280364836674
5.6766833921115571 1.6622447811146803 -12.107695870529176
5.6810467152415427 1.6079223913177592 -12.702968595336866
5.6854100383715283 1.5521951956981932 -12.744951126478062
5.6897733615015147 1.4974913456687045 -12.244021013636369
5.6941366846315002 1.4458336105730056 -11.407803978909484
5.6985000077614858 1.3979372557388396 -10.573113305695193
5.7028633308914722 1.3533093097291244 -9.9147660873448906
5.7072266540214578 1.3111539322461048 -9.4356403639494726
5.7115899771514433 1.2707143938319452 -9.1307535386170873
5.7159533002814289 1.2312199040835552 -8.9999349199130361
5.7203166234114153 1.191997230468187 -8.9914416135507285
5.7246799465414009 1.152701450790014 -9.0196104772618195
5.7290432696713864 1.1132998432161412 -9.0384542563918107
5.7334065928013729 1.0738416308431271 -9.0465907705871818
5.7377699159313584 1.0343661723101341 -9.0459771139227296
5.742133239061344 0.99491434782452037 -9.0359032385341429
5.7464965621913304 0.95552386008955392 -9.018390779442008
5.750859885321316 0.91622028128862965 -8.9965882664343688
5.7552232084513015 0.8770174407309772 -8.9722940819909489
5.7595865315812871 0.83792607997009116 -8.9453629564035033
5.7639498547112735 0.79895767107206761 -8.9161983070194495
5.7683131778412591 0.76012127170685673 -8.8844894872116775
5.7726765009712446 0.72144537519023055 -8.8393727169195717
5.7770398241012311 0.68303131303969622 -8.7611709387030565
5.7814031472312166 0.64505417598647274 -8.6386632040875693
5.7857664703612022 0.6077095626936927 -8.4715970493184898
5.7901297934911886 0.57119016443429693 -8.2601020367793101
5.7944931166211742 0.53569157828167135 -8.0039134737355155
5.7988564397511597 0.50139304269397345 -7.7132100428576811
5.8032197628811462 0.46840289447862932 -7.4075374456873675
5.8075830860111317 0.43675539360760163 -7.0982140579519237
5.8119464091411173 0.40646474205611705 -6.7851430182829713
5.8163097322711028 0.37754938417887596 -6.4682674138515956
5.8206730554010893 0.35002216534930136 -6.1488444880366115
5.8250363785310748 0.32391803867169183 -5.8105516000350841
5.8293997016610604 0.29939307254499692 -5.4189491709789381
5.8337630247910468 0.27673522147158031 -4.9541672092919438
5.8381263479210324 0.25626471430129888 -4.4172568481577015
5.8424896710510179 0.2382929392370314 -3.8077717207636379
5.8468529941810043 0.22314436773767007 -3.1235291580657045
5.8512163173109899 0.21108404540804734 -2.4055690264165563
5.8555796404409755 0.20207408612511679 -1.741053250885839
5.8599429635709619 0.19573626608834008 -1.1825737290486269
5.8643062867009474 0.19159858208730976 -0.73107786858230595
5.868669609830933 0.18920369599883555 -0.38457914264652465
5.8730329329609186 0.18808651136283391 -0.14532751919877843
5.877396256090905 0.18780184430347277 0.0020469916710436609
5.8817595792208905 0.18802051711561293 0.091765250459790795
5.8861229023508761 0.18854933775650434 0.14483064735825948
5.8904862254808625 0.18923155425666549 0.16155996429793434
5.8948495486108481 0.18990480319889178 0.14087888494556056
5.8992128717408336 0.19040680546098765 0.082967702423796086
5.9035761948708201 0.1905836288671571 -0.0060235448397222488
5.9079395180008056 0.19033016495822294 -0.11156765124308704
5.9123028411307912 0.18959950281983698 -0.22434107843199075
5.9166661642607767 0.18836276220434903 -0.34375452782172361
5.9210294873907632 0.18658910327353129 -0.47043907409795049
5.9253928105207487 0.18424716811873146 -0.60416323132509397
5.9297561336507343 0.18131288933765929 -0.74056548460478688
5.9341194567807207 0.17779428530755406 -0.87025023953127423
5.9384827799107063 0.17373784845249149 -0.98664802557986242
5.9428461030406918 0.16920473973945091 -1.0888941660009837
5.9472094261706783 0.16425543542609802 -1.177402262562544
5.9515727493006638 0.15895046763554802 -1.2518149461370482
5.9559360724306494 0.15335134884336335 -1.3124356405208311
5.9602993955606358 0.14751485113181725 -1.360993233306371
5.9646627186906214 0.14149059447369333 -1.3984454329346723
5.9690260418206069 0.13532771230412735 -1.424484464955204
5.9733893649505925 0.12907629606656063 -1.439059559381259
5.9777526880805789 0.12278607114770318 -1.4422745746875534
5.9821160112105645 0.11650624157765885 -1.4343749874307457
5.98647933434055 0.11028428167752513 -1.4158227516175472
5.9908426574705365 0.10416583554885457 -1.386972201238118
5.995205980600522 0.098195387589786645 -1.3479997659264618
5.9995693037305076 0.092417173552794746 -1.2988137026562183
6.003932626860494 0.086876152050766195 -1.2392785078527144
6.0082959499904796 0.081613571068759827 -1.1720821763996436
6.0126592731204651 0.076649212121297411 -1.1039187300577222
6.0170225962504515 0.071974183557766302 -1.0397975610217645
6.0213859193804371 0.067568408633838284 -0.98039159888399241
6.0257492425104227 0.063412168270093008 -0.92544412476466142
6.0301125656404082 0.059486044266327399 -0.8748563030012686
6.0344758887703946 0.055769403966325404 -0.82990832425957206
6.0388392119003802 0.052229886929060179 -0.794476690859795
6.0432025350303658 0.048818198484617055 -0.77148175186263357
6.0475658581603522 0.045479078317175743 -0.76111040282806952
6.0519291812903377 0.042158046287279802 -0.76325997869137807
6.0562925044203233 0.03879958729851625 -0.77832941838343972
6.0606558275503097 0.03535259658760375 -0.80250489353480625
6.0650191506802953 0.031798667866248236 -0.82512864163813482
6.0693824738102808 0.028166452345220437 -0.83780937264256627
6.0737457969402664 0.024503535307567378 -0.83939754700255109
6.0781091200702528 0.0208568466161753 -0.83031513749423413
6.0824724432002384 0.017273002248549867 -0.81069023795855
6.0868357663302239 0.013800302303492757 -0.77864639543691516
6.0911990894602104 0.010504930285047388 -0.72810768768776846
6.0955624125901959 0.0074803666119188667 -0.65419055686713856
6.0999257357201815 0.0048308023197369803 -0.55637310279719421
6.1042890588501679 0.0026595505359876636 -0.43486601146012116
6.1086523819801535 0.0010710970938694103 -0.28914575122806424
6.113015705110139 0.00016485749469822783 -0.12377557298621193
6.1173790282401255 0 0.047815928043532019
6.121742351370111 0.00057482593047388582 0.21438539405444609
6.1261056745000966 0.0018607173839340295 0.3739775313312852
6.1304689976300821 0.0038291051827444235 0.52718207876564616
6.1348323207600686 0.0064522460673259834 0.67419673446536588
6.1391956438900541 0.0096989399163258574 0.81183206345495873
6.1435589670200397 0.013508727746888459 0.93015443311889801
6.1479222901500261 0.017775520154681555 1.0205977307477387
6.1522856132800117 0.022372321128072713 1.0816125486333219
6.1566489364099972 0.027172201953321425 1.1136345765929414
6.1610122595399837 0.032047699517955434 1.116149308182983
6.1653755826699692 0.036874413313986047 1.0925173455944086
6.1697389057999548 0.041559683226540037 1.0537395650289232
6.1741022289299412 0.04606211221584125 1.0095208404490772
6.1784655520599268 0.05036422114174114 0.96173143042174181
6.1828288751899123 0.054448914357203927 0.90989383360066567
6.1871921983198979 0.058297920605625005 0.85350317764492689
6.1915555214498843 0.061897689591664286 0.79749405753323321
6.1959188445798699 0.065281968566489296 0.75839825711560183
6.2002821677098554 0.068562440333006014 0.75125798183145587
6.2046454908398418 0.071889043021506754 0.77925958997277633
6.2090088139698274 0.075412803853002308 0.84166667219131208
6.213372137099813 0.079284093563480831 0.93853594535485119
6.2177354602297994 0.08365440846651509 1.0706994756269768
6.2220987833597849 0.08868287520779701 1.2407924015491898
6.2264621064897705 0.094541056083796274 1.4512384563731193
6.2308254296197561 0.10140715762504642 1.7028259310498222
6.2351887527497425 0.10946006885652874 1.9950154159791362
6.239552075879728 0.11887791807994288 2.3291224724287969
6.2439153990097136 0.12984083210593278 2.7012753036607657
6.2482787221397 0.14247226398979926 3.0880536050056588
6.2526420452696856 0.15689590143651092 3.5482057212275557
6.2570053683996711 0.17294747287561638 3.6723336973282792
6.2613686915296576 0.1884551582590174 3.4610061354473864
6.2657320146596431 0.20130534934384114 1.9810814118727902
6.2700953377896287 0.21130019612886464 4.3217592501678253
6.2744586609196151 0.21558375626276091 -9.4510089570508953
6.2788219840496007 0.21701164588716707 37.409180170652746
6.2831853071795862 0.47356145393756255 37.18668769766748
