# q  U_kJmol  dU_dq   # conservative spline pchip_hermite_v1
0 4.6509480214213799 -0.040890751289376429
0.0043633231299858239 4.6509078638010353 -0.0063503296096654328
0.0087266462599716477 4.6508112632167995 -0.02773594550686256
0.013089969389957472 4.6507027413041353 -0.023737728629525806
0.017453292519943295 4.650597414361755 -0.024344782148088873
0.021816615649929118 4.6504912316182274 -0.024306490722032191
0.026179938779914945 4.6503852778341948 -0.024283587480936317
0.030543261909900768 4.6502792616519724 -0.024298972753563724
0.034906585039886591 4.6501732604368238 -0.024292946137270358
0.039269908169872414 4.6500672527767914 -0.024295807903541407
0.043633231299858237 4.6499612443650484 -0.024295335468604067
0.04799655442984406 4.6498552350273608 -0.024295516912933392
0.05235987755982989 4.6497492271854357 -0.024294871792575629
0.056723200689815713 4.6496432227914015 -0.024293871823915507
0.061086523819801536 4.6495372239451065 -0.0242923318793043
0.065449846949787352 4.6494312326494089 -0.024290485873513686
0.069813170079773182 4.6493252486352503 -0.024289212015479181
0.074176493209759012 4.6492192670631134 -0.0242894680255809
0.078539816339744828 4.6491132804227604 -0.024291523481453865
0.082903139469730658 4.6490072810198306 -0.02429530519796308
0.087266462599716474 4.6489012611398479 -0.024300976761996457
0.091629785729702304 4.6487952132054993 -0.024307876535063472
0.09599310885968812 4.6486891378738306 -0.024312731649596155
0.10035643198967395 4.6485830528044207 -0.024311943605776251
0.10471975511965978 4.6484769859133293 -0.024304437353171171
0.1090830782496456 4.6483709659432861 -0.024290491379821786
0.11344640137963143 4.6482650216342041 -0.024269500344408241
0.11780972450961724 4.6481591815179 -0.024243752137310705
0.12217304763960307 4.6480534444380464 -0.024225255678935395
0.1265363707695889 4.64794774600343 -0.024227576566649377
0.1308996938995747 4.6478419824771251 -0.024254972714646685
0.13526301702956053 4.647736046488407 -0.024306397404160445
0.13962634015954636 4.6476298309552142 -0.024384079541970725
0.14398966328953219 4.6475232285314618 -0.024480133278615021
0.14835298641951802 4.6474162388022844 -0.02455053414346741
0.15271630954950383 4.6473090963413028 -0.024544179195542006
0.15707963267948966 4.6472021865366075 -0.02444424609631202
0.16144295580947549 4.6470959104775424 -0.024254639363073125
0.16580627893946132 4.6469906671887413 -0.023967187468528391
0.17016960206944712 4.6468868602269948 -0.023608975513190706
0.17453292519943295 4.6467845084015815 -0.023341251444213063
0.17889624832941878 4.6466827579737888 -0.023356391083725062
0.18325957145940461 4.6465801775900202 -0.023720701744264824
0.18762289458939044 4.6464752689772517 -0.024419727502985895
0.19198621771937624 4.6463665450586884 -0.025483297187876626
0.19634954084936207 4.6462524898223467 -0.026818747820069159
0.2007128639793479 4.646132970113042 -0.027836014558250161
0.20507618710933373 4.6460110901316529 -0.027811395377156333
0.20943951023931956 4.6458921645597746 -0.02648410655957047
0.21380283336930536 4.645781790105314 -0.023907263402066024
0.21816615649929119 4.6456855094090859 -0.019972455221423442
0.22252947962927702 4.645609013580227 -0.01499530394926765
0.22689280275926285 4.6455530290911726 -0.011133086001267568
0.23125612588924865 4.6455062803791884 -0.011106498070228977
0.23561944901923448 4.6454490392625765 -0.015939061208004143
0.23998277214922031 4.6453604001029589 -0.025437146803608156
0.24434609527920614 4.6452197020296833 -0.039993017937433976
0.24870941840919197 4.6450055947703479 -0.058536958734809338
0.2530727415391778 4.6447145306913944 -0.073189374502460505
0.25743606466916363 4.6443874238538143 -0.073728557676658132
0.26179938779914941 4.6440974850977428 -0.05614569419148896
0.26616271092913524 4.6439228010309392 -0.021139787351740248
0.27052603405912107 4.643940398282064 0.032699904931892218
0.2748893571891069 4.6442303153855491 0.10177146353017658
0.27925268031909273 4.6448088588792213 0.15732376363375919
0.28361600344907856 4.6455276772010494 0.16093376028997519
0.28797932657906439 4.6461152837514428 0.09717277235681146
0.29234264970905022 4.6462798804345962 -0.032448002297359779
0.29670597283903605 4.6457336635467046 -0.22976348846837732
0.30106929596902182 4.6441832475742597 -0.4900366128577926
0.30543261909900765 4.6414276221837536 -0.77070601817068529
0.30979594222899348 4.6375130443177817 -1.0132332555467782
0.31415926535897931 4.6326762189442148 -1.1933826049544831
0.31852258848896514 4.627187533328188 -1.3125347368712854
0.32288591161895097 4.6213112292489065 -1.3704697725704107
0.3272492347489368 4.6153150984381881 -1.3684711137373775
0.33161255787892263 4.6094313676288348 -1.3236369568347588
0.33597588100890846 4.6037912473952129 -1.2601974009224737
0.34033920413889424 4.5984464052141565 -1.1882772531262182
0.34470252726888007 4.5934338844506328 -1.1078917898882683
0.3490658503988659 4.5887934931775183 -1.0170090238455125
0.35342917352885173 4.5845680094826857 -0.91979872297831244
0.35779249665883756 4.5807273459708888 -0.84967038669450634
0.36215581978882339 4.5770438149122867 -0.85477484767299494
0.36651914291880922 4.5731257919330677 -0.95767379190687851
0.37088246604879505 4.5685459122384007 -1.1572574798187834
0.37524578917878088 4.5628826070741404 -1.4559914230840656
0.37960911230876665 4.5557040835175311 -1.8481678710735481
0.38397243543875248 4.5467132476546608 -2.2685697186172025
0.38833575856873831 4.536008051582602 -2.6195472907735211
0.39269908169872414 4.5240211951388893 -2.8551471700038009
0.39706240482870997 4.5112575686203584 -2.9770426049753578
0.4014257279586958 4.4982096068760953 -2.9834232499448894
0.40578905108868163 4.4853840306307227 -2.8785987297754194
0.41015237421866746 4.4731482902639952 -2.7330738819266176
0.41451569734865329 4.4614330467662757 -2.6565892299430165
0.41887902047863912 4.4497887910862026 -2.7013777714232603
0.42324234360862489 4.437683915343678 -2.8665996557605125
0.42760566673861072 4.4245994259241366 -3.151155354337809
0.43196898986859655 4.4100119914280187 -3.5545923433810933
0.43633231299858238 4.3934288770859204 -4.0617659945721369
0.44069563612856821 4.3744495913076085 -4.6492489133907657
0.44505895925855404 4.3527569391558405 -5.305203008004324
0.44942228238853987 4.3280544859439338 -6.0288637834317935
0.4537856055185257 4.3000442278766968 -6.8219324541074551
0.45814892864851153 4.2684228402561208 -7.6831058801124739
0.46251225177849731 4.2329347338834085 -8.5867332783305788
0.46687557490848314 4.1934905089651693 -9.4896369911366509
0.47123889803846897 4.1501546039176631 -10.37014365210247
0.4756022211684548 4.1030269024113863 -11.227982661218704
0.47996554429844063 4.0522025660379155 -12.064786085603897
0.48432886742842646 3.9977739874443481 -12.879446705093107
0.48869219055841229 3.9398658303977676 -13.654477131511538
0.49305551368839812 3.8787179916137227 -14.359517810724183
0.49741883681838395 3.8146805473525407 -14.978512133297095
0.50178215994836972 3.7481310437483142 -15.511405322281748
0.50614548307835561 3.6794428483351265 -15.958459194676012
0.51050880620834138 3.6089922495868549 -16.319545962907487
0.51487212933832727 3.5371389658045684 -16.604299481610919
0.51923545246831304 3.4641783308454599 -16.829972414237403
0.52359877559829882 3.3903422326593078 -17.005809927820277
0.5279620987282847 3.3158468283594491 -17.132016609873695
0.53232542185827048 3.2409104514530105 -17.207848291602826
0.53668874498825636 3.1657524726386592 -17.233867562153147
0.54105206811824214 3.0905777721715033 -17.217818008474293
0.54541539124822802 3.0155395717409821 -17.173643402195083
0.5497787143782138 2.9407385792545635 -17.109448700191496
0.55414203750819968 2.8662598938116153 -17.025707946138084
0.55850536063818546 2.7921902653167203 -16.922016824329543
0.56286868376817123 2.7186160007731441 -16.798688060369127
0.56723200689815712 2.645623526514985 -16.655097538222858
0.57159533002814289 2.5733045643216261 -16.489706070604701
0.57595865315812877 2.5017564662740472 -16.301782532479447
0.58032197628811455 2.4310771053658873 -16.091561347885108
0.58468529941810043 2.3613636455384817 -15.858965300995868
0.58904862254808621 2.2927143423651088 -15.603805788692858
0.59341194567807209 2.2252232556499196 -15.329048686793936
0.59777526880805787 2.1589625578442999 -15.040952528758034
0.60213859193804364 2.0939803975915243 -14.743083493941866
0.60650191506802953 2.030319003648609 -14.435506099181197
0.6108652381980153 1.9680213979202053 -14.117920983608878
0.61522856132800119 1.9071314974182658 -13.790300315265533
0.61959188445798696 1.8476861935331648 -13.457269813987679
0.62395520758797285 1.7896883261488508 -13.128596985218488
0.62831853071795862 1.7331025090965599 -12.81028047645399
0.63268185384794451 1.6778821087799274 -12.502573651704539
0.63704517697793028 1.6239819624803034 -12.205186267992438
0.64140850010791606 1.5713563394944663 -11.918405149621599
0.64577182323790194 1.5199598855761367 -11.641504927049397
0.65013514636788772 1.4697534917388617 -11.372547497057397
0.6544984694978736 1.4207056950781329 -11.110459658998078
0.65886179262785938 1.37278631324529 -10.855334814630787
0.66322511575784526 1.3259647455396213 -10.607279749902164
0.66758843888783104 1.2802099376454237 -10.366373439643267
0.67195176201781692 1.2354945293745294 -10.129965186276708
0.6763150851478027 1.1918115864366119 -9.8919950974109341
0.68067840827778847 1.1491786410175084 -9.6484877174366677
0.68504173140777436 1.1076210179836121 -9.3992249988120147
0.68940505453776013 1.0671630510740389 -9.1443781837520426
0.69376837766774602 1.0278298230124634 -8.8836468360073546
0.69813170079773179 0.98964416067850947 -8.619097498631012
0.70249502392771768 0.95261193927176879 -8.3559705564385141
0.70685834705770345 0.91671752653285299 -8.0976804833038969
0.71122167018768934 0.88193911970916516 -7.8443589570673069
0.71558499331767511 0.8482557038085935 -7.595765686901605
0.71994831644766089 0.8156468796445594 -7.3517651373664776
0.72431163957764677 0.78408748393650707 -7.1159918940890572
0.72867496270763255 0.75352312534225752 -6.8974144346322745
0.73303828583761843 0.72386206420290822 -6.7022988090512055
0.73740160896760421 0.69499965363733807 -6.53116550290496
0.74176493209759009 0.66683247928628886 -6.3836934565916463
0.74612825522757587 0.63925647194317359 -6.2602492432068058
0.75049157835756175 0.61216906996769116 -6.1591013436020106
0.75485490148754752 0.58548287936894183 -6.0753442274991301
0.7592182246175333 0.55913133875088117 -6.0055795904715055
0.76358154774751918 0.53305419260412978 -5.9496471350603475
0.76794487087750496 0.5071904290336795 -5.9077707996754807
0.77230819400749084 0.48147829926357733 -5.8802418226042139
0.77667151713747662 0.45586109262225721 -5.862714008887763
0.7810348402674625 0.43031908144400088 -5.8433893128711309
0.78539816339744828 0.40488318710844262 -5.8135547519268354
0.78976148652743416 0.37960284429420427 -5.7723077770367839
0.79412480965741994 0.35452617097602529 -5.7201480590425389
0.79848813278740571 0.32970119889050908 -5.656944055475094
0.8028514559173916 0.30517823591126325 -5.5812166018151652
0.80721477904737737 0.28101946523625715 -5.4892840704876136
0.81157810217736326 0.25730296706186506 -5.3782572937302309
0.81594142530734903 0.23411387602805989 -5.2475943210404159
0.82030474843733492 0.21153738367438274 -5.0974627227893166
0.82466807156732069 0.18965854791248382 -4.9277869225035742
0.82903139469730658 0.1685627206166968 -4.7385914176224899
0.83339471782729235 0.14833440990312644 -4.5302318064343217
0.83775804095727824 0.12905651926060052 -4.3029445842201159
0.84212136408726401 0.11081174088638336 -4.0566767053932855
0.84648468721724979 0.093682977168631873 -3.7914046137850863
0.85084801034723567 0.077753177793694075 -3.5070985432029045
0.85521133347722145 0.063104583499588029 -3.2043560317124724
0.85957465660720733 0.049814234773492311 -2.884879559315801
0.86393797973719311 0.037951586856222644 -2.5500523282830416
0.86830130286717899 0.027582789060376357 -2.200127269581039
0.87266462599716477 0.018773890324831368 -1.8350514577695465
0.87702794912715065 0.011591467081490468 -1.4544899980402199
0.88139127225713643 0.0060998675003772554 -1.0610047575938917
0.8857545953871222 0.0023390308830231014 -0.66299750421925918
0.89011791851710809 0.00031053289672532645 -0.26745849326867166
0.89448124164709386 0 0.12463230431818602
0.89884456477707975 0.0013936055101664594 0.51359515187247862
0.90320788790706552 0.0044778646825315597 0.89974005866887408
0.90757121103705141 0.0092373003187731853 1.2803719133140707
0.91193453416703718 0.015629279599498433 1.6459204121720254
0.91629785729702307 0.023566822624449459 1.9882002446436704
0.92066118042700884 0.0329440249295887 2.3060205783495786
0.92502450355699462 0.043655708624346604 2.5998180369208086
0.9293878266869805 0.055596500735952209 2.8694023846891761
0.93375114981696627 0.068661189500971706 3.1150746514309757
0.93811447294695216 0.082747336661541035 3.3378387150478219
0.94247779607693793 0.09775730769964909 3.5385877643537338
0.94684111920692382 0.11359549020493202 3.7174382732312763
0.95120444233690959 0.13016628782677653 3.8744324980142646
0.95556776546689548 0.14737365292879778 4.008985700115173
0.95993108859688125 0.16512351657066027 4.1244447475003758
0.96429441172686703 0.18335723212639868 4.2337219474509231
0.96865773485685291 0.20207777626506407 4.3485448489328338
0.97302105798683869 0.22131643508169202 4.4709241330436758
0.97738438111682457 0.24110420890542672 4.6003571758249517
0.98174770424681035 0.26147170070312198 4.7363741076729502
0.98611102737679623 0.28245143284992358 4.882403512706361
0.99047435050678201 0.3041134105852481 5.0522919311070353
0.99483767363676789 0.3265945274112102 5.2589849189689106
0.99920099676675367 0.35006382037245021 5.5049429654570341
1.0035643198967394 0.37469038400253407 5.7895183561951633
1.0079276430267252 0.40064336407717172 6.1129162174991194
1.0122909661567112 0.42809146835046757 6.4746978285123182
1.016654289286697 0.45719983400950059 6.8736568438229213
1.0210176124166828 0.48812780173264247 7.3086170390644272
1.0253809355466685 0.52103143780502936 7.7792529643404036
1.0297442586766545 0.5560662728411746 8.28542303665769
1.0341075818066403 0.59338867631931447 8.8282274981080384
1.0384709049366261 0.63315217243585098 9.4020274518409082
1.0428342280666119 0.67544748657254794 9.9831446870304568
1.0471975511965976 0.72024805445368278 10.548111231131418
1.0515608743265836 0.76746586475988721 11.091586881721495
1.0559241974565694 0.81701041821252585 11.61444195107779
1.0602875205865552 0.86879240858620943 12.117645080715699
1.064650843716541 0.92272041421909734 12.595817208316236
1.0690141668465269 0.9786397245942523 13.024537263226689
1.0733774899765127 1.0362728335875515 13.378926338520039
1.0777408131064985 1.0952761170094387 13.653033658956478
1.0821041362364843 1.1553030545439775 13.848090569409248
1.08646745936647 1.2160077442788702 13.963556418827233
1.090830782496456 1.2770445078161974 14.000941326728505
1.0951941056264418 1.3380856536784071 13.967266038744516
1.0995574287564276 1.3988392621769572 13.869899218743779
1.1039207518864134 1.4590333316434234 13.710634957915589
1.1082840750163994 1.5183971320171934 13.48949714263235
1.1126473981463851 1.5766593331375602 13.205057830916514
1.1170107212763709 1.633549346878943 12.863102491645154
1.1213740444063567 1.6888704763649793 12.493231257732999
1.1257373675363425 1.7425791601728575 12.127350191511576
1.1301006906663285 1.7947196034585613 11.773866947492907
1.1344640137963142 1.8453417002467918 11.431500077880854
1.1388273369263 1.8944939361329749 11.09991073272198
1.1431906600562858 1.9422251352675224 10.781000168245807
1.1475539831862718 1.9886092630145498 10.485020807994506
1.1519173063162575 2.0337740741753745 10.223330419626507
1.1562806294462433 2.0778792498607261 9.9991793151915314
1.1606439525762291 2.1210868900709325 9.8118224982269719
1.1650072757062149 2.1635585272610234 9.6622625331130223
1.1693705988362009 2.205456364878291 9.5473052836836985
1.1737339219661866 2.2468974873134764 9.4481644923304309
1.1780972450961724 2.2878989860791306 9.3434077086416565
1.1824605682261582 2.3284169301939688 9.2268449768235854
1.1868238913561442 2.3684022105361895 9.0991523670691343
1.19118721448613 2.4078068338785306 8.9610225598050182
1.1955505376161157 2.4465832094554512 8.8100527079979205
1.1999138607461015 2.4846489908211167 8.6315419861088767
1.2042771838760873 2.5218424581041772 8.408227150338897
1.2086405070060733 2.5579516823803812 8.1347676520760448
1.2130038301360591 2.5927598966113434 7.8119412854262551
1.2173671532660448 2.6260512825136963 7.4393032962294363
1.2217304763960306 2.657609684421252 7.0182752555768468
1.2260937995260166 2.6872392007154042 6.5573093232574777
1.2304571226560024 2.7147896068058328 6.0665061576578685
1.2348204457859882 2.7401410489475651 5.5492976318446203
1.2391837689159739 2.7631777774244615 5.0055587726402937
1.2435470920459597 2.7837829890008692 4.4344549754017786
1.2479104151759457 2.8018397900041583 3.838663105332162
1.2522737383059315 2.8172683259985041 3.2337144297221521
1.2566370614359172 2.8300737366894726 2.6387109845701344
1.261000384565903 2.840319979352472 2.0605910077689304
1.265363707695889 2.8480797605007591 1.4989550267393839
1.2697270308258748 2.8534241316521305 0.95334033567832221
1.2740903539558606 2.8564240675996908 0.42480658730548387
1.2784536770858463 2.8571654312465875 -0.08023856502350761
1.2828170002158321 2.8557699244337642 -0.55360803847050088
1.2871803233458181 2.8523847413630623 -0.9922895229369938
1.2915436464758039 2.8471607450394814 -1.396469602142306
1.2959069696057897 2.8402485320861071 -1.7660749187785001
1.3002702927357754 2.8317980295985623 -2.1018558022452907
1.3046336158657614 2.8219520259212425 -2.4062528692221017
1.3089969389957472 2.8108409641918666 -2.6821495062655303
1.313360262125733 2.7985849873315733 -2.9311413966043975
1.3177235852557188 2.7853007851021299 -3.153418545519362
1.3220869083857045 2.7711055999648089 -3.3486194579669766
1.3264502315156905 2.7561167418991919 -3.5175736784820772
1.3308135546456763 2.7404403507485879 -3.6649581217802174
1.3351768777756621 2.7241563405496079 -3.7969471409019042
1.3395402009056478 2.7073242647281286 -3.9161968701865009
1.3439035240356338 2.6899995982398588 -4.0227114935263879
1.3482668471656196 2.6722380693354331 -4.1164481377813136
1.3526301702956054 2.654096024005991 -4.1969752317719173
1.3569934934255912 2.6356329400155136 -4.2634839578749304
1.3613568165555769 2.6169116538323913 -4.3151786343214589
1.3657201396855629 2.5979985304320512 -4.3513155080280086
1.3700834628155487 2.5789622245286106 -4.3716649420068752
1.3744467859455345 2.5598711096780122 -4.3765082390560144
1.3788101090755203 2.5407934299495549 -4.3652321635498081
1.3831734322055063 2.5218058785673607 -4.3342881727093188
1.387536755335492 2.5030053234806635 -4.2788033431143297
1.3919000784654778 2.484505367719708 -4.1964405978630124
1.3962634015954636 2.4664236019154364 -4.0871733015565557
1.4006267247254494 2.4488773461637905 -3.9508894065733564
1.4049900478554354 2.4319839681259459 -3.7882170415171035
1.4093533709854211 2.4158515614769875 -3.6030993592969978
1.4137166941154069 2.400565670601436 -3.401015692983997
1.4180800172453927 2.3861927418562674 -3.1847401440519802
1.4224433403753787 2.3727939177269519 -2.9544744834668344
1.4268066635053644 2.3604311345073441 -2.7097384168785372
1.4311699866353502 2.3491666753639731 -2.4514670761959412
1.435533309765336 2.3390488322431944 -2.1857813904435051
1.4398966328953218 2.3300900106815714 -1.921555843884867
1.4442599560253078 2.3222713935303636 -1.6633123854321337
1.4486232791552935 2.3155658521119049 -1.411270458634309
1.4529866022852793 2.3099470976224978 -1.1651674719234428
1.4573499254152651 2.3053890487826383 -0.92511421009195138
1.4617132485452511 2.3018638963351883 -0.69197551231931098
1.4660765716752369 2.2993383075883278 -0.46716694094997663
1.4704398948052226 2.2977740583145536 -0.25132221357487694
1.4748032179352084 2.2971320681858591 -0.044442681033564323
1.4791665410651942 2.2973731843986096 0.1534723357034436
1.4835298641951802 2.2984586594916054 0.34265033371590492
1.487893187325166 2.3003503998883601 0.52290891659705963
1.4922565104551517 2.3030079551195635 0.69357927076764236
1.4966198335851375 2.3063890469588499 0.85464189362969689
1.5009831567151235 2.3104523059015207 1.0062117269662663
1.5053464798451093 2.3151562983083962 1.1484292016176763
1.509709802975095 2.3204605419416939 1.2812276922348804
1.5140731261050808 2.326317248454016 1.4003640938421198
1.5184364492350666 2.3326504350032069 1.4984690340827254
1.5227997723650526 2.3393580028167866 1.5719220096697164
1.5271630954950384 2.3463324240726839 1.6208856755401893
1.5315264186250241 2.3534671924344712 1.6452994974871571
1.5358897417550099 2.3606549278967224 1.6453445886399076
1.5402530648849959 2.3677954079328929 1.6246774601150384
1.5446163880149817 2.374811702479116 1.5894267919705902
1.5489797111449675 2.3816493090832802 1.5428561605062576
1.5533430342749532 2.3882598875497871 1.4854395259280697
1.557706357404939 2.3945950328963819 1.4162097825743509
1.562069680534925 2.4006024394060699 1.33583490121075
1.5664330036649108 2.4062625799322315 1.2624650416771992
1.5707963267948966 2.4116768780812761 1.2285280908697225
1.5751596499248823 2.4170667794889482 1.2518430222478045
1.5795229730548683 2.42268550004452 1.3330707411257405
1.5838862961848541 2.4287826247218662 1.4710958365451408
1.5882496193148399 2.4356065126548194 1.6663797879594666
1.5926129424448257 2.4434191421908054 1.9267131444936727
1.5969762655748114 2.452536153438424 2.266731220943115
1.6013395887047974 2.4633282295363523 2.6948421180195181
1.6057029118347832 2.4761810282193251 3.2109186917099954
1.610066234964769 2.4914775809277314 3.8155514842215146
1.6144295580947547 2.5096064472546251 4.5085006415514464
1.6187928812247407 2.5309166228381113 5.2667337436242745
1.6231562043547265 2.5555985804412464 6.0464258527147496
1.6275195274847123 2.5836754705954497 6.8218745471420057
1.6318828506146981 2.6151219309481464 7.5913171569967588
1.6362461737446838 2.649916921995263 8.3571239532346144
1.6406094968746698 2.6880451389726949 9.1184916103980278
1.6449728200046556 2.7294431535768937 9.8471187676618541
1.6493361431346414 2.7738487188732748 10.487229263956406
1.6536994662646272 2.820783126188533 11.004703354362775
1.6580627893946132 2.8697013974362422 11.397404558777133
1.6624261125245989 2.9200651827999211 11.666992313065167
1.6667894356545847 2.9713347524421216 11.81257378406327
1.6711527587845705 3.0229714545478283 11.835853229659653
1.6755160819145565 3.0744500081298529 11.740840749129438
1.6798794050445423 3.1252605986182207 11.529618716690941
1.684242728174528 3.1748961524307169 11.202366025726205
1.6886060513045138 3.2228495276011024 10.75812227545749
1.6929693744344996 3.2686079887160622 10.196657387299107
1.6973326975644856 3.3116981642938881 9.5430709511989154
1.7016960206944713 3.3518306289650086 8.850731362306826
1.7060593438244571 3.3889291583623846 8.1541236922713392
1.7104226669544429 3.4229869166597107 7.4562335173095935
1.7147859900844289 3.4539916189871387 6.7545950209038379
1.7191493132144147 3.4819272448843979 6.0497710037589787
1.7235126363444004 3.5068096742636361 5.3613407572445384
1.7278759594743862 3.5287989824370438 4.7314988498007926
1.732239282604372 3.548226553954513 4.1888127262127135
1.736602605734358 3.5654844881475629 3.7363460035379434
1.7409659288643438 3.5809612385213612 3.3725144921043073
1.7453292519943295 3.5950450241088379 3.0979234367540607
1.7496925751243153 3.6081275885625677 2.9139981865138411
1.7540558982543013 3.6206101808532116 2.8233908257066815
1.7584192213842871 3.6329051244399957 2.82821730078643
1.7627825445142729 3.6454302865914094 2.928787641553849
1.7671458676442586 3.658603328861874 3.1254159862550566
1.7715091907742444 3.6728450869745908 3.4185767112252088
1.7758725139042304 3.6885552660518908 3.7937122395904774
1.7802358370342162 3.7060210288653028 4.2166717509214289
1.7845991601642019 3.7253869378637927 4.663192923519409
1.7889624832941877 3.7467448979246485 5.1302264255281038
1.7933258064241737 3.7701889771986754 5.619514583982248
1.7976891295541595 3.7958173315968029 6.1314353167438709
1.8020524526841453 3.823703004267716 6.6482788987011334
1.806415775814131 3.8537786486119718 7.1267151683198824
1.8107790989441168 3.8857931943499731 7.5349305185602526
1.8151424220741028 3.919425397720786 7.8689427097094464
1.8195057452040886 3.954357189992495 8.1304295650397922
1.8238690683340744 3.9902706228091991 8.3189277847767737
1.8282323914640601 4.0268462696178506 8.4336791757014336
1.8325957145940461 4.0637580735166008 8.4726047849343082
1.8369590377240319 4.1006710172135854 8.434059214810695
1.8413223608540177 4.1372462894787851 8.3179337787725753
1.8456856839840035 4.1731456434924556 8.1240881609058633
1.8500490071139892 4.2080279631502702 7.8516075965847252
1.8544123302439752 4.2415676687627917 7.5130007374872481
1.858775653373961 4.2735439145301264 7.1418395116663715
1.8631389765039468 4.3038823390920982 6.7640525552680408
1.8675022996339325 4.3325672498922874 6.3834063757070076
1.8718656227639185 4.3595815984517348 5.9983117416441321
1.8762289458939043 4.3849042096649793 5.607589547970508
1.8805922690238901 4.4085357143089396 5.2297008074217937
1.8849555921538759 4.430636373463062 4.9167269059160548
1.8893189152838616 4.4515972764785694 4.7103408276342416
1.8936822384138476 4.4719051675633725 4.6162425140527805
1.8980455615438334 4.4920422371647675 4.6325957148544914
1.9024088846738192 4.5124994261421145 4.7639308948253927
1.906772207803805 4.5337250471322674 4.9706697784473146
1.911135530933791 4.5558168862484862 5.1362817112418746
1.9154988540637767 4.5783486522318784 5.1651342429787412
1.9198621771937625 4.6006713819941041 5.0428608977804137
1.9242255003237483 4.622143014900173 4.7742079342028099
1.9285888234537341 4.6421135568257155 4.3538479057440584
1.9329521465837201 4.6599705862443592 3.8187226898432707
1.9373154697137058 4.675434692966661 3.2811869683666672
1.9416787928436916 4.6887387626871986 2.8360705702387534
1.9460421159736774 4.700341506450135 2.4991942753496241
1.9504054391036634 4.7106988461702848 2.2657935443920225
1.9547687622336491 4.7202667779379599 2.1372390899387002
1.9591320853636349 4.7294986023213825 2.1110102958494372
1.9634954084936207 4.7388290848941299 2.1812218860421453
1.9678587316236065 4.7486661645680979 2.342747203475128
1.9722220547535925 4.7594040735074179 2.5941094329106602
1.9765853778835782 4.7714345511984444 2.9352045877733968
1.980948701013564 4.7851567919973865 3.3713371815606052
1.9853120241435498 4.8009382966001564 3.8647277821436732
1.9896753472735358 4.818776979779468 4.2852900860710665
1.9940386704035216 4.838059954483402 4.517083776433914
1.9984019935335073 4.8578907596865752 4.5390289219637729
2.0027653166634933 4.8773743590743717 4.3573940212983455
2.0071286397934789 4.895610816901895 3.9657959700008365
2.0114919629234649 4.911724992482335 3.3971779132272855
2.0158552860534504 4.9251695446952803 2.7685765811344036
2.0202186091834364 4.9359541981589725 2.1872904769443871
2.0245819323134224 4.9443567601587999 1.6744191111013531
2.028945255443408 4.9506581166300521 1.224702727017962
2.033308578573394 4.9551381894295812 0.83953471284189196
2.0376719017033795 4.9580748222108291 0.51650955365021312
2.0420352248333655 4.959726880238545 0.24937847468654997
2.0463985479633515 4.9603236907025412 0.032184626664200411
2.0507618710933371 4.9600778088118922 -0.13683626738330443
2.0551251942233231 4.9592000114954295 -0.25742447026021287
2.0594885173533091 4.957902064387417 -0.32939752543438422
2.0638518404832946 4.9563937129078255 -0.35445420948112211
2.0682151636132806 4.9548694801607569 -0.33783696310795974
2.0725784867432662 4.9534986920979343 -0.28466762619881331
2.0769418098732522 4.9524363385329249 -0.19639748688521891
2.0813051330032382 4.9518359654875859 -0.072949033344936368
2.0856684561332237 4.9518516754023363 0.086208862429407229
2.0900317792632097 4.9526369089588247 0.27880174999378721
2.0943951023931953 4.9543180331799785 0.49432683473350375
2.0987584255231813 4.9569688035272534 0.72228222387153806
2.1031217486531673 4.9606362214215096 0.96061051468713743
2.1074850717831528 4.9653666604953122 1.209216852071564
2.1118483949131388 4.9712072571774035 1.4706308837619202
2.1162117180431244 4.9782029246016481 1.733824708980739
2.1205750411731104 4.9862628347738411 1.9455229332062858
2.1249383643030963 4.9950266260587206 2.0512086295338059
2.1293016874330819 5.0039903492304596 2.0381836641153299
2.1336650105630679 5.0126457319301263 1.910061576713602
2.1380283336930539 5.0204841739684714 1.6618885752283434
2.1423916568230394 5.0270013803763671 1.3126009400907177
2.1467549799530254 5.0319233174774318 0.95268339610382102
2.151118303083011 5.0354381597547739 0.6773676882825943
2.155481626212997 5.037993137549579 0.5111467212198092
2.159844949342983 5.0400499268631727 0.44886292374002468
2.1642082724729685 5.0420681616557985 0.49518177622550724
2.1685715956029545 5.0445044207879928 0.63309439246425703
2.1729349187329401 5.0476052726207854 0.77947772178984476
2.1772982418629261 5.0511883394076875 0.844518650585385
2.1816615649929121 5.0548203963525733 0.80320133782194392
2.1860248881228976 5.0580493719129409 0.65997446596393861
2.1903882112528836 5.0604265913108808 0.41143652118486684
2.1947515343828692 5.0615041950805697 0.069640886926337464
2.1991148575128552 5.0609890199786438 -0.30330260161030087
2.2034781806428412 5.0589123311277016 -0.63846486734233421
2.2078415037728267 5.0555017580140191 -0.91560134888837019
2.2122048269028127 5.0510024337852979 -1.1375745463219071
2.2165681500327987 5.0456560905516969 -1.3034827707878196
2.2209314731627843 5.0397043175761294 -1.4165068733313568
2.2252947962927703 5.0333484613886688 -1.492592218130572
2.2296581194227558 5.0267064726339505 -1.5497841495741878
2.2340214425527418 5.0198429260008099 -1.5939933170394458
2.2383847656827278 5.012815909021187 -1.6246906230997706
2.2427480888127134 5.0056847230855031 -1.6417074610044238
2.2471114119426994 4.9985088248378471 -1.6453060230076648
2.2514747350726849 4.9913432482279063 -1.6375402229643452
2.2558380582026709 4.9842314701959456 -1.6209190482447144
2.2602013813326569 4.9772100632402374 -1.5960457945094091
2.2645647044626425 4.9703153643272273 -1.5629073761352708
2.2689280275926285 4.9635836467593073 -1.5211585518872512
2.2732913507226145 4.9570518931032961 -1.471749490209076
2.2776546738526 4.9507410007915178 -1.4217964280970494
2.282017996982586 4.9446325704892349 -1.3799620397678856
2.2863813201125716 4.9386827735995222 -1.3489817309662724
2.2907446432425576 4.9328452982067521 -1.3284424814607165
2.2951079663725436 4.9270745029423333 -1.3185073364203184
2.2994712895025291 4.9213241579319096 -1.3188807279781374
2.3038346126325151 4.9155543398066017 -1.3266504754225981
2.3081979357625007 4.9097415330549081 -1.3381436239565754
2.3125612588924866 4.9038730488907296 -1.3522390536789488
2.3169245820224726 4.8979372050563796 -1.3689582529728181
2.3212879051524582 4.8919221811970122 -1.3887392988609184
2.3256512282824442 4.8858153679670586 -1.4104458135424864
2.3300145514124297 4.8796234680154118 -1.4254497519405991
2.3343778745424157 4.8734017986762161 -1.4226967273969726
2.3387411976724017 4.8672398235120795 -1.3981301188470232
2.3431045208023873 4.8612316573476431 -1.3523556076747103
2.3474678439323733 4.8554702272191212 -1.2846257803661691
2.3518311670623593 4.8500505058616756 -1.1967347537686626
2.3561944901923448 4.8450335013514572 -1.1041993343852146
2.3605578133223308 4.8403915225106449 -1.0274956735048761
2.3649211364523164 4.8360326551336517 -0.97434397551387841
2.3692844595823024 4.8318556588683723 -0.9439559588562878
2.3736477827122884 4.8277613156234338 -0.93678632732420897
2.3780111058422739 4.8236485575849741 -0.95168591874835273
2.3823744289722599 4.8194405980604209 -0.97737398425465927
2.3867377521022455 4.8151259007189822 -0.99856536814747321
2.3911010752322315 4.8107417892117308 -1.009224949007496
2.3954643983622175 4.8063332814516135 -1.0098945344498917
2.399827721492203 4.801943830488911 -1.0002277509675568
2.404191044622189 4.7976183494329039 -0.98114034266582928
2.4085543677521746 4.7933821989083878 -0.96175514208802282
2.4129176908821606 4.789207478655003 -0.95472786022581135
2.4172810140121466 4.7850248429282853 -0.96542812358798757
2.4216443371421321 4.7807576910761931 -0.99320563799677664
2.4260076602721181 4.7763310042425653 -1.0391924979368194
2.4303709834021041 4.7716661537568505 -1.1009049824638109
2.4347343065320897 4.7667369937790678 -1.1535432701611166
2.4390976296620757 4.7616643899656879 -1.1616281719364467
2.4434609527920612 4.7566873483158751 -1.1095712898179779
2.4478242759220472 4.752067408724594 -0.9984849229625532
2.4521875990520332 4.7480618521386253 -0.82694334428326666
2.4565509221820188 4.7449341412482227 -0.59821514631254991
2.4609142453120048 4.7428703214542951 -0.34962963956404131
2.4652775684419903 4.7418319541728282 -0.13617301559286812
2.4696408915719763 4.7415946260014046 0.01721811719958026
2.4740042147019623 4.7418961846670129 0.11146218158841419
2.4783675378319479 4.742480811528706 0.14622944340617458
2.4827308609619338 4.743088026549529 0.12307016136808009
2.4870941840919194 4.7435040784804841 0.065036442946665801
2.4914575072219054 4.7436555782838994 0.0070038952623187401
2.4958208303518914 4.7435890264047584 -0.034646133524115608
2.5001841534818769 4.7433766384906004 -0.06020423589724902
2.5045474766118629 4.7430866339655928 -0.069956519968558256
2.5089107997418489 4.74278887088159 -0.06408892419804757
2.5132741228718345 4.7425412628642336 -0.048657331754667119
2.5176374460018205 4.7423645537359285 -0.033020728240584836
2.522000769131806 4.742246760267669 -0.021744825348543408
2.526364092261792 4.7421685038665657 -0.014793931428147897
2.530727415391778 4.7421115092396509 -0.01207120590180645
2.5350907385217636 4.742057052151937 -0.013549799377337263
2.5394540616517496 4.7419894494540618 -0.017651723339171938
2.5438173847817351 4.7419028513066728 -0.02186399883782926
2.5481807079117211 4.7418003369929922 -0.024916431780928078
2.5525440310417071 4.7416871051076956 -0.026806433807002747
2.5569073541716927 4.7415680518359036 -0.027565342727597218
2.5612706773016787 4.7414481952420111 -0.027194519135743892
2.5656340004316642 4.741331780646048 -0.026104684720539988
2.5699973235616502 4.7412204538337175 -0.024970200169182714
2.5743606466916362 4.7411134262024035 -0.024143971307798096
2.5787239698216218 4.7410093035292098 -0.023630170093940098
2.5830872929516078 4.7409067739691215 -0.023418957844566816
2.5874506160815938 4.7408044928450002 -0.023511452180571105
2.5918139392115793 4.7407013114303576 -0.023800869263771354
2.5961772623415653 4.7405967677129324 -0.024106351159731164
2.6005405854715509 4.7404910628921897 -0.024329972727073847
2.6049039086015369 4.7403845707780956 -0.024469623433082809
2.6092672317315229 4.7402776428823286 -0.024528323484788152
2.6136305548615084 4.7401706394948881 -0.024505398231029672
2.6179938779914944 4.7400638713269512 -0.024428578427950303
2.62235720112148 4.7399574678134151 -0.024346339978529967
2.626720524251466 4.7398513778393827 -0.024285821798196168
2.631083847381452 4.7397455012131342 -0.024247871954656837
2.6354471705114375 4.7396397437390316 -0.0242315793971562
2.6398104936414235 4.7395340088916917 -0.02423721947364791
2.6441738167714091 4.7394282126601706 -0.024257599363314297
2.6485371399013951 4.739322318851352 -0.02427973359013649
2.6529004630313811 4.73921634038836 -0.024296109923231047
2.6572637861613666 4.7391103041162825 -0.024306420885732288
2.6616271092913526 4.7390042352790474 -0.024310937455177407
2.6659904324213386 4.7388981597342834 -0.024309562125083478
2.6703537555513241 4.7387921001889026 -0.024304158267531916
2.6747170786813101 4.7386860667454265 -0.024298202314603331
2.6790804018112957 4.7385800561546567 -0.024293771272671454
2.6834437249412817 4.7384740612264196 -0.024290970265629201
2.6878070480712677 4.7383680751949111 -0.024289719631483259
2.6921703712012532 4.7382620911339064 -0.024290051416466115
2.6965336943312392 4.7381561029082233 -0.024291483514023385
2.7008970174612248 4.7380501077026578 -0.024293085774412273
2.7052603405912108 4.7379441063288903 -0.024294284592236398
2.7096236637211968 4.7378381007119845 -0.024295045370797637
2.7139869868511823 4.7377320926654463 -0.024295391297976473
2.7183503099811683 4.73762608404438 -0.024295312319294892
2.7227136331111539 4.7375200765058825 -0.024294933003773059
2.7270769562411399 4.7374140708332177 -0.024294502072979084
2.7314402793711259 4.7373080668251539 -0.024294177764243152
2.7358036025011114 4.7372020639664942 -0.024293971162648
2.7401669256310974 4.737096061771104 -0.024293875575224378
2.7445302487610834 4.7369900597421566 -0.024293894058351379
2.748893571891069 4.7368840574322206 -0.024293994469100761
2.753256895021055 4.7367780546236986 -0.024294110339007607
2.7576202181510405 4.7366720513660265 -0.024294198063982423
2.7619835412810265 4.7365660477970248 -0.024294254161488622
2.7663468644110125 4.7364600440470204 -0.024294280549303205
2.7707101875409981 4.7363540402490614 -0.024294276319988196
2.7750735106709841 4.7362480365239197 -0.024294249755046342
2.7794368338009696 4.7361420329319621 -0.024294218607973025
2.7838001569309556 4.7360360294611734 -0.024294194880978878
2.7881634800609416 4.7359300260747066 -0.024294179650998841
2.7925268031909272 4.7358240227376172 -0.024294172373071181
2.7968901263209132 4.7357180194142785 -0.024294173311029763
2.8012534494508987 4.7356120160721016 -0.024294180335020794
2.8056167725808847 4.7355060126943602 -0.02429418870564248
2.8099800957108707 4.7354000092839366 -0.024294195122160394
2.8143434188408563 4.7352940058506778 -0.024294199256405326
2.8187067419708423 4.7351880024039525 -0.024294201262068812
2.8230700651008283 4.7350819989533015 -0.024294201063233899
2.8274333882308138 4.734975995507515 -0.024294199207442996
2.8317967113607998 4.7348699920712205 -0.024294196958628219
2.8361600344907854 4.7347639886437403 -0.024294195223231049
2.8405233576207713 4.7346579852224444 -0.02429419410130932
2.8448866807507573 4.7345519818048185 -0.024294193549041204
2.8492500038807429 4.7344459783883108 -0.024294193587939716
2.8536133270107289 4.734339974970549 -0.024294194078045745
2.8579766501407144 4.734233971550255 -0.02429419468199439
2.8623399732707004 4.7341279681275843 -0.024294195151247543
2.8667032964006864 4.7340219647032384 -0.024294195456139433
2.871066619530672 4.7339159612778907 -0.024294195607874967
2.875429942660658 4.7338099578522286 -0.024294195601048677
2.8797932657906435 4.733703954426888 -0.024294195471732984
2.8841565889206295 4.7335979510022241 -0.024294195309432907
2.8885199120506155 4.7334919475781998 -0.024294195182933739
2.8928832351806011 4.7333859441546284 -0.024294195100118102
2.8972465583105871 4.7332799407313306 -0.024294195058354607
2.9016098814405731 4.7331739373081216 -0.024294195059064889
2.9059732045705586 4.7330679338848309 -0.024294195093109337
2.9103365277005446 4.732961930461359 -0.024294195136978534
2.9146998508305302 4.732855927037714 -0.02429419517111325
2.9190631739605162 4.7327499236139472 -0.024294195193446468
2.9234264970905022 4.7326439201901058 -0.024294195204928742
2.9277898202204877 4.7325379167662396 -0.024294195205068505
2.9321531433504737 4.7324319133423938 -0.024294195196080521
2.9365164664804593 4.7323259099185968 -0.024294195184260698
2.9408797896104453 4.732219906494846 -0.024294195175186654
2.9452431127404313 4.7321139030711281 -0.024294195168945931
2.9496064358704168 4.7320078996474315 -0.024294195165739628
2.9539697590004028 4.7319018962237411 -0.024294195165874905
2.9583330821303884 4.7317958928000454 -0.024294195167929418
2.9626964052603744 4.7316898893763382 -0.024294195171178767
2.9670597283903604 4.7315838859526167 -0.024294195173828758
2.9714230515203459 4.7314778825288872 -0.024294195175253542
2.9757863746503319 4.7313718791051524 -0.02429419517606439
2.9801496977803179 4.7312658756814159 -0.024294195176274139
2.9845130209103035 4.7311598722576793 -0.024294195175853045
2.9888763440402895 4.7310538688339463 -0.02429419517488499
2.993239667170275 4.7309478654102168 -0.02429419517429298
2.997602990300261 4.7308418619864891 -0.02429419517396509
3.001966313430247 4.7307358585627632 -0.024294195173418576
3.0063296365602326 4.7306298551390391 -0.024294195173497287
3.0106929596902186 4.7305238517153132 -0.024294195173728952
3.0150562828202041 4.7304178482915873 -0.024294195173944898
3.0194196059501901 4.7303118448678596 -0.024294195174070797
3.0237829290801761 4.7302058414441328 -0.024294195173954501
3.0281462522101616 4.7300998380204051 -0.024294195174301189
3.0325095753401476 4.7299938345966765 -0.024294195174252076
3.0368728984701332 4.7298878311729489 -0.024294195174101835
3.0412362216001192 4.7297818277492212 -0.024294195174141237
3.0455995447301052 4.7296758243254935 -0.024294195174126454
3.0499628678600907 4.7295698209017658 -0.024294195174153613
3.0543261909900767 4.729463817478039 -0.024294195173449093
3.0586895141200627 4.7293578140543122 -0.024294195175621924
3.0630528372500483 4.7292518106305836 -0.024294195168863882
3.0674161603800343 4.7291458072068586 -0.02429419519250187
3.0717794835100198 4.7290398037831221 -0.024294195110203955
3.0761428066400058 4.7289338003594317 -0.024294195391941636
3.0805061297699918 4.7288277969355637 -0.024294194437660049
3.0848694528999774 4.7287217935123591 -0.024294197639021561
3.0892327760299634 4.7286157900866819 -0.024294187031784775
3.0935960991599489 4.7285097866702337 -0.024294221614030349
3.0979594222899349 4.7284037832193384 -0.024294111230938716
3.1023227454199209 4.7282977798970025 -0.02429445347421938
3.1066860685499065 4.7281917760948744 -0.024293436374094757
3.1110493916798925 4.728085774083354 -0.024296261280992253
3.115412714809878 4.7279797653892004 -0.02428934226246653
3.119776037939864 4.7278737816349707 -0.02430164064118041
3.12413936106985 4.7277677048036786 -0.02430621379048032
3.1285026841998356 4.7276619753407108 -0.024100785021738493
3.1328660073298216 4.7275549494815063 -0.025570430475554393
3.1372293304598076 4.7274527618389275 -0.017462101108045629
3.1415926535897931 4.7274049725810467 -0.0076976861417206383
3.1459559767197791 4.727357183323166 -0.017462101108157591
3.1503192998497647 4.7272549956805863 -0.02557043047572299
3.1546826229797507 4.7271479698213819 -0.02410078502157012
3.1590459461097367 4.7270422403584149 -0.024306213790367116
3.1634092692397222 4.7269361635271228 -0.024301640641190954
3.1677725923697082 4.7268301797728931 -0.024289342262544991
3.1721359154996938 4.7267241710787387 -0.024296261281278517
3.1764992386296798 4.7266181690672173 -0.024293436374092578
3.1808625617596658 4.7265121652650901 -0.024294453473934417
3.1852258848896513 4.7264061619427551 -0.024294111230859412
3.1895892080196373 4.7263001584918598 -0.02429422161402929
3.1939525311496229 4.7261941550754116 -0.02429418703186834
3.1983158542796088 4.7260881516497335 -0.024294197639299017
3.2026791774095948 4.7259821482265281 -0.024294194437680564
3.2070425005395804 4.7258761448026609 -0.024294195391582139
3.2114058236695664 4.7257701413789714 -0.024294195110407535
3.2157691467995524 4.7256641379552331 -0.024294195192650303
3.2201324699295379 4.725558134531509 -0.024294195168677254
3.2244957930595239 4.7254521311077804 -0.024294195175609334
3.2288591161895095 4.7253461276840536 -0.02429419517368607
3.2332224393194955 4.725240124260325 -0.024294195174447059
3.2375857624494815 4.7251341208365973 -0.02429419517392958
3.241949085579467 4.7250281174128705 -0.024294195174024598
3.246312408709453 4.7249221139891429 -0.024294195174162012
3.2506757318394386 4.7248161105654152 -0.024294195174128012
3.2550390549694246 4.7247101071416875 -0.024294195174126617
3.2594023780994106 4.7246041037179598 -0.024294195174158758
3.2637657012293961 4.7244981002942321 -0.024294195174039013
3.2681290243593821 4.7243920968705053 -0.024294195173875193
3.2724923474893677 4.7242860934467785 -0.024294195174039541
3.2768556706193537 4.7241800900230508 -0.024294195174156649
3.2812189937493397 4.7240740865993232 -0.02429419517412711
3.2855823168793252 4.7239680831755955 -0.024294195174135582
3.2899456400093112 4.7238620797518678 -0.024294195174131224
3.2943089631392972 4.7237560763281401 -0.024294195174132761
3.2986722862692828 4.7236500729044124 -0.024294195174138396
3.3030356093992688 4.7235440694806847 -0.024294195174114318
3.3073989325292543 4.723438066056957 -0.024294195174204981
3.3117622556592403 4.7233320626332294 -0.024294195173866422
3.3161255787892263 4.7232260592095034 -0.024294195173901224
3.3204889019192119 4.7231200557857758 -0.024294195174108017
3.3248522250491979 4.723014052362049 -0.024294195173856708
3.3292155481791834 4.7229080489383222 -0.024294195174044488
3.3335788713091694 4.7228020455145945 -0.024294195174155327
3.3379421944391554 4.7226960420908668 -0.02429419517412745
3.342305517569141 4.7225900386671391 -0.024294195174135537
3.346668840699127 4.7224840352434114 -0.024294195174131072
3.351032163829113 4.7223780318196837 -0.024294195174133407
3.3553954869590985 4.7222720283959561 -0.024294195174135957
3.3597588100890845 4.7221660249722284 -0.024294195174123408
3.3641221332190701 4.7220600215485007 -0.024294195174171064
3.3684854563490561 4.721954018124773 -0.024294195173992998
3.372848779479042 4.7218480147010462 -0.024294195174039496
3.3772121026090276 4.7217420112773185 -0.024294195174039024
3.3815754257390136 4.7216360078535917 -0.024294195173994396
3.3859387488689991 4.721530004429864 -0.024294195174173385
3.3903020719989851 4.7214240010061364 -0.024294195174112725
3.3946653951289711 4.7213179975824087 -0.024294195174168955
3.3990287182589567 4.721211994158681 -0.024294195174012118
3.4033920413889427 4.7211059907349542 -0.02429419517397256
3.4077553645189282 4.7209999873112265 -0.024294195174287644
3.4121186876489142 4.7208939838874979 -0.024294195174288196
3.4164820107789002 4.7207879804637702 -0.024294195173963459
3.4208453339088858 4.7206819770400434 -0.024294195174047958
3.4252086570388718 4.7205759736163158 -0.024294195174034701
3.4295719801688578 4.720469970192589 -0.024294195173995808
3.4339353032988433 4.7203639667688613 -0.024294195174172053
3.4382986264288293 4.7202579633451336 -0.024294195174116656
3.4426619495588149 4.7201519599214059 -0.024294195174161974
3.4470252726888009 4.7200459564976782 -0.024294195174036123
3.4513885958187869 4.7199399530739514 -0.024294195173876102
3.4557519189487724 4.7198339496502246 -0.024294195174038809
3.4601152420787584 4.7197279462264969 -0.024294195174158661
3.464478565208744 4.7196219428027693 -0.024294195174127214
3.46884188833873 4.7195159393790416 -0.024294195174133136
3.473205211468716 4.7194099359553139 -0.024294195174133483
3.4775685345987015 4.7193039325315862 -0.024294195174133591
3.4819318577286875 4.7191979291078585 -0.024294195174132813
3.4862951808586731 4.7190919256841308 -0.024294195174135825
3.4906585039886591 4.7189859222604031 -0.02429419517412456
3.4950218271186451 4.7188799188366755 -0.024294195174159174
3.4993851502486306 4.7187739154129478 -0.024294195174039395
3.5037484733786166 4.718667911989221 -0.024294195173873247
3.5081117965086026 4.7185619085654942 -0.02429419517403953
3.5124751196385882 4.7184559051417665 -0.02429419517415865
3.5168384427685742 4.7183499017180388 -0.024294195174126548
3.5212017658985597 4.7182438982943111 -0.024294195174135825
3.5255650890285457 4.7181378948705834 -0.024294195174130825
3.5299284121585317 4.7180318914468558 -0.024294195174134108
3.5342917352885173 4.7179258880231281 -0.024294195174133427
3.5386550584185033 4.7178198845994004 -0.024294195174132852
3.5430183815484888 4.7177138811756727 -0.024294195174135825
3.5473817046784748 4.717607877751945 -0.024294195174124521
3.5517450278084608 4.7175018743282173 -0.024294195174159317
3.5561083509384463 4.7173958709044896 -0.024294195174038861
3.5604716740684323 4.7172898674807628 -0.024294195173875235
3.5648349971984179 4.717183864057036 -0.024294195174039523
3.5691983203284039 4.7170778606333084 -0.024294195174156652
3.5735616434583899 4.7169718572095807 -0.024294195174127099
3.5779249665883754 4.716865853785853 -0.024294195174135627
3.5822882897183614 4.7167598503621253 -0.024294195174131051
3.5866516128483474 4.7166538469383976 -0.024294195174133414
3.591014935978333 4.7165478435146699 -0.024294195174135957
3.595378259108319 4.7164418400909423 -0.024294195174123408
3.5997415822383045 4.7163358366672146 -0.024294195174171068
3.6041049053682905 4.7162298332434869 -0.024294195173992988
3.6084682284982765 4.7161238298197601 -0.024294195174039551
3.6128315516282621 4.7160178263960324 -0.024294195174038812
3.6171948747582481 4.7159118229723056 -0.024294195173995191
3.6215581978882336 4.7158058195485779 -0.024294195174170415
3.6259215210182196 4.7156998161248502 -0.024294195174123814
3.6302848441482056 4.7155938127011225 -0.024294195174127578
3.6346481672781912 4.7154878092773949 -0.024294195174166533
3.6390114904081772 4.7153818058536672 -0.024294195174006952
3.6433748135381627 4.7152758024299404 -0.024294195173995645
3.6477381366681487 4.7151697990062127 -0.024294195174200475
3.6521014597981347 4.715063795582485 -0.024294195173995708
3.6564647829281203 4.7149577921587582 -0.024294195174006689
3.6608281060581063 4.7148517887350305 -0.024294195174167529
3.6651914291880923 4.7147457853113028 -0.024294195174116441
3.6695547523180778 4.7146397818875752 -0.024294195174167373
3.6739180754480638 4.7145337784638475 -0.024294195174014713
3.6782813985780494 4.7144277750401207 -0.024294195173963772
3.6826447217080354 4.714321771616393 -0.024294195174320198
3.6870080448380214 4.7142157681926644 -0.02429419517415933
3.6913713679680069 4.7141097647689376 -0.024294195173843132
3.6957346910979929 4.7140037613452108 -0.024294195174047475
3.7000980142279785 4.7138977579214831 -0.024294195174156964
3.7044613373579645 4.7137917544977554 -0.02429419517412533
3.7088246604879505 4.7136857510740278 -0.024294195174134947
3.713187983617936 4.7135797476503001 -0.024294195174135547
3.717551306747922 4.7134737442265724 -0.024294195174123522
3.7219146298779076 4.7133677408028447 -0.024294195174171022
3.7262779530078936 4.713261737379117 -0.024294195173993054
3.7306412761378795 4.7131557339553902 -0.024294195174039347
3.7350045992678651 4.7130497305316625 -0.024294195174039558
3.7393679223978511 4.7129437271079357 -0.024294195173992408
3.7437312455278371 4.7128377236842081 -0.024294195174173378
3.7480945686578226 4.7127317202604804 -0.024294195174114748
3.7524578917878086 4.7126257168367527 -0.024294195174168278
3.7568212149177942 4.712519713413025 -0.024294195174012795
3.7611845380477802 4.7124137099892982 -0.02429419517397053
3.7655478611777662 4.7123077065655705 -0.024294195174287655
3.7699111843077517 4.7122017031418419 -0.024294195174290188
3.7742745074377377 4.7120956997181143 -0.024294195173962925
3.7786378305677233 4.7119896962943875 -0.024294195174048103
3.7830011536977093 4.7118836928706598 -0.024294195174034663
3.7873644768276953 4.711777689446933 -0.024294195173995826
3.7917277999576808 4.7116716860232053 -0.024294195174172042
3.7960911230876668 4.7115656825994776 -0.024294195174116667
3.8004544462176524 4.7114596791757499 -0.024294195174161964
3.8048177693476384 4.7113536757520222 -0.024294195174036162
3.8091810924776244 4.7112476723282954 -0.024294195173875956
3.8135444156076099 4.7111416689045686 -0.024294195174039336
3.8179077387375959 4.711035665480841 -0.024294195174156683
3.8222710618675819 4.7109296620571133 -0.024294195174127179
3.8266343849975675 4.7108236586333856 -0.02429419517413528
3.8309977081275535 4.7107176552096579 -0.024294195174132355
3.835361031257539 4.7106116517859302 -0.024294195174135957
3.839724354387525 4.7105056483622025 -0.024294195174124487
3.844087677517511 4.7103996449384749 -0.024294195174159334
3.8484510006474966 4.7102936415147472 -0.024294195174038854
3.8528143237774826 4.7101876380910204 -0.024294195173875235
3.8571776469074681 4.7100816346672936 -0.024294195174039534
3.8615409700374541 4.7099756312435659 -0.024294195174156617
3.8659042931674401 4.7098696278198382 -0.024294195174127228
3.8702676162974257 4.7097636243961105 -0.024294195174135145
3.8746309394274117 4.7096576209723828 -0.024294195174132859
3.8789942625573972 4.7095516175486551 -0.02429419517413408
3.8833575856873832 4.7094456141249275 -0.024294195174131495
3.8877209088173692 4.7093396107011998 -0.024294195174133164
3.8920842319473548 4.7092336072774721 -0.024294195174136522
3.8964475550773408 4.7091276038537444 -0.024294195174121413
3.9008108782073267 4.7090216004300167 -0.024294195174171071
3.9051742013373123 4.708915597006289 -0.024294195173994969
3.9095375244672983 4.7088095935825622 -0.024294195174039052
3.9139008475972838 4.7087035901588346 -0.024294195174038826
3.9182641707272698 4.7085975867351078 -0.024294195173995642
3.9226274938572558 4.7084915833113801 -0.02429419517416118
3.9269908169872414 4.7083855798876524 -0.024294195174160295
3.9313541401172274 4.7082795764639247 -0.024294195173998296
3.9357174632472129 4.7081735730401979 -0.024294195174036519
3.9400807863771989 4.7080675696164702 -0.02429419517404563
3.9444441095071849 4.7079615661927434 -0.024294195173963553
3.9488074326371705 4.7078555627690157 -0.024294195174290135
3.9531707557671565 4.7077495593452872 -0.024294195174287218
3.957534078897142 4.7076435559215595 -0.02429419517397232
3.961897402027128 4.7075375524978327 -0.024294195174013506
3.966260725157114 4.707431549074105 -0.024294195174156229
3.9706240482870996 4.7073255456503773 -0.024294195174162241
3.9749873714170856 4.7072195422266496 -0.024294195173995475
3.9793506945470716 4.7071135388029228 -0.024294195174038431
3.9837140176770571 4.7070075353791951 -0.024294195174040797
3.9880773408070431 4.7069015319554683 -0.02429419517398837
3.9924406639370287 4.7067955285317407 -0.024294195174195721
3.9968039870670147 4.706689525108013 -0.024294195174029413
4.0011673101970002 4.7065835216842862 -0.024294195173876636
4.0055306333269867 4.7064775182605594 -0.024294195174035964
4.0098939564569722 4.7063715148368317 -0.024294195174162092
4.0142572795869578 4.706265511413104 -0.024294195174123744
4.0186206027169442 4.7061595079893763 -0.024294195174136154
4.0229839258469298 4.7060535045656486 -0.024294195174124858
4.0273472489769153 4.705947501141921 -0.024294195174172483
4.0317105721069009 4.7058414977181933 -0.024294195173993307
4.0360738952368873 4.7057354942944665 -0.024294195174036852
4.0404372183668729 4.7056294908707388 -0.024294195174041869
4.0448005414968584 4.705523487447012 -0.024294195173993068
4.0491638646268449 4.7054174840232843 -0.024294195174168434
4.0535271877568304 4.7053114805995566 -0.024294195174126426
4.057890510886816 4.7052054771758289 -0.024294195174133934
4.0622538340168024 4.7050994737521012 -0.024294195174131079
4.066617157146788 4.7049934703283736 -0.024294195174134985
4.0709804802767735 4.7048874669046459 -0.024294195174137053
4.0753438034067591 4.7047814634809182 -0.024294195174124886
4.0797071265367455 4.7046754600571905 -0.024294195174156635
4.0840704496667311 4.7045694566334628 -0.024294195174041824
4.0884337727967166 4.704463453209736 -0.024294195173873465
4.092797095926703 4.7043574497860092 -0.02429419517403621
4.0971604190566886 4.7042514463622815 -0.024294195174164285
4.1015237421866741 4.7041454429385539 -0.024294195174114713
4.1058870653166606 4.7040394395148262 -0.024294195174170093
4.1102503884466461 4.7039334360910985 -0.024294195173998168
4.1146137115766317 4.7038274326673717 -0.024294195174034659
4.1189770347066181 4.703721429243644 -0.024294195174045755
4.1233403578366037 4.7036154258199172 -0.024294195173964892
4.1277036809665892 4.7035094223961895 -0.024294195174292082
4.1320670040965748 4.7034034189724609 -0.024294195174285549
4.1364303272265612 4.7032974155487333 -0.024294195173969624
4.1407936503565468 4.7031914121250065 -0.024294195174018516
4.1451569734865323 4.7030854087012788 -0.024294195174153727
4.1495202966165188 4.7029794052775511 -0.024294195174159795
4.1538836197465043 4.7028734018538234 -0.024294195174000333
4.1582469428764899 4.7027673984300966 -0.02429419517403629
4.1626102660064763 4.7026613950063689 -0.024294195174037067
4.1669735891364619 4.7025553915826421 -0.024294195173998005
4.1713369122664474 4.7024493881589144 -0.024294195174168323
4.1757002353964339 4.7023433847351868 -0.024294195174121926
4.1800635585264194 4.7022373813114591 -0.024294195174137223
4.184426881656405 4.7021313778877314 -0.024294195174137233
4.1887902047863905 4.7020253744640037 -0.024294195174121923
4.193153527916377 4.701919371040276 -0.024294195174168313
4.1975168510463625 4.7018133676165483 -0.02429419517399806
4.2018801741763481 4.7017073641928215 -0.024294195174036852
4.2062434973063345 4.7016013607690939 -0.024294195174037098
4.2106068204363201 4.7014953573453671 -0.024294195173997321
4.2149701435663056 4.7013893539216394 -0.024294195174171019
4.2193334666962921 4.7012833504979117 -0.024294195174111848
4.2236967898262776 4.701177347074184 -0.024294195174174835
4.2280601129562632 4.7010713436504563 -0.024294195173996877
4.2324234360862487 4.7009653402267295 -0.024294195174035076
4.2367867592162352 4.7008593368030018 -0.02429419517404539
4.2411500823462207 4.700753333379275 -0.02429419517396595
4.2455134054762063 4.7006473299555473 -0.024294195174288231
4.2498767286061927 4.7005413265318188 -0.024294195174285028
4.2542400517361783 4.7004353231080911 -0.024294195173975554
4.2586033748661638 4.7003293196843643 -0.024294195174010168
4.2629666979961502 4.7002233162606366 -0.024294195174166332
4.2673300211261358 4.7001173128369089 -0.024294195174117763
4.2716933442561213 4.7000113094131812 -0.024294195174170686
4.2760566673861078 4.6999053059894536 -0.024294195173992728
4.2804199905160933 4.6997993025657268 -0.024294195174040977
4.2847833136460789 4.6996932991419991 -0.024294195174040776
4.2891466367760644 4.6995872957182723 -0.024294195173993349
4.2935099599060509 4.6994812922945446 -0.024294195174168386
4.2978732830360364 4.6993752888708169 -0.024294195174126364
4.302236606166022 4.6992692854470892 -0.024294195174134229
4.3065999292960084 4.6991632820233615 -0.024294195174129958
4.310963252425994 4.6990572785996338 -0.02429419517413918
4.3153265755559795 4.6989512751759062 -0.024294195174121402
4.319689898685966 4.6988452717521785 -0.024294195174168452
4.3240532218159515 4.6987392683284508 -0.024294195173998025
4.3284165449459371 4.698633264904724 -0.024294195174036849
4.3327798680759235 4.6985272614809963 -0.024294195174037147
4.3371431912059091 4.6984212580572695 -0.024294195173997134
4.3415065143358946 4.6983152546335418 -0.024294195174171727
4.3458698374658802 4.6982092512098141 -0.024294195174124043
4.3502331605958666 4.6981032477860865 -0.024294195174125333
4.3545964837258522 4.6979972443623588 -0.024294195174167862
4.3589598068558377 4.6978912409386311 -0.024294195174011296
4.3633231299858242 4.6977852375149043 -0.02429419517396952
4.3676864531158097 4.6976792340911766 -0.024294195174293206
4.3720497762457953 4.697573230667448 -0.0242941951742764
4.3764130993757817 4.6974672272437203 -0.024294195174005107
4.3807764225057673 4.6973612238199935 -0.024294195173885751
4.3851397456357528 4.6972552203962668 -0.024294195174038642
4.3895030687657384 4.6971492169725391 -0.0242941951741571
4.3938663918957248 4.6970432135488114 -0.024294195174126183
4.3982297150257104 4.6969372101250837 -0.024294195174131429
4.4025930381556959 4.696831206701356 -0.024294195174156187
4.4069563612856824 4.6967252032776283 -0.024294195174037046
4.4113196844156679 4.6966191998539015 -0.024294195173878194
4.4156830075456535 4.6965131964301747 -0.024294195174036925
4.4200463306756399 4.696407193006447 -0.024294195174156683
4.4244096538056255 4.6963011895827194 -0.02429419517412958
4.428772976935611 4.6961951861589917 -0.02429419517413307
4.4331363000655974 4.696089182735264 -0.02429419517413137
4.437499623195583 4.6959831793115363 -0.024294195174134701
4.4418629463255686 4.6958771758878086 -0.02429419517413791
4.4462262694555541 4.6957711724640809 -0.024294195174121739
4.4505895925855405 4.6956651690403532 -0.024294195174168372
4.4549529157155261 4.6955591656166256 -0.024294195173998032
4.4593162388455116 4.6954531621928988 -0.024294195174036904
4.4636795619754981 4.6953471587691711 -0.024294195174036914
4.4680428851054836 4.6952411553454443 -0.024294195173998008
4.4724062082354692 4.6951351519217166 -0.024294195174168459
4.4767695313654556 4.6950291484979889 -0.024294195174121399
4.4811328544954412 4.6949231450742612 -0.024294195174139194
4.4854961776254267 4.6948171416505335 -0.024294195174129882
4.4898595007554132 4.6947111382268059 -0.024294195174134513
4.4942228238853987 4.6946051348030782 -0.024294195174125299
4.4985861470153843 4.6944991313793505 -0.024294195174172355
4.5029494701453698 4.6943931279556228 -0.024294195173993356
4.5073127932753563 4.694287124531896 -0.024294195174036793
4.5116761164053418 4.6941811211081683 -0.024294195174042042
4.5160394395353274 4.6940751176844415 -0.024294195173992443
4.5204027626653138 4.6939691142607138 -0.024294195174170752
4.5247660857952994 4.6938631108369862 -0.024294195174117805
4.5291294089252849 4.6937571074132585 -0.024294195174166106
4.5334927320552714 4.6936511039895308 -0.024294195174011012
4.5378560551852569 4.693545100565804 -0.024294195173972421
4.5422193783152425 4.6934390971420763 -0.024294195174296696
4.5465827014452289 4.6933330937183477 -0.024294195174244679
4.5509460245752145 4.69322709029462 -0.024294195174128501
4.5553093477052 4.6931210868708924 -0.02429419517404937
4.5596726708351856 4.6930150834471656 -0.024294195173871432
4.564035993965172 4.6929090800234388 -0.024294195174036803
4.5683993170951576 4.6928030765997111 -0.024294195174163931
4.5727626402251431 4.6926970731759834 -0.024294195174115542
4.5771259633551296 4.6925910697522557 -0.02429419517416714
4.5814892864851151 4.692485066328528 -0.024294195174009131
4.5858526096151007 4.6923790629048012 -0.024294195173993741
4.5902159327450871 4.6922730594810735 -0.02429419517419848
4.5945792558750727 4.6921670560573459 -0.024294195174005575
4.5989425790050582 4.6920610526336191 -0.024294195173976615
4.6033059021350438 4.6919550492098914 -0.024294195174285368
4.6076692252650302 4.6918490457861628 -0.024294195174285802
4.6120325483950158 4.6917430423624351 -0.024294195173975328
4.6163958715250013 4.6916370389387083 -0.02429419517401029
4.6207591946549877 4.6915310355149806 -0.024294195174166092
4.6251225177849733 4.6914250320912529 -0.024294195174118592
4.6294858409149588 4.6913190286675253 -0.024294195174167615
4.6338491640449453 4.6912130252437976 -0.024294195174004191
4.6382124871749308 4.6911070218200708 -0.024294195173998202
4.6425758103049164 4.6910010183963431 -0.024294195174200412
4.6469391334349028 4.6908950149726154 -0.024294195173993376
4.6513024565648884 4.6907890115488886 -0.024294195174008673
4.6556657796948739 4.6906830081251609 -0.024294195174169326
4.6600291028248595 4.6905770047014332 -0.024294195174122089
4.6643924259548459 4.6904710012777056 -0.024294195174135558
4.6687557490848315 4.6903649978539779 -0.02429419517412891
4.673119072214817 4.6902589944302502 -0.024294195174156867
4.6774823953448035 4.6901529910065225 -0.024294195174036869
4.681845718474789 4.6900469875827957 -0.024294195173878239
4.6862090416047746 4.6899409841590689 -0.024294195174036907
4.690572364734761 4.6898349807353412 -0.02429419517415669
4.6949356878647466 4.6897289773116135 -0.02429419517412958
4.6992990109947321 4.6896229738878858 -0.02429419517413307
4.7036623341247186 4.6895169704641582 -0.02429419517413137
4.7080256572547041 4.6894109670404305 -0.024294195174134701
4.7123889803846897 4.6893049636167028 -0.024294195174137907
4.7167523035146752 4.6891989601929751 -0.024294195174121742
4.7211156266446617 4.6890929567692474 -0.024294195174168365
4.7254789497746472 4.6889869533455197 -0.024294195173998046
4.7298422729046328 4.6888809499217929 -0.024294195174036852
4.7342055960346192 4.6887749464980653 -0.024294195174037098
4.7385689191646048 4.6886689430743385 -0.024294195173997321
4.7429322422945903 4.6885629396506108 -0.024294195174171029
4.7472955654245768 4.6884569362268831 -0.024294195174111806
4.7516588885545623 4.6883509328031554 -0.024294195174174998
4.7560222116845479 4.6882449293794277 -0.024294195173996259
4.7603855348145334 4.6881389259557009 -0.024294195174037379
4.7647488579445199 4.6880329225319732 -0.02429419517403679
4.7691121810745054 4.6879269191082464 -0.02429419517399805
4.773475504204491 4.6878209156845188 -0.024294195174168441
4.7778388273344774 4.6877149122607911 -0.024294195174121409
4.782202150464463 4.6876089088370634 -0.024294195174139176
4.7865654735944485 4.6875029054133357 -0.024294195174129958
4.7909287967244349 4.687396901989608 -0.024294195174134229
4.7952921198544205 4.6872908985658803 -0.024294195174126364
4.7996554429844061 4.6871848951421526 -0.024294195174168379
4.8040187661143925 4.687078891718425 -0.024294195173993359
4.808382089244378 4.6869728882946982 -0.024294195174040769
4.8127454123743636 4.6868668848709705 -0.024294195174040981
4.8171087355043491 4.6867608814472437 -0.024294195173992731
4.8214720586343356 4.686654878023516 -0.024294195174170675
4.8258353817643211 4.6865488745997883 -0.024294195174117825
4.8301987048943067 4.6864428711760606 -0.024294195174166096
4.8345620280242931 4.6863368677523329 -0.024294195174011018
4.8389253511542787 4.6862308643286061 -0.0242941951739724
4.8432886742842642 4.6861248609048785 -0.024294195174296773
4.8476519974142507 4.6860188574811499 -0.024294195174244391
4.8520153205442362 4.6859128540574222 -0.024294195174129569
4.8563786436742218 4.6858068506336945 -0.024294195174045394
4.8607419668042082 4.6857008472099677 -0.024294195173871432
4.8651052899341938 4.6855948437862409 -0.024294195174040772
4.8694686130641793 4.6854888403625132 -0.024294195174162873
4.8738319361941649 4.6853828369387855 -0.024294195174115824
4.8781952593241513 4.6852768335150579 -0.024294195174167074
4.8825585824541369 4.6851708300913302 -0.024294195174009135
4.8869219055841224 4.6850648266676034 -0.024294195173993807
4.8912852287141089 4.6849588232438757 -0.024294195174198202
4.8956485518440944 4.684852819820148 -0.02429419517400664
4.90001187497408 4.6847468163964212 -0.024294195173972639
4.9043751981040664 4.6846408129726935 -0.024294195174285365
4.908738521234052 4.684534809548965 -0.024294195174289789
4.9131018443640375 4.6844288061252373 -0.024294195173974222
4.9174651674940231 4.6843228027015105 -0.024294195174010737
4.9218284906240095 4.6842167992777828 -0.024294195174165395
4.9261918137539951 4.6841107958540551 -0.02429419517412092
4.9305551368839806 4.6840047924303274 -0.024294195174159004
4.9349184600139671 4.6838987890065997 -0.024294195174036293
4.9392817831439526 4.6837927855828729 -0.024294195173878395
4.9436451062739382 4.6836867821591461 -0.02429419517403688
4.9480084294039246 4.6835807787354184 -0.024294195174156649
4.9523717525339102 4.6834747753116908 -0.024294195174129757
4.9567350756638957 4.6833687718879631 -0.024294195174132411
4.9610983987938821 4.6832627684642354 -0.02429419517413384
4.9654617219238677 4.6831567650405077 -0.024294195174125482
4.9698250450538533 4.68305076161678 -0.02429419517417231
4.9741883681838388 4.6829447581930523 -0.024294195173993352
4.9785516913138252 4.6828387547693255 -0.024294195174036849
4.9829150144438108 4.6827327513455979 -0.024294195174041834
4.9872783375737963 4.6826267479218711 -0.024294195173993224
4.9916416607037828 4.6825207444981434 -0.024294195174167827
4.9960049838337683 4.6824147410744157 -0.024294195174128716
5.0003683069637539 4.682308737650688 -0.024294195174125392
5.0047316300937403 4.6822027342269603 -0.024294195174162952
5.0090949532237259 4.6820967308032326 -0.024294195174016042
5.0134582763537114 4.6819907273795058 -0.02429419517397028
5.0178215994836979 4.6818847239557781 -0.024294195174285403
5.0221849226136834 4.6817787205320496 -0.024294195174292019
5.026548245743669 4.6816727171083219 -0.02429419517396525
5.0309115688736545 4.6815667136845951 -0.024294195174044408
5.035274892003641 4.6814607102608674 -0.02429419517403969
5.0396382151336265 4.6813547068371406 -0.024294195173979412
5.0440015382636121 4.6812487034134129 -0.024294195174240078
5.0483648613935985 4.6811426999896852 -0.024294195173853506
5.0527281845235841 4.6810366965659593 -0.024294195173917794
5.0570915076535696 4.6809306931422316 -0.024294195174062054
5.0614548307835561 4.6808246897185048 -0.024294195174016552
5.0658181539135416 4.6807186862947772 -0.024294195174054324
5.0701814770435272 4.6806126828710504 -0.024294195173963556
5.0745448001735127 4.6805066794473227 -0.024294195174288866
5.0789081233034992 4.6804006760235941 -0.024294195174284869
5.0832714464334847 4.6802946725998664 -0.024294195173975582
5.0876347695634703 4.6801886691761396 -0.02429419517401022
5.0919980926934567 4.6800826657524119 -0.024294195174166106
5.0963614158234423 4.6799766623286843 -0.024294195174118585
5.1007247389534278 4.6798706589049566 -0.024294195174167615
5.1050880620834143 4.6797646554812289 -0.024294195174004191
5.1094513852133998 4.6796586520575021 -0.024294195173998202
5.1138147083433854 4.6795526486337744 -0.024294195174200416
5.1181780314733718 4.6794466452100467 -0.024294195173993362
5.1225413546033574 4.6793406417863199 -0.024294195174008725
5.1269046777333429 4.6792346383625922 -0.024294195174169145
5.1312680008633285 4.6791286349388646 -0.024294195174122769
5.1356313239933149 4.6790226315151369 -0.024294195174133029
5.1399946471233005 4.6789166280914092 -0.024294195174138354
5.144357970253286 4.6788106246676815 -0.024294195174121624
5.1487212933832724 4.6787046212439538 -0.024294195174168396
5.153084616513258 4.6785986178202261 -0.024294195173998022
5.1574479396432436 4.6784926143964993 -0.024294195174036911
5.16181126277323 4.6783866109727716 -0.024294195174036918
5.1661745859032155 4.6782806075490448 -0.024294195173997987
5.1705379090332011 4.6781746041253172 -0.024294195174168531
5.1749012321631875 4.6780686007015895 -0.024294195174121125
5.1792645552931731 4.6779625972778618 -0.024294195174140207
5.1836278784231586 4.6778565938541341 -0.024294195174126107
5.1879912015531442 4.6777505904304064 -0.024294195174163459
5.1923545246831306 4.6776445870066787 -0.024294195174013291
5.1967178478131162 4.6775385835829519 -0.02429419517396595
5.2010811709431017 4.6774325801592243 -0.024294195174320309
5.2054444940730882 4.6773265767354957 -0.024294195174156704
5.2098078172030737 4.6772205733117689 -0.024294195173846116
5.2141711403330593 4.6771145698880421 -0.024294195174045571
5.2185344634630457 4.6770085664643144 -0.024294195174154185
5.2228977865930313 4.6769025630405867 -0.024294195174130933
5.2272611097230168 4.676796559616859 -0.024294195174130159
5.2316244328530024 4.6766905561931313 -0.024294195174156524
5.2359877559829888 4.6765845527694037 -0.02429419517403696
5.2403510791129744 4.6764785493456769 -0.024294195173878218
5.2447144022429599 4.6763725459219501 -0.024294195174036914
5.2490777253729464 4.6762665424982224 -0.02429419517415669
5.2534410485029319 4.6761605390744947 -0.024294195174129559
5.2578043716329175 4.676054535650767 -0.024294195174133146
5.2621676947629039 4.6759485322270393 -0.024294195174131086
5.2665310178928895 4.6758425288033116 -0.024294195174135766
5.270894341022875 4.675736525379584 -0.024294195174133931
5.2752576641528615 4.6756305219558563 -0.024294195174121746
5.279620987282847 4.6755245185321286 -0.024294195174172334
5.2839843104128326 4.6754185151084009 -0.024294195173996985
5.2883476335428181 4.6753125116846741 -0.024294195174037143
5.2927109566728046 4.6752065082609464 -0.024294195174037001
5.2970742798027901 4.6751005048372196 -0.024294195173997425
5.3014376029327757 4.6749945014134919 -0.024294195174170707
5.3058009260627621 4.6748884979897642 -0.024294195174112982
5.3101642491927477 4.6747824945660366 -0.024294195174170592
5.3145275723227332 4.6746764911423089 -0.024294195174012708
5.3188908954527196 4.6745704877185821 -0.024294195173961152
5.3232542185827052 4.6744644842948544 -0.02429419517432525
5.3276175417126908 4.6743584808711258 -0.024294195174156583
5.3319808648426772 4.674252477447399 -0.024294195173841661
5.3363441879726627 4.6741464740236722 -0.024294195174048697
5.3407075111026483 4.6740404705999445 -0.024294195174160954
5.3450708342326338 4.6739344671762169 -0.024294195174115567
5.3494341573626203 4.6738284637524892 -0.024294195174170016
5.3537974804926058 4.6737224603287615 -0.024294195173997602
5.3581608036225914 4.6736164569050347 -0.024294195174036991
5.3625241267525778 4.673510453481307 -0.024294195174037008
5.3668874498825634 4.6734044500575802 -0.024294195173997557
5.3712507730125489 4.6732984466338525 -0.024294195174170179
5.3756140961425354 4.6731924432101248 -0.024294195174114949
5.3799774192725209 4.6730864397863972 -0.024294195174163251
5.3843407424025065 4.6729804363626695 -0.024294195174040103
5.388704065532492 4.6728744329389427 -0.024294195173873753
5.3930673886624785 4.6727684295152159 -0.024294195174036786
5.397430711792464 4.6726624260914882 -0.024294195174161683
5.4017940349224496 4.6725564226677605 -0.02429419517412456
5.406157358052436 4.6724504192440328 -0.024294195174133316
5.4105206811824216 4.6723444158203051 -0.024294195174135415
5.4148840043124071 4.6722384123965774 -0.024294195174133101
5.4192473274423936 4.6721324089728498 -0.024294195174125406
5.4236106505723791 4.6720264055491221 -0.024294195174158522
5.4279739737023647 4.6719204021253944 -0.024294195174048575
5.4323372968323511 4.6718143987016676 -0.024294195173829733
5.4367006199623367 4.6717083952779408 -0.024294195174204402
5.4410639430923222 4.6716023918542122 -0.024294195174160729
5.4454272662223078 4.6714963884304854 -0.024294195173960764
5.4497905893522942 4.6713903850067577 -0.024294195174178787
5.4541539124822798 4.6712843815830301 -0.024294195174117329
5.4585172356122653 4.6711783781593024 -0.024294195174159979
5.4628805587422518 4.6710723747355747 -0.024294195174035981
5.4672438818722373 4.6709663713118479 -0.024294195173878656
5.4716072050022229 4.6708603678881211 -0.024294195174036123
5.4759705281322093 4.6707543644643934 -0.024294195174159417
5.4803338512621949 4.6706483610406657 -0.024294195174119463
5.4846971743921804 4.670542357616938 -0.0242941951741708
5.4890604975221668 4.6704363541932103 -0.024294195173990559
5.4934238206521524 4.6703303507694836 -0.024294195174049547
5.497787143782138 4.6702243473457559 -0.02429419517400868
5.5021504669121235 4.6701183439220291 -0.024294195174113152
5.5065137900421099 4.6700123404983005 -0.024294195174331942
5.5108771131720955 4.6699063370745728 -0.024294195173962977
5.5152404363020811 4.669800333650846 -0.024294195174013541
5.5196037594320675 4.6696943302271183 -0.024294195174165426
5.523967082562053 4.6695883268033906 -0.024294195174118006
5.5283304056920386 4.669482323379663 -0.02429419517417062
5.532693728822025 4.6693763199559353 -0.024294195173992745
5.5370570519520106 4.6692703165322085 -0.02429419517404097
5.5414203750819961 4.6691643131084808 -0.024294195174040776
5.5457836982119817 4.669058309684754 -0.024294195173993349
5.5501470213419681 4.6689523062610263 -0.024294195174168386
5.5545103444719537 4.6688463028372986 -0.024294195174126364
5.5588736676019392 4.6687402994135709 -0.024294195174134229
5.5632369907319257 4.6686342959898433 -0.024294195174129958
5.5676003138619112 4.6685282925661156 -0.02429419517413918
5.5719636369918968 4.6684222891423879 -0.024294195174121402
5.5763269601218832 4.6683162857186602 -0.024294195174168445
5.5806902832518688 4.6682102822949325 -0.024294195173998046
5.5850536063818543 4.6681042788712057 -0.024294195174036783
5.5894169295118408 4.667998275447478 -0.024294195174037383
5.5937802526418263 4.6678922720237512 -0.024294195173996246
5.5981435757718119 4.6677862686000235 -0.02429419517417505
5.6025068989017974 4.6676802651762959 -0.024294195174111636
5.6068702220317839 4.6675742617525682 -0.024294195174171647
5.6112335451617694 4.6674682583288405 -0.024294195173995017
5.615596868291755 4.6673622549051137 -0.024294195174045699
5.6199601914217414 4.667256251481386 -0.024294195174004767
5.624323514551727 4.6671502480576592 -0.024294195174117812
5.6286868376817125 4.6670442446339306 -0.024294195174332064
5.633050160811699 4.666938241210203 -0.024294195173957835
5.6374134839416845 4.6668322377864762 -0.024294195174019189
5.6417768070716701 4.6667262343627485 -0.024294195174162821
5.6461401302016565 4.6666202309390208 -0.024294195174122762
5.6505034533316421 4.6665142275152931 -0.024294195174139357
5.6548667764616276 4.6664082240915654 -0.024294195174127897
5.6592300995916132 4.6663022206678377 -0.024294195174157138
5.6635934227215996 4.66619621724411 -0.024294195174036796
5.6679567458515852 4.6660902138203832 -0.02429419517387826
5.6723200689815707 4.6659842103966565 -0.024294195174036901
5.6766833921115571 4.6658782069729288 -0.024294195174156697
5.6810467152415427 4.6657722035492011 -0.024294195174129559
5.6854100383715283 4.6656662001254734 -0.024294195174133153
5.6897733615015147 4.6655601967017457 -0.024294195174131068
5.6941366846315002 4.665454193278018 -0.024294195174135825
5.6985000077614858 4.6653481898542903 -0.024294195174133705
5.7028633308914722 4.6652421864305627 -0.024294195174122585
5.7072266540214578 4.665136183006835 -0.024294195174169191
5.7115899771514433 4.6650301795831073 -0.024294195174008729
5.7159533002814289 4.6649241761593805 -0.024294195173993307
5.7203166234114153 4.6648181727356528 -0.024294195174200596
5.7246799465414009 4.6647121693119251 -0.02429419517399755
5.7290432696713864 4.6646061658881983 -0.024294195174006623
5.7334065928013729 4.6645001624644706 -0.024294195174158515
5.7377699159313584 4.6643941590407429 -0.024294195174152572
5.742133239061344 4.6642881556170153 -0.024294195174039263
5.7464965621913304 4.6641821521932885 -0.024294195173872924
5.750859885321316 4.6640761487695617 -0.024294195174040953
5.7552232084513015 4.663970145345834 -0.024294195174160683
5.7595865315812871 4.6638641419221063 -0.0242941951741244
5.7639498547112735 4.6637581384983786 -0.02429419517413494
5.7683131778412591 4.6636521350746509 -0.02429419517412908
5.7726765009712446 4.6635461316509232 -0.024294195174156819
5.7770398241012311 4.6634401282271956 -0.024294195174036883
5.7814031472312166 4.6633341248034688 -0.024294195173878239
5.7857664703612022 4.663228121379742 -0.024294195174036904
5.7901297934911886 4.6631221179560143 -0.024294195174156704
5.7944931166211742 4.6630161145322866 -0.024294195174129531
5.7988564397511597 4.6629101111085589 -0.024294195174133251
5.8032197628811462 4.6628041076848312 -0.024294195174130694
5.8075830860111317 4.6626981042611035 -0.02429419517413723
5.8119464091411173 4.6625921008373759 -0.024294195174128463
5.8163097322711028 4.6624860974136482 -0.024294195174156999
5.8206730554010893 4.6623800939899205 -0.024294195174036786
5.8250363785310748 4.6622740905661937 -0.02429419517387844
5.8293997016610604 4.6621680871424669 -0.024294195174036182
5.8337630247910468 4.6620620837187392 -0.024294195174159407
5.8381263479210324 4.6619560802950115 -0.024294195174119453
5.8424896710510179 4.6618500768712838 -0.024294195174170877
5.8468529941810043 4.6617440734475561 -0.024294195173990271
5.8512163173109899 4.6616380700238293 -0.024294195174050612
5.8555796404409755 4.6615320666001017 -0.024294195174004704
5.8599429635709619 4.6614260631763749 -0.024294195174113149
5.8643062867009474 4.6613200597526463 -0.024294195174335932
5.868669609830933 4.6612140563289186 -0.024294195173961856
5.8730329329609186 4.6611080529051918 -0.024294195174014051
5.877396256090905 4.6610020494814641 -0.02429419517416451
5.8817595792208905 4.6608960460577364 -0.024294195174121153
5.8861229023508761 4.6607900426340088 -0.024294195174158959
5.8904862254808625 4.6606840392102811 -0.024294195174036248
5.8948495486108481 4.6605780357865543 -0.024294195173878635
5.8992128717408336 4.6604720323628275 -0.024294195174035964
5.9035761948708201 4.6603660289390998 -0.024294195174160087
5.9079395180008056 4.6602600255153721 -0.024294195174116941
5.9123028411307912 4.6601540220916444 -0.024294195174180237
5.9166661642607767 4.6600480186679167 -0.0242941951739702
5.9210294873907632 4.6599420152441899 -0.024294195174121517
5.9253928105207487 4.6598360118204614 -0.024294195174336997
5.9297561336507343 4.6597300083967337 -0.024294195173949238
5.9341194567807207 4.6596240049730069 -0.024294195174048613
5.9384827799107063 4.6595180015492792 -0.024294195174038875
5.9428461030406918 4.6594119981255524 -0.024294195173993286
5.9472094261706783 4.6593059947018247 -0.024294195174170544
5.9515727493006638 4.659199991278097 -0.024294195174117777
5.9559360724306494 4.6590939878543693 -0.024294195174166405
5.9602993955606358 4.6589879844306417 -0.024294195174009842
5.9646627186906214 4.6588819810069149 -0.02429419517397681
5.9690260418206069 4.6587759775831872 -0.024294195174280331
5.9733893649505925 4.6586699741594586 -0.024294195174320615
5.9777526880805789 4.6585639707357309 -0.024294195173841095
5.9821160112105645 4.658457967312005 -0.024294195173886906
5.98647933434055 4.6583519638882773 -0.024294195174198036
5.9908426574705365 4.6582459604645496 -0.024294195174114193
5.995205980600522 4.658139957040822 -0.024294195174138427
5.9995693037305076 4.6580339536170943 -0.024294195174140183
6.003932626860494 4.6579279501933666 -0.02429419517409406
6.0082959499904796 4.6578219467696389 -0.024294195174276816
6.0126592731204651 4.6577159433459103 -0.024294195174217402
6.0170225962504515 4.6576099399221826 -0.024294195174257467
6.0213859193804371 4.6575039364984541 -0.024294195174156635
6.0257492425104227 4.6573979330747273 -0.02429419517392405
6.0301125656404082 4.6572919296510005 -0.024294195173733917
6.0344758887703946 4.6571859262272755 -0.024294195173490844
6.0388392119003802 4.6570799228035504 -0.024294195173431957
6.0432025350303658 4.6569739193798263 -0.024294195173314732
6.0475658581603522 4.6568679159561013 -0.024294195173827682
6.0519291812903377 4.6567619125323736 -0.024294195174335773
6.0562925044203233 4.6566559091086432 -0.024294195175469289
6.0606558275503097 4.6565499056849067 -0.024294195176518964
6.0650191506802953 4.6564439022611683 -0.024294195176682756
6.0693824738102808 4.65633789883743 -0.024294195176214083
6.0737457969402664 4.6562318954136961 -0.024294195174871677
6.0781091200702528 4.6561258919899693 -0.024294195172756442
6.0824724432002384 4.656019888566254 -0.024294195169735789
6.0868357663302239 4.655913885142553 -0.024294195166239159
6.0911990894602104 4.6558078817188653 -0.024294195164300817
6.0955624125901959 4.6557018782951785 -0.024294195165780151
6.0999257357201815 4.6555958748714783 -0.024294195170365324
6.1042890588501679 4.6554898714477506 -0.024294195178621136
6.1086523819801535 4.6553838680239785 -0.024294195190476701
6.113015705110139 4.6552778646001514 -0.024294195203208101
6.1173790282401255 4.655171861176278 -0.024294195210028086
6.121742351370111 4.6550658577523993 -0.024294195205435406
6.1261056745000966 4.6549598543285677 -0.024294195188299634
6.1304689976300821 4.6548538509048392 -0.024294195158232779
6.1348323207600686 4.6547478474812705 -0.024294195114863845
6.1391956438900541 4.6546418440579078 -0.024294195066811852
6.1435589670200397 4.6545358406347219 -0.024294195039206323
6.1479222901500261 4.6544298372115662 -0.024294195055380292
6.1522856132800117 4.6543238337882329 -0.024294195119660602
6.1566489364099972 4.6542178303645194 -0.024294195229878805
6.1610122595399837 4.654111826940218 -0.024294195390337309
6.1653755826699692 4.6540058235151474 -0.024294195571383514
6.1697389057999548 4.6538998200894062 -0.024294195676645418
6.1741022289299412 4.6537938166635424 -0.024294195619861941
6.1784655520599268 4.653687813238319 -0.024294195385715384
6.1828288751899123 4.6535818098144919 -0.024294194978841638
6.1871921983198979 4.6534758063928408 -0.024294194384382527
6.1915555214498843 4.6533698029740505 -0.024294193705988152
6.1959188445798699 4.653263799557795 -0.024294193304225789
6.2002821677098554 4.6531577961420583 -0.024294193490213004
6.2046454908398418 4.6530517927240131 -0.024294194378504677
6.2090088139698274 4.6529457893008086 -0.024294195773834709
6.213372137099813 4.652839785869622 -0.024294198339659272
6.2177354602297994 4.6527337824275801 -0.024294199632641914
6.2220987833597849 4.6526277789767612 -0.024294205393059057
6.2264621064897705 4.6525217755207979 -0.024294190630009382
6.2308254296197561 4.6524157720842325 -0.024294234121814983
6.2351887527497425 4.652309768625404 -0.024294076887637527
6.239552075879728 4.6522037653500607 -0.02429455148435888
6.2439153990097136 4.6520977615403938 -0.024293051550428799
6.2482787221397 4.6519917599086806 -0.024297446612584851
6.2526420452696856 4.6518857502925748 -0.024285358511196228
6.2570053683996711 4.6517797704782602 -0.024314315316324001
6.2613686915296576 4.6516736792597948 -0.024266681846783527
6.2657320146596431 4.6515680034373368 -0.024219249515159715
6.2700953377896287 4.6514607767789382 -0.025237283303956741
6.2744586609196151 4.6513593372336857 -0.018299930823725909
6.2788219840496007 4.6512362993426439 -0.055902309748081455
6.2831853071795862 4.6509480214213799 -0.040890751289376429
