# q  U_kJmol  dU_dq   # conservative spline pchip_hermite_v1
0 4.0194380707169568 0.12363980246900015
0.0043633231299858239 4.0194380707169568 0.024311189862294427
0.0087266462599716477 4.0202029830787192 0.30503043839822119
0.013089969389957472 4.0218781857449359 0.43326656810063796
0.017453292519943295 4.0238749274048162 0.48654623910768779
0.021816615649929118 4.0260862888958231 0.51382707908706005
0.026179938779914945 4.0282713416338325 0.48089720831079724
0.030543261909900768 4.0302146449486891 0.40103262554785307
0.034906585039886591 4.0316934536966089 0.26784322811256128
0.039269908169872414 4.0324884843724256 0.090971289248623077
0.043633231299858237 4.0324810807779219 -0.090195894033768126
0.04799655442984406 4.0317557911790924 -0.23395044498496778
0.05235987755982989 4.0305086774716852 -0.33012694536651982
0.056723200689815713 4.0289409094255078 -0.38091190525439217
0.061086523819801536 4.0272529595494344 -0.38469218837675712
0.065449846949787352 4.0256439389654899 -0.34714925169853361
0.069813170079773182 4.0242446890634369 -0.2950452346062179
0.074176493209759012 4.0230486856065522 -0.25703458068798379
0.078539816339744828 4.0219696535371394 -0.24101564943188705
0.082903139469730658 4.0209153770810886 -0.2456577204845366
0.087266462599716474 4.0197947510196137 -0.27170628990918477
0.091629785729702304 4.0185170167093895 -0.31650824447611847
0.09599310885968812 4.0170244726184094 -0.36696385776937823
0.10035643198967395 4.0153273477573332 -0.40869115240727494
0.10471975511965978 4.0134768264057286 -0.43745339490774754
0.1090830782496456 4.0115277927962758 -0.4538768275207567
0.11344640137963143 4.0095344258917684 -0.45763422221067673
0.11780972450961724 4.0075508794936248 -0.44991045641259447
0.12217304763960307 4.0056159145501926 -0.43689389429624442
0.1265363707695889 4.0037358174150439 -0.42555743459949946
0.1308996938995747 4.0018966276482066 -0.41806967469076334
0.13526301702956053 4.0000822779599066 -0.41415255940421392
0.13962634015954636 3.9982771208748349 -0.41390963209096732
0.14398966328953219 3.9964654294401445 -0.416970776077984
0.14835298641951802 3.994636635724369 -0.42122047761801973
0.15271630954950383 3.9927914160185898 -0.42421286860398871
0.15707963267948966 3.9909376696230057 -0.42514980200698071
0.16144295580947549 3.9890841066286966 -0.42414610004926745
0.16580627893946132 3.98723928576905 -0.42108722800782689
0.17016960206944712 3.9854118581217248 -0.41635707719184489
0.17453292519943295 3.9836049333770536 -0.41228110312081773
0.17889624832941878 3.9818090435817117 -0.4116313204582927
0.18325957145940461 3.9800064064643141 -0.41535846981654306
0.18762289458939044 3.9781782685998452 -0.42327179414717953
0.19198621771937624 3.9763060558467997 -0.43572803082117501
0.19634954084936207 3.9743708125647235 -0.45163002049723111
0.2007128639793479 3.9723701306340486 -0.4638947252271215
0.20507618710933373 3.9703405096422886 -0.46382324997140978
0.20943951023931956 3.9683449171788148 -0.44834518637730603
0.21380283336930536 3.9664497468824571 -0.41788742721955557
0.21816615649929119 3.96472070777997 -0.37192793624989057
0.22252947962927702 3.96322436893999 -0.31200734903635113
0.22689280275926285 3.9620025157418501 -0.24893384788867073
0.23125612588924865 3.9610367426281643 -0.19635831724154354
0.23561944901923448 3.9602664362102571 -0.15927324385712444
0.23998277214922031 3.9596250005223776 -0.13719108039979522
0.24434609527920614 3.9590470074272019 -0.13037990677369893
0.24870941840919197 3.9584662447724206 -0.13799106001407527
0.2530727415391778 3.9578315875047978 -0.15331703584850745
0.25743606466916363 3.957129731420483 -0.16765968853880178
0.26179938779914941 3.9563747248675947 -0.17770917530074667
0.26616271092913524 3.9555848090088763 -0.18371401658101918
0.27052603405912107 3.9547774388244665 -0.1856477457319006
0.2748893571891069 3.9539703877837984 -0.18368927113104308
0.27925268031909273 3.9531775401709841 -0.17960445566240019
0.28361600344907856 3.9524027286481975 -0.17573593244002983
0.28797932657906439 3.9516422872830073 -0.17301394617360966
0.29234264970905022 3.9508913165551136 -0.17137869133043998
0.29670597283903605 3.9501451419817055 -0.17083257349380848
0.30106929596902182 3.9493989961058036 -0.1713349758127049
0.30543261909900765 3.948649110011476 -0.17242333818488728
0.30979594222899348 3.9478943842811534 -0.17346655974297448
0.31415926535897931 3.9471357737818726 -0.17420377012938015
0.31852258848896514 3.9463745943197175 -0.17464896617900871
0.32288591161895097 3.9456120978081932 -0.17480279680238628
0.3272492347489368 3.9448495628388995 -0.17467425631690173
0.33161255787892263 3.9440880119950643 -0.1743843944266123
0.33597588100890846 3.9433277594246348 -0.17410312060829439
0.34033920413889424 3.9425685569243742 -0.17390347566373188
0.34470252726888007 3.9418100511756498 -0.17378230312515688
0.3490658503988659 3.9410519068739243 -0.17373907450468978
0.35342917352885173 3.9402937811633967 -0.17377186650829129
0.35779249665883756 3.9395353967266877 -0.1738490317671364
0.36215581978882339 3.9387766641127877 -0.17392485474991576
0.36651914291880922 3.9380176476946067 -0.17397891601289586
0.37088246604879505 3.9372584423286829 -0.17401188832680206
0.37524578917878088 3.9364991378261291 -0.17402401003265952
0.37960911230876665 3.9357398261108489 -0.17401567132666027
0.38397243543875248 3.9349805823552799 -0.17399513789465026
0.38833575856873831 3.9342214319492719 -0.17397470224278835
0.39269908169872414 3.9334623582379709 -0.17396006445560477
0.39706240482870997 3.9327033357600012 -0.1739510944160309
0.4014257279586958 3.9319443404581493 -0.17394770199538317
0.40578905108868163 3.9311853476900018 -0.17394981474851101
0.41015237421866746 3.9304263370875381 -0.17395527608246955
0.41451569734865329 3.9296673014646544 -0.1739607827397073
0.41887902047863912 3.9289082451184667 -0.17396474584463559
0.42324234360862489 3.9281491748813204 -0.17396718578156417
0.42760566673861072 3.9273900971972067 -0.17396813380622575
0.43196898986859655 3.926631018670717 -0.17396760110336845
0.43633231299858238 3.9258719448180281 -0.17396614959638262
0.44069563612856821 3.9251128776684387 -0.17396466614672235
0.44505895925855404 3.9243538161182094 -0.1739635929042686
0.44942228238853987 3.9235947583363027 -0.17396292857960197
0.4537856055185257 3.9228357025983955 -0.17396266286236184
0.45814892864851153 3.9220766471365613 -0.17396279489158603
0.46251225177849731 3.9213175904583508 -0.17396317899692496
0.46687557490848314 3.920558531989272 -0.17396357817547958
0.47123889803846897 3.919799472005546 -0.17396387006090566
0.4756022211684548 3.919040410990557 -0.17396405377952551
0.47996554429844063 3.9182813493986957 -0.17396413269207756
0.48432886742842646 3.9175222876956841 -0.17396410637269397
0.48869219055841229 3.9167632262817307 -0.17396401041720741
0.49305551368839812 3.9160041653292437 -0.1739639045358804
0.49741883681838395 3.9152451047929517 -0.1739638205810782
0.50178215994836972 3.9144860445721688 -0.17396375919898693
0.50614548307835561 3.9137269845734748 -0.17396371905701311
0.51050880620834138 3.9129679247020976 -0.17396370077324172
0.51487212933832727 3.9122088648643683 -0.17396370337921141
0.51923545246831304 3.9114498049725479 -0.17396372529481488
0.52359877559829882 3.9106907449445165 -0.17396376586845924
0.5279620987282847 3.9099316846992531 -0.1739638246678078
0.53232542185827048 3.9091726241560867 -0.17396390307753706
0.53668874498825636 3.9084135632283759 -0.17396399985556255
0.54105206811824214 3.9076545018837976 -0.1739640853439145
0.54541539124822802 3.9068954402877525 -0.17396410612528165
0.5497787143782138 3.9061363788073855 -0.17396403087290344
0.55414203750819968 3.905377317867547 -0.17396385992659444
0.55850536063818546 3.9046182578842981 -0.17396358962170483
0.56286868376817123 3.9038591992988652 -0.17396322301756376
0.56723200689815712 3.9031001423466818 -0.17396287573179459
0.57159533002814289 3.9023410864790238 -0.17396276287463902
0.57595865315812877 3.9015820303228113 -0.17396301431979036
0.58032197628811455 3.9008229722597485 -0.17396363084545641
0.58468529941810043 3.9000639107063435 -0.17396462413383823
0.58904862254808621 3.8993048439851581 -0.17396598734129023
0.59341194567807209 3.8985457711448497 -0.17396730152625178
0.59777526880805787 3.8977866941276083 -0.17396776062561212
0.60213859193804364 3.8970276180105321 -0.17396686298276984
0.60650191506802953 3.8962685488409932 -0.17396459877198836
0.6108652381980153 3.8955094925369806 -0.17396093079885089
0.61522856132800119 3.8947504553622423 -0.17395586889770248
0.61959188445798696 3.8939914410373815 -0.17395092173678703
0.62395520758797285 3.8932324426657119 -0.17394909325673349
0.62831853071795862 3.8924734414955857 -0.17395230980856069
0.63268185384794451 3.8917144149619136 -0.17396063484794141
0.63704517697793028 3.8909553409745459 -0.17397418358600406
0.64140850010791606 3.8901961961794358 -0.17399297416968804
0.64577182323790194 3.8894369661022159 -0.17401158257391566
0.65013514636788772 3.8886776751848471 -0.17401882463794391
0.6544984694978736 3.8879183926524203 -0.1740073135211917
0.65886179262785938 3.8871592026852975 -0.17397670764777398
0.66322511575784526 3.8864001877373315 -0.17392666473498364
0.66758843888783104 3.8856414348538495 -0.17385692568459329
0.67195176201781692 3.8848830001696051 -0.17378696485197537
0.6763150851478027 3.8841247972836888 -0.17375839676174343
0.68067840827778847 3.8833665707480445 -0.17379951751971173
0.68504173140777436 3.8826080065667785 -0.17391201096236075
0.68940505453776013 3.881848796954912 -0.17409682985546057
0.69376837766774602 3.881088617550112 -0.17435560673805725
0.69813170079773179 3.8803272512400335 -0.17461851677735593
0.70249502392771768 3.879565002583405 -0.17473081249587324
0.70685834705770345 3.878802813799668 -0.17458421081522679
0.71122167018768934 3.8780418559415848 -0.17417083411307008
0.71558499331767511 3.8772832779817126 -0.1734883229861276
0.71994831644766089 3.8765282883722563 -0.17252827870721868
0.72431163957764677 3.8757777247657761 -0.17154070345110195
0.72867496270763255 3.8750305169396118 -0.17110068867789302
0.73303828583761843 3.874283191087553 -0.17162220706545245
0.73740160896760421 3.8735313803871501 -0.17314085149847058
0.74176493209759009 3.872770795436522 -0.17566104003686939
0.74612825522757587 3.8719969347827883 -0.17922207262202022
0.75049157835756175 3.871206573953339 -0.18293013999602309
0.75485490148754752 3.8704034608513376 -0.18464933982881548
0.7592182246175333 3.8696003968439916 -0.18279853488227446
0.76358154774751918 3.8688136631988783 -0.17722086983074328
0.76794487087750496 3.8680592742014381 -0.167915863359093
0.77230819400749084 3.8673539951014289 -0.15470953441782095
0.77667151713747662 3.8667102123120292 -0.14079262975056814
0.7810348402674625 3.8661148505946161 -0.13409295194617646
0.78539816339744828 3.8655207582791613 -0.14064391456244243
0.78976148652743416 3.8648672419639167 -0.1611238980821034
0.79412480965741994 3.8640945099340378 -0.19547662166628199
0.79848813278740571 3.8631401295869718 -0.24444461457778477
0.8028514559173916 3.8619566121129649 -0.29665518615486158
0.80721477904737737 3.8605893790570827 -0.32270152024366805
0.81157810217736326 3.8592120187478587 -0.29958212847281307
0.81594142530734903 3.8580507459587867 -0.22440551304000089
0.82030474843733492 3.8573288149972189 -0.097591341865579634
0.82466807156732069 3.8572786903471101 0.083944543320808931
0.82903139469730658 3.8580821271928523 0.27975248216862447
0.83339471782729235 3.8595820694679959 0.38073235494838087
0.83775804095727824 3.8611397729152843 0.29960043973688555
0.84212136408726401 3.8619126669241015 0.023266661849419109
0.84648468721724979 3.8610641331647333 -0.44467314877451641
0.85084801034723567 3.8577449904560011 -1.1100573307290653
0.85521133347722145 3.8511758967309468 -1.9137481021107172
0.85957465660720733 3.8410847441169276 -2.689691871354301
0.86393797973719311 3.8279424568761109 -3.3016209795097669
0.86830130286717899 3.8125441498300079 -3.7268913798348251
0.87266462599716477 3.795680979180422 -3.9721716549718793
0.87702794912715065 3.7781482208500412 -4.0333207560833344
0.88139127225713643 3.7607120218489118 -3.9374293495178376
0.8857545953871222 3.7439014431830384 -3.7633117127513063
0.89011791851710809 3.7278881467791187 -3.5773579046428257
0.89448124164709386 3.7126829622049042 -3.3915031029557179
0.89884456477707975 3.6982965021975698 -3.2023458040213915
0.90320788790706552 3.6847416258581909 -3.0101614404246271
0.90757121103705141 3.6720252239704161 -2.8198088122381417
0.91193453416703718 3.6601092207363974 -2.6465975434451288
0.91629785729702307 3.6488850686319405 -2.5037998720425882
0.92066118042700884 3.6382115455030899 -2.3939354325845628
0.92502450355699462 3.6279470842628081 -2.3163560279654187
0.9293878266869805 3.6179503906397841 -2.2711843962943767
0.93375114981696627 3.6080801779489606 -2.2583849920402663
0.93811447294695216 3.598195087680899 -2.2780214261015934
0.94247779607693793 3.5881533031444688 -2.3302392057488674
0.94684111920692382 3.5778127838689313 -2.4148615730528222
0.95120444233690959 3.5670326860426078 -2.5317811498213709
0.95556776546689548 3.5556671518923779 -2.6842287905392896
0.95993108859688125 3.5435926289669464 -2.8474997917954088
0.96429441172686703 3.5309238900816085 -2.9379857200110764
0.96865773485685291 3.5181713636540746 -2.8789318758787137
0.97302105798683869 3.5060407528750961 -2.6546716922113291
0.97738438111682457 3.495238646091932 -2.2697565041916863
0.98174770424681035 3.4864875147348906 -1.7101185459979467
0.98611102737679623 3.4804335958119892 -1.0689720700529715
0.99047435050678201 3.4767962400614012 -0.67722281650574057
0.99483767363676789 3.4737084340419839 -0.84601729549244931
0.99920099676675367 3.4684982604612835 -1.6439785163932559
1.0035643198967394 3.4584709955018229 -3.0545596662291512
1.0079276430267252 3.4409181691847497 -5.1004567634619606
1.0122909661567112 3.4132239860311158 -7.6531654190421374
1.016654289286697 3.3740903544835827 -10.234302397879306
1.0210176124166828 3.3245428648349806 -12.382272593761602
1.0253809355466685 3.2668217054685229 -13.989097578672121
1.0297442586766545 3.2032195829656223 -15.077081185032148
1.0341075818066403 3.1360233402386783 -15.632909219767551
1.0384709049366261 3.0674832697090357 -15.716696451115347
1.0428342280666119 2.9992185221043215 -15.56036932961336
1.0471975511965976 2.9317086285931486 -15.393593040557262
1.0515608743265836 2.8648157102942395 -15.273824965061337
1.0559241974565694 2.7983661057317883 -15.190672574187749
1.0602875205865552 2.7321936808797003 -15.147675409144219
1.064650843716541 2.6661384147988691 -15.131689291834792
1.0690141668465269 2.6001814464130573 -15.090493971876578
1.0733774899765127 2.5345627006100022 -14.971132133957511
1.0777408131064985 2.469668343009201 -14.759177446639919
1.0821041362364843 2.4058953269291852 -14.457327754805396
1.08646745936647 2.3436390490250689 -14.062871217790661
1.090830782496456 2.2832915558832094 -13.587330973902652
1.0951941056264418 2.225107739768339 -13.0839300134444
1.0995574287564276 2.1690722858632299 -12.608334306840186
1.1039207518864134 2.1150177575231495 -12.175028951030018
1.1082840750163994 2.0627669967234783 -11.781682780546797
1.1126473981463851 2.0121451325172592 -11.428246810015589
1.1170107212763709 1.9629770397629569 -11.115850438951725
1.1213740444063567 1.9150717287397907 -10.851107507197261
1.1257373675363425 1.8682035341658836 -10.64118209672141
1.1301006906663285 1.8221275477601173 -10.487875711140848
1.1344640137963142 1.7765982396466187 -10.390476142795551
1.1388273369263 1.7313700774441934 -10.350459818313169
1.1431906600562858 1.6861975004438539 -10.362654438127713
1.1475539831862718 1.6409035700095669 -10.399111188690862
1.1519173063162575 1.5954579434294232 -10.428824628870972
1.1562806294462433 1.5499171605893052 -10.443237329790167
1.1606439525762291 1.50434436843606 -10.443305693590178
1.1650072757062149 1.4588013518124567 -10.430155373863586
1.1693705988362009 1.4133491435573899 -10.399780907654069
1.1737339219661866 1.3681064831540781 -10.327919366940295
1.1780972450961724 1.3233217029549293 -10.186850267213822
1.1824605682261582 1.2793217289768797 -9.968579957724824
1.1868238913561442 1.236439557915554 -9.6745926114822964
1.19118721448613 1.1950068347073235 -9.303700697193209
1.1955505376161157 1.1553561786582014 -8.8594296410044162
1.1999138607461015 1.1177696112723086 -8.3629838284132187
1.2042771838760873 1.0824151330859355 -7.83920382009011
1.2086405070060733 1.049388269835424 -7.2957480325441821
1.2130038301360591 1.0187770364448319 -6.7321362951032784
1.2173671532660448 0.99067083833128866 -6.1468388954685791
1.2217304763960306 0.96516069167177543 -5.544391343996165
1.2260937995260166 0.94226858476479669 -4.9545339079306663
1.2304571226560024 0.92185367792950212 -4.4131823532484979
1.2348204457859882 0.9036688190600034 -3.9319806600173179
1.2391837689159739 0.88745526128731989 -3.5095041530378781
1.2435470920459597 0.87295683529648194 -3.1460073293204913
1.2479104151759457 0.85991623373061876 -2.8409071404012729
1.2522737383059315 0.84808808529727919 -2.5888571097175856
1.2566370614359172 0.83725670656748186 -2.3832076872460628
1.261000384565903 0.8272261869315507 -2.2218968891436695
1.265363707695889 0.817802689779355 -2.1048014346149051
1.2697270308258748 0.80879230825933901 -2.0330987480839431
1.2740903539558606 0.79999875212790617 -2.0038894067543844
1.2784536770858463 0.7912763941707206 -1.994399043997529
1.2828170002158321 0.78260808518496661 -1.9754562422330073
1.2871803233458181 0.77406594388931338 -1.9368099628027613
1.2915436464758039 0.76573356808332793 -1.8793672414984948
1.2959069696057897 0.75769223461850799 -1.8034543054999195
1.3002702927357754 0.75002332445883457 -1.7083833941712949
1.3046336158657614 0.742817942989906 -1.589821720602755
1.3089969389957472 0.73619197733390496 -1.4420635062840061
1.313360262125733 0.73027931455780692 -1.2628501347654821
1.3177235852557188 0.72521671862191728 -1.0525679937871339
1.3220869083857045 0.72114003268399884 -0.81058523988146547
1.3264502315156905 0.71818725834772623 -0.53819191827921908
1.3308135546456763 0.71646836274818826 -0.24865073420276809
1.3351768777756621 0.71601602493615535 0.039964725240640556
1.3395402009056478 0.71680586366737975 0.32084037225770812
1.3439035240356338 0.71880526073973705 0.59441106107261832
1.3482668471656196 0.72198309387112181 0.86111666635669715
1.3526301702956054 0.72630887046401615 1.1202242932748419
1.3569934934255912 0.73173834723942699 1.3652043135600203
1.3613568165555769 0.73818864340155199 1.5868886632195978
1.3657201396855629 0.74554725149563283 1.7815442365314424
1.3700834628155487 0.7536967404497692 1.949516500360132
1.3744467859455345 0.76252082857240544 2.0905617188970198
1.3788101090755203 0.77190184457427358 2.2051442072156298
1.3831734322055063 0.78173540848017942 2.2998334582281004
1.387536755335492 0.79195656967612371 2.3841352514447789
1.3919000784654778 0.80253143980508701 2.4619234424616501
1.3962634015954636 0.81343130206913949 2.5331093662209354
1.4006267247254494 0.82462663410431081 2.5971756630592617
1.4049900478554354 0.83608675845586622 2.6549323883675569
1.4093533709854211 0.84779848681165848 2.7148871470280356
1.4137166941154069 0.8598001457970168 2.7896431748030603
1.4180800172453927 0.87217233695859098 2.8847650806025533
1.4224433403753787 0.88500395925518938 3.0001621682462254
1.4268066635053644 0.89838255356299634 3.1354037450859731
1.4311699866353502 0.91239525762222562 3.2910923531872207
1.435533309765336 0.92713968601598018 3.4721746876213602
1.4398966328953218 0.94274345524013881 3.6860925683524255
1.4442599560253078 0.959359854293107 3.9364109287366094
1.4486232791552935 0.97714804528683019 4.2231173833394235
1.4529866022852793 0.99626634017351234 4.5461500691826719
1.4573499254152651 1.0168734564641697 4.905463138530771
1.4617132485452511 1.0391249496243513 5.2994066246847016
1.4660765716752369 1.0631661056350192 5.7253914023636252
1.4704398948052226 1.0891333144621544 6.1822467125397491
1.4748032179352084 1.1171610230954854 6.6697923751811592
1.4791665410651942 1.1473837946530989 7.1886638213543597
1.4835298641951802 1.1799381967754923 7.7379575588905487
1.487893187325166 1.2149370574509302 8.3057081509289965
1.4922565104551517 1.2524181014514548 8.8727214867121145
1.4966198335851375 1.2923510999762531 9.4293808431905113
1.5009831567151235 1.3346893727794324 9.9753146077503274
1.5053464798451093 1.3793881418395326 10.511622646639966
1.509709802975095 1.4264050131305859 11.037224095220639
1.5140731261050808 1.4756695433341855 11.53769638745649
1.5184364492350666 1.5270190391982315 11.989098996898246
1.5227997723650526 1.5802046553923341 12.378956407257879
1.5271630954950384 1.6349558520496816 12.706961339847465
1.5315264186250241 1.6910047658416758 12.973742613320914
1.5358897417550099 1.7480836318095463 13.179000117978665
1.5402530648849959 1.8059207841764777 13.320691103148924
1.5446163880149817 1.8642308593498071 13.395186751855597
1.5489797111449675 1.9227152183954783 13.400499705834264
1.5533430342749532 1.981071916530841 13.336807828647785
1.557706357404939 2.0389997140192797 13.203598844191241
1.562069680534925 2.0961947648648223 13.001436815327811
1.5664330036649108 2.1523768941247181 12.743060852131055
1.5707963267948966 2.2073497849869019 12.450882072391705
1.5751596499248823 2.261000284752003 12.13735293043489
1.5795229730548683 2.3132382689566366 11.803264971921411
1.5838862961848541 2.363971472527437 11.44736083365602
1.5882496193148399 2.4131046556884996 11.070361392939661
1.5926129424448257 2.4605700583393246 10.687488882027784
1.5969762655748114 2.506402660201712 10.32666582614482
1.6013395887047974 2.5507426357988634 10.003945208368942
1.6057029118347832 2.5937600555059062 9.720074062613925
1.610066234964769 2.6356217473968409 9.4743369017843175
1.6144295580947547 2.6764950713637505 9.266985049478496
1.6187928812247407 2.7165461003058295 9.0972094784482689
1.6231562043547265 2.7559358848719384 8.9636570579879411
1.6275195274847123 2.7948203187406175 8.8655506215820505
1.6318828506146981 2.8333536200997105 8.802654311835834
1.6362461737446838 2.8716899644497769 8.7755073926841796
1.6406094968746698 2.9099858249012085 8.7837390363226824
1.6449728200046556 2.9483778256056983 8.8162258714588706
1.6493361431346414 2.9869261148171873 8.8516041182250547
1.6536994662646272 3.0256078824291377 8.8768333461047551
1.6580627893946132 3.0643738070092921 8.8901732449860198
1.6624261125245989 3.1031748674656994 8.8936041397431431
1.6667894356545847 3.1419712709091616 8.8874963846174957
1.6711527587845705 3.1806647187124844 8.8345075002355493
1.6755160819145565 3.2188856971436408 8.6569376973110259
1.6798794050445423 3.2559586998907051 8.3060698415136471
1.684242728174528 3.2911152973274183 7.7801978940085794
1.6886060513045138 3.3235997348564421 7.0796884876552921
1.6929693744344996 3.3526398848937093 6.2022386013492197
1.6973326975644856 3.3775532057660422 5.2070311853707958
1.7016960206944713 3.3980931765830666 4.2210180024938477
1.7060593438244571 3.4145207301097802 3.3258942919738574
1.7104226669544429 3.4272571832194991 2.5270987571202093
1.7147859900844289 3.4367076866060406 1.8203382892582292
1.7191493132144147 3.4432798554183894 1.2079260080628083
1.7235126363444004 3.4473901208207938 0.69265842366864061
1.7278759594743862 3.44947203722091 0.2788708964083475
1.732239282604372 3.4499768440459739 -0.029642126446506822
1.736602605734358 3.4493681498581603 -0.23173007978591417
1.7409659288643438 3.4481104445856952 -0.32667929792345818
1.7453292519943295 3.4466735238121133 -0.31424112617447125
1.7496925751243153 3.4454838841125532 -0.22224615434167294
1.7540558982543013 3.4447600099704747 -0.11240946244792333
1.7584192213842871 3.4444662309343759 -0.02780278127826985
1.7627825445142729 3.4444735074237762 0.026635946614124158
1.7671458676442586 3.4446577232556219 0.052919416620515455
1.7715091907742444 3.4448932114915651 0.050253647649140511
1.7758725139042304 3.4450647926263067 0.025946275694344677
1.7802358370342162 3.4451120765107981 -0.0035582478053451895
1.7845991601642019 3.4450433772752618 -0.026437395252957737
1.7889624832941877 3.4448931520454167 -0.041213545964977352
1.7933258064241737 3.4446946842717185 -0.048452070272338013
1.7976891295541595 3.4444816250002042 -0.047923327099670704
1.8020524526841453 3.4442850410352275 -0.041504564013191671
1.806415775814131 3.4441216182536771 -0.033580822914383787
1.8107790989441168 3.443989465654985 -0.027394806119710086
1.8151424220741028 3.4438793889711867 -0.023384539340960967
1.8195057452040886 3.4437824614765153 -0.021392625731041611
1.8238690683340744 3.443689672676697 -0.021484273484335775
1.8282323914640601 3.4435926455346513 -0.023178108568957627
1.8325957145940461 3.443486774929148 -0.025305507527055685
1.8369590377240319 3.4433724751071506 -0.02697789655536818
1.8413223608540177 3.4432521979522601 -0.028066155210841021
1.8456856839840035 3.4431283378549411 -0.02861389268357898
1.8500490071139892 3.4430033073971797 -0.02860281445612909
1.8544123302439752 3.4428793647485838 -0.028156147970321257
1.858775653373961 3.4427577795012478 -0.027585139938090506
1.8631389765039468 3.4426384660208047 -0.02713305697908169
1.8675022996339325 3.4425207708565564 -0.026837772732813965
1.8718656227639185 3.4424040517090337 -0.026687260752937529
1.8762289458939043 3.442287662623924 -0.026686599050475691
1.8805922690238901 3.4421709950497772 -0.026804298598985931
1.8849555921538759 3.4420536993336643 -0.026957515668089113
1.8893189152838616 3.4419357914662596 -0.027079710671584011
1.8936822384138476 3.4418174454844404 -0.02715982309662825
1.8980455615438334 3.4416988337022802 -0.027201154528394923
1.9024088846738192 3.4415801290658257 -0.027202309139170551
1.906772207803805 3.4414614955263869 -0.02717131846718223
1.911135530933791 3.441343029284412 -0.027130218573794884
1.9154988540637767 3.4412247279615142 -0.027097193551166531
1.9198621771937625 3.4411065452375871 -0.027075460884479558
1.9242255003237483 3.4409884348803503 -0.02706411825692635
1.9285888234537341 3.4408703505865548 -0.027063545860414366
1.9329521465837201 3.4407522481979971 -0.02707169921387708
1.9373154697137058 3.4406341012723454 -0.02708272068878096
1.9416787928436916 3.4405159099246205 -0.027091645253622901
1.9460421159736774 3.4403976864739816 -0.027097540224902149
1.9504054391036634 3.4402794433258626 -0.027100651102513824
1.9547687622336491 3.4401611928769942 -0.027100875235995765
1.9591320853636349 3.4400429470175675 -0.027098731982265475
1.9634954084936207 3.4399247130089687 -0.027095777366965813
1.9678587316236065 3.4398064909634005 -0.027093365878903871
1.9722220547535925 3.4396882776070181 -0.027091767028412164
1.9765853778835782 3.4395700696107632 -0.027090914322176959
1.980948701013564 3.4394518636556848 -0.027090835235818789
1.9853120241435498 3.4393336565410548 -0.027091398126790584
1.9896753472735358 3.439215446274595 -0.027092189936805459
1.9940386704035216 3.4390972327870912 -0.02709284147102865
1.9984019935335073 3.4389790169478665 -0.02709327507504412
2.0027653166634933 3.4388607996503806 -0.027093508675492341
2.0071286397934789 3.4387425817832096 -0.027093534982826264
2.0114919629234649 3.4386243642077305 -0.027093387287076481
2.0158552860534504 3.4385061474700827 -0.027093175159835132
2.0202186091834364 3.4383879315995243 -0.027092999147459152
2.0245819323134224 3.4382697163654172 -0.027092881565657548
2.028945255443408 3.4381515015279493 -0.027092817604540773
2.033308578573394 3.4380332868492207 -0.027092809180742406
2.0376719017033795 3.4379150720974794 -0.027092847895827537
2.0420352248333655 3.437796857123141 -0.027092904705584175
2.0463985479633515 3.4376786419154337 -0.027092952250546056
2.0507618710933371 3.4375604265354927 -0.027092984132798866
2.0551251942233231 3.4374422110476921 -0.027093001636780821
2.0594885173533091 3.437323995515726 -0.027093004263323183
2.0638518404832946 3.4372057800019311 -0.027092994125556494
2.0682151636132806 3.4370875645472445 -0.027092978916599501
2.0725784867432662 3.4369693491553539 -0.027092966074995846
2.0769418098732522 3.4368511338100696 -0.027092957430910801
2.0813051330032382 3.4367329184941093 -0.027092952642967374
2.0856684561332237 3.4366147031904202 -0.027092951840100941
2.0900317792632097 3.4364964878822377 -0.027092954491903559
2.0943951023931953 3.4363782725583691 -0.027092958561902369
2.0987584255231813 3.4362600572176074 -0.027092962029962368
2.1031217486531673 3.4361418418642344 -0.027092964373445709
2.1074850717831528 3.4360236265028909 -0.027092965682435403
2.1118483949131388 3.4359054111381422 -0.027092965924409799
2.1162117180431244 3.4357871957744948 -0.027092965231591409
2.1205750411731104 3.4356689804150085 -0.027092964142691571
2.1249383643030963 3.4355507650600656 -0.027092963206264017
2.1293016874330819 3.4354325497085352 -0.027092962570837178
2.1336650105630679 3.4353143343591714 -0.027092962213070483
2.1380283336930539 3.4351961190107509 -0.027092962141307089
2.1423916568230394 3.4350779036620622 -0.027092962322029082
2.1467549799530254 3.4349596883122713 -0.027092962613162928
2.151118303083011 3.4348414729612582 -0.027092962866019765
2.155481626212997 3.4347232576093223 -0.027092963038218173
2.159844949342983 3.4346050422567975 -0.027092963135913802
2.1642082724729685 3.4344868269040121 -0.027092963157043657
2.1685715956029545 3.4343686115512906 -0.027092963110091246
2.1729349187329401 3.4342503961988609 -0.027092963032199102
2.1772982418629261 3.4341321808467602 -0.027092962963864212
2.1816615649929121 3.4340139654949091 -0.027092962917238395
2.1860248881228976 3.4338957501432179 -0.027092962890567604
2.1903882112528836 3.4337775347915986 -0.027092962884492595
2.1947515343828692 3.4336593194399638 -0.027092962896686102
2.1991148575128552 3.4335411040882522 -0.027092962917496407
2.2034781806428412 3.4334228887364517 -0.027092962935942707
2.2078415037728267 3.4333046733845842 -0.027092962948527467
2.2122048269028127 3.4331864580326732 -0.027092962955770072
2.2165681500327987 3.4330682426807426 -0.027092962957563943
2.2209314731627843 3.4329500273288152 -0.027092962954451488
2.2252947962927703 3.4328318119769081 -0.027092962948924763
2.2296581194227558 3.4327135966250246 -0.027092962943916124
2.2340214425527418 3.4325953812731598 -0.027092962940470752
2.2383847656827278 3.4324771659213065 -0.02709296293848993
2.2427480888127134 3.4323589505694589 -0.027092962937958872
2.2471114119426994 3.4322407352176105 -0.027092962938705265
2.2514747350726849 3.4321225198657572 -0.027092962940220087
2.2558380582026709 3.4320043045138968 -0.027092962941658402
2.2602013813326569 3.4318860891620315 -0.027092962942626017
2.2645647044626425 3.4317678738101627 -0.027092962943126856
2.2689280275926285 3.431649658458293 -0.027092962943209228
2.2732913507226145 3.4315314431064232 -0.027092962942981309
2.2776546738526 3.4314132277545553 -0.027092962942597547
2.282017996982586 3.4312950124026886 -0.027092962942223169
2.2863813201125716 3.4311767970508238 -0.027092962941967114
2.2907446432425576 3.4310585816989594 -0.027092962941839063
2.2951079663725436 3.4309403663470959 -0.027092962941683028
2.2994712895025291 3.4308221509952324 -0.02709296294183285
2.3038346126325151 3.430703935643368 -0.027092962942000243
2.3081979357625007 3.4305857202915031 -0.027092962942096861
2.3125612588924866 3.4304675049396378 -0.027092962942153659
2.3169245820224726 3.4303492895877725 -0.027092962942126902
2.3212879051524582 3.4302310742359072 -0.027092962942185404
2.3256512282824442 3.4301128588840415 -0.027092962942283493
2.3300145514124297 3.4299946435321758 -0.027092962942137967
2.3343778745424157 3.4298764281803109 -0.027092962942011332
2.3387411976724017 3.4297582128284461 -0.027092962942044423
2.3431045208023873 3.4296399974765812 -0.027092962942047005
2.3474678439323733 3.4295217821247164 -0.027092962942003581
2.3518311670623593 3.4294035667728515 -0.027092962942166402
2.3561944901923448 3.4292853514209858 -0.027092962942177494
2.3605578133223308 3.4291671360691209 -0.027092962941970306
2.3649211364523164 3.4290489207172561 -0.027092962942177307
2.3692844595823024 3.4289307053653904 -0.027092962942167138
2.3736477827122884 3.4288124900135255 -0.027092962941992534
2.3780111058422739 3.4286942746616607 -0.027092962942098748
2.3823744289722599 3.4285760593097954 -0.027092962942153825
2.3867377521022455 3.4284578439579301 -0.027092962942132624
2.3911010752322315 3.4283396286060648 -0.027092962942162339
2.3954643983622175 3.4282214132541995 -0.027092962942056417
2.399827721492203 3.4281031979023346 -0.027092962942153336
2.404191044622189 3.4279849825504689 -0.027092962942176911
2.4085543677521746 3.4278667671986041 -0.027092962941985689
2.4129176908821606 3.4277485518467392 -0.027092962942116335
2.4172810140121466 3.4276303364948739 -0.027092962942082022
2.4216443371421321 3.4275121211430091 -0.02709296294209692
2.4260076602721181 3.4273939057911438 -0.027092962942071638
2.4303709834021041 3.4272756904392789 -0.027092962942149596
2.4347343065320897 3.4271574750874132 -0.027092962942176647
2.4390976296620757 3.4270392597355483 -0.027092962941990484
2.4434609527920612 3.4269210443836835 -0.027092962942097423
2.4478242759220472 3.4268028290318182 -0.02709296294216117
2.4521875990520332 3.4266846136799529 -0.027092962942096292
2.4565509221820188 3.4265663983280881 -0.027092962941995001
2.4609142453120048 3.4264481829762232 -0.027092962942159706
2.4652775684419903 3.4263299676243575 -0.027092962942212858
2.4696408915719763 3.4262117522724922 -0.02709296294214087
2.4740042147019623 3.4260935369206269 -0.027092962942062048
2.4783675378319479 3.4259753215687621 -0.027092962942152275
2.4827308609619338 3.4258571062168963 -0.027092962942175523
2.4870941840919194 3.4257388908650315 -0.027092962941992309
2.4914575072219054 3.4256206755131666 -0.027092962942091237
2.4958208303518914 3.4255024601613013 -0.027092962942175818
2.5001841534818769 3.425384244809436 -0.027092962942052174
2.5045474766118629 3.4252660294575712 -0.027092962942156823
2.5089107997418489 3.4251478141057055 -0.027092962942158925
2.5132741228718345 3.4250295987538406 -0.027092962942054159
2.5176374460018205 3.4249113834019753 -0.027092962942165767
2.522000769131806 3.42479316805011 -0.027092962942129428
2.526364092261792 3.4246749526982447 -0.027092962942163193
2.530727415391778 3.4245567373463794 -0.027092962942056185
2.5350907385217636 3.4244385219945146 -0.027092962942153416
2.5394540616517496 3.4243203066426489 -0.027092962942176835
2.5438173847817351 3.424202091290784 -0.027092962941985925
2.5481807079117211 3.4240838759389192 -0.027092962942115474
2.5525440310417071 3.4239656605870539 -0.027092962942085238
2.5569073541716927 3.423847445235189 -0.027092962942084901
2.5612706773016787 3.4237292298833237 -0.027092962942116484
2.5656340004316642 3.4236110145314589 -0.027092962941990512
2.5699973235616502 3.423492799179594 -0.027092962942157482
2.5743606466916362 3.4233745838277283 -0.027092962942217969
2.5787239698216218 3.423256368475863 -0.027092962942122656
2.5830872929516078 3.4231381531239977 -0.027092962942138095
2.5874506160815938 3.4230199377721324 -0.027092962942163377
2.5918139392115793 3.4229017224202671 -0.027092962942055057
2.5961772623415653 3.4227835070684023 -0.027092962942157725
2.6005405854715509 3.4226652917165366 -0.027092962942160719
2.6049039086015369 3.4225470763646717 -0.027092962942046075
2.6092672317315229 3.4224288610128064 -0.027092962942188038
2.6136305548615084 3.4223106456609411 -0.027092962942048448
2.6179938779914944 3.4221924303090763 -0.027092962942159494
2.62235720112148 3.4220742149572105 -0.027092962942160247
2.626720524251466 3.4219559996053457 -0.027092962942046179
2.631083847381452 3.4218377842534804 -0.0270929629421881
2.6354471705114375 3.4217195689016151 -0.027092962942048108
2.6398104936414235 3.4216013535497503 -0.027092962942160813
2.6441738167714091 3.4214831381978845 -0.027092962942155303
2.6485371399013951 3.4213649228460197 -0.027092962942064654
2.6529004630313811 3.4212467074941544 -0.027092962942119141
2.6572637861613666 3.4211284921422895 -0.027092962942000125
2.6616271092913526 3.4210102767904247 -0.027092962942116359
2.6659904324213386 3.4208920614385594 -0.027092962942067502
2.6703537555513241 3.4207738460866945 -0.027092962942154981
2.6747170786813101 3.4206556307348288 -0.027092962942159238
2.6790804018112957 3.420537415382964 -0.027092962942054728
2.6834437249412817 3.4204192000310987 -0.027092962942163196
2.6878070480712677 3.4203009846792334 -0.027092962942130885
2.6921703712012532 3.4201827693273681 -0.027092962942159918
2.6965336943312392 3.4200645539755028 -0.027092962942076103
2.7008970174612248 3.4199463386236379 -0.027092962942076998
2.7052603405912108 3.4198281232717727 -0.027092962942157239
2.7096236637211968 3.4197099079199074 -0.027092962942132454
2.7139869868511823 3.4195916925680421 -0.027092962942159616
2.7183503099811683 3.4194734772161768 -0.027092962942075766
2.7227136331111539 3.4193552618643119 -0.027092962942078653
2.7270769562411399 3.4192370465124466 -0.02709296294215096
2.7314402793711259 3.4191188311605814 -0.027092962942155904
2.7358036025011114 3.4190006158087161 -0.027092962942072092
2.7401669256310974 3.4188824004568512 -0.027092962942097079
2.7445302487610834 3.4187641851049859 -0.027092962942072661
2.748893571891069 3.4186459697531211 -0.02709296294215361
2.753256895021055 3.4185277544012553 -0.027092962942159585
2.7576202181510405 3.4184095390493905 -0.027092962942054724
2.7619835412810265 3.4182913236975252 -0.02709296294216286
2.7663468644110125 3.4181731083456599 -0.027092962942132211
2.7707101875409981 3.4180548929937946 -0.027092962942154977
2.7750735106709841 3.4179366776419293 -0.02709296294209455
2.7794368338009696 3.4178184622900645 -0.027092962942008161
2.7838001569309556 3.4177002469381996 -0.027092962942108809
2.7881634800609416 3.4175820315863343 -0.027092962942089668
2.7925268031909272 3.4174638162344695 -0.027092962942073872
2.7968901263209132 3.4173456008826042 -0.027092962942156181
2.8012534494508987 3.4172273855307389 -0.027092962942148052
2.8056167725808847 3.4171091701788736 -0.027092962942098273
2.8099800957108707 3.4169909548270088 -0.027092962941991924
2.8143434188408563 3.4168727394751439 -0.027092962942170049
2.8187067419708423 3.4167545241232782 -0.027092962942174573
2.8230700651008283 3.4166363087714133 -0.027092962941970059
2.8274333882308138 3.4165180934195485 -0.027092962942181203
2.8317967113607998 3.4163998780676827 -0.027092962942151792
2.8361600344907854 3.4162816627158179 -0.027092962942058294
2.8405233576207713 3.4161634473639526 -0.027092962942156375
2.8448866807507573 3.4160452320120873 -0.027092962942154599
2.8492500038807429 3.415927016660222 -0.027092962942071894
2.8536133270107289 3.4158088013083572 -0.027092962942099157
2.8579766501407144 3.4156905859564919 -0.027092962942072821
2.8623399732707004 3.415572370604627 -0.027092962942150911
2.8667032964006864 3.4154541552527613 -0.02709296294216194
2.871066619530672 3.4153359399008965 -0.027092962942048007
2.875429942660658 3.4152177245490312 -0.027092962942187371
2.8797932657906435 3.4150995091971659 -0.027092962942049173
2.8841565889206295 3.414981293845301 -0.027092962942157281
2.8885199120506155 3.4148630784934353 -0.027092962942160095
2.8928832351806011 3.4147448631415704 -0.027092962942049027
2.8972465583105871 3.4146266477897051 -0.027092962942185141
2.9016098814405731 3.4145084324378399 -0.027092962942048784
2.9059732045705586 3.414390217085975 -0.027092962942161073
2.9103365277005446 3.4142720017341093 -0.027092962942153596
2.9146998508305302 3.4141537863822444 -0.027092962942071218
2.9190631739605162 3.4140355710303791 -0.027092962942102877
2.9234264970905022 3.4139173556785143 -0.027092962942050325
2.9277898202204877 3.413799140326649 -0.027092962942237168
2.9321531433504737 3.4136809249747833 -0.027092962942152986
2.9365164664804593 3.4135627096229184 -0.027092962941997558
2.9408797896104453 3.4134444942710536 -0.027092962942092794
2.9452431127404313 3.4133262789191883 -0.027092962942164338
2.9496064358704168 3.413208063567323 -0.027092962942096538
2.9539697590004028 3.4130898482154581 -0.027092962941990852
2.9583330821303884 3.4129716328635933 -0.027092962942176065
2.9626964052603744 3.4128534175117275 -0.027092962942151577
2.9670597283903604 3.4127352021598627 -0.027092962942056029
2.9714230515203459 3.4126169868079974 -0.027092962942165653
2.9757863746503319 3.4124987714561321 -0.02709296294212803
2.9801496977803179 3.4123805561042668 -0.027092962942160632
2.9845130209103035 3.4122623407524015 -0.027092962942076117
2.9888763440402895 3.4121441254005367 -0.027092962942076242
2.993239667170275 3.4120259100486714 -0.02709296294216024
2.997602990300261 3.4119076946968061 -0.027092962942129473
3.001966313430247 3.4117894793449408 -0.027092962942160254
3.0063296365602326 3.4116712639930755 -0.027092962942076186
3.0106929596902186 3.4115530486412107 -0.027092962942076332
3.0150562828202041 3.4114348332893454 -0.027092962942159807
3.0194196059501901 3.4113166179374801 -0.027092962942131111
3.0237829290801761 3.4111984025856148 -0.027092962942154145
3.0281462522101616 3.4110801872337495 -0.027092962942098998
3.0325095753401476 3.4109619718818847 -0.027092962941991205
3.0368728984701332 3.4108437565300198 -0.027092962942172172
3.0412362216001192 3.4107255411781541 -0.027092962942166794
3.0455995447301052 3.4106073258262892 -0.027092962941999046
3.0499628678600907 3.4104891104744239 -0.027092962942378354
3.0543261909900767 3.4103708951225586 -0.027092962941334217
3.0586895141200627 3.4102526797706942 -0.027092962944512515
3.0630528372500483 3.4101344644188281 -0.027092962933462403
3.0674161603800343 3.4100162490669668 -0.027092962972347201
3.0717794835100198 3.4098980337150864 -0.027092962837628784
3.0761428066400058 3.4097798183632793 -0.02709296330036701
3.0805061297699918 3.4096616030111986 -0.027092961721829546
3.0848694528999774 3.4095433876601371 -0.027092967060594924
3.0892327760299634 3.409425172305272 -0.027092949198510349
3.0935960991599489 3.4093069569646044 -0.027093008161758577
3.0979594222899349 3.409188741570949 -0.027092816841098901
3.1023227454199209 3.4090705263750456 -0.027093423627948449
3.1066860685499065 3.4089523104411219 -0.027091559262321461
3.1110493916798925 3.4088340972615301 -0.027097023624267511
3.115412714809878 3.408715873802632 -0.02708220433341376
3.119776037939864 3.4085976887066254 -0.027116708283991917
3.12413936106985 3.4084793604383572 -0.027065573387227176
3.1285026841998356 3.4083615664962466 -0.026966671415186667
3.1328660073298216 3.4082417784217665 -0.028417103018307858
3.1372293304598076 3.4081294325506066 -0.018968460914217937
3.1415926535897931 3.4080783427344246 -0.0080791546029418525
3.1459559767197791 3.408027252918242 -0.018968460914284429
3.1503192998497647 3.4079149070470822 -0.028417103018353696
3.1546826229797507 3.4077951189726017 -0.026966671415250172
3.1590459461097367 3.407677325030491 -0.027065573387224436
3.1634092692397222 3.4075589967622228 -0.027116708283939476
3.1677725923697082 3.4074408116662167 -0.027082204333329214
3.1721359154996938 3.4073225882073186 -0.027097023624352807
3.1764992386296798 3.4072043750277263 -0.027091559262370158
3.1808625617596658 3.4070861590938026 -0.027093423627965449
3.1852258848896513 3.4069679438978993 -0.027092816840982213
3.1895892080196373 3.4068497285042447 -0.027093008161605956
3.1939525311496229 3.4067315131635771 -0.027092949198626853
3.1983158542796088 3.4066132978087116 -0.027092967060586861
3.2026791774095948 3.4064950824576505 -0.027092961721737013
3.2070425005395804 3.4063768671055699 -0.027092963300439886
3.2114058236695664 3.4062586517537623 -0.027092962837743411
3.2157691467995524 3.4061404364018815 -0.02709296297241821
3.2201324699295379 3.4060222210500202 -0.027092962933369092
3.2244957930595239 3.4059040056981544 -0.027092962944509413
3.2288591161895095 3.4057857903462896 -0.027092962941439907
3.2332224393194955 3.4056675749944243 -0.027092962942272314
3.2375857624494815 3.4055493596425594 -0.02709296294200389
3.241949085579467 3.4054311442906942 -0.027092962942253451
3.246312408709453 3.4053129289388284 -0.027092962942134313
3.2506757318394386 3.4051947135869636 -0.027092962942055956
3.2550390549694246 3.4050764982350983 -0.027092962942183187
3.2594023780994106 3.404958282883233 -0.027092962942049697
3.2637657012293961 3.4048400675313681 -0.027092962942159366
3.2681290243593821 3.4047218521795024 -0.027092962942159529
3.2724923474893677 3.4046036368276376 -0.027092962942049194
3.2768556706193537 3.4044854214757723 -0.02709296294218504
3.2812189937493397 3.404367206123907 -0.027092962942049052
3.2855823168793252 3.4042489907720421 -0.027092962942160095
3.2899456400093112 3.4041307754201764 -0.027092962942157253
3.2943089631392972 3.4040125600683115 -0.027092962942049287
3.2986722862692828 3.4038943447164463 -0.027092962942186955
3.3030356093992688 3.403776129364581 -0.027092962942049565
3.3073989325292543 3.4036579140127161 -0.027092962942156115
3.3117622556592403 3.4035396986608504 -0.027092962942172647
3.3161255787892263 3.4034214833089855 -0.027092962941991677
3.3204889019192119 3.4033032679571207 -0.027092962942096649
3.3248522250491979 3.4031850526052554 -0.027092962942163061
3.3292155481791834 3.4030668372533901 -0.02709296294209779
3.3335788713091694 3.4029486219015253 -0.027092962941987108
3.3379421944391554 3.4028304065496604 -0.027092962942181494
3.342305517569141 3.4027121911977947 -0.027092962942133585
3.346668840699127 3.4025939758459298 -0.027092962942130854
3.351032163829113 3.4024757604940641 -0.027092962942181404
3.3553954869590985 3.4023575451421992 -0.027092962941990192
3.3597588100890845 3.4022393297903344 -0.027092962942093828
3.3641221332190701 3.4021211144384691 -0.027092962942175846
3.3684854563490561 3.4020028990866038 -0.027092962942049461
3.372848779479042 3.401884683734739 -0.027092962942159377
3.3772121026090276 3.4017664683828732 -0.027092962942159703
3.3815754257390136 3.4016482530310084 -0.027092962942048479
3.3859387488689991 3.4015300376791431 -0.027092962942187725
3.3903020719989851 3.4014118223272778 -0.027092962942047303
3.3946653951289711 3.4012936069754129 -0.027092962942156115
3.3990287182589567 3.4011753916235472 -0.027092962942174902
3.4033920413889427 3.4010571762716824 -0.027092962941990938
3.4077553645189282 3.4009389609198175 -0.027092962942097339
3.4121186876489142 3.4008207455679522 -0.027092962942161038
3.4164820107789002 3.4007025302160869 -0.027092962942096913
3.4208453339088858 3.4005843148642221 -0.027092962941992652
3.4252086570388718 3.4004660995123572 -0.027092962942168487
3.4295719801688578 3.4003478841604915 -0.027092962942171797
3.4339353032988433 3.4002296688086266 -0.02709296294199099
3.4382986264288293 3.4001114534567618 -0.027092962942100233
3.4426619495588149 3.3999932381048965 -0.027092962942149412
3.4470252726888009 3.3998750227530312 -0.027092962942148784
3.4513885958187869 3.3997568074011659 -0.027092962942093856
3.4557519189487724 3.3996385920493011 -0.02709296294201715
3.4601152420787584 3.3995203766974362 -0.027092962942073546
3.464478565208744 3.3994021613455709 -0.027092962942229994
3.46884188833873 3.3992839459937052 -0.027092962942158481
3.473205211468716 3.3991657306418404 -0.027092962941974479
3.4775685345987015 3.3990475152899755 -0.027092962942179617
3.4819318577286875 3.3989292999381098 -0.027092962942153707
3.4862951808586731 3.3988110845862449 -0.027092962942052212
3.4906585039886591 3.3986928692343796 -0.027092962942178778
3.4950218271186451 3.3985746538825143 -0.027092962942071079
3.4993851502486306 3.3984564385306495 -0.02709296294207825
3.5037484733786166 3.3983382231787842 -0.027092962942157257
3.5081117965086026 3.3982200078269189 -0.027092962942131125
3.5124751196385882 3.3981017924750536 -0.027092962942164921
3.5168384427685742 3.3979835771231883 -0.027092962942055876
3.5212017658985597 3.3978653617713235 -0.027092962942152916
3.5255650890285457 3.3977471464194577 -0.027092962942179138
3.5299284121585317 3.3976289310675929 -0.027092962941968918
3.5342917352885173 3.397510715715728 -0.027092962942181196
3.5386550584185033 3.3973925003638623 -0.027092962942152958
3.5430183815484888 3.3972742850119975 -0.027092962942053645
3.5473817046784748 3.3971560696601322 -0.027092962942173799
3.5517450278084608 3.3970378543082669 -0.02709296294208955
3.5561083509384463 3.396919638956402 -0.02709296294200933
3.5604716740684323 3.3968014236045372 -0.027092962942109139
3.5648349971984179 3.3966832082526719 -0.027092962942095438
3.5691983203284039 3.396564992900807 -0.027092962942050457
3.5735616434583899 3.3964467775489418 -0.027092962942235795
3.5779249665883754 3.396328562197076 -0.027092962942158374
3.5822882897183614 3.3962103468452112 -0.02709296294197739
3.5866516128483474 3.3960921314933463 -0.027092962942159793
3.591014935978333 3.3959739161414806 -0.027092962942230101
3.595378259108319 3.3958557007896153 -0.027092962942071801
3.5997415822383045 3.3957374854377504 -0.027092962942024023
3.6041049053682905 3.3956192700858856 -0.027092962942068116
3.6084682284982765 3.3955010547340203 -0.027092962942236579
3.6128315516282621 3.3953828393821546 -0.027092962942137568
3.6171948747582481 3.3952646240302897 -0.027092962942059838
3.6215581978882336 3.3951464086784244 -0.027092962942164414
3.6259215210182196 3.3950281933265591 -0.027092962942129175
3.6302848441482056 3.3949099779746938 -0.027092962942157274
3.6346481672781912 3.3947917626228286 -0.027092962942088392
3.6390114904081772 3.3946735472709637 -0.027092962942030514
3.6433748135381627 3.3945553319190989 -0.02709296294202556
3.6477381366681487 3.394437116567234 -0.027092962942103269
3.6521014597981347 3.3943189012153687 -0.027092962942094432
3.6564647829281203 3.3942006858635039 -0.027092962942060345
3.6608281060581063 3.3940824705116386 -0.027092962942205534
3.6651914291880923 3.3939642551597728 -0.02709296294226125
3.6695547523180778 3.3938460398079071 -0.027092962942206814
3.6739180754480638 3.3937278244560414 -0.027092962942368827
3.6782813985780494 3.3936096091041748 -0.027092962942385879
3.6826447217080354 3.393491393752309 -0.027092962942155678
3.6870080448380214 3.3933731784004442 -0.027092962941829817
3.6913713679680069 3.3932549630485811 -0.027092962941539744
3.6957346910979929 3.3931367476967189 -0.027092962941193878
3.7000980142279785 3.3930185323448585 -0.027092962941035411
3.7044613373579645 3.3929003169929972 -0.027092962941404484
3.7088246604879505 3.3927821016411341 -0.027092962941910367
3.713187983617936 3.392663886289268 -0.027092962942884713
3.717551306747922 3.3925456709373965 -0.027092962944282782
3.7219146298779076 3.3924274555855187 -0.027092962945654813
3.7262779530078936 3.3923092402336366 -0.027092962946096626
3.7306412761378795 3.3921910248817557 -0.027092962945086414
3.7350045992678651 3.392072809529882 -0.02709296294289238
3.7393679223978511 3.3919545941780207 -0.02709296293924407
3.7437312455278371 3.3918363788261789 -0.027092962934039067
3.7480945686578226 3.3917181634743603 -0.027092962929203671
3.7524578917878086 3.3915999481225567 -0.027092962927491623
3.7568212149177942 3.3914817327707505 -0.027092962930625866
3.7611845380477802 3.3913635174189189 -0.027092962939036926
3.7655478611777662 3.3912453020670394 -0.027092962952630164
3.7699111843077517 3.3911270867150893 -0.027092962971378413
3.7742745074377377 3.391008871363054 -0.02709296298996414
3.7786378305677233 3.3908906560109582 -0.027092962997022279
3.7830011536977093 3.3907724406588717 -0.027092962985317326
3.7873644768276953 3.3906542253068785 -0.027092962954538748
3.7917277999576808 3.3905360099550612 -0.027092962904334359
3.7960911230876668 3.3904177946035063 -0.027092962834566556
3.8004544462176524 3.390299579252269 -0.027092962765076938
3.8048177693476384 3.3901813639012603 -0.027092962737243306
3.8091810924776244 3.3900631485502251 -0.027092962779132545
3.8135444156076099 3.3899449331988487 -0.027092962892233449
3.8179077387375959 3.3898267178468253 -0.027092963077307047
3.8222710618675819 3.3897085024938312 -0.027092963336232529
3.8266343849975675 3.3895902871396517 -0.027092963597858181
3.8309977081275535 3.3894720717846001 -0.027092963707039057
3.835361031257539 3.3893538564296226 -0.027092963557373752
3.839724354387525 3.3892356410758868 -0.027092963142151677
3.844087677517511 3.3891174257245371 -0.027092962458429681
3.8484510006474966 3.3889992103767796 -0.027092961498151807
3.8528143237774826 3.3888809950334404 -0.027092960515384165
3.8571776469074681 3.3887627796934212 -0.027092960086300723
3.8615409700374541 3.3886445643532328 -0.027092960619062741
3.8659042931674401 3.3885263490085187 -0.027092962145072941
3.8702676162974257 3.3884081336550049 -0.027092964670107866
3.8746309394274117 3.3882899182882005 -0.027092968232149794
3.8789942625573972 3.3881717029049234 -0.027092971922686861
3.8833575856873832 3.3880534875090258 -0.027092973601488525
3.8877209088173692 3.3879352721133675 -0.027092971708427512
3.8920842319473548 3.3878170567341943 -0.027092966103027999
3.8964475550773408 3.3876988413874605 -0.027092956779733644
3.9008108782073267 3.3875806260898953 -0.027092943568737714
3.9051742013373123 3.3874624108537299 -0.027092929714762296
3.9095375244672983 3.3873441956655057 -0.027092923164339224
3.9139008475972838 3.3872259804778402 -0.027092929873952086
3.9182641707272698 3.3871077652301684 -0.027092950459053834
3.9226274938572558 3.3869895498629203 -0.027092984880906428
3.9269908169872414 3.3868713343138008 -0.027093033868612289
3.9313541401172274 3.3867531185358812 -0.027093085852858655
3.9357174632472129 3.3866349025759983 -0.027093111348293702
3.9400807863771989 3.3865166866086347 -0.027093087634418023
3.9444441095071849 3.3863984708595511 -0.027093012059501254
3.9488074326371705 3.3862802555511791 -0.027092884983852792
3.9531707557671565 3.3861620409154671 -0.027092703363427111
3.957534078897142 3.3860438271321316 -0.027092508382889138
3.961897402027128 3.3859256140389258 -0.027092409376378183
3.966260725157114 3.3858074009936474 -0.027092492932220484
3.9706240482870996 3.3856891871549046 -0.027092770308829645
3.9749873714170856 3.3855709716921321 -0.027093239393129884
3.9793506945470716 3.3854527537417445 -0.027093912638039903
3.9837140176770571 3.3853345326166968 -0.02709464366769131
3.9880773408070431 3.3852163088761382 -0.027095027332513587
3.9924406639370287 3.3850980848824994 -0.02709473394156036
3.9968039870670147 3.3849798637710169 -0.027093716220998439
4.0011673101970002 3.3848616486431995 -0.02709198480441459
4.0055306333269867 3.3847434427140848 -0.027089489564123076
4.0098939564569722 3.3846252486059853 -0.027086749848360781
4.0142572795869578 3.3845070644032855 -0.027085265969192644
4.0186206027169442 3.3843888814202843 -0.027086292147545092
4.0229839258469298 3.3842706879764459 -0.027090025052125259
4.0273472489769153 3.3841524724895837 -0.02709641526406293
4.0317105721069009 3.3840342229909641 -0.027105661940385613
4.0360738952368873 3.3839159294869585 -0.027115925659706906
4.0404372183668729 3.3837975984954975 -0.027121654456547246
4.0448005414968584 3.38367926193196 -0.027118081103256853
4.0491638646268449 3.3835609633046078 -0.027104393797508886
4.0535271877568304 3.3834427458673826 -0.027080811154657974
4.057890510886816 3.3833246541757767 -0.027046550493094308
4.0622538340168024 3.3832067262610157 -0.027008114798891404
4.066617157146788 3.3830889401234527 -0.02698603475237191
4.0709804802767735 3.3829711785614425 -0.026998414906373149
4.0753438034067591 3.3828532795455071 -0.027048583788948137
4.0797071265367455 3.3827350815368065 -0.027135606744700298
4.0840704496667311 3.3826164186698731 -0.027262531299469994
4.0884337727967166 3.3824971464109241 -0.027406410189085434
4.092797095926703 3.3823773383052966 -0.027491378200321447
4.0971604190566886 3.3822574244777859 -0.027448737316097146
4.1015237421866741 3.3821380082185386 -0.027264919116117708
4.1058870653166606 3.3820196928413289 -0.02694381932813153
4.1102503884466461 3.381903095826245 -0.026473667176261505
4.1146137115766317 3.3817887657539574 -0.025935281746455135
4.1189770347066181 3.3816764596095346 -0.025608790265789202
4.1233403578366037 3.3815645998910471 -0.025754651458400599
4.1277036809665892 3.3814509408307134 -0.026427894629375299
4.1320670040965748 3.3813332291060108 -0.027612603846626754
4.1364303272265612 3.3812091658549557 -0.029353918417655573
4.1407936503565468 3.3810766714734073 -0.031367757083299641
4.1451569734865323 3.3809365373999025 -0.032620571445774252
4.1495202966165188 3.3807945452147106 -0.032125684091255539
4.1538836197465043 3.3806590529937703 -0.029660916414009725
4.1582469428764899 3.3805384769387512 -0.025290228008671027
4.1626102660064763 3.3804413763172532 -0.01884162990572608
4.1669735891364619 3.3803756254674378 -0.011311676293496531
4.1713369122664474 3.3803386942492719 -0.0065106544443061676
4.1757002353964339 3.3803094083185368 -0.0081732638902651464
4.1800635585264194 3.380256668637069 -0.017192946689096544
4.184426881656405 3.3801490397024354 -0.033316287780894453
4.1887902047863905 3.3799546498357449 -0.057194733980975791
4.193153527916377 3.3796437164483288 -0.085339453296658069
4.1975168510463625 3.3792241310920401 -0.10371514326617662
4.2018801741763481 3.3787733834849814 -0.098196840489774423
4.2062434973063345 3.3784071604046222 -0.065205163274098366
4.2106068204363201 3.3782428794008719 -0.0057302468209191751
4.2149701435663056 3.3783992358606447 0.082677635464078872
4.2193334666962921 3.3789887469332243 0.18784044512009829
4.2236967898262776 3.37998766007142 0.25808062430141793
4.2280601129562632 3.3811125343454571 0.24004572132175553
4.2324234360862487 3.3819333995686542 0.11952842509275993
4.2367867592162352 3.3820108047700188 -0.10055417142703163
4.2411500823462207 3.3809053192973559 -0.4241676659374054
4.2455134054762063 3.3781844342281029 -0.83359375968312799
4.2498767286061927 3.3736216020169909 -1.2493724073067807
4.2542400517361783 3.3673948382250414 -1.5872963746093687
4.2586033748661638 3.3599172562700295 -1.8238561617237357
4.2629666979961502 3.3516205313707093 -1.96289346846538
4.2673300211261358 3.3429331147662955 -2.002005486217493
4.2716933442561213 3.3342813747745357 -1.9506105059914081
4.2760566673861078 3.3259770786320315 -1.8536641829922054
4.2804199905160933 3.3181002678045464 -1.7600424088005762
4.2847833136460789 3.3105921941581675 -1.6840335655912049
4.2891466367760644 3.3033813230525735 -1.6238242869265762
4.2935099599060509 3.2963991070169847 -1.5791171841162333
4.2978732830360364 3.2895761816678437 -1.5514230197249581
4.302236606166022 3.282824997979418 -1.5480606390200502
4.3065999292960084 3.276019398491874 -1.5772919412787922
4.310963252425994 3.2690093081777833 -1.6417401962115852
4.3153265755559795 3.2616429629834949 -1.7402562227411071
4.319689898685966 3.2537678681317002 -1.876477172930471
4.3240532218159515 3.2452323975190231 -2.0369087719851295
4.3284165449459371 3.2360624636754958 -2.1492271380813484
4.3327798680759235 3.2266678294750109 -2.1302394445530584
4.3371431912059091 3.2177030704029077 -1.9528040709879513
4.3415065143358946 3.2098476371262308 -1.6232566576959038
4.3458698374658802 3.2037790096423011 -1.1276482814267508
4.3502331605958666 3.2001781172905326 -0.51442233463953824
4.3545964837258522 3.199057974479615 -0.060607057071967951
4.3589598068558377 3.1989410580446389 -0.093688722640772382
4.3633231299858242 3.1973719813471897 -0.72384154167692405
4.3676864531158097 3.1917794795080683 -1.934883808215391
4.3720497762457953 3.1796123977518693 -3.74721345652183
4.3764130993757817 3.158302445670059 -6.0933753601104197
4.3807764225057673 3.126266829896986 -8.556995828798847
4.3851397456357528 3.0841933681812623 -10.632289689289697
4.3895030687657384 3.0343042228315396 -12.142676508486863
4.3938663918957248 2.9790228680469895 -13.106913720446196
4.3982297150257104 2.9207346444287956 -13.514358892413554
4.4025930381556959 2.8618445038301403 -13.401559348371519
4.4069563612856824 2.8041782134601565 -13.01770254942868
4.4113196844156679 2.7481860680895842 -12.673414541823377
4.4156830075456535 2.6933598964279559 -12.481701587536392
4.4200463306756399 2.6390543888275091 -12.433194702735427
4.4244096538056255 2.5846497185913915 -12.529132163340142
4.428772976935611 2.5295181151500987 -12.761870867575261
4.4331363000655974 2.4731697337075915 -13.071375974643081
4.437499623195583 2.4154482197094187 -13.381308172844125
4.4418629463255686 2.3564377764045572 -13.662373187167741
4.4462262694555541 2.2962610947948585 -13.916229837324106
4.4505895925855405 2.2350340290449084 -14.143775552897049
4.4549529157155261 2.1728730769933895 -14.344019901195372
4.4593162388455116 2.109905447314997 -14.512220397307324
4.4636795619754981 2.0462861273869573 -14.641873956177493
4.4680428851054836 1.9821906473046864 -14.730512041357171
4.4724062082354692 1.9177977938871713 -14.778148592884818
4.4767695313654556 1.8532859763368803 -14.785216858834142
4.4811328544954412 1.7888325488836707 -14.750954882629657
4.4854961776254267 1.724630494318204 -14.667957181349561
4.4898595007554132 1.6609162568995024 -14.52598033184028
4.4942228238853987 1.5979590919764459 -14.320962361521536
4.4985861470153843 1.5360331175409132 -14.053492033174022
4.5029494701453698 1.4754115053763357 -13.722583526190958
4.5073127932753563 1.4163697111416338 -13.330671648108769
4.5116761164053418 1.3591385405430969 -12.898131758382126
4.5160394395353274 1.3038300339278377 -12.453383703748928
4.5204027626653138 1.2504622598708817 -12.008640014984508
4.5247660857952994 1.1990348798223986 -11.563896760286648
4.5291294089252849 1.1495501416919676 -11.117834624399242
4.5334927320552714 1.1020125617457963 -10.672396874495718
4.5378560551852569 1.0563886604550174 -10.245694134388572
4.5422193783152425 1.012536408270333 -9.8640981224601703
4.5465827014452289 0.97022576740006405 -9.5391548479993666
4.5509460245752145 0.92920982445174594 -9.2704213741176265
4.5553093477052 0.88924438161430963 -9.0578591512669231
4.5596726708351856 0.85008416119813912 -8.9009406880787374
4.564035993965172 0.8114968109702011 -8.7936700800476668
4.5683993170951576 0.77328535399566678 -8.7273492838153501
4.5727626402251431 0.73528265378313917 -8.6979273362777807
4.5771259633551296 0.69732855430149154 -8.7049899446333505
4.5814892864851151 0.65926237256143994 -8.7498081419986757
4.5858526096151007 0.62091987777954993 -8.830513682026373
4.5902159327450871 0.58218138335065683 -8.9251214795493645
4.5945792558750727 0.54306249240441662 -8.9997954307987182
4.5989425790050582 0.50369561033492061 -9.0385393447405082
4.6033059021350438 0.46423872868979299 -9.0412750244551177
4.6076692252650302 0.42484632277918843 -9.0091372921191404
4.6120325483950158 0.38567139602077427 -8.9410946414871937
4.6163958715250013 0.3468889308483975 -8.8260386157139035
4.6207591946549877 0.30874394167743735 -8.6461724463576353
4.6251225177849733 0.27154381778174408 -8.3927554267162066
4.6294858409149588 0.23561009290379603 -8.0659363381125697
4.6338491640449453 0.20126208556700848 -7.6656588141075765
4.6382124871749308 0.16882090626440652 -7.1922905440379168
4.6425758103049164 0.13859216953864167 -6.6538393001196949
4.6469391334349028 0.11083092940761125 -6.0633233909502176
4.6513024565648884 0.085745852549112891 -5.4273182518037206
4.6556657796948739 0.06353432112188627 -4.7461560825031714
4.6600291028248595 0.044394876399939782 -4.0188943633103449
4.6643924259548459 0.028528633585532669 -3.246404321696037
4.6687557490848315 0.016109903258502593 -2.4428033656473023
4.673119072214817 0.0072216212379611717 -1.6320047943034113
4.6774823953448035 0.0018601608251936387 -0.82657866406398961
4.681845718474789 0 -0.026901567566698127
4.6862090416047746 0.0016182456663209831 0.76785632308709229
4.690572364734761 0.0066929412522922721 1.557203710642038
4.6949356878647466 0.015190312357805082 2.3347945226501681
4.6992990109947321 0.027034474508554413 3.0894262516640838
4.7036623341247186 0.042108358790709156 3.81498591080347
4.7080256572547041 0.060284052487200229 4.5113559703317554
4.7123889803846897 0.081435088491857682 5.1786578150022891
4.7167523035146752 0.10543406911956679 5.816877545421911
4.7211156266446617 0.13215952612035559 6.42938633475858
4.7254789497746472 0.16151248795743584 7.0222577696644111
4.7298422729046328 0.19341664503891737 7.5988751365613503
4.7342055960346192 0.22780176724001883 8.1593928423602851
4.7385689191646048 0.26459700918908924 8.7035668941056912
4.7429322422945903 0.30373102334175417 9.2314505755888643
4.7472955654245768 0.34513643102151026 9.7454582685947226
4.7516588885545623 0.38876282056271416 10.250273612109135
4.7560222116845479 0.43457748626623471 10.748587051602337
4.7603855348145334 0.48255238196630185 11.240330551189402
4.7647488579445199 0.53265859189625886 11.725691574563598
4.7691121810745054 0.58486895860694399 12.204599339381076
4.773475504204491 0.63914390262826482 12.669817688913513
4.7778388273344774 0.69539381497292152 13.107423517683378
4.782202150464463 0.75347546892126638 13.5090828048601
4.7865654735944485 0.81322958621538632 13.874153677228501
4.7909287967244349 0.87449816174705675 14.203376776934171
4.7952921198544205 0.93712506119742478 14.496593021905355
4.7996554429844061 1.0009397482717985 14.745082289120937
4.8040187661143925 1.065709488124339 14.931217509853552
4.808382089244378 1.1311326453139294 15.044089948605697
4.8127454123743636 1.19688647710925 15.083076752563166
4.8171087355043491 1.2626504200365805 15.048564111870199
4.8214720586343356 1.3281028166001541 14.940376271767633
4.8258353817643211 1.392927903616153 14.762130497388407
4.8301987048943067 1.4568354334151858 14.52112928879834
4.8345620280242931 1.5195641221977922 14.222002646104064
4.8389253511542787 1.5808622180111322 13.865395773892711
4.8432886742842642 1.6404777762059197 13.450518980379792
4.8476519974142507 1.698155243950602 12.977272536386375
4.8520153205442362 1.7536634896690244 12.461155065426942
4.8563786436742218 1.8068854005425505 11.935456144092861
4.8607419668042082 1.8578379465978534 11.422100939270326
4.8651052899341938 1.9065830745345034 10.923211462944021
4.8694686130641793 1.9531797626846541 10.437257283591803
4.8738319361941649 1.9976842346785184 9.9643032226625294
4.8781952593241513 2.0401723015028694 9.5171937066965491
4.8825585824541369 2.0808170654950495 9.1248460876969375
4.8869219055841224 2.1199098603309521 8.8069290168221563
4.8912852287141089 2.1577829012321641 8.5652484982183932
4.8956485518440944 2.1947653302427153 8.3989069832527576
4.90001187497408 2.2311874370807816 8.3083647836841426
4.9043751981040664 2.2673745224318482 8.290037077507705
4.908738521234052 2.3036247994093726 8.33574859214154
4.9131018443640375 2.3402025906674124 8.4398598337924575
4.9174651674940231 2.3773602445376123 8.6015697490910163
4.9218284906240095 2.4153502404101594 8.8215792168825988
4.9261918137539951 2.4544288244654386 9.1005657385497969
4.9305551368839806 2.4948301689329342 9.4225313531989432
4.9349184600139671 2.5366617087949939 9.7484753599040381
4.9392817831439526 2.579866690879741 10.050372951466247
4.9436451062739382 2.6243281548151014 10.325041176598091
4.9480084294039246 2.6699324675871381 10.574128948957206
4.9523717525339102 2.7165675071307969 10.797550140085965
4.9567350756638957 2.7641099805831875 10.987358727248035
4.9610983987938821 2.8123722998107601 11.123538283172051
4.9654617219238677 2.8610814446214263 11.191155611209863
4.9698250450538533 2.9099311145055822 11.188339307738843
4.9741883681838388 2.9586166851606293 11.115778798114372
4.9785516913138252 3.0068320009190597 10.972687370627153
4.9829150144438108 3.0542783816446284 10.765609354509747
4.9872783375737963 3.1007124205927732 10.512297125986587
4.9916416607037828 3.1459677582026551 10.22617377706962
4.9960049838337683 3.189907219941035 9.9088344517918987
5.0003683069637539 3.232392102302093 9.5594903847762858
5.0047316300937403 3.2732826562194042 9.1779313748506581
5.0090949532237259 3.3124462841919815 8.7699851717776429
5.0134582763537114 3.3498003035169774 8.3517869191007286
5.0178215994836979 3.3853328733770303 7.935994472703598
5.0221849226136834 3.4190611375100639 7.5244768704037863
5.026548245743669 3.4510014191861069 7.1164643051432952
5.0309115688736545 3.481169313234092 6.7121020159498901
5.035274892003641 3.5095850695643218 6.3142786127561443
5.0396382151336265 3.5362914647538126 5.929983210151442
5.0440015382636121 3.5613621819247099 5.5651087101389107
5.0483648613935985 3.584886124965041 5.2208091930000844
5.0527281845235841 3.6069523232583518 4.8971267477306748
5.0570915076535696 3.6276531825950293 4.5951466687722053
5.0614548307835561 3.6470606955093423 4.2987720146361097
5.0658181539135416 3.6651107601146329 3.9636985045709339
5.0701814770435272 3.6815397946985016 3.5525163465028013
5.0745448001735127 3.6959915513853465 3.0583042034550925
5.0789081233034992 3.7081097434130492 2.4824179183478501
5.0832714464334847 3.717530685470197 1.8212418522924188
5.0876347695634703 3.7239343478176115 1.112811210629743
5.0919980926934567 3.7273351760736517 0.46858448743214198
5.0963614158234423 3.7282567011822509 -0.015317896062498417
5.1007247389534278 3.7274618445002403 -0.32022210828907305
5.1050880620834143 3.7257161268727419 -0.4505638964718322
5.1094513852133998 3.7237910257413018 -0.40139137275902836
5.1138147083433854 3.7224161241408042 -0.21278535955221947
5.1181780314733718 3.7219574367579153 -0.0081501103488745633
5.1225413546033574 3.7222096221905367 0.10340551840921165
5.1269046777333429 3.7226919927462339 0.099571532072597571
5.1312680008633285 3.7229182883580592 -0.014448680906631272
5.1356313239933149 3.7224000211218939 -0.24252171019307042
5.1399946471233005 3.720673821796042 -0.55864601346298981
5.144357970253286 3.7175177039503469 -0.87972825404194521
5.1487212933832724 3.7130992521159012 -1.1303314619668192
5.153084616513258 3.7077801684025617 -1.2939821750509637
5.1574479396432436 3.7019283620444119 -1.3742780918409827
5.16181126277323 3.6959122378579989 -1.3686934386789174
5.1661745859032155 3.6900865600831847 -1.2927714439397182
5.1705379090332011 3.6846570867081088 -1.1986926896089602
5.1749012321631875 3.6795816751276664 -1.1350846642842323
5.1792645552931731 3.674691070928132 -1.1130963662952205
5.1836278784231586 3.6698109986212595 -1.130352192192257
5.1879912015531442 3.6647665042522952 -1.1891242731956935
5.1923545246831306 3.6593930352036201 -1.2760147344537114
5.1967178478131162 3.6536600912693586 -1.343023862408022
5.2010811709431017 3.6477687694288958 -1.3441462418755734
5.2054444940730882 3.6420416979914458 -1.2686099646602242
5.2098078172030737 3.6368056702602454 -1.1190856524478183
5.2141711403330593 3.6323924506756988 -0.88938118559182167
5.2185344634630457 3.6291077181242226 -0.61611162463864355
5.2228977865930313 3.6268774804511885 -0.4379865319104333
5.2272611097230168 3.624948739287297 -0.4914454610005915
5.2316244328530024 3.622203166210491 -0.81005336140579864
5.2359877559829888 3.6175048293666983 -1.386396551686284
5.2403510791129744 3.6097125072446201 -2.2323049368287209
5.2447144022429599 3.5977238174158317 -3.2848056923896456
5.2490777253729464 3.5811115571697396 -4.2930370458718228
5.2534410485029319 3.56069275305348 -5.0037305102031793
5.2578043716329175 3.5379740608352277 -5.3511986580604036
5.2621676947629039 3.5145038072559771 -5.3486547098191046
5.2665310178928895 3.4918328427900116 -4.9785471696669328
5.270894341022875 3.4714668691269126 -4.3271756270475512
5.2752576641528615 3.4539544950950392 -3.7559838163542434
5.279620987282847 3.4380283238133762 -3.6395393418055466
5.2839843104128326 3.4213832434040379 -4.0802018806575928
5.2883476335428181 3.4016384454490636 -5.059490502800128
5.2927109566728046 3.3764181300852281 -6.5975707300836177
5.2970742798027901 3.3433850994784216 -8.6022769764630436
5.3014376029327757 3.3012628402491409 -10.666292352350419
5.3058009260627621 3.2508479034203748 -12.356442999340596
5.3101642491927477 3.1941570460991651 -13.548455244572004
5.3145275723227332 3.1333126441003039 -14.261027658565258
5.3188908954527196 3.0704181574265155 -14.484027112147066
5.3232542185827052 3.0075674768140126 -14.258872448895016
5.3276175417126908 2.9463522504221373 -13.781917326039281
5.3319808648426772 2.8873523834768511 -13.267268030832204
5.3363441879726627 2.8305349524345278 -12.779118982216891
5.3407075111026483 2.7758069016464715 -12.309280031912516
5.3450708342326338 2.7230885012915542 -11.858498979949474
5.3494341573626203 2.6722968896504975 -11.424965944900926
5.3537974804926058 2.6233806208855404 -10.995726017960951
5.3581608036225914 2.5763556833028809 -10.556444444605468
5.3625241267525778 2.5312790366832516 -10.102880938733918
5.3668874498825634 2.4882105968728974 -9.6361290475033368
5.3712507730125489 2.4472102532192448 -9.1540406466978776
5.3756140961425354 2.4083375510495841 -8.6643694360736916
5.3799774192725209 2.3715495033197418 -8.2089813374417844
5.3843407424025065 2.3365804373318824 -7.8362624069376299
5.388704065532492 2.3030223129637339 -7.5617945062767946
5.3930673886624785 2.2704511823892526 -7.3836860946413791
5.397430711792464 2.2384459927434466 -7.3028683764492968
5.4017940349224496 2.2065852942163842 -7.3157905654822564
5.406157358052436 2.1744965065866166 -7.4023972674195688
5.4105206811824216 2.1419144855875336 -7.5389930704141035
5.4148840043124071 2.1086453809914367 -7.7175293244034737
5.4192473274423936 2.0745051048433449 -7.9381658267594926
5.4236106505723791 2.0393074330122634 -8.2030687202082255
5.4279739737023647 2.0028649606167725 -8.5056941871039804
5.4323372968323511 1.9650847500407909 -8.8059122722084773
5.4367006199623367 1.9260938170914954 -9.0546068727578533
5.4410639430923222 1.8861681780597959 -9.2346983345800329
5.4454272662223078 1.8456037013104591 -9.3475269101981251
5.4497905893522942 1.8046922627599638 -9.3939069683742193
5.4541539124822798 1.7637260086244044 -9.3717999424640226
5.4585172356122653 1.7230244325664548 -9.2695571667228336
5.4628805587422518 1.6829717668360331 -9.0724981776744471
5.4672438818722373 1.6439979062616925 -8.775087244686631
5.4716072050022229 1.6065395545343431 -8.3780710483990877
5.4759705281322093 1.5710320531831434 -7.8802537213852935
5.4803338512621949 1.5379130916649415 -7.2849942899931994
5.4846971743921804 1.5075635194491064 -6.617518496772794
5.4890604975221668 1.480221874918219 -5.9104905376541916
5.4934238206521524 1.4560245411952226 -5.1761105649775683
5.497787143782138 1.4350922547072567 -4.413908431834769
5.5021504669121235 1.4175487616709603 -3.6222530702781963
5.5065137900421099 1.4035193209582553 -2.8050294950191814
5.5108771131720955 1.3930682687646465 -1.9891760368248677
5.5152404363020811 1.386106426621915 -1.2104906126367387
5.5196037594320675 1.3824298349744244 -0.4833097943372846
5.523967082562053 1.3818145217654958 0.19283337785203825
5.5283304056920386 1.3840399127840814 0.81898424110140366
5.532693728822025 1.3888861376263844 1.3933145757421506
5.5370570519520106 1.3961049204911475 1.9030457128222567
5.5414203750819961 1.4053738604092936 2.330625723878216
5.5457836982119817 1.4163133544975355 2.6687471412818859
5.5501470213419681 1.4285334497660462 2.9177464157698343
5.5545103444719537 1.4416457259870552 3.0775228525223488
5.5588736676019392 1.4552612749255704 3.1488611005936771
5.5632369907319257 1.4690045540060914 3.1375772800826423
5.5676003138619112 1.4825332188626641 3.0516372196293062
5.5719636369918968 1.4955317011473763 2.8945967260190897
5.5763269601218832 1.5076906151223506 2.6669274269126033
5.5806902832518688 1.5187001114845411 2.36711913049148
5.5850536063818543 1.5282466236295078 1.9978664242638511
5.5894169295118408 1.5360724298592952 1.58574145122453
5.5937802526418263 1.5420787727283083 1.1694529503209175
5.5981435757718119 1.5462965426714164 0.76602890829436199
5.6025068989017974 1.5487822785652572 0.3754225252837346
5.6068702220317839 1.54958899478456 -0.0039956854444985861
5.6112335451617694 1.5487665531191104 -0.37025180384796041
5.615596868291755 1.5464085876512768 -0.70168396960898494
5.6199601914217414 1.5427416405892811 -0.96543703645228152
5.624323514551727 1.5381036579096103 -1.1466169647836557
5.6286868376817125 1.5328548302963974 -1.2457651359583941
5.633050160811699 1.5273515115535343 -1.2629537743039299
5.6374134839416845 1.5219521538484182 -1.1985479172162501
5.6417768070716701 1.5169989672173343 -1.0607397290674274
5.6461401302016565 1.5127838731064891 -0.8621386693571641
5.6505034533316421 1.5095552745514 -0.60861167850982534
5.6548667764616276 1.5075522466287437 -0.3004160225682348
5.6592300995916132 1.5070147469753084 0.063537674622797344
5.6635934227215996 1.5081860633372175 0.48204559264196817
5.6679567458515852 1.511274217209718 0.93687596352865965
5.6723200689815707 1.5163719678522951 1.3986639157761269
5.6766833921115571 1.5234691661687858 1.8530976541508175
5.6810467152415427 1.5325326930866106 2.3002416651824684
5.6854100383715283 1.5435328695359138 2.7407219771864337
5.6897733615015147 1.5564397391762057 3.1741445247734568
5.6941366846315002 1.5712195095675239 3.5986313962296448
5.6985000077614858 1.5878260953378669 4.0109987986006539
5.7028633308914722 1.6062020120358489 4.4095703882587198
5.7072266540214578 1.6262868256312861 4.7943699220100697
5.7115899771514433 1.6480205922331592 5.1652877301257085
5.7159533002814289 1.6713424694681063 5.5224579786219854
5.7203166234114153 1.6961989927153969 5.8699084912641037
5.7246799465414009 1.7225629630570631 6.2145253430097709
5.7290432696713864 1.7504321388059256 6.5599547051437508
5.7334065928013729 1.7798104482655699 6.9061273186340602
5.7377699159313584 1.8107006707771243 7.2531262531059051
5.742133239061344 1.8431071119059443 7.6009478751765753
5.7464965621913304 1.8770245458999129 7.944019752047855
5.750859885321316 1.9124102520676023 8.2723023758293941
5.7552232084513015 1.9491847550631078 8.5804759506255284
5.7595865315812871 1.9872597127550358 8.8684921763154367
5.7639498547112735 2.0265481297818444 9.1366936673828647
5.7683131778412591 2.0669631850723693 9.384804070003085
5.7726765009712446 2.1084129496504405 9.6101940814396656
5.7770398241012311 2.1507880353336875 9.8081412637113878
5.7814031472312166 2.193961348753521 9.9759874161997981
5.7857664703612022 2.2378005686993587 10.11332019062378
5.7901297934911886 2.2821731103541012 10.220671538831725
5.7944931166211742 2.3269493857239691 10.298205223177302
5.7988564397511597 2.3719822567545235 10.334728173463601
5.8032197628811462 2.4170455293939277 10.308427475281029
5.8075830860111317 2.4618304071026631 10.206599669473171
5.8119464091411173 2.5060060288108863 10.029907766443069
5.8163097322711028 2.5492480471844874 9.7777112449446015
5.8206730554010893 2.5912195800075342 9.4477693444549828
5.8250363785310748 2.6316406766037259 9.0802105217265741
5.8293997016610604 2.6705263527506595 8.758708948452961
5.8337630247910468 2.708212302831698 8.5317258442520938
5.8381263479210324 2.7451154720224373 8.398088456985926
5.8424896710510179 2.7816346840151533 8.3574310911602421
5.8468529941810043 2.8181888982033092 8.413774155067884
5.8512163173109899 2.855116070628855 8.5095521973767472
5.8555796404409755 2.8923268068086223 8.5214882355611135
5.8599429635709619 2.9292505265659452 8.3755921607028601
5.8643062867009474 2.9651874414748463 8.0714254298558856
5.868669609830933 2.9994600164206853 7.6111955251947245
5.8730329329609186 3.0313757194380111 6.9915002357052289
5.877396256090905 3.0602929629272415 6.2484566140323201
5.8817595792208905 3.0858385864488724 5.4605823470193195
5.8861229023508761 3.10795161234297 4.6768876236708783
5.8904862254808625 3.1266610690269117 3.8993386899121267
5.8948495486108481 3.141984264245457 3.1248854524838574
5.8992128717408336 3.1539374155822384 2.3549539580306873
5.9035761948708201 3.1625688166929264 1.6081944562614299
5.9079395180008056 3.1680621037045276 0.92368841307171612
5.9123028411307912 3.1707586132201904 0.32794120444951025
5.9166661642607767 3.1710576857284885 -0.17584274497103947
5.9210294873907632 3.1693560735797934 -0.58888544849961644
5.9253928105207487 3.166051116847366 -0.91087866178875454
5.9297561336507343 3.1615325072615841 -1.1466878736349035
5.9341194567807207 3.1561548119797407 -1.3065678639476921
5.9384827799107063 3.1502308610530889 -1.3974802221356928
5.9428461030406918 3.144057581822544 -1.4209540291790543
5.9472094261706783 3.1379311334325664 -1.37537344294491
5.9515727493006638 3.1321569484705925 -1.2598249742343599
5.9559360724306494 3.1269826394036122 -1.1129566587171802
5.9602993955606358 3.1223610104730253 -1.0235392344859113
5.9646627186906214 3.117875197958992 -1.0547018866100952
5.9690260418206069 3.1129722086267004 -1.2129178648226919
5.9733893649505925 3.1071081822158648 -1.4964813744848371
5.9777526880805789 3.0997264726499711 -1.9082538533716582
5.9821160112105645 3.0903467097591779 -2.3948427743434908
5.98647933434055 3.0789030015940266 -2.8295391250766473
5.9908426574705365 3.0658643871734537 -3.1198058074268484
5.995205980600522 3.0519039641610664 -3.2544083951074909
5.9995693037305076 3.0376847538917229 -3.2374492753791562
6.003932626860494 3.0238761385235531 -3.0663079188720768
6.0082959499904796 3.0111107300822337 -2.7682719566983942
6.0126592731204651 2.9998057607176616 -2.410176969090768
6.0170225962504515 2.9900923346877066 -2.0422043458614261
6.0213859193804371 2.981988696610077 -1.6711165676062991
6.0257492425104227 2.975517311961033 -1.2943768462618956
6.0301125656404082 2.9707000097375884 -0.91290541580662621
6.0344758887703946 2.967562735963015 -0.52316508054146948
6.0388392119003802 2.9661592109030437 -0.11645756807523891
6.0432025350303658 2.9665809458026842 0.31396616218922702
6.0475658581603522 2.9689349094459736 0.76902265984403118
6.0519291812903377 2.9733274114923378 1.2484713261982974
6.0562925044203233 2.9798660446849059 1.7527870090938396
6.0606558275503097 2.9886512244268433 2.2762583237674461
6.0650191506802953 2.9997357628648151 2.8035915977140022
6.0693824738102808 3.0131051681478569 3.3226684973518297
6.0737457969402664 3.0287166822722607 3.831546834344798
6.0781091200702528 3.0465279049840444 4.33092529114752
6.0824724432002384 3.0664975951703557 4.8209942636109568
6.0868357663302239 3.0885789176902323 5.2972442821972621
6.0911990894602104 3.1126861784610336 5.7469592185303666
6.0955624125901959 3.1386769243928727 6.1597709966329512
6.0999257357201815 3.1663841069356158 6.5339328372072503
6.1042890588501679 3.1956408374048442 6.8699992561721608
6.1086523819801535 3.2262808381534303 7.168029003025632
6.113015705110139 3.2581353463785376 7.4259440149490041
6.1173790282401255 3.2910171352123134 7.6375941705265369
6.121742351370111 3.3247111152593973 7.7978061994830936
6.1261056745000966 3.3589897393986483 7.9057011402271096
6.1304689976300821 3.3936256275973697 7.9615176896281223
6.1348323207600686 3.4283907518277017 7.9648493746952465
6.1391956438900541 3.4630606075378383 7.9190604255615469
6.1435589670200397 3.4974411213472258 7.834445890511704
6.1479222901500261 3.5313854619006317 7.7198655023987044
6.1522856132800117 3.5647685049958167 7.5769912445599585
6.1566489364099972 3.5974653589180585 7.405360036456341
6.1610122595399837 3.6293504246324009 7.2048257459649641
6.1653755826699692 3.6603007780192289 6.9777888008753823
6.1697389057999548 3.6902154889420764 6.7317547073770525
6.1741022289299412 3.7190284639615339 6.4733749103810787
6.1784655520599268 3.7466904291974159 6.204054349710133
6.1828288751899123 3.773152744244558 5.9235216435857749
6.1871921983198979 3.798365736888099 5.6311835045417524
6.1915555214498843 3.8222833887171483 5.3314872146920447
6.1959188445798699 3.8449038764910792 5.0401354643855001
6.2002821677098554 3.8662997817262079 4.7714135134668991
6.2046454908398418 3.8865792177226615 4.5280644297923214
6.2090088139698274 3.9058500987117357 4.3091236674664311
6.213372137099813 3.9242223380075925 4.1169439407016828
6.2177354602297994 3.9417966510179054 3.9381293920033045
6.2220987833597849 3.958535599777564 3.7225994602476615
6.2264621064897705 3.9741610196820534 3.4235735397410023
6.2308254296197561 3.9882767481889001 3.0316137628908844
6.2351887527497425 4.0004858008779891 2.5495577182845532
6.239552075879728 4.0103877494640132 1.9725600104384429
6.2439153990097136 4.0175989546520423 1.3263400649019055
6.2482787221397 4.0220064554573423 0.71051353180718824
6.2526420452696856 4.0239806715583075 0.21935114518431686
6.2570053683996711 4.0241371603987552 -0.12295330617676316
6.2613686915296576 4.0231038882101506 -0.330369745237997
6.2657320146596431 4.0214896214575973 -0.37588140196988346
6.2700953377896287 4.0199659316880005 -0.32360462705961129
6.2744586609196151 4.0187566516717714 -0.2087517009667299
6.2788219840496007 4.0184821019905002 0.13840528073130812
6.2831853071795862 4.0194380707169568 0.12363980246900015
