# q  U_kJmol  dU_dq   # conservative spline pchip_hermite_v1
0 4.9292688519634007 80.595668401902529
0.0043633231299858239 4.9282097959712576 -21.658867187548296
0.0087266462599716477 4.9293044152531671 6.0642518652012294
0.013089969389957472 4.929295981762154 -1.8513339342313244
0.017453292519943295 4.9277740310861011 0.2888692260457838
0.021816615649929118 4.9283034821235976 0.013464544557685688
0.026179938779914945 4.9282832617285974 0.0073937950887563806
0.030543261909900768 4.9284103253500371 0.030420266421816826
0.034906585039886591 4.9284979243382132 0.018516277826958718
0.039269908169872414 4.9285960978430019 0.023242379828436018
0.043633231299858237 4.9286914379146038 0.021564337327287891
0.04799655442984406 4.9287875372023411 0.022124278736296601
0.05235987755982989 4.9288834330587266 0.021944685070375523
0.056723200689815713 4.9289793834243785 0.022000727041462685
0.061086523819801536 4.9290753191843164 0.021983588484759245
0.065449846949787352 4.9291712588578438 0.02198874937717828
0.069813170079773182 4.9292671974827282 0.02198721415632281
0.074176493209759012 4.9293631363885959 0.02198766634338516
0.078539816339744828 4.9294590752191745 0.021987534240856567
0.082903139469730658 4.9295550140699262 0.021987572568999018
0.087266462599716474 4.9296509529152743 0.021987561513731001
0.091629785729702304 4.9297468917620693 0.021987564686141367
0.09599310885968812 4.9298428306084761 0.021987563779682393
0.10035643198967395 4.9299387694549868 0.02198756403769464
0.10471975511965978 4.9300347083014699 0.021987563964621749
0.1090830782496456 4.9301306471479611 0.021987563985466599
0.11344640137963143 4.9302265859944505 0.021987563979434768
0.11780972450961724 4.930322524840939 0.021987563980885243
0.12217304763960307 4.9304184636874275 0.021987563980504495
0.1265363707695889 4.930514402533916 0.021987563980576798
0.1308996938995747 4.9306103413804045 0.021987563980668742
0.13526301702956053 4.9307062802268939 0.021987563980839338
0.13962634015954636 4.9308022190733833 0.021987563980675265
0.14398966328953219 4.9308981579198718 0.021987563980550288
0.14835298641951802 4.9309940967663604 0.021987563980603614
0.15271630954950383 4.9310900356128489 0.021987563980515712
0.15707963267948966 4.9311859744593374 0.02198756398081397
0.16144295580947549 4.9312819133058277 0.021987563980929749
0.16580627893946132 4.9313778521523171 0.02198756398077905
0.17016960206944712 4.9314737909988065 0.021987563980655829
0.17453292519943295 4.931569729845295 0.02198756398068873
0.17889624832941878 4.9316656686917844 0.021987563980679924
0.18325957145940461 4.9317616075382729 0.021987563980682252
0.18762289458939044 4.9318575463847623 0.021987563980681739
0.19198621771937624 4.9319534852312508 0.021987563980681891
0.19634954084936207 4.9320494240777402 0.021987563980681791
0.2007128639793479 4.9321453629242287 0.021987563980681614
0.20507618710933373 4.9322413017707181 0.02198756398068244
0.20943951023931956 4.9323372406172066 0.021987563980679314
0.21380283336930536 4.932433179463696 0.021987563980691422
0.21816615649929119 4.9325291183101845 0.021987563980646101
0.22252947962927702 4.9326250571566739 0.021987563980814851
0.22689280275926285 4.9327209960031633 0.021987563980795842
0.23125612588924865 4.9328169348496527 0.021987563980703562
0.23561944901923448 4.9329128736961412 0.021987563980481007
0.23998277214922031 4.9330088125426297 0.021987563980852425
0.24434609527920614 4.93310475138912 0.021987563980810643
0.24870941840919197 4.9332006902356085 0.021987563980606355
0.2530727415391778 4.9332966290820979 0.021987563980854621
0.25743606466916363 4.9333925679285873 0.02198756398067651
0.26179938779914941 4.9334885067750758 0.02198756398053086
0.26616271092913524 4.9335844456215643 0.021987563980680906
0.27052603405912107 4.9336803844680537 0.021987563980836202
0.2748893571891069 4.9337763233145431 0.021987563980675646
0.27925268031909273 4.9338722621610316 0.021987563980551891
0.28361600344907856 4.9339682010075201 0.0219875639805968
0.28797932657906439 4.9340641398540086 0.021987563980540935
0.29234264970905022 4.9341600787004971 0.021987563980719479
0.29670597283903605 4.9342560175469865 0.021987563980671844
0.30106929596902182 4.934351956393475 0.021987563980684671
0.30543261909900765 4.9344478952399644 0.021987563980681007
0.30979594222899348 4.9345438340864529 0.021987563980681985
0.31415926535897931 4.9346397729329423 0.021987563980681728
0.31852258848896514 4.9347357117794308 0.021987563980681794
0.32288591161895097 4.9348316506259202 0.021987563980681777
0.3272492347489368 4.9349275894724087 0.021987563980681784
0.33161255787892263 4.9350235283188981 0.02198756398068178
0.33597588100890846 4.9351194671653866 0.021987563980681777
0.34033920413889424 4.935215406011876 0.021987563980682637
0.34470252726888007 4.9353113448583645 0.021987563980679192
0.3490658503988659 4.9354072837048539 0.021987563980691287
0.35342917352885173 4.9355032225513424 0.02198756398064635
0.35779249665883756 4.9355991613978318 0.021987563980813998
0.36215581978882339 4.9356951002443212 0.021987563980799017
0.36651914291880922 4.9357910390908106 0.021987563980691287
0.37088246604879505 4.9358869779372991 0.021987563980526516
0.37524578917878088 4.9359829167837876 0.021987563980682672
0.37960911230876665 4.936078855630277 0.021987563980834322
0.38397243543875248 4.9361747944767664 0.021987563980682238
0.38833575856873831 4.9362707333232549 0.021987563980527418
0.39269908169872414 4.9363666721697435 0.021987563980688112
0.39706240482870997 4.9364626110162328 0.021987563980810816
0.4014257279586958 4.9365585498627222 0.021987563980769974
0.40578905108868163 4.9366544887092116 0.021987563980810646
0.41015237421866746 4.936750427555701 0.021987563980688806
0.41451569734865329 4.9368463664021895 0.021987563980524823
0.41887902047863912 4.9369423052486781 0.021987563980691918
0.42324234360862489 4.9370382440951674 0.021987563980799027
0.42760566673861072 4.9371341829416568 0.021987563980814161
0.43196898986859655 4.9372301217881462 0.021987563980645695
0.43633231299858238 4.9373260606346348 0.021987563980693754
0.44069563612856821 4.9374219994811241 0.021987563980669974
0.44505895925855404 4.9375179383276127 0.021987563980717023
0.44942228238853987 4.9376138771741021 0.021987563980552609
0.4537856055185257 4.9377098160205897 0.021987563980552554
0.45814892864851153 4.9378057548670791 0.021987563980717193
0.46251225177849731 4.9379016937135676 0.021987563980670203
0.46687557490848314 4.937997632560057 0.021987563980693525
0.47123889803846897 4.9380935714065455 0.021987563980646368
0.4756022211684548 4.9381895102530349 0.021987563980811684
0.47996554429844063 4.9382854490995243 0.021987563980808249
0.48432886742842646 4.9383813879460137 0.021987563980656669
0.48869219055841229 4.9384773267925022 0.021987563980655756
0.49305551368839812 4.9385732656389916 0.021987563980810993
0.49741883681838395 4.938669204485481 0.021987563980801626
0.50178215994836972 4.9387651433319704 0.021987563980684705
0.50614548307835561 4.9388610821784589 0.021987563980550247
0.51050880620834138 4.9389570210249474 0.021987563980594337
0.51487212933832727 4.9390529598714359 0.021987563980552426
0.51923545246831304 4.9391488987179244 0.021987563980675973
0.52359877559829882 4.9392448375644138 0.021987563980836046
0.5279620987282847 4.9393407764109032 0.021987563980681205
0.53232542185827048 4.9394367152573917 0.021987563980529833
0.53668874498825636 4.9395326541038802 0.021987563980679494
0.54105206811824214 4.9396285929503696 0.021987563980842874
0.54541539124822802 4.939724531796859 0.021987563980650354
0.5497787143782138 4.9398204706433475 0.021987563980646389
0.55414203750819968 4.9399164094898369 0.021987563980854771
0.55850536063818546 4.9400123483363263 0.021987563980635876
0.56286868376817123 4.9401082871828148 0.021987563980694083
0.56723200689815712 4.9402042260293042 0.021987563980678488
0.57159533002814289 4.9403001648757927 0.021987563980682662
0.57595865315812877 4.9403961037222821 0.021987563980681555
0.58032197628811455 4.9404920425687706 0.021987563980681798
0.58468529941810043 4.94058798141526 0.021987563980681937
0.58904862254808621 4.9406839202617485 0.021987563980681142
0.59341194567807209 4.9407798591082379 0.021987563980684181
0.59777526880805787 4.9408757979547264 0.021987563980672822
0.60213859193804364 4.9409717368012158 0.021987563980716884
0.60650191506802953 4.9410676756477043 0.021987563980550327
0.6108652381980153 4.9411636144941928 0.021987563980561828
0.61522856132800119 4.9412595533406813 0.021987563980682388
0.61959188445798696 4.9413554921871707 0.021987563980799311
0.62395520758797285 4.9414514310336601 0.021987563980821721
0.62831853071795862 4.9415473698801495 0.021987563980615157
0.63268185384794451 4.941643308726638 0.021987563980808335
0.63704517697793028 4.9417392475731283 0.021987563980852852
0.64140850010791606 4.9418351864196168 0.02198756398048328
0.64577182323790194 4.9419311252661053 0.021987563980694062
0.65013514636788772 4.9420270641125947 0.021987563980831164
0.6544984694978736 4.9421230029590841 0.02198756398068263
0.65886179262785938 4.9422189418055726 0.021987563980529
0.66322511575784526 4.9423148806520611 0.021987563980681385
0.66758843888783104 4.9424108194985505 0.021987563980836147
0.67195176201781692 4.9425067583450399 0.021987563980675376
0.6763150851478027 4.9426026971915284 0.021987563980553033
0.68067840827778847 4.942698636038017 0.02198756398059418
0.68504173140777436 4.9427945748845055 0.021987563980550268
0.68940505453776013 4.942890513730994 0.021987563980684775
0.69376837766774602 4.9429864525774834 0.021987563980801334
0.69813170079773179 4.9430823914239728 0.021987563980811239
0.70249502392771768 4.9431783302704622 0.021987563980655069
0.70685834705770345 4.9432742691169507 0.021987563980659167
0.71122167018768934 4.9433702079634401 0.021987563980798947
0.71558499331767511 4.9434661468099295 0.021987563980846392
0.71994831644766089 4.9435620856564189 0.021987563980518508
0.72431163957764677 4.9436580245029065 0.021987563980559593
0.72867496270763255 4.9437539633493959 0.021987563980723133
0.73303828583761843 4.9438499021958844 0.021987563980638555
0.73740160896760421 4.9439458410423738 0.021987563980813331
0.74176493209759009 4.9440417798888632 0.02198756398080948
0.74612825522757587 4.9441377187353526 0.021987563980650111
0.75049157835756175 4.9442336575818411 0.02198756398068076
0.75485490148754752 4.9443295964283305 0.021987563980717537
0.7592182246175333 4.944425535274819 0.021987563980541459
0.76358154774751918 4.9445214741213075 0.021987563980596661
0.76794487087750496 4.944617412967796 0.021987563980551916
0.77230819400749084 4.9447133518142845 0.021987563980675702
0.77667151713747662 4.9448092906607739 0.021987563980835966
0.7810348402674625 4.9449052295072633 0.021987563980681791
0.78539816339744828 4.9450011683537518 0.021987563980527553
0.78976148652743416 4.9450971072002403 0.021987563980688012
0.79412480965741994 4.9451930460467297 0.02198756398081108
0.79848813278740571 4.9452889848932191 0.021987563980770689
0.8028514559173916 4.9453849237397085 0.021987563980807534
0.80721477904737737 4.9454808625861979 0.021987563980700529
0.81157810217736326 4.9455768014326864 0.021987563980481028
0.81594142530734903 4.9456727402791749 0.021987563980855371
0.82030474843733492 4.9457686791256652 0.02198756398079885
0.82466807156732069 4.9458646179721537 0.021987563980650583
0.82903139469730658 4.9459605568186431 0.021987563980689514
0.83339471782729235 4.9460564956651316 0.021987563980682044
0.83775804095727824 4.946152434511621 0.021987563980672992
0.84212136408726401 4.9462483733581095 0.02198756398071668
0.84648468721724979 4.9463443122045989 0.021987563980552651
0.85084801034723567 4.9464402510510865 0.021987563980552745
0.85521133347722145 4.9465361898975759 0.021987563980716406
0.85957465660720733 4.9466321287440644 0.021987563980672326
0.86393797973719311 4.9467280675905538 0.021987563980684979
0.86830130286717899 4.9468240064370423 0.021987563980678439
0.87266462599716477 4.9469199452835317 0.021987563980691939
0.87702794912715065 4.9470158841300202 0.021987563980644494
0.88139127225713643 4.9471118229765096 0.02198756398082078
0.8857545953871222 4.947207761822999 0.021987563980775397
0.89011791851710809 4.9473037006694884 0.021987563980778998
0.89448124164709386 4.9473996395159778 0.021987563980809973
0.89884456477707975 4.9474955783624672 0.02198756398068246
0.90320788790706552 4.9475915172089557 0.021987563980550857
0.90757121103705141 4.9476874560554442 0.021987563980594128
0.91193453416703718 4.9477833949019328 0.021987563980552634
0.91629785729702307 4.9478793337484213 0.021987563980675348
0.92066118042700884 4.9479752725949107 0.021987563980836657
0.92502450355699462 4.9480712114414001 0.021987563980681038
0.9293878266869805 4.9481671502878886 0.021987563980529874
0.93375114981696627 4.9482630891343771 0.021987563980679484
0.93811447294695216 4.9483590279808665 0.021987563980842874
0.94247779607693793 4.9484549668273559 0.021987563980650368
0.94684111920692382 4.9485509056738444 0.021987563980646347
0.95120444233690959 4.9486468445203338 0.021987563980854937
0.95556776546689548 4.9487427833668232 0.021987563980635262
0.95993108859688125 4.9488387222133117 0.021987563980694694
0.96429441172686703 4.9489346610598011 0.021987563980678325
0.96865773485685291 4.9490305999062896 0.021987563980682703
0.97302105798683869 4.949126538752779 0.021987563980681545
0.97738438111682457 4.9492224775992675 0.021987563980681798
0.98174770424681035 4.9493184164457569 0.021987563980681944
0.98611102737679623 4.9494143552922454 0.0219875639806811
0.99047435050678201 4.9495102941387348 0.021987563980684331
0.99483767363676789 4.9496062329852233 0.021987563980672253
0.99920099676675367 4.9497021718317127 0.021987563980717342
1.0035643198967394 4.9497981106782012 0.021987563980550736
1.0079276430267252 4.9498940495246897 0.021987563980561408
1.0122909661567112 4.9499899883711782 0.021987563980681971
1.016654289286697 4.9500859272176676 0.021987563980799728
1.0210176124166828 4.950181866064157 0.021987563980822147
1.0253809355466685 4.9502778049106464 0.021987563980614709
1.0297442586766545 4.9503737437571349 0.02198756398080803
1.0341075818066403 4.9504696826036252 0.021987563980852855
1.0384709049366261 4.9505656214501137 0.021987563980483578
1.0428342280666119 4.9506615602966022 0.021987563980694517
1.0471975511965976 4.9507574991430916 0.02198756398083072
1.0515608743265836 4.950853437989581 0.021987563980682277
1.0559241974565694 4.9509493768360695 0.021987563980529187
1.0602875205865552 4.951045315682558 0.021987563980682669
1.064650843716541 4.9511412545290474 0.021987563980832504
1.0690141668465269 4.9512371933755368 0.021987563980686999
1.0733774899765127 4.9513331322220253 0.021987563980508527
1.0777408131064985 4.9514290710685138 0.021987563980760592
1.0821041362364843 4.9515250099150032 0.021987563980541459
1.08646745936647 4.9516209487614908 0.021987563980555291
1.090830782496456 4.9517168876079802 0.021987563980715715
1.0951941056264418 4.9518128264544687 0.021987563980670859
1.0995574287564276 4.9519087653009581 0.021987563980693205
1.1039207518864134 4.9520047041474466 0.021987563980648672
1.1082840750163994 4.952100642993936 0.021987563980801126
1.1126473981463851 4.9521965818404254 0.021987563980846506
1.1170107212763709 4.9522925206869148 0.021987563980515875
1.1213740444063567 4.9523884595334025 0.021987563980571685
1.1257373675363425 4.9524843983798919 0.021987563980679088
1.1301006906663285 4.9525803372263804 0.02198756398080097
1.1344640137963142 4.9526762760728706 0.021987563980816718
1.1388273369263 4.9527722149193592 0.021987563980635186
1.1431906600562858 4.9528681537658485 0.021987563980734894
1.1475539831862718 4.9529640926123371 0.021987563980514237
1.1519173063162575 4.9530600314588256 0.021987563980686499
1.1562806294462433 4.953155970305315 0.021987563980832132
1.1606439525762291 4.9532519091518044 0.021987563980687994
1.1650072757062149 4.9533478479982929 0.021987563980508256
1.1693705988362009 4.9534437868447814 0.021987563980757328
1.1737339219661866 4.9535397256912708 0.021987563980551447
1.1780972450961724 4.9536356645377584 0.021987563980518574
1.1824605682261582 4.9537316033842478 0.021987563980855943
1.1868238913561442 4.9538275422307372 0.021987563980757331
1.19118721448613 4.9539234810772266 0.021987563980814404
1.1955505376161157 4.954019419923716 0.021987563980688091
1.1999138607461015 4.9541153587702045 0.021987563980525596
1.2042771838760873 4.954211297616693 0.021987563980691228
1.2086405070060733 4.9543072364631824 0.021987563980798503
1.2130038301360591 4.9544031753096718 0.021987563980814438
1.2173671532660448 4.9544991141561612 0.02198756398064676
1.2217304763960306 4.9545950530026497 0.021987563980690863
1.2260937995260166 4.9546909918491391 0.021987563980678797
1.2304571226560024 4.9547869306956276 0.02198756398068295
1.2348204457859882 4.954882869542117 0.02198756398068176
1.2391837689159739 4.9549788083886055 0.021987563980682367
1.2435470920459597 4.9550747472350949 0.021987563980681142
1.2479104151759457 4.9551706860815834 0.021987563980682079
1.2522737383059315 4.9552666249280728 0.021987563980679553
1.2566370614359172 4.9553625637745613 0.021987563980692067
1.261000384565903 4.9554585026210507 0.021987563980644532
1.265363707695889 4.9555544414675392 0.021987563980818813
1.2697270308258748 4.9556503803140295 0.0219875639807799
1.2740903539558606 4.955746319160518 0.02198756398076461
1.2784536770858463 4.9558422580070083 0.021987563980864676
1.2828170002158321 4.9559381968534968 0.021987563980479709
1.2871803233458181 4.9560341356999853 0.021987563980694815
1.2915436464758039 4.9561300745464747 0.02198756398083003
1.2959069696057897 4.9562260133929641 0.021987563980688102
1.3002702927357754 4.9563219522394526 0.021987563980509914
1.3046336158657614 4.9564178910859411 0.021987563980750576
1.3089969389957472 4.9565138299324305 0.021987563980576798
1.313360262125733 4.9566097687789181 0.021987563980423928
1.3177235852557188 4.9567057076254066 0.021987563980598517
1.3220869083857045 4.9568016464718951 0.021987563980663705
1.3264502315156905 4.9568975853183845 0.021987563980835671
1.3308135546456763 4.9569935241648739 0.021987563980693296
1.3351768777756621 4.9570894630113624 0.021987563980483498
1.3395402009056478 4.9571854018578509 0.021987563980854389
1.3439035240356338 4.9572813407043412 0.021987563980798611
1.3482668471656196 4.9573772795508297 0.021987563980650843
1.3526301702956054 4.9574732183973191 0.021987563980690378
1.3569934934255912 4.9575691572438076 0.021987563980680011
1.3613568165555769 4.957665096090297 0.021987563980681947
1.3657201396855629 4.9577610349367855 0.021987563980681205
1.3700834628155487 4.9578569737832749 0.021987563980682245
1.3744467859455345 4.9579529126297635 0.021987563980682169
1.3788101090755203 4.9580488514762528 0.021987563980681434
1.3831734322055063 4.9581447903227414 0.021987563980681104
1.387536755335492 4.9582407291692308 0.021987563980683158
1.3919000784654778 4.9583366680157193 0.021987563980678616
1.3962634015954636 4.9584326068622087 0.021987563980694728
1.4006267247254494 4.9585285457086972 0.021987563980634835
1.4049900478554354 4.9586244845551866 0.021987563980854941
1.4093533709854211 4.958720423401676 0.021987563980645077
1.4137166941154069 4.9588163622481645 0.021987563980657109
1.4180800172453927 4.9589123010946539 0.021987563980818834
1.4224433403753787 4.9590082399411433 0.021987563980767233
1.4268066635053644 4.9591041787876327 0.021987563980811919
1.4311699866353502 4.9592001176341221 0.021987563980688119
1.435533309765336 4.9592960564806106 0.021987563980527949
1.4398966328953218 4.9593919953270991 0.021987563980681787
1.4442599560253078 4.9594879341735885 0.021987563980833912
1.4486232791552935 4.9595838730200779 0.021987563980682249
1.4529866022852793 4.9596798118665664 0.021987563980529458
1.4573499254152651 4.9597757507130549 0.021987563980681597
1.4617132485452511 4.9598716895595443 0.021987563980833159
1.4660765716752369 4.9599676284060337 0.021987563980685434
1.4704398948052226 4.9600635672525222 0.021987563980517467
1.4748032179352084 4.9601595060990107 0.021987563980726384
1.4791665410651942 4.9602554449455001 0.021987563980669367
1.4835298641951802 4.9603513837919886 0.021987563980685149
1.487893187325166 4.960447322638478 0.021987563980679036
1.4922565104551517 4.9605432614849665 0.021987563980691072
1.4966198335851375 4.9606392003314559 0.021987563980649032
1.5009831567151235 4.9607351391779444 0.021987563980801806
1.5053464798451093 4.9608310780244347 0.021987563980843422
1.509709802975095 4.9609270168709232 0.021987563980527532
1.5140731261050808 4.9610229557174117 0.021987563980528136
1.5184364492350666 4.9611188945639002 0.021987563980841639
1.5227997723650526 4.9612148334103905 0.021987563980804981
1.5271630954950384 4.961310772256879 0.021987563980638117
1.5315264186250241 4.9614067111033684 0.021987563980734915
1.5358897417550099 4.9615026499498569 0.021987563980514574
1.5402530648849959 4.9615985887963454 0.021987563980685132
1.5446163880149817 4.9616945276428348 0.021987563980833902
1.5489797111449675 4.9617904664893242 0.021987563980682287
1.5533430342749532 4.9618864053358127 0.021987563980529302
1.557706357404939 4.9619823441823012 0.021987563980682207
1.562069680534925 4.9620782830287906 0.02198756398083088
1.5664330036649108 4.96217422187528 0.021987563980693944
1.5707963267948966 4.9622701607217685 0.021987563980485694
1.5751596499248823 4.962366099568257 0.021987563980844983
1.5795229730548683 4.9624620384147473 0.021987563980834055
1.5838862961848541 4.9625579772612358 0.021987563980518467
1.5882496193148399 4.9626539161077243 0.021987563980573777
1.5926129424448257 4.9627498549542128 0.021987563980668121
1.5969762655748114 4.9628457938007022 0.021987563980846111
1.6013395887047974 4.9629417326471916 0.02198756398064711
1.6057029118347832 4.9630376714936801 0.021987563980654466
1.610066234964769 4.9631336103401695 0.021987563980827386
1.6144295580947547 4.9632295491866589 0.021987563980739009
1.6187928812247407 4.9633254880331483 0.021987563980916253
1.6231562043547265 4.9634214268796386 0.02198756398090633
1.6275195274847123 4.963517365726128 0.021987563980772128
1.6318828506146981 4.9636133045726174 0.021987563980708193
1.6362461737446838 4.9637092434191059 0.021987563980487464
1.6406094968746698 4.9638051822655935 0.02198756398020962
1.6449728200046556 4.9639011211120803 0.021987563980320392
1.6493361431346414 4.9639970599585679 0.021987563980158498
1.6536994662646272 4.9640929988050537 0.021987563980084644
1.6580627893946132 4.9641889376515413 0.021987563980538614
1.6624261125245989 4.9642848764980307 0.021987563981239251
1.6667894356545847 4.9643808153445246 0.021987563982260747
1.6711527587845705 4.964476754191022 0.02198756398297012
1.6755160819145565 4.964572693037522 0.02198756398338244
1.6798794050445423 4.9646686318840221 0.021987563982855791
1.684242728174528 4.9647645707305177 0.021987563981500067
1.6886060513045138 4.9648605095770053 0.021987563978900292
1.6929693744344996 4.9649564484234787 0.021987563975388473
1.6973326975644856 4.965052387269937 0.021987563971880168
1.7016960206944713 4.9651483261163829 0.021987563970494547
1.7060593438244571 4.9652442649628314 0.021987563972831345
1.7104226669544429 4.9653402038092969 0.021987563978304432
1.7147859900844289 4.9654361426557942 0.021987563987658599
1.7191493132144147 4.9655320815023405 0.021987564000339504
1.7235126363444004 4.9656280203489436 0.02198756401293437
1.7278759594743862 4.9657239591955893 0.021987564018268648
1.732239282604372 4.9658198980422306 0.021987564010595356
1.736602605734358 4.9659158368888097 0.021987563990150897
1.7409659288643438 4.9660117757352715 0.021987563956247385
1.7453292519943295 4.9661077145815549 0.021987563908957293
1.7496925751243153 4.9662036534276233 0.021987563861495918
1.7540558982543013 4.9662995922735318 0.021987563840926903
1.7584192213842871 4.9663955311194501 0.021987563867461705
1.7627825445142729 4.9664914699655931 0.021987563943110806
1.7671458676442586 4.9665874088121722 0.021987564068315479
1.7715091907742444 4.9666833476594086 0.021987564243578145
1.7758725139042304 4.9667792865074496 0.021987564422476506
1.7802358370342162 4.9668752253560982 0.021987564502580131
1.7845991601642019 4.9669711642047281 0.02198756440814251
1.7889624832941877 4.96706710305254 0.02198756413054152
1.7933258064241737 4.9671630418987451 0.021987563668260223
1.7976891295541595 4.9672589807425176 0.021987563017675169
1.8020524526841453 4.9673549195832871 0.021987562345021049
1.806415775814131 4.9674508584217456 0.021987562032604935
1.8107790989441168 4.9675467972602076 0.021987562368411949
1.8151424220741028 4.9676427361016477 0.021987563387604075
1.8195057452040886 4.9677386749490102 0.021987565094517554
1.8238690683340744 4.9678346138053726 0.021987567507482722
1.8282323914640601 4.9679305526729278 0.021987570032211405
1.8325957145940461 4.9680264915492582 0.021987571249332382
1.8369590377240319 4.9681224304258382 0.021987570061102083
1.8413223608540177 4.9682183692915842 0.021987566319592981
1.8456856839840035 4.9683143081355041 0.021987560018431194
1.8500490071139892 4.9684102469461333 0.021987551069067201
1.8544123302439752 4.9685061857150457 0.021987541596285118
1.858775653373961 4.9686021244506673 0.02198753686538096
1.8631389765039468 4.9686980631843758 0.021987541057405673
1.8675022996339325 4.9687940019574777 0.021987554789726551
1.8718656227639185 4.968889940811005 0.021987578049768343
1.8762289458939043 4.9689858797876676 0.021987611235324497
1.8805922690238901 4.9690818189197614 0.021987646761280798
1.8849555921538759 4.9691777581780592 0.021987665109971546
1.8893189152838616 4.9692736974471314 0.021987650368682395
1.8936822384138476 4.9693696365730737 0.021987599984233903
1.8980455615438334 4.9694655754027135 0.021987514131792056
1.9024088846738192 4.9695615137769558 0.02198739109513731
1.906772207803805 4.9696574515722221 0.021987257911382934
1.911135530933791 4.9697533888893837 0.021987186887936903
1.9154988540637767 4.969849326152862 0.021987238535015895
1.9198621771937625 4.9699452639359842 0.021987423341061255
1.9242255003237483 4.9700412028105845 0.021987740195624397
1.9285888234537341 4.9701371433692341 0.021988196283372695
1.9329521465837201 4.9702330860839972 0.021988695379303383
1.9373154697137058 4.9703290306087329 0.021988969787786923
1.9416787928436916 4.9704249753837608 0.021988789591690799
1.9460421159736774 4.9705209182736967 0.021988111962009987
1.9504054391036634 4.9706168571436695 0.021986942659997798
1.9547687622336491 4.9707127897866812 0.02198525223161291
1.9591320853636349 4.9708087144022315 0.021983382628162778
1.9634954084936207 4.9709046321703534 0.021982324249497535
1.9678587316236065 4.9710005488193447 0.021982949965135317
1.9722220547535925 4.9710964723009257 0.021985433766318476
1.9765853778835782 4.9711924105856982 0.021989748513315879
1.980948701013564 4.9712883718932366 0.021996012936780371
1.9853120241435498 4.9713843630807819 0.022003013763216773
1.9896753472735358 4.9714803801563292 0.022007089292489686
1.9940386704035216 4.9715764020937971 0.022004928438391285
1.9984019935335073 4.9716723992889644 0.021995827583079816
2.0027653166634933 4.9717683419820569 0.021979907439221014
2.0071286397934789 4.9718641995610975 0.021956695892256226
2.0114919629234649 4.97195994594626 0.021930490833547499
2.0158552860534504 4.9720555945194427 0.021914820772695895
2.0202186091834364 4.9721512224105497 0.0219222355635104
2.0245819323134224 4.9722469398116287 0.021955569036726588
2.028945255443408 4.9723428578410651 0.02201430477402299
2.033308578573394 4.9724390905076952 0.02210029884850986
2.0376719017033795 4.9725357368695366 0.022198351287972058
2.0420352248333655 4.9726327525612408 0.022258515839631898
2.0463985479633515 4.972729854829999 0.022233263699631078
2.0507618710933371 4.9728266336160027 0.02211122334668178
2.0551251942233231 4.9729226740040025 0.021894541468826089
2.0594885173533091 4.9730175513735935 0.021575991706612032
2.0638518404832946 4.9731108899466188 0.021209241492619768
2.0682151636132806 4.9732028348125983 0.020978551146655266
2.0725784867432662 4.9732944218241881 0.021063777810796901
2.0769418098732522 4.973387176581018 0.021510401431313997
2.0813051330032382 4.9734826484325065 0.02230969944842456
2.0856684561332237 4.9735824189499827 0.023489565460694976
2.0900317792632097 4.9736879119509414 0.024860838240676988
2.0943951023931953 4.9737986611168967 0.025744243779876285
2.0987584255231813 4.9739108743028408 0.02545980768960756
2.1031217486531673 4.9740188771113072 0.023825890193642542
2.1074850717831528 4.9741168835504137 0.020878156654909028
2.1118483949131388 4.9741990033541281 0.016507165104980535
2.1162117180431244 4.9742598442855464 0.0113857440354284
2.1205750411731104 4.9743008833886453 0.0079974106870764183
2.1249383643030963 4.9743359518157195 0.0089522964333138347
2.1293016874330819 4.9743862878818526 0.014913207726428814
2.1336650105630679 4.9744730435165394 0.025652183019961902
2.1380283336930539 4.974619641667374 0.042920304719094193
2.1423916568230394 4.9748417624664505 0.056179073980476731
2.1467549799530254 4.9750451381359326 0.02491322151255124
2.151118303083011 4.9749324358758926 -0.093489515929545228
2.155481626212997 4.9740838895847181 -0.31186097836620541
2.159844949342983 4.9720683258320442 -0.62828358148810337
2.1642082724729685 4.968452364194512 -1.0469563406364319
2.1685715956029545 4.9628171838340878 -1.5445077618756575
2.1729349187329401 4.9549976571166319 -2.0257877736290619
2.1772982418629261 4.9453114134637879 -2.3884222557283614
2.1816615649929121 4.9343743762645724 -2.6000466338885757
2.1860248881228976 4.9228353649059082 -2.664783878688799
2.1903882112528836 4.911341221056043 -2.5772488391784938
2.1947515343828692 4.9005259391901062 -2.365052007110382
2.1991148575128552 4.8907068844770469 -2.1496679207268321
2.2034781806428412 4.8815762152218847 -2.0651467857856427
2.2078415037728267 4.8724312786939716 -2.1551258891118743
2.2122048269028127 4.8625229141569104 -2.4144344995486824
2.2165681500327987 4.8511069091510759 -2.8486926197157221
2.2209314731627843 4.837448072590143 -3.4309861464084697
2.2252947962927703 4.8211344969504264 -4.0348754457340963
2.2296581194227558 4.8024140996588338 -4.5170975331305394
2.2340214425527418 4.7819624819807878 -4.8294280151468625
2.2383847656827278 4.7605093248983383 -4.9767912289535818
2.2427480888127134 4.7387782989458813 -4.9546642244862449
2.2471114119426994 4.7174852559713596 -4.7857226770517531
2.2514747350726849 4.6970737475180542 -4.576382466916459
2.2558380582026709 4.677428044688555 -4.4500572021050644
2.2602013813326569 4.6580541845540617 -4.4512640400431556
2.2645647044626425 4.6384029332725767 -4.5765767876830106
2.2689280275926285 4.6179293488446138 -4.8302336869112343
2.2732913507226145 4.596098197478514 -5.1890822376607089
2.2776546738526 4.5726466740451777 -5.5475111752995989
2.282017996982586 4.5478697707965612 -5.7802966783255156
2.2863813201125716 4.5224576476768501 -5.8387347767104139
2.2907446432425576 4.4971661033907919 -5.7260379930606078
2.2951079663725436 4.4727501317977838 -5.4334836904460575
2.2994712895025291 4.449950894713175 -5.0028134778384077
2.3038346126325151 4.428999914061527 -4.6356963469916694
2.3081979357625007 4.4090474353947551 -4.5775481713613999
2.3125612588924866 4.3884606488442452 -4.9268565857039546
2.3169245820224726 4.3654670869833971 -5.6786658899872595
2.3212879051524582 4.3383040641015906 -6.8436073008800014
2.3256512282824442 4.3052202437420952 -8.3695830670473477
2.3300145514124297 4.2651314875010815 -9.987818214614288
2.3343778745424157 4.2184128335945612 -11.363522857473638
2.3387411976724017 4.1665217074270835 -12.357180958928415
2.3431045208023873 4.1111264546241042 -12.972433877793275
2.3474678439323733 4.0538686364266727 -13.20762974003301
2.3518311670623593 3.9963886877646004 -13.084924663738422
2.3561944901923448 3.9400169400673257 -12.731331906560657
2.3605578133223308 3.8853878300770552 -12.308315723963318
2.3649211364523164 3.8326054281698396 -11.886120831729013
2.3692844595823024 3.7816620553001528 -11.463790406414013
2.3736477827122884 3.732566083212526 -11.040704558301293
2.3780111058422739 3.6853216231155659 -10.612193288099277
2.3823744289722599 3.6400247711479392 -10.137241632149337
2.3867377521022455 3.5970044791309586 -9.5612354909104269
2.3911010752322315 3.5567673786052394 -8.8613828757378048
2.3954643983622175 3.5198522889455512 -8.03917153991015
2.399827721492203 3.486793583680718 -7.0923684728901621
2.404191044622189 3.4581301536400271 -6.0283688350332518
2.4085543677521746 3.4342760926209559 -4.9025232470618345
2.4129176908821606 3.415327382312519 -3.7905559590774014
2.4172810140121466 3.401128903351228 -2.7255814911485312
2.4216443371421321 3.3914738557785609 -1.707594839117923
2.4260076602721181 3.3861631024832963 -0.73376587356858491
2.4303709834021041 3.3850001933487395 0.1916959107383843
2.4347343065320897 3.3877193178085503 1.0369570724228103
2.4390976296620757 3.3938665765164098 1.7565518202103865
2.4434609527920612 3.4028359436193223 2.3302619599650347
2.4478242759220472 3.4139904394666365 2.7585493145016509
2.4521875990520332 3.4266979378606388 3.0418395115426491
2.4565509221820188 3.4403247654015994 3.1802414280713402
2.4609142453120048 3.4542477966559364 3.1790823979952578
2.4652775684419903 3.4678758453046408 3.0461561736115059
2.4696408915719763 3.4806437702486477 2.7848275035725156
2.4740042147019623 3.4919916851440158 2.3953639186134446
2.4783675378319479 3.5013587949986196 1.8763187101629695
2.4827308609619338 3.5081811980722488 1.2304503986577313
2.4870941840919194 3.5119497170550344 0.4836613150210905
2.4914575072219054 3.512311631289144 -0.32521896807702838
2.4958208303518914 3.5090486054846179 -1.1774428292901298
2.5001841534818769 3.5019740384829303 -2.0726149722128739
2.5045474766118629 3.4908965809368611 -3.0125100363103634
2.5089107997418489 3.4756237897178632 -3.9944414028427953
2.5132741228718345 3.4560042183363331 -4.9999457233233713
2.5176374460018205 3.4319971960676234 -6.0012119921555778
2.522000769131806 3.4036611318634131 -6.983661607094418
2.526364092261792 3.3710820294244535 -7.9463250633438438
2.530727415391778 3.3343428160711936 -8.8908013937189523
2.5350907385217636 3.2935245662444972 -9.8150530812144385
2.5394540616517496 3.2487433392325338 -10.702851298020402
2.5438173847817351 3.2002143838425914 -11.528897373405918
2.5481807079117211 3.1482441261562224 -12.279728252259932
2.5525440310417071 3.0931644207261355 -12.954322620800045
2.5569073541716927 3.0353050585423791 -13.554164261531263
2.5612706773016787 2.9749924311475047 -14.078095447309639
2.5656340004316642 2.9125859088569879 -14.508926058116684
2.5699973235616502 2.8485555001253733 -14.817830586082588
2.5743606466916362 2.7834751234415749 -14.989788724618096
2.5787239698216218 2.7179443208356431 -15.024646481782638
2.5830872929516078 2.6525592960555207 -14.922717916461657
2.5874506160815938 2.5879176221967271 -14.684254524719204
2.5918139392115793 2.524604794335771 -14.315299003555513
2.5961772623415653 2.4631684840896968 -13.825738798189342
2.6005405854715509 2.4041199110397971 -13.221049499514882
2.6049039086015369 2.3479592762283228 -12.502079661778035
2.6092672317315229 2.2951873958498816 -11.667112318892638
2.6136305548615084 2.2463106551987266 -10.717914802499266
2.6179938779914944 2.2017786288727708 -9.6843658788243818
2.62235720112148 2.1618453536204516 -8.6186852310218462
2.626720524251466 2.1265700182603422 -7.5505248507086797
2.631083847381452 2.0959552163524773 -6.4819366900526703
2.6354471705114375 2.0700091429578724 -5.4101216738478852
2.6398104936414235 2.0487444010788525 -4.3373421651619646
2.6441738167714091 2.0321202420918878 -3.2909989856301993
2.6485371399013951 2.0199158649354585 -2.3197032989995834
2.6529004630313811 2.0117255770868723 -1.4525265708174575
2.6572637861613666 2.0070851014182889 -0.69197358730152791
2.6616271092913526 2.0055346976462172 -0.036114241062815931
2.6659904324213386 2.0066161841824393 0.51402680889131058
2.6703537555513241 2.0098547065331211 0.95022632564098841
2.6747170786813101 2.0147212062725766 1.2576705920467457
2.6790804018112957 2.020629092623643 1.4270135041484842
2.6834437249412817 2.0269722972634523 1.4575050898544957
2.6878070480712677 2.0331459647111059 1.3489334562339259
2.6921703712012532 2.0385424377524521 1.1018037059273162
2.6965336943312392 2.0425818445916777 0.73148483784701612
2.7008970174612248 2.0447889667242425 0.26705390296194675
2.7052603405912108 2.0448020503288706 -0.27319942899203264
2.7096236637211968 2.0422976653883866 -0.88714881147187519
2.7139869868511823 2.036950097367781 -1.5768105123888967
2.7183503099811683 2.0284288418205412 -2.3411098259618615
2.7227136331111539 2.0164449763018508 -3.1570329295551125
2.7270769562411399 2.000868726852528 -3.9796977025675004
2.7314402793711259 1.981748324629323 -4.7798367090303877
2.7358036025011114 1.9591944169835085 -5.5541002966940098
2.7401669256310974 1.9333143125804435 -6.3045358076326909
2.7445302487610834 1.9042127408758034 -7.0303723710950639
2.748893571891069 1.8720140770704925 -7.720912042525744
2.753256895021055 1.8369175060393621 -8.3547747084403827
2.7576202181510405 1.7992083764814442 -8.9175015426606237
2.7619835412810265 1.7592037362241408 -9.4072713664778149
2.7663468644110125 1.7172195054522339 -9.8248083156199755
2.7707101875409981 1.6735711379769878 -10.170132990657939
2.7750735106709841 1.6285732417443808 -10.443341082513333
2.7794368338009696 1.5825414841847483 -10.643882353277954
2.7838001569309556 1.5357938194827114 -10.771561359444771
2.7881634800609416 1.4886472746742174 -10.826775316986796
2.7925268031909272 1.4414182210096014 -10.809219150974817
2.7968901263209132 1.3944247592815278 -10.718977684405321
2.8012534494508987 1.3479735185808828 -10.562714915661997
2.8056167725808847 1.3023233404669718 -10.354433675837612
2.8099800957108707 1.2576751814611837 -10.104113749084137
2.8143434188408563 1.2142070451403821 -9.8134132703296455
2.8187067419708423 1.1720969225813889 -9.4815097922804927
2.8230700651008283 1.1315257667285099 -9.1080071335029906
2.8274333882308138 1.0926593547721919 -8.7037101167234052
2.8317967113607998 1.0555784505924095 -8.2946805589364807
2.8361600344907854 1.0202545422352742 -7.8994497451466632
2.8405233576207713 0.98661977131338308 -7.5200158622909727
2.8448866807507573 0.95460859132590714 -7.1553179564443337
2.8492500038807429 0.92415647797509504 -6.8053093051905256
2.8536133270107289 0.89519172693999738 -6.4754715573596897
2.8579766501407144 0.86759735420853079 -6.179993482757479
2.8623399732707004 0.8411960732998861 -5.9292312991537957
2.8667032964006864 0.81578843701807413 -5.7242688744972758
2.871066619530672 0.79117651811319711 -5.5646060666852799
2.875429942660658 0.76716173117567188 -5.4505670554875048
2.8797932657906435 0.74354776261546962 -5.3802457931286796
2.8841565889206295 0.72015381687929603 -5.3487108867384086
2.8885199120506155 0.69682041497781522 -5.3522683496547527
2.8928832351806011 0.67339614973898032 -5.3904195588544344
2.8972465583105871 0.64972935058962245 -5.4634843215949331
2.9016098814405731 0.62566711365849337 -5.5717110864389099
2.9059732045705586 0.60106393587247675 -5.7095457912053282
2.9103365277005446 0.57581998446515725 -5.8624672321983136
2.9146998508305302 0.54989882070256257 -6.0191271704442473
2.9190631739605162 0.52329045310584643 -6.1776694462884665
2.9234264970905022 0.49598473682311117 -6.338788595682904
2.9277898202204877 0.46796960038546581 -6.5029927302919228
2.9321531433504737 0.43924226045355547 -6.6624934643059825
2.9365164664804593 0.40986721939842324 -6.795287935109001
2.9408797896104453 0.38000666816735623 -6.8837480147413901
2.9452431127404313 0.34986351287189632 -6.925229675262826
2.9496064358704168 0.31963972905681148 -6.920583282097037
2.9539697590004028 0.28953688628127261 -6.8699703472026039
2.9583330821303884 0.25975790636753404 -6.7712438448489687
2.9626964052603744 0.23052805082614114 -6.616540980133621
2.9670597283903604 0.2021083603787274 -6.3995003466625597
2.9714230515203459 0.17477324786370699 -6.1196364011882407
2.9757863746503319 0.14879549638613637 -5.777179254950247
2.9801496977803179 0.12445005404451459 -5.3713259885120577
2.9845130209103035 0.10200271619374254 -4.9098625914920699
2.9888763440402895 0.081651547188243787 -4.4153093934325005
2.993239667170275 0.063492077304661165 -3.9068647311390108
2.997602990300261 0.047572499013672276 -3.3882592447233413
3.001966313430247 0.033940106399026608 -2.8585368002019553
3.0063296365602326 0.022644229947196649 -2.3170088513758613
3.0106929596902186 0.013726878109834643 -1.7710198499565593
3.0150562828202041 0.007161086713611306 -1.2443368793696525
3.0194196059501901 0.0028097414235866524 -0.75770291043838289
3.0237829290801761 0.0004852153901949452 -0.31484249572670875
3.0281462522101616 0 0.085236992210142956
3.0325095753401476 0.0011660902942814519 0.44202962745244401
3.0368728984701332 0.0037989098329222603 0.75858250010650952
3.0412362216001192 0.0077403595688895054 1.0437749659324043
3.0455995447301052 0.012873586708249379 1.3056058609781391
3.0499628678600907 0.019102797065823157 1.5460381528210558
3.0543261909900767 0.026333690533667027 1.7647272197896005
3.0586895141200627 0.034469896421093688 1.9606922050026421
3.0630528372500483 0.043422382199989173 2.1418228787676949
3.0674161603800343 0.053178167151268628 2.3348757378525478
3.0717794835100198 0.063851315390626717 2.5645739911614123
3.0761428066400058 0.075619364052281854 2.8362587333033664
3.0805061297699918 0.088661975028425835 3.1489440858020785
3.0848694528999774 0.10315798518140645 3.5021260951922013
3.0892327760299634 0.11928658955309709 3.8984854711737125
3.0935960991599489 0.13722768963519144 4.3285353136326208
3.0979594222899349 0.15716560515190303 4.8310659853574993
3.1023227454199209 0.17927897972215651 5.2595380856972174
3.1066860685499065 0.2023215242043381 5.177704652720994
3.1110493916798925 0.22373606287164027 4.5960821105503049
3.115412714809878 0.24229615425173789 3.9224979768322052
3.119776037939864 0.25800144498724881 3.2730673256503224
3.12413936106985 0.27085163607207391 2.6185358037793631
3.1285026841998356 0.28084648285709729 1.9598804923385236
3.1328660073298216 0.28798579505484551 1.3225221694945735
3.1372293304598076 0.29226943674310418 0.60387539657196598
3.1415926535897931 0.29369732636751034 0.18893590948758332
3.1459559767197791 0.29512521599191671 0.60387014361370506
3.1503192998497647 0.29940885768017494 1.322543181327748
3.1546826229797507 0.30654816987792299 1.9598016979639352
3.1590459461097367 0.31654301666294737 2.6188299694443811
3.1634092692397222 0.3293932077477712 3.2719694573649174
3.1677725923697082 0.34509849848328189 3.9265952843086431
3.1721359154996938 0.3636585898633794 4.580790748929731
3.1764992386296798 0.38507312853068137 5.2347727917266482
3.1808625617596658 0.40934170678323828 5.8895156182895674
3.1852258848896513 0.43646386258229969 6.5408307419593168
3.1895892080196373 0.46643907956112041 7.2044231913671117
3.1939525311496229 0.49926678703477145 7.8215866390399276
3.1983158542796088 0.5340534655443212 7.997457666944614
3.2026791774095948 0.56812761396968647 7.5337997789966789
3.2070425005395804 0.59945851252898519 6.8365410299822162
3.2114058236695664 0.62781355173765596 6.1570640656966464
3.2157691467995524 0.65315821656829276 5.4563995378770489
3.2201324699295379 0.67540707697772795 4.7402353236611852
3.2244957930595239 0.69452140662428707 4.021893776350316
3.2288591161895095 0.71051885737472964 3.3132715061981779
3.2332224393194955 0.72345618606286322 2.6191091145252616
3.2375857624494815 0.7333951604744352 1.9388794574022132
3.241949085579467 0.74039617043991757 1.2724483737390644
3.246312408709453 0.74452069073081106 0.62067819006700087
3.2506757318394386 0.74583775932486684 -0.013800210572437762
3.2550390549694246 0.74442961631575555 -0.62809550302876771
3.2594023780994106 0.74038765674326645 -1.2210322873810242
3.2637657012293961 0.73380511928309033 -1.7926414204991403
3.2681290243593821 0.72477477052067829 -2.3430318694894465
3.2724923474893677 0.71338970930828804 -2.8718330445687847
3.2768556706193537 0.6997466375963789 -3.3777125800927976
3.2812189937493397 0.68394912815115427 -3.8591691956529353
3.2855823168793252 0.66610539330588292 -4.3156264222637821
3.2899456400093112 0.64632457914818464 -4.7470594827318537
3.2943089631392972 0.62471539670013998 -5.153801081646157
3.2986722862692828 0.60138705102563994 -5.5345046287510424
3.3030356093992688 0.57646493480806715 -5.8827543150209998
3.3073989325292543 0.55010839489970342 -6.1910850125913504
3.3117622556592403 0.52249952595074578 -6.4567876412830634
3.3161255787892263 0.49382403525276414 -6.6800395466676017
3.3204889019192119 0.46426646069496458 -6.8611605792411234
3.3248522250491979 0.43401247815964838 -6.9987155868638791
3.3292155481791834 0.40326243015236213 -7.087258873843342
3.3335788713091694 0.37224505273337372 -7.1204023775382792
3.3379421944391554 0.34120979408205782 -7.0953814698781921
3.342305517569141 0.31041062837342409 -7.0122902763019077
3.346668840699127 0.28010045612371287 -6.8711432711358391
3.351032163829113 0.25053322407352996 -6.6718072941421696
3.3553954869590985 0.22195974007548505 -6.4162393214797451
3.3597588100890845 0.1946190040368434 -6.1070212943549009
3.3641221332190701 0.16874318269965655 -5.7446851553101759
3.3684854563490561 0.144564633489494 -5.3290882269695103
3.372848779479042 0.12231616379569922 -4.8598287996606437
3.3772121026090276 0.10223028434375142 -4.3385509881998825
3.3815754257390136 0.084517850521430474 -3.7741731274872086
3.3859387488689991 0.069340880928606463 -3.1778445785429663
3.3903020719989851 0.056825598625034272 -2.5542384648610965
3.3946653951289711 0.047090879357429068 -1.9031757722670237
3.3990287182589567 0.040257936599895384 -1.2241437713462975
3.4033920413889427 0.036445653952674045 -0.51936699424288546
3.4077553645189282 0.035753549498289162 0.20462330573552562
3.4121186876489142 0.038248010190987565 0.94008263891392685
3.4164820107789002 0.043967434329137772 1.6824973491783848
3.4208453339088858 0.052940259441644891 2.4315744477757346
3.4252086570388718 0.065197139184083597 3.1876747216801609
3.4295719801688578 0.08076625210457071 3.9494699496745964
3.4339353032988433 0.099671119206591358 4.7170081793179879
3.4382986264288293 0.12193960999847205 5.4912129614799943
3.4426619495588149 0.14759939837325581 6.2711973616585235
3.4470252726888009 0.17667331772230771 7.0561229880267318
3.4513885958187869 0.20918384399646855 7.8466565005889386
3.4557519189487724 0.24515551994737472 8.6421449207112691
3.4601152420787584 0.28459542822721784 9.433949850373363
3.464478565208744 0.32745880834735464 10.209628462198564
3.46884188833873 0.37366100398272128 10.964515389149582
3.473205211468716 0.423112005827743 11.698604131892335
3.4775685345987015 0.47572158394374359 12.412753920370527
3.4819318577286875 0.53140397332649336 13.106452500781611
3.4862951808586731 0.59004273056029932 13.762866599203276
3.4906585039886591 0.65141633284565448 14.356501380661548
3.4950218271186451 0.71522138487809495 14.877630808588345
3.4993851502486306 0.78114416506867623 15.327262646110881
3.5037484733786166 0.84887341787066695 15.705687572780414
3.5081117965086026 0.91809811643964623 16.012587877121675
3.5124751196385882 0.98849925955567564 16.243618192887581
3.5168384427685742 1.0597302497906407 16.392021164681712
3.5212017658985597 1.1314221576402528 16.454843420682728
3.5255650890285457 1.2032021848660099 16.43264145331193
3.5299284121585317 1.2746993634902781 16.324741113668374
3.5342917352885173 1.3455384838437427 16.131624527251784
3.5386550584185033 1.4153737345586501 15.869333751825264
3.5430183815484888 1.4839609892806489 15.563344679385148
3.5473817046784748 1.5511419956769124 15.224667777513766
3.5517450278084608 1.61677329281423 14.852997729171689
3.5561083509384463 1.6807089942452373 14.447047491511631
3.5604716740684323 1.7427998941313778 14.008320646988039
3.5648349971984179 1.8029377289735433 13.557957542409646
3.5691983203284039 1.8611476096530422 13.129744556249623
3.5735616434583899 1.9175722325150413 12.739943106652602
3.5779249665883754 1.972380218915148 12.388391676498248
3.5822882897183614 2.0257356971311626 12.074210427551765
3.5866516128483474 2.0778037430223275 11.798642526136708
3.591014935978333 2.1287608713097241 11.56611143628329
3.595378259108319 2.1788089467731355 11.382974334093982
3.5997415822383045 2.2281737383965901 11.253243787810657
3.6041049053682905 2.2770903901174431 11.177393411659434
3.6084682284982765 2.325793169021078 11.15535904458854
3.6128315516282621 2.3745178009625225 11.18732381370906
3.6171948747582481 2.4234913018829434 11.267633852095074
3.6215581978882336 2.4729019088455719 11.386070612213466
3.6259215210182196 2.5229019488405315 11.537809811069893
3.6302848441482056 2.5736367978282484 11.722898004619292
3.6346481672781912 2.6252535172382174 11.942352919237472
3.6390114904081772 2.6779012118462484 12.19462083806429
3.6433748135381627 2.7316948575429336 12.46283851061802
3.6477381366681487 2.7866422306808625 12.718842389576183
3.6521014597981347 2.84264650240622 12.946523699482233
3.6564647829281203 2.8995798618183972 13.145258161127943
3.6608281060581063 2.9573175749311154 13.314465510987795
3.6651914291880923 3.0157295167234834 13.455500010466764
3.6695547523180778 3.0747399328885892 13.597200824397854
3.6739180754480638 3.1344619408168843 13.790098194854094
3.6782813985780494 3.1951986730019826 14.063735363714835
3.6826447217080354 3.2573075270694041 14.41736383924394
3.6870080448380214 3.3211379952421196 14.856308948480978
3.6913713679680069 3.3870690246024591 15.374834190128801
3.6957346910979929 3.4552132470559718 15.827707084054333
3.7000980142279785 3.5247122832515232 15.950871061882287
3.7044613373579645 3.593703719474477 15.587843536657017
3.7088246604879505 3.660026023046107 14.732629195818776
3.713187983617936 3.7215502205317414 13.382418913221519
3.717551306747922 3.7760973206907007 11.542440883000268
3.7219146298779076 3.8219030597254835 9.4453473302551902
3.7262779530078936 3.8587838913063699 7.5272680202395756
3.7306412761378795 3.8882374083423037 6.0537191387039089
3.7350045992678651 3.9122848616602202 5.0424130385068633
3.7393679223978511 3.9328988374782821 4.4835654654391588
3.7437312455278371 3.9520757786063454 4.3815443473581706
3.7480945686578226 3.9716672287238848 4.6454395077480521
3.7524578917878086 3.9928849562639463 5.0950213638111723
3.7568212149177942 4.0162392615587263 5.6199474260670881
3.7611845380477802 4.0420256036189706 6.2118092837239365
3.7655478611777662 4.070562705211147 6.8828640378410606
3.7699111843077517 4.1021902280117777 7.6228832092847281
3.7742745074377377 4.1369904179036743 8.2979340848934431
3.7786378305677233 4.1741409708903356 8.6550672484102016
3.7830011536977093 4.211809861243764 8.5238568683303448
3.7873644768276953 4.2477857984435454 7.8839588994785492
3.7917277999576808 4.2798695820514325 6.7347246191732193
3.7960911230876668 4.305825118113412 5.0820393785570124
3.8004544462176524 4.3238028584567463 3.1434136850725953
3.8048177693476384 4.333468821337684 1.3507161795088771
3.8091810924776244 4.3362304910907508 -0.0016676118983539559
3.8135444156076099 4.3341488027267134 -0.87652496704969707
3.8179077387375959 4.3292607107673788 -1.2843004798532285
3.8222710618675819 4.3236217532855976 -1.2241391579549652
3.8266343849975675 4.3190726417098562 -0.82394318893344398
3.8309977081275535 4.3165425330966976 -0.34740135512475651
3.835361031257539 4.3158846584622097 0.021652786449910123
3.839724354387525 4.3165387635289356 0.25819844544488529
3.844087677517511 4.3179576568993623 0.37084216840319689
3.8484510006474966 4.3195920134388679 0.35769288459617893
3.8528143237774826 4.3209443567014283 0.25188981318341047
3.8571776469074681 4.3217579022696828 0.12390332947280318
3.8615409700374541 4.3220666148576825 0.024104739455409523
3.8659042931674401 4.322020008145266 -0.040111561816485307
3.8702676162974257 4.3217648277450706 -0.071152026558668327
3.8746309394274117 4.3214481971901142 -0.068428584863351266
3.8789942625573972 4.3212043634319945 -0.040480510471442105
3.8833575856873832 4.32110427612918 -0.0061120765771654857
3.8877209088173692 4.3211402829698189 0.020870336397154285
3.8920842319473548 4.3212725130126461 0.038301891561070694
3.8964475550773408 4.321461607310809 0.046848440481212915
3.9008108782073267 4.3216681647935982 0.046334472978691726
3.9051742013373123 4.3218559689926739 0.038956787274503121
3.9095375244672983 4.3220054379398309 0.029730311790139984
3.9139008475972838 4.3221182250305681 0.022435935042867769
3.9182641707272698 4.3222049563930529 0.017704731693558112
3.9226274938572558 4.3222761892468409 0.015353333061165556
3.9269908169872414 4.3223424751821922 0.015432890718927736
3.9313541401172274 4.3224135815591982 0.017379099690535298
3.9357174632472129 4.3224949073153249 0.019855325207135739
3.9400807863771989 4.322586118191472 0.021827049569188507
3.9444441095071849 4.3226843839544298 0.023111017360478856
3.9488074326371705 4.3227868726663061 0.023757490505237212
3.9531707557671565 4.3228907586997671 0.023751843489586186
3.957534078897142 4.3229934086362771 0.023238808300167731
3.961897402027128 4.3230933354293981 0.022574422934757334
3.966260725157114 4.3231905988615713 0.022041512007886052
3.9706240482870996 4.3232859522589653 0.02169310580237524
3.9749873714170856 4.3233801553287998 0.021515491401859054
3.9793506945470716 4.3234739647332052 0.021512783827311678
3.9837140176770571 4.3235680902724685 0.021647922431801754
3.9880773408070431 4.3236629411336622 0.021826128530611066
3.9924406639370287 4.3237585094491156 0.02197014536856285
3.9968039870670147 4.3238545948446721 0.022064675221731025
4.0011673101970002 4.3239509935047407 0.022113441875075603
4.0055306333269867 4.3240475028093037 0.022115303772206624
4.0098939564569722 4.3241439314966961 0.022079734797381515
4.0142572795869578 4.3242401670764004 0.022031949449694051
4.0186206027169442 4.3243362094267166 0.021993034008090509
4.0229839258469298 4.3244321118052103 0.021967388845024111
4.0273472489769153 4.3245279288955256 0.021954007570788019
4.0317105721069009 4.3246237149550675 0.021953202810609824
4.0360738952368873 4.3247195215063359 0.021962557010608678
4.0404372183668729 4.3248153794466528 0.021975366551294572
4.0448005414968584 4.3249112894183757 0.021985880855210423
4.0491638646268449 4.3250072372771253 0.021992837459177166
4.0535271877568304 4.3251032083503169 0.021996507014787586
4.057890510886816 4.3251991881089698 0.021996804946210292
4.0622538340168024 4.3252951626777101 0.021994347027173778
4.066617157146788 4.3253911235774334 0.021990914327079294
4.0709804802767735 4.3254870704693529 0.021988073866216838
4.0753438034067591 4.3255830071069168 0.021986186977740272
4.0797071265367455 4.3256789374273046 0.021985181246576155
4.0840704496667311 4.3257748653210903 0.021985079280692044
4.0884337727967166 4.3258707945239809 0.021985724540923856
4.092797095926703 4.325966727360937 0.021986644139426571
4.0971604190566886 4.3260626639682727 0.02198741140660081
4.1015237421866741 4.3261586033508141 0.021987923152433746
4.1058870653166606 4.3262545444520022 0.021988198647230523
4.1102503884466461 4.3263504862300053 0.021988231920291184
4.1146137115766317 4.3264464276793184 0.021988062686442079
4.1189770347066181 4.3265423681629631 0.021987816413483647
4.1233403578366037 4.3266383076319723 0.021987609182484671
4.1277036809665892 4.326734246349961 0.021987470403764729
4.1320670040965748 4.3268301846004817 0.02198739497871639
4.1364303272265612 4.3269261226625257 0.021987384463308203
4.1407936503565468 4.3270220608066596 0.0219874288037454
4.1451569734865323 4.3271179992072648 0.021987494734938249
4.1495202966165188 4.3272139378808578 0.021987550699008172
4.1538836197465043 4.327309876757675 0.021987588330760317
4.1582469428764899 4.3274058157616162 0.021987608970382152
4.1626102660064763 4.3275017548179662 0.02198761221781265
4.1669735891364619 4.3275976938539404 0.021987600612766764
4.1713369122664474 4.3276936328218349 0.021987582968035286
4.1757002353964339 4.3277895717162984 0.021987567856332407
4.1800635585264194 4.327885510555773 0.021987557652827665
4.184426881656405 4.327981449360685 0.021987552007502523
4.1887902047863905 4.3280773881510424 0.021987551021839791
4.193153527916377 4.3281733269464224 0.021987554056129545
4.1975168510463625 4.3282692657598645 0.021987558776466257
4.2018801741763481 4.3283652045930534 0.021987562856305255
4.2062434973063345 4.3284611434411202 0.021987565622821916
4.2106068204363201 4.328557082298583 0.021987567166431687
4.2149701435663056 4.3286530211600827 0.021987567461209501
4.2193334666962921 4.328748960020353 0.021987566668791841
4.2236967898262776 4.3288448988758352 0.021987565406419145
4.2280601129562632 4.328940837726007 0.021987564305062931
4.2324234360862487 4.3290367765721554 0.021987563555366255
4.2367867592162352 4.3291327154157502 0.021987563133510309
4.2411500823462207 4.3292286542582268 0.021987563046135462
4.2455134054762063 4.329324593101 0.021987563252637718
4.2498767286061927 4.3294205319450416 0.021987563589984476
4.2542400517361783 4.3295164707905105 0.021987563887468024
4.2586033748661638 4.3296124096370692 0.021987564090829352
4.2629666979961502 4.3297083484843215 0.021987564206105384
4.2673300211261358 4.3298042873318838 0.021987564231693072
4.2716933442561213 4.3299002261793742 0.021987564177738346
4.2760566673861078 4.3299961650265288 0.021987564087660186
4.2804199905160933 4.3300921038732998 0.021987564007287724
4.2847833136460789 4.3301880427197759 0.021987563952319943
4.2891466367760644 4.3302839815660645 0.021987563920971637
4.2935099599060509 4.330379920412267 0.021987563913233917
4.2978732830360364 4.3304758592584855 0.021987563927290447
4.302236606166022 4.3305717981047938 0.021987563951484799
4.3065999292960084 4.330667736951205 0.021987563973152043
4.310963252425994 4.3307636757976962 0.021987563988086031
4.3153265755559795 4.330859614644238 0.021987563996464236
4.319689898685966 4.3309555534908029 0.021987563998689324
4.3240532218159515 4.3310514923373642 0.021987563994845419
4.3284165449459371 4.3311474311839007 0.021987563988468045
4.3327798680759235 4.3312433700304114 0.021987563983000023
4.3371431912059091 4.3313393088769008 0.021987563978884159
4.3415065143358946 4.331435247723376 0.021987563976402415
4.3458698374658802 4.331531186569844 0.021987563975789257
4.3502331605958666 4.3316271254163139 0.021987563977046206
4.3545964837258522 4.3317230642627909 0.021987563978738248
4.3589598068558377 4.331819003109274 0.021987563979886549
4.3633231299858242 4.3319149419557617 0.021987563980915868
4.3676864531158097 4.3320108808022537 0.021987563981756969
4.3720497762457953 4.3321068196487484 0.021987563982261996
4.3764130993757817 4.3322027584952441 0.021987563981830025
4.3807764225057673 4.3322986973417361 0.021987563981220887
4.3851397456357528 4.3323946361882273 0.021987563981049493
4.3895030687657384 4.3324905750347167 0.021987563980512211
4.3938663918957248 4.3325865138812043 0.021987563980376643
4.3982297150257104 4.3326824527276919 0.021987563980234871
4.4025930381556959 4.3327783915741787 0.021987563980340279
4.4069563612856824 4.3328743304206672 0.021987563980657664
4.4113196844156679 4.3329702692671557 0.021987563980504041
4.4156830075456535 4.3330662081136442 0.021987563980814594
4.4200463306756399 4.3331621469601345 0.021987563980933902
4.4244096538056255 4.3332580858066239 0.021987563980756786
4.428772976935611 4.3333540246531133 0.02198756398074871
4.4331363000655974 4.3334499634996027 0.021987563980944695
4.437499623195583 4.3335459023460929 0.021987563980779484
4.4418629463255686 4.3336418411925814 0.021987563980647103
4.4462262694555541 4.3337377800390708 0.021987563980731182
4.4505895925855405 4.3338337188855593 0.021987563980513811
4.4549529157155261 4.3339296577320479 0.021987563980688556
4.4593162388455116 4.3340255965785373 0.021987563980831033
4.4636795619754981 4.3341215354250267 0.021987563980683626
4.4680428851054836 4.3342174742715152 0.021987563980520129
4.4724062082354692 4.3343134131180037 0.021987563980724271
4.4767695313654556 4.3344093519644931 0.021987563980668427
4.4811328544954412 4.3345052908109816 0.021987563980687679
4.4854961776254267 4.334601229657471 0.021987563980679942
4.4898595007554132 4.3346971685039595 0.021987563980678197
4.4942228238853987 4.3347931073504489 0.021987563980692928
4.4985861470153843 4.3348890461969374 0.021987563980649164
4.5029494701453698 4.3349849850434268 0.021987563980809498
4.5073127932753563 4.3350809238899162 0.021987563980809161
4.5116761164053418 4.3351768627364056 0.021987563980650177
4.5160394395353274 4.3352728015828941 0.021987563980689209
4.5204027626653138 4.3353687404293835 0.021987563980678634
4.5247660857952994 4.335464679275872 0.021987563980681902
4.5291294089252849 4.3355606181223614 0.021987563980692834
4.5334927320552714 4.3356565569688499 0.021987563980632403
4.5378560551852569 4.3357524958153393 0.021987563980863215
4.5422193783152425 4.3358484346618287 0.021987563980624472
4.5465827014452289 4.3359443735083172 0.021987563980724524
4.5509460245752145 4.3360403123548066 0.021987563980563077
4.5553093477052 4.3361362512012942 0.021987563980511576
4.5596726708351856 4.3362321900477836 0.021987563980879032
4.564035993965172 4.336328128894273 0.02198756398066861
4.5683993170951576 4.3364240677407615 0.021987563980532178
4.5727626402251431 4.33652000658725 0.021987563980691089
4.5771259633551296 4.3366159454337394 0.021987563980789115
4.5814892864851151 4.3367118842802288 0.021987563980848768
4.5858526096151007 4.3368078231267182 0.021987563980525551
4.5902159327450871 4.3369037619732058 0.021987563980524007
4.5945792558750727 4.3369997008196952 0.021987563980853411
4.5989425790050582 4.3370956396661846 0.021987563980772097
4.6033059021350438 4.337191578512674 0.021987563980767951
4.6076692252650302 4.3372875173591634 0.021987563980852408
4.6120325483950158 4.3373834562056528 0.021987563980518741
4.6163958715250013 4.3374793950521404 0.02198756398056104
4.6207591946549877 4.3375753338986298 0.021987563980712083
4.6251225177849733 4.3376712727451183 0.021987563980676278
4.6294858409149588 4.3377672115916077 0.021987563980681874
4.6338491640449453 4.3378631504380962 0.021987563980681881
4.6382124871749308 4.3379590892845856 0.021987563980676257
4.6425758103049164 4.3380550281310741 0.021987563980712162
4.6469391334349028 4.3381509669775635 0.021987563980560745
4.6513024565648884 4.3382469058240511 0.021987563980519854
4.6556657796948739 4.3383428446705405 0.021987563980848248
4.6600291028248595 4.3384387835170299 0.021987563980796897
4.6643924259548459 4.3385347223635193 0.021987563980660464
4.6687557490848315 4.3386306612100078 0.021987563980646902
4.673119072214817 4.3387266000564972 0.021987563980851003
4.6774823953448035 4.3388225389029866 0.021987563980645393
4.681845718474789 4.3389184777494751 0.021987563980653088
4.6862090416047746 4.3390144165959645 0.021987563980841326
4.690572364734761 4.3391103554424539 0.021987563980677922
4.6949356878647466 4.3392062942889424 0.021987563980532632
4.6992990109947321 4.339302233135431 0.021987563980679966
4.7036623341247186 4.3393981719819203 0.021987563980833146
4.7080256572547041 4.3394941108284097 0.021987563980683775
4.7123889803846897 4.3395900496748983 0.021987563980530828
4.7167523035146752 4.3396859885213868 0.021987563980681323
4.7211156266446617 4.3397819273678762 0.021987563980829527
4.7254789497746472 4.3398778662143656 0.021987563980696893
4.7298422729046328 4.3399738050608541 0.021987563980481985
4.7342055960346192 4.3400697439073426 0.021987563980850149
4.7385689191646048 4.3401656827538329 0.021987563980813737
4.7429322422945903 4.3402616216003214 0.021987563980604644
4.7472955654245768 4.3403575604468108 0.021987563980853334
4.7516588885545623 4.3404534992933002 0.021987563980678332
4.7560222116845479 4.3405494381397887 0.021987563980532417
4.7603855348145334 4.3406453769862772 0.02198756398068042
4.7647488579445199 4.3407413158327666 0.02198756398083155
4.7691121810745054 4.340837254679256 0.021987563980689694
4.773475504204491 4.3409331935257445 0.021987563980508749
4.7778388273344774 4.341029132372233 0.021987563980750295
4.782202150464463 4.3411250712187224 0.021987563980575719
4.7865654735944485 4.34122101006521 0.021987563980435235
4.7909287967244349 4.3413169489116985 0.021987563980547648
4.7952921198544205 4.341412887758187 0.02198756398084916
4.7996554429844061 4.3415088266046773 0.021987563980765446
4.8040187661143925 4.3416047654511658 0.021987563980785361
4.808382089244378 4.3417007042976561 0.021987563980789437
4.8127454123743636 4.3417966431441446 0.021987563980766629
4.8171087355043491 4.3418925819906349 0.021987563980853803
4.8214720586343356 4.3419885208371234 0.02198756398051447
4.8258353817643211 4.3420844596836119 0.021987563980563313
4.8301987048943067 4.3421803985301004 0.02198756398072069
4.8345620280242931 4.3422763373765898 0.021987563980639568
4.8389253511542787 4.3423722762230783 0.021987563980806684
4.8432886742842642 4.3424682150695686 0.021987563980843436
4.8476519974142507 4.3425641539160571 0.021987563980515878
4.8520153205442362 4.3426600927625456 0.021987563980568028
4.8563786436742218 4.3427560316090341 0.021987563980700422
4.8607419668042082 4.3428519704555235 0.021987563980715923
4.8651052899341938 4.342947909302012 0.021987563980521544
4.8694686130641793 4.3430438481485005 0.021987563980686308
4.8738319361941649 4.3431397869949899 0.021987563980832309
4.8781952593241513 4.3432357258414793 0.021987563980680767
4.8825585824541369 4.3433316646879678 0.021987563980530277
4.8869219055841224 4.3434276035344563 0.021987563980686534
4.8912852287141089 4.3435235423809457 0.021987563980809238
4.8956485518440944 4.3436194812274351 0.021987563980772833
4.90001187497408 4.3437154200739245 0.021987563980809175
4.9043751981040664 4.3438113589204139 0.02198756398068678
4.908738521234052 4.3439072977669024 0.02198756398052935
4.9131018443640375 4.3440032366133909 0.021987563980684226
4.9174651674940231 4.3440991754598803 0.021987563980832823
4.9218284906240095 4.3441951143063697 0.021987563980680795
4.9261918137539951 4.3442910531528582 0.021987563980529649
4.9305551368839806 4.3443869919993467 0.021987563980689021
4.9349184600139671 4.3444829308458361 0.021987563980799922
4.9392817831439526 4.3445788696923255 0.021987563980807614
4.9436451062739382 4.3446748085388149 0.021987563980679348
4.9480084294039246 4.3447707473853034 0.021987563980560634
4.9523717525339102 4.344866686231792 0.021987563980553102
4.9567350756638957 4.3449626250782805 0.021987563980715372
4.9610983987938821 4.3450585639247699 0.021987563980671053
4.9654617219238677 4.3451545027712584 0.021987563980686072
4.9698250450538533 4.3452504416177478 0.021987563980683723
4.9741883681838388 4.3453463804642363 0.021987563980678127
4.9785516913138252 4.3454423193107257 0.02198756398068942
4.9829150144438108 4.3455382581572142 0.021987563980649837
4.9872783375737963 4.3456341970037036 0.021987563980810303
4.9916416607037828 4.345730135850193 0.021987563980805255
4.9960049838337683 4.3458260746966824 0.021987563980665002
5.0003683069637539 4.3459220135431709 0.021987563980633808
5.0047316300937403 4.3460179523896603 0.021987563980885406
5.0090949532237259 4.3461138912361497 0.021987563980520881
5.0134582763537114 4.3462098300826373 0.021987563980519483
5.0178215994836979 4.3463057689291267 0.02198756398087616
5.0221849226136834 4.3464017077756161 0.021987563980672191
5.026548245743669 4.3464976466221046 0.021987563980534152
5.0309115688736545 4.3465935854685931 0.021987563980679622
5.035274892003641 4.3466895243150825 0.021987563980833
5.0396382151336265 4.3467854631615719 0.021987563980684695
5.0440015382636121 4.3468814020080604 0.0219875639805273
5.0483648613935985 4.3469773408545489 0.021987563980681083
5.0527281845235841 4.3470732797010383 0.021987563980834023
5.0570915076535696 4.3471692185475277 0.021987563980692557
5.0614548307835561 4.3472651573940162 0.021987563980481396
5.0658181539135416 4.3473610962405047 0.021987563980856849
5.0701814770435272 4.347457035086995 0.021987563980800963
5.0745448001735127 4.3475529739334835 0.021987563980649046
5.0789081233034992 4.3476489127799729 0.021987563980688497
5.0832714464334847 4.3477448516264614 0.021987563980682613
5.0876347695634703 4.3478407904729508 0.021987563980680129
5.0919980926934567 4.3479367293194393 0.021987563980682519
5.0963614158234423 4.3480326681659287 0.021987563980675449
5.1007247389534278 4.3481286070124172 0.021987563980714751
5.1050880620834143 4.3482245458589066 0.021987563980551194
5.1094513852133998 4.3483204847053942 0.021987563980555461
5.1138147083433854 4.3484164235518836 0.021987563980715368
5.1181780314733718 4.3485123623983721 0.021987563980668701
5.1225413546033574 4.3486083012448615 0.021987563980695474
5.1269046777333429 4.34870424009135 0.021987563980648484
5.1312680008633285 4.3488001789378394 0.021987563980809675
5.1356313239933149 4.3488961177843288 0.021987563980809133
5.1399946471233005 4.3489920566308182 0.021987563980650122
5.144357970253286 4.3490879954773067 0.021987563980689448
5.1487212933832724 4.3491839343237961 0.021987563980677725
5.153084616513258 4.3492798731702846 0.021987563980685302
5.1574479396432436 4.349375812016774 0.021987563980680146
5.16181126277323 4.3494717508632625 0.021987563980679758
5.1661745859032155 4.3495676897097519 0.021987563980686482
5.1705379090332011 4.3496636285562404 0.021987563980673391
5.1749012321631875 4.3497595674027298 0.021987563980705602
5.1792645552931731 4.3498555062492184 0.021987563980589861
5.1836278784231586 4.3499514450957069 0.021987563980423373
5.1879912015531442 4.3500473839421945 0.021987563980594396
5.1923545246831306 4.3501433227886839 0.021987563980674026
5.1967178478131162 4.3502392616351724 0.021987563980795148
5.2010811709431017 4.3503352004816627 0.021987563980855131
5.2054444940730882 4.3504311393281512 0.021987563980480646
5.2098078172030737 4.3505270781746397 0.021987563980697275
5.2141711403330593 4.3506230170211291 0.021987563980829322
5.2185344634630457 4.3507189558676185 0.021987563980681746
5.2228977865930313 4.350814894714107 0.021987563980529354
5.2272611097230168 4.3509108335605955 0.02198756398068925
5.2316244328530024 4.3510067724070849 0.021987563980812735
5.2359877559829888 4.3511027112535743 0.021987563980756138
5.2403510791129744 4.3511986501000637 0.021987563980859035
5.2447144022429599 4.3512945889465531 0.021987563980517471
5.2490777253729464 4.3513905277930407 0.021987563980546073
5.2534410485029319 4.3514864666395301 0.021987563980773221
5.2578043716329175 4.3515824054860186 0.021987563980460118
5.2621676947629039 4.3516783443325071 0.021987563980861297
5.2665310178928895 4.3517742831789974 0.021987563980791023
5.270894341022875 4.3518702220254859 0.021987563980684348
5.2752576641528615 4.3519661608719753 0.021987563980557231
5.279620987282847 4.3520620997184629 0.021987563980561713
5.2839843104128326 4.3521580385649523 0.021987563980684324
5.2883476335428181 4.3522539774114408 0.021987563980800071
5.2927109566728046 4.3523499162579311 0.021987563980811711
5.2970742798027901 4.3524458551044196 0.021987563980649414
5.3014376029327757 4.352541793950909 0.021987563980689698
5.3058009260627621 4.3526377327973975 0.021987563980677426
5.3101642491927477 4.3527336716438869 0.021987563980686242
5.3145275723227332 4.3528296104903754 0.021987563980676684
5.3188908954527196 4.3529255493368648 0.021987563980692671
5.3232542185827052 4.3530214881833533 0.021987563980638287
5.3276175417126908 4.3531174270298427 0.021987563980853247
5.3319808648426772 4.3532133658763321 0.021987563980645032
5.3363441879726627 4.3533093047228206 0.021987563980652283
5.3407075111026483 4.35340524356931 0.021987563980844917
5.3450708342326338 4.3535011824157994 0.021987563980677801
5.3494341573626203 4.3535971212622879 0.02198756398052952
5.3537974804926058 4.3536930601087764 0.021987563980679106
5.3581608036225914 4.3537889989552658 0.02198756398085313
5.3625241267525778 4.3538849378017552 0.021987563980604689
5.3668874498825634 4.3539808766482437 0.021987563980813783
5.3712507730125489 4.354076815494734 0.021987563980849917
5.3756140961425354 4.3541727543412225 0.021987563980482849
5.3799774192725209 4.354268693187711 0.021987563980693681
5.3843407424025065 4.3543646320342004 0.021987563980841507
5.388704065532492 4.3544605708806898 0.021987563980650039
5.3930673886624785 4.3545565097271783 0.021987563980643984
5.397430711792464 4.3546524485736677 0.021987563980859687
5.4017940349224496 4.3547483874201571 0.021987563980627005
5.406157358052436 4.3548443262666456 0.021987563980717946
5.4105206811824216 4.354940265113135 0.021987563980586867
5.4148840043124071 4.3550362039596227 0.021987563980422991
5.4192473274423936 4.3551321428061112 0.021987563980585479
5.4236106505723791 4.3552280816525997 0.02198756398071007
5.4279739737023647 4.3553240204990891 0.021987563980673318
5.4323372968323511 4.3554199593455776 0.021987563980682315
5.4367006199623367 4.355515898192067 0.021987563980683078
5.4410639430923222 4.3556118370385555 0.021987563980684462
5.4454272662223078 4.3557077758850449 0.021987563980678155
5.4497905893522942 4.3558037147315334 0.021987563980688556
5.4541539124822798 4.3558996535780228 0.021987563980653272
5.4585172356122653 4.3559955924245113 0.021987563980797431
5.4628805587422518 4.3560915312710016 0.021987563980853313
5.4672438818722373 4.3561874701174901 0.021987563980485618
5.4716072050022229 4.3562834089639786 0.021987563980692622
5.4759705281322093 4.356379347810468 0.02198756398082953
5.4803338512621949 4.3564752866569574 0.02198756398068558
5.4846971743921804 4.3565712255034459 0.02198756398052722
5.4890604975221668 4.3566671643499344 0.021987563980680518
5.4934238206521524 4.3567631031964238 0.021987563980836355
5.497787143782138 4.3568590420429132 0.021987563980683796
5.5021504669121235 4.3569549808894017 0.021987563980527543
5.5065137900421099 4.3570509197358902 0.021987563980681007
5.5108771131720955 4.3571468585823796 0.021987563980834086
5.5152404363020811 4.357242797428869 0.021987563980692394
5.5196037594320675 4.3573387362753575 0.021987563980481985
5.523967082562053 4.357434675121846 0.021987563980854646
5.5283304056920386 4.3575306139683363 0.021987563980809179
5.532693728822025 4.3576265528148248 0.021987563980604963
5.5370570519520106 4.3577224916613142 0.02198756398085662
5.5414203750819961 4.3578184305078036 0.021987563980678304
5.5457836982119817 4.3579143693542921 0.02198756398052925
5.5501470213419681 4.3580103082007806 0.021987563980679678
5.5545103444719537 4.35810624704727 0.021987563980837697
5.5588736676019392 4.3582021858937594 0.021987563980679276
5.5632369907319257 4.3582981247402479 0.021987563980530849
5.5676003138619112 4.3583940635867364 0.021987563980672309
5.5719636369918968 4.3584900024332258 0.021987563980878994
5.5763269601218832 4.3585859412797152 0.021987563980508024
5.5806902832518688 4.3586818801262028 0.021987563980563889
5.5850536063818543 4.3587778189726922 0.021987563980724819
5.5894169295118408 4.3588737578191807 0.021987563980622477
5.5937802526418263 4.3589696966656701 0.021987563980870914
5.5981435757718119 4.3590656355121595 0.021987563980603614
5.6025068989017974 4.359161574358648 0.021987563980813713
5.6068702220317839 4.3592575132051383 0.02198756398083785
5.6112335451617694 4.3593534520516268 0.0219875639805312
5.615596868291755 4.3594493908981153 0.021987563980525759
5.6199601914217414 4.3595453297446038 0.021987563980840747
5.624323514551727 4.3596412685910941 0.021987563980807572
5.6286868376817125 4.3597372074375826 0.0219875639806387
5.633050160811699 4.359833146284072 0.021987563980723258
5.6374134839416845 4.3599290851305605 0.021987563980553921
5.6417768070716701 4.3600250239770491 0.02198756398054947
5.6461401302016565 4.3601209628235376 0.021987563980723174
5.6505034533316421 4.360216901670027 0.021987563980643481
5.6548667764616276 4.3603128405165155 0.021987563980801976
5.6592300995916132 4.3604087793630057 0.021987563980858358
5.6635934227215996 4.3605047182094943 0.021987563980460905
5.6679567458515852 4.3606006570559828 0.02198756398077301
5.6723200689815707 4.3606965959024722 0.021987563980546129
5.6766833921115571 4.3607925347489598 0.021987563980517461
5.6810467152415427 4.3608884735954492 0.021987563980859017
5.6854100383715283 4.3609844124419386 0.021987563980756204
5.6897733615015147 4.361080351288428 0.021987563980812478
5.6941366846315002 4.3611762901349174 0.021987563980690211
5.6985000077614858 4.3612722289814059 0.021987563980525759
5.7028633308914722 4.3613681678278944 0.021987563980681735
5.7072266540214578 4.3614641066743838 0.021987563980832955
5.7115899771514433 4.3615600455208732 0.021987563980696182
5.7159533002814289 4.3616559843673617 0.021987563980481385
5.7203166234114153 4.3617519232138502 0.021987563980853247
5.7246799465414009 4.3618478620603405 0.021987563980801934
5.7290432696713864 4.361943800906829 0.021987563980648762
5.7334065928013729 4.3620397397533184 0.02198756398068866
5.7377699159313584 4.3621356785998069 0.021987563980682256
5.742133239061344 4.3622316174462963 0.021987563980681395
5.7464965621913304 4.3623275562927848 0.021987563980677804
5.750859885321316 4.3624234951392742 0.021987563980693039
5.7552232084513015 4.3625194339857627 0.021987563980649126
5.7595865315812871 4.3626153728322521 0.021987563980809546
5.7639498547112735 4.3627113116787415 0.021987563980808995
5.7683131778412591 4.3628072505252309 0.021987563980650791
5.7726765009712446 4.3629031893717194 0.021987563980686905
5.7770398241012311 4.3629991282182088 0.021987563980687231
5.7814031472312166 4.3630950670646973 0.021987563980649813
5.7857664703612022 4.3631910059111867 0.021987563980812586
5.7901297934911886 4.3632869447576761 0.021987563980796151
5.7944931166211742 4.3633828836041655 0.021987563980699135
5.7988564397511597 4.363478822450654 0.021987563980506386
5.8032197628811462 4.3635747612971425 0.021987563980750288
5.8075830860111317 4.3636707001436319 0.02198756398057811
5.8119464091411173 4.3637666389901195 0.021987563980425676
5.8163097322711028 4.363862577836608 0.021987563980596928
5.8206730554010893 4.3639585166830965 0.021987563980661592
5.8250363785310748 4.3640544555295859 0.02198756398084236
5.8293997016610604 4.3641503943760753 0.021987563980678703
5.8337630247910468 4.3642463332225638 0.021987563980528479
5.8381263479210324 4.3643422720690523 0.021987563980682363
5.8424896710510179 4.3644382109155417 0.021987563980841139
5.8468529941810043 4.3645341497620311 0.02198756398064939
5.8512163173109899 4.3646300886085196 0.021987563980646958
5.8555796404409755 4.364726027455009 0.021987563980861845
5.8599429635709619 4.3648219663014984 0.021987563980601976
5.8643062867009474 4.3649179051479869 0.021987563980815888
5.868669609830933 4.3650138439944772 0.021987563980844206
5.8730329329609186 4.3651097828409657 0.021987563980517044
5.877396256090905 4.3652057216874542 0.021987563980562588
5.8817595792208905 4.3653016605339428 0.021987563980707586
5.8861229023508761 4.3653975993804321 0.021987563980706139
5.8904862254808625 4.3654935382269207 0.021987563980553498
5.8948495486108481 4.3655894770734092 0.021987563980554844
5.8992128717408336 4.3656854159198977 0.021987563980715535
5.9035761948708201 4.3657813547663871 0.021987563980668659
5.9079395180008056 4.3658772936128756 0.021987563980695485
5.9123028411307912 4.365973232459365 0.021987563980648481
5.9166661642607767 4.3660691713058535 0.021987563980809675
5.9210294873907632 4.3661651101523438 0.021987563980809133
5.9253928105207487 4.3662610489988323 0.021987563980650122
5.9297561336507343 4.3663569878453217 0.021987563980689451
5.9341194567807207 4.3664529266918102 0.021987563980677718
5.9384827799107063 4.3665488655382996 0.021987563980685333
5.9428461030406918 4.3666448043847881 0.021987563980680028
5.9472094261706783 4.3667407432312775 0.021987563980680195
5.9515727493006638 4.366836682077766 0.021987563980684837
5.9559360724306494 4.3669326209242554 0.021987563980679529
5.9602993955606358 4.3670285597707439 0.021987563980682693
5.9646627186906214 4.3671244986172333 0.021987563980675352
5.9690260418206069 4.3672204374637218 0.02198756398071498
5.9733893649505925 4.3673163763102112 0.021987563980563826
5.9777526880805789 4.3674123151566988 0.021987563980504693
5.9821160112105645 4.3675082540031882 0.02198756398089239
5.98647933434055 4.3676041928496776 0.021987563980635491
5.9908426574705365 4.3677001316961661 0.021987563980651301
5.995205980600522 4.3677960705426555 0.021987563980844966
5.9995693037305076 4.3678920093891449 0.021987563980678575
6.003932626860494 4.3679879482356334 0.021987563980526394
6.0082959499904796 4.3680838870821219 0.021987563980690836
6.0126592731204651 4.3681798259286113 0.021987563980809335
6.0170225962504515 4.3682757647751007 0.021987563980768132
6.0213859193804371 4.3683717036215901 0.021987563980814459
6.0257492425104227 4.3684676424680795 0.021987563980683775
6.0301125656404082 4.368563581314568 0.021987563980549522
6.0344758887703946 4.3686595201610565 0.021987563980593122
6.0388392119003802 4.368755459007545 0.021987563980552974
6.0432025350303658 4.3688513978540335 0.021987563980683387
6.0475658581603522 4.3689473367005229 0.021987563980799121
6.0519291812903377 4.3690432755470123 0.021987563980816447
6.0562925044203233 4.3691392143935017 0.02198756398064482
6.0606558275503097 4.3692351532399902 0.021987563980689909
6.0650191506802953 4.3693310920864796 0.021987563980681191
6.0693824738102808 4.3694270309329681 0.02198756398068441
6.0737457969402664 4.3695229697794575 0.021987563980680264
6.0781091200702528 4.369618908625946 0.021987563980680178
6.0824724432002384 4.3697148474724354 0.021987563980684681
6.0868357663302239 4.3698107863189239 0.021987563980680178
6.0911990894602104 4.3699067251654133 0.02198756398068025
6.0955624125901959 4.3700026640119018 0.021987563980684487
6.0999257357201815 4.3700986028583912 0.021987563980680878
6.1042890588501679 4.3701945417048798 0.021987563980677655
6.1086523819801535 4.3702904805513691 0.021987563980694149
6.113015705110139 4.3703864193978577 0.021987563980644824
6.1173790282401255 4.3704823582443471 0.021987563980812207
6.121742351370111 4.3705782970908365 0.021987563980802663
6.1261056745000966 4.3706742359373258 0.021987563980686877
6.1304689976300821 4.3707701747838144 0.021987563980548925
6.1348323207600686 4.3708661136303029 0.021987563980592404
6.1391956438900541 4.3709620524767914 0.021987563980556457
6.1435589670200397 4.3710579913232799 0.021987563980670189
6.1479222901500261 4.3711539301697693 0.021987563980848442
6.1522856132800117 4.3712498690162587 0.021987563980632351
6.1566489364099972 4.3713458078627472 0.021987563980721225
6.1610122595399837 4.3714417467092375 0.021987563981179063
6.1653755826699692 4.371537685555726 0.021987563979258839
6.1697389057999548 4.3716336244022145 0.021987563985273989
6.1741022289299412 4.3717295632487048 0.021987563964341508
6.1784655520599268 4.3718255020951879 0.021987564038392297
6.1828288751899123 4.3719214409416995 0.021987563777791055
6.1871921983198979 4.3720173797881063 0.021987564693627924
6.1915555214498843 4.3721133186349004 0.021987561485060179
6.1959188445798699 4.3722092574802485 0.021987572675579839
6.2002821677098554 4.3723051963309985 0.021987533841990963
6.2046454908398418 4.3724011351615824 0.021987667834704162
6.2090088139698274 4.3724970740674287 0.021987208578915163
6.213372137099813 4.3725930126923895 0.021988770233359569
6.2177354602297994 4.3726889523656363 0.021983510496983185
6.2220987833597849 4.3727848881266249 0.02200101866582815
6.2264621064897705 4.3728808384883591 0.021943594589466459
6.2308254296197561 4.3729767343593675 0.022128356395938995
6.2351887527497425 4.3730728335925342 0.021549089703675032
6.239552075879728 4.3731681738677928 0.023299395167275461
6.2439153990097136 4.3732663466125281 0.018303081545025884
6.2482787221397 4.3733539484372628 0.031217463910508239
6.2526420452696856 4.3734810014725225 0.0044128731687436175
6.2570053683996711 4.3734608205856826 0.024610920037971565
6.2613686915296576 4.3739901241767152 0.24719043313363831
6.2657320146596431 4.3724687237783533 -1.6954881717131265
6.2700953377896287 4.3735318980331774 6.2197091646716247
6.2744586609196151 4.3746264765380349 -21.69978697062589
6.2788219840496007 4.3735793021607758 80.612031395138715
6.2831853071795862 4.9292688519634007 80.595668401902529
