# q  U_kJmol  dU_dq   # conservative spline pchip_hermite_v1
0 4.0221688007963614 447.63226135376908
0.0043633231299858239 4.0214548559841585 -119.79670994894705
0.0087266462599716477 4.0235966632358071 32.536304340084897
0.013089969389957472 4.0243106352327116 -8.3850182334349839
0.017453292519943295 4.0278801418168921 3.9488715256253331
0.021816615649929118 4.03753002760378 1.678516818009538
0.026179938779914945 4.0471111265516457 2.5593123365192403
0.030543261909900768 4.0592520862156523 3.0192212054665108
0.034906585039886591 4.0739036315073509 3.7849723201577112
0.039269908169872414 4.0928928912983213 4.970603321812896
0.043633231299858237 4.1153540059805049 4.8317925911730546
0.04799655442984406 4.1311758930724132 2.0236794584625506
0.05235987755982989 4.1323876175962315 -1.2150617596694728
0.056723200689815713 4.1227450705303488 -2.9600390135932142
0.061086523819801536 4.1085834359508482 -3.3113319024766126
0.065449846949787352 4.0955600418900957 -2.4856822608455698
0.069813170079773182 4.0876960116319063 -1.107074154632556
0.074176493209759012 4.085663510266496 0.1096249531756122
0.078539816339744828 4.0880970292946239 0.94429377693714889
0.082903139469730658 4.0933786891836084 1.4177662207420121
0.087266462599716474 4.0999377223234346 1.5257021848247072
0.091629785729702304 4.106220143355638 1.3085585623746998
0.09599310885968812 4.1111384106823099 0.9410896129349211
0.10035643198967395 4.1144891419782716 0.61242764840239983
0.10471975511965978 4.1166319729520673 0.38629498404836493
0.1090830782496456 4.1180010486002079 0.2570015451760464
0.11344640137963143 4.1190171704978624 0.22563986739572905
0.11780972450961724 4.1200978301003648 0.28207975148223985
0.12217304763960307 4.1215394439614172 0.38022861754974047
0.1265363707695889 4.1234021830589533 0.46891152090308647
0.1308996938995747 4.1255916245095499 0.53019941763400513
0.13526301702956053 4.1279912252343802 0.56548379247482927
0.13962634015954636 4.1304882612775495 0.57454485984620873
0.14398966328953219 4.1329705916841677 0.55989695480267965
0.14835298641951802 4.1353574749538682 0.53369203934832898
0.15271630954950383 4.1376312480656479 0.5097661728383418
0.15707963267948966 4.1398166657629663 0.49315703015646217
0.16144295580947549 4.1419450120156647 0.48353132435556223
0.16580627893946132 4.1440464846270064 0.4809269005931473
0.17016960206944712 4.1461511989697817 0.48472219703855079
0.17453292519943295 4.1482811358604534 0.49171603188924401
0.17889624832941878 4.1504414456811922 0.49817003100892615
0.18325957145940461 4.1526256485462341 0.50267073531035411
0.18762289458939044 4.1548253473130377 0.50529576341274562
0.19198621771937624 4.157032451861328 0.50604098422835975
0.19634954084936207 4.1592388763842392 0.50505936213151348
0.2007128639793479 4.1614386401701653 0.50319349328075347
0.20507618710933373 4.1636302500674542 0.50145280450198437
0.20943951023931956 4.1658153994827058 0.50023332734914694
0.21380283336930536 4.1679963421669681 0.49951768931213242
0.21816615649929119 4.1701752456017349 0.4993052987646126
0.22252947962927702 4.1723542803545568 0.4995587019620793
0.22689280275926285 4.1745350728454147 0.50005629901514037
0.23125612588924865 4.1767180537733992 0.50052569778990197
0.23561944901923448 4.1789027813729476 0.50085608707645446
0.23998277214922031 4.1810886508107634 0.50105112422447551
0.24434609527920614 4.1832750813532051 0.50111144363233961
0.24870941840919197 4.1854614904388017 0.50104616333594343
0.2530727415391778 4.1876474359970786 0.50091351456436028
0.25743606466916363 4.189832794346164 0.50078695673747065
0.26179938779914941 4.1920176805146241 0.50069745403231791
0.26616271092913524 4.1942022568001764 0.50064431540276366
0.27052603405912107 4.1963866788069826 0.50062723858068126
0.2748893571891069 4.1985711028618038 0.50064401835769246
0.27925268031909273 4.2007556490629341 0.50067936579909544
0.28361600344907856 4.2029403527859719 0.50071348195816312
0.28797932657906439 4.2051251841385771 0.5007377255928781
0.29234264970905022 4.2073100995753983 0.50075219856998898
0.29670597283903605 4.2094950573994279 0.50075701837302644
0.30106929596902182 4.2116800156669996 0.50075271443863034
0.30543261909900765 4.2138649417662695 0.50074329803512896
0.30979594222899348 4.2160498256178727 0.50073410293243137
0.31415926535897931 4.218234674978266 0.50072753798168756
0.31852258848896514 4.220419501535023 0.50072359985285886
0.32288591161895097 4.2226043164685629 0.50072224715811819
0.3272492347489368 4.2247891310367054 0.50072335330172169
0.33161255787892263 4.2269739540909441 0.50072586480324976
0.33597588100890846 4.2291587884836925 0.50072834304855596
0.34033920413889424 4.2313436321871798 0.5007301159433154
0.34470252726888007 4.2335284820423578 0.50073117730242822
0.3490658503988659 4.2357133350274587 0.50073154053870317
0.35342917352885173 4.2378981880992628 0.50073123782367235
0.35779249665883756 4.2400830388553654 0.50073055290116564
0.36215581978882339 4.2422678865280297 0.50072988313113964
0.36651914291880922 4.2444527317196581 0.50072942128309772
0.37088246604879505 4.2466375753685623 0.50072917191170763
0.37524578917878088 4.2488224183799499 0.50072913222210313
0.37960911230876665 4.2510072616593657 0.50072928631039226
0.38397243543875248 4.2531921058653621 0.500729530999388
0.38833575856873831 4.2553769510686612 0.50072972091979961
0.39269908169872414 4.2575617968212223 0.50072977988868672
0.39706240482870997 4.2597466425310859 0.50072970238086811
0.4014257279586958 4.2619314876002568 0.50072948357874225
0.40578905108868163 4.2641163314492809 0.50072915687607966
0.41015237421866746 4.2663011738612067 0.50072885550171009
0.41451569734865329 4.268486015346399 0.50072876245082587
0.41887902047863912 4.2706708571033483 0.50072898570005064
0.42324234360862489 4.2728557005607177 0.50072954172313766
0.42760566673861072 4.27504054720296 0.50073045326165222
0.43196898986859655 4.2772253984517103 0.50073160804337613
0.43633231299858238 4.2794102545536283 0.50073258137189069
0.44069563612856821 4.2815951134429984 0.50073278657924358
0.44505895925855404 4.2837799708082516 0.50073186102662781
0.44942228238853987 4.2859648215287454 0.50072974152415362
0.4537856055185257 4.2881496602728921 0.50072634215696354
0.45814892864851153 4.2903344818994062 0.50072205558126603
0.46251225177849731 4.292519285477038 0.50071842253656629
0.46687557490848314 4.2947040785466761 0.50071760702942913
0.47123889803846897 4.2968888770061957 0.50072098314795066
0.4756022211684548 4.2990736999009549 0.50072880042371049
0.47996554429844063 4.3012585670418542 0.50074137704040145
0.48432886742842646 4.303443497691199 0.50075733989368187
0.48869219055841229 4.3056284959269835 0.50077104606750067
0.49305551368839812 4.307813534451542 0.50077442805242067
0.49741883681838395 4.3099985545617869 0.50076223371008721
0.50178215994836972 4.3121834852336223 0.50073347502434207
0.50614548307835561 4.3143682526719953 0.50068697972731901
0.51050880620834138 4.3165527845589633 0.50062753532316229
0.51487212933832727 4.3187370633110849 0.50057581232023207
0.51923545246831304 4.3209211875895166 0.50056189775025739
0.52359877559829882 4.3231053741097876 0.50060586508381044
0.5279620987282847 4.3252898877657096 0.50071162656148049
0.53232542185827048 4.3274750034865228 0.50088348454997944
0.53668874498825636 4.3296609926914371 0.50110480387501299
0.54105206811824214 4.3318479297164929 0.50129990514205702
0.54541539124822802 4.3340354583638163 0.5013566233829887
0.5497787143782138 4.3362227788434939 0.50119829312980757
0.55414203750819968 4.3384089032756368 0.50080942866109679
0.55850536063818546 4.340592807388588 0.50017429605281727
0.56286868376817123 4.3427734729955434 0.49935047922260922
0.56723200689815712 4.3449505907171009 0.49861490013186671
0.57159533002814289 4.3471254451075678 0.49838553518153705
0.57595865315812877 4.3493009867902952 0.49895496959383057
0.58032197628811455 4.3514808995371617 0.50038446657057412
0.58468529941810043 4.3536689993376116 0.50273136998091095
0.58904862254808621 4.3558691039803215 0.50579718430911813
0.59341194567807209 4.3580824851360331 0.50856920306834585
0.59777526880805787 4.3603045157753071 0.50949051848015237
0.60213859193804364 4.3625243140725818 0.50744533961092564
0.60650191506802953 4.3647281448968736 0.50219146863920638
0.6108652381980153 4.3669017915387514 0.49352059053389646
0.61522856132800119 4.3690309451863492 0.48211372932065766
0.61959188445798696 4.371110431460667 0.47167215237590188
0.62395520758797285 4.3731568963318788 0.46799270656789549
0.62831853071795862 4.3752104576952782 0.47532741098611014
0.63268185384794451 4.3773223214484407 0.49463299816910783
0.63704517697793028 4.379545453122784 0.52666390279257513
0.64140850010791606 4.3819334586051424 0.56909576468016687
0.64577182323790194 4.384507215763219 0.60840973739811821
0.65013514636788772 4.3872069199317751 0.62303021502556055
0.6544984694978736 4.3898847198500395 0.59676886436961307
0.65886179262785938 4.3923497446167721 0.52584011820823928
0.66322511575784526 4.3944046500994176 0.40754578659199975
0.66758843888783104 4.3958487356847691 0.24970578442616032
0.67195176201781692 4.3965982177561678 0.10181710140159575
0.6763150851478027 4.3968680680089625 0.043867091137948552
0.68067840827778847 4.3972018562948456 0.13774582145883293
0.68504173140777436 4.3983136171235717 0.39903598317850958
0.68940505453776013 4.4009345125882957 0.83249566967877409
0.69376837766774602 4.4058094803026595 1.4247572257373173
0.69813170079773179 4.4133948288823621 2.0355578479491285
0.70249502392771768 4.4232268592074124 2.4083189995365388
0.70685834705770345 4.4337844900337222 2.3500645100021647
0.71122167018768934 4.4430465030797883 1.8184063045283456
0.71558499331767511 4.4489696222008686 0.8168380861943666
0.71994831644766089 4.4495019498820714 -0.64732036960125949
0.72431163957764677 4.4428665172886461 -2.4237424485401129
0.72867496270763255 4.428335646493502 -4.2105880609401156
0.73303828583761843 4.4064356417512887 -5.7819302547830373
0.73740160896760421 4.3782584095705683 -7.0922628242572507
0.74176493209759009 4.3449079088626457 -8.1523714585179938
0.74612825522757587 4.3074820027924074 -8.9605241115475334
0.75049157835756175 4.267000932324164 -9.5704234986484344
0.75485490148754752 4.2240725996282835 -10.105863169971894
0.7592182246175333 4.1787856571043296 -10.658479325642759
0.76358154774751918 4.1310138992313234 -11.242668884075488
0.76794487087750496 4.0806355843739839 -11.853864254265808
0.77230819400749084 4.0275250210836653 -12.495585431714728
0.77667151713747662 3.9715879906871234 -13.139396630649733
0.7810348402674625 3.9129700587272076 -13.709018429346738
0.78539816339744828 3.8521442889869397 -14.147969614044442
0.78976148652743416 3.7897037280472774 -14.450789162763073
0.79412480965741994 3.7262315844359457 -14.620072429098725
0.79848813278740571 3.6623179797565291 -14.652910086951648
0.8028514559173916 3.5985268109314483 -14.57162176887616
0.80721477904737737 3.5352351977755263 -14.436287513055339
0.81157810217736326 3.4725578363892722 -14.293115269193615
0.81594142530734903 3.4105074111899625 -14.147760522505093
0.82030474843733492 3.3491021778764165 -13.997700918325465
0.82466807156732069 3.2883588839866027 -13.844576794090175
0.82903139469730658 3.2282957263548324 -13.684389626976341
0.83339471782729235 3.168970331904517 -13.503386575780228
0.83775804095727824 3.1105020653844004 -13.291019593910358
0.84212136408726401 3.0530304203466998 -13.046946361173749
0.84648468721724979 2.9966913870360026 -12.771653356005171
0.85084801034723567 2.9416232234108546 -12.464386516486224
0.85521133347722145 2.887957872676834 -12.130458150915718
0.85957465660720733 2.8357821742056877 -11.784725904161295
0.86393797973719311 2.7851161656285091 -11.439387493916941
0.86830130286717899 2.7359512626649112 -11.096402874935126
0.87266462599716477 2.6882792627711813 -10.755151024461076
0.87702794912715065 2.6420924881512104 -10.415532826081778
0.88139127225713643 2.5973811071419211 -10.079685868170989
0.8857545953871222 2.554115156887899 -9.7544809917800972
0.89011791851710809 2.5122333692094587 -9.4456623881014998
0.89448124164709386 2.4716611225263914 -9.1540875287064924
0.89884456477707975 2.4323241599870098 -8.8795126891628442
0.90320788790706552 2.3941480856650994 -8.6219001473701251
0.90757121103705141 2.3570592312142735 -8.3812398897231102
0.91193453416703718 2.320981840200262 -8.1585451091779557
0.91629785729702307 2.2858351922514162 -7.9546216629297133
0.92066118042700884 2.2515376248787429 -7.7692936333523832
0.92502450355699462 2.2180083108392394 -7.6025323130860052
0.9293878266869805 2.1851656521874423 -7.454584072332497
0.93375114981696627 2.1529305968106733 -7.3232716479377071
0.93811447294695216 2.1212432789424933 -7.2021157766632138
0.94247779607693793 2.0900739422687153 -7.0853174802014811
0.94684111920692382 2.0594077623418117 -6.9715838052931796
0.95120444233690959 2.0292306980308874 -6.8610805791602063
0.95556776546689548 1.999527700149492 -6.7545919652756039
0.95993108859688125 1.9702869650872936 -6.6472770767071863
0.96429441172686703 1.9415469438098636 -6.520931302741289
0.96865773485685291 1.9134328928246569 -6.3589783776982127
0.97302105798683869 1.8861104317128681 -6.1584932754711135
0.97738438111682457 1.8597448838710875 -5.9202044024185163
0.98174770424681035 1.8345016738588293 -5.6442572462434661
0.98611102737679623 1.810545720971739 -5.3296192891190488
0.99047435050678201 1.7880571121826541 -4.9701939818389773
0.99483767363676789 1.7672459595229941 -4.5603278027612264
0.99920099676675367 1.748335048548038 -4.0993740048790981
1.0035643198967394 1.7315457451378051 -3.5878355215253608
1.0079276430267252 1.7171008972447959 -3.0243044652054762
1.0122909661567112 1.7052186350960123 -2.4161341237071139
1.016654289286697 1.6960394609345615 -1.7919359726859834
1.0210176124166828 1.6895642035612468 -1.1793162769719017
1.0253809355466685 1.6857223342711882 -0.58433269358461115
1.0297442586766545 1.6844408947285299 -0.0058806277709901678
1.0341075818066403 1.6856481804415493 0.5568707869921139
1.0384709049366261 1.6892701546103521 1.0987519926057163
1.0428342280666119 1.695173220752288 1.5970565565527997
1.0471975511965976 1.7031110033793606 2.0292884132995179
1.0515608743265836 1.7127787467631597 2.3904578286177478
1.0559241974565694 1.7238701850738389 2.6818422390954568
1.0602875205865552 1.736078934225155 2.902202056232261
1.064650843716541 1.74910052470753 3.0564532562814204
1.0690141668465269 1.7626866077651597 3.166073676691997
1.0733774899765127 1.7766966538660336 3.2529528171123197
1.0777408131064985 1.7910485959474542 3.3223817122036636
1.0821041362364843 1.8056634694284961 3.3736356660289277
1.08646745936647 1.8204610167581439 3.4055665562640569
1.090830782496456 1.8353628442776071 3.4238841052871143
1.0951941056264418 1.8503594015090326 3.4555121483978488
1.0995574287564276 1.8655782470963687 3.5286479947544671
1.1039207518864134 1.8812235588112605 3.6505272923310041
1.1082840750163994 1.897503973111053 3.8197551383103678
1.1126473981463851 1.9146271265211199 4.0370535598802748
1.1170107212763709 1.9328007416637971 4.3003010444366971
1.1213740444063567 1.9522052112837101 4.5985301713486448
1.1257373675363425 1.972964176673927 4.9199220721099834
1.1301006906663285 1.99516891196029 5.2614461925876608
1.1344640137963142 2.0189085140079159 5.6232926186938563
1.1388273369263 2.0442729643745969 6.0068428565849068
1.1431906600562858 2.0713514770168504 6.4064613018386263
1.1475539831862718 2.100160725970373 6.7929063265155172
1.1519173063162575 2.130564564619601 7.133833531011069
1.1562806294462433 2.1623354320130428 7.4199385339789039
1.1606439525762291 2.195237882379272 7.6525101899252634
1.1650072757062149 2.2290386781904501 7.8317945357715297
1.1693705988362009 2.263503073059447 7.9559994305458952
1.1737339219661866 2.298377297886367 8.0179309321089161
1.1780972450961724 2.3333703904854475 8.0095058139468858
1.1824605682261582 2.3681667709567846 7.9277529486262015
1.1868238913561442 2.4024470973403997 7.773127576961655
1.19118721448613 2.4358929000679579 7.5447930734664617
1.1955505376161157 2.4681845772560962 7.2454619891180627
1.1999138607461015 2.4990438566142794 6.8927583578811458
1.2042771838760873 2.5282876567035757 6.5073380363184841
1.2086405070060733 2.5557926191913776 6.0954645559364895
1.2130038301360591 2.5814412604537966 5.6565296695158533
1.2173671532660448 2.6051142025652161 5.1894395606831836
1.2217304763960306 2.6266929497910216 4.6984818660734717
1.2260937995260166 2.6461141885261781 4.2061468429275699
1.2304571226560024 2.663435486505374 3.7392381502582106
1.2348204457859882 2.6787961347792768 3.3073515949512595
1.2391837689159739 2.6923476263843247 2.909878571006018
1.2435470920459597 2.7042384485303841 2.5459805088581309
1.2479104151759457 2.714618560976052 2.2185660885759377
1.2522737383059315 2.7236712301869455 1.9407516142804311
1.2566370614359172 2.7316500992406909 1.7284505884549559
1.261000384565903 2.7388594211291575 1.5880769050307502
1.265363707695889 2.745612851300709 1.5193229525414931
1.2697270308258748 2.7522224468783811 1.5223710082650677
1.2740903539558606 2.7590010518008321 1.5962416215822572
1.2784536770858463 2.7662440731607325 1.7332226000673463
1.2828170002158321 2.774203877521388 1.9235609836779082
1.2871803233458181 2.7831027890016546 2.1637326535630295
1.2915436464758039 2.7931585103010308 2.4537539279961127
1.2959069696057897 2.8045901446885106 2.7948691594920128
1.3002702927357754 2.8176171603495654 3.1832984784578038
1.3046336158657614 2.8324052971058671 3.596227007008058
1.3089969389957472 2.8489929875806257 4.004223242366411
1.313360262125733 2.8673241666265139 4.3953262103394186
1.3177235852557188 2.8873252520666814 4.7697956070386889
1.3220869083857045 2.9089257859662099 5.128657870398972
1.3264502315156905 2.9320554226996496 5.4697728413940609
1.3308135546456763 2.9566144357368414 5.7805511144408133
1.3351768777756621 2.9824317569254011 6.0442387625550795
1.3395402009056478 3.0092815761513729 6.253752212645856
1.3439035240356338 3.0369274796482046 6.409251349242826
1.3482668471656196 3.0651344601417847 6.5108567057950966
1.3526301702956054 3.0936676142477677 6.5589647262873747
1.3569934934255912 3.122297571217997 6.5557444911097749
1.3613568165555769 3.1508065363647932 6.5038863080613085
1.3657201396855629 3.1789859769578053 6.404787031238909
1.3700834628155487 3.206630825518983 6.2589195212186421
1.3744467859455345 3.2335346660152884 6.0644508154698142
1.3788101090755203 3.2594896135762634 5.8263028072067451
1.3831734322055063 3.2843620484578899 5.5766719276036518
1.387536755335492 3.3082036547612264 5.3603170374763129
1.3919000784654778 3.3312183421389898 5.1980743811218426
1.3962634015954636 3.3536439296936176 5.0898171205182203
1.4006267247254494 3.3757159089353448 5.0369304491969125
1.4049900478554354 3.3976705559275877 5.0329395155709742
1.4093533709854211 3.4196490472277783 5.0375123475710568
1.4137166941154069 3.4415616866379906 4.9943296673025577
1.4180800172453927 3.4631219921533267 4.8749641900821752
1.4224433403753787 3.4839916572058085 4.6785124331715791
1.4268066635053644 3.5038369926261237 4.4045583568040989
1.4311699866353502 3.5223219428449579 4.0572172754623743
1.435533309765336 3.5391858796863276 3.6706770097581694
1.4398966328953218 3.5543699242790345 3.2946436225397115
1.4442599560253078 3.5679886012232136 2.9540410907322783
1.4486232791552935 3.5802025991834623 2.650430961217622
1.4529866022852793 3.5911652340884048 2.379314022393261
1.4573499254152651 3.6010258695255328 2.1493390243364576
1.4617132485452511 3.6100678717242247 2.0198261786322855
1.4660765716752369 3.6189270396408575 2.0792942125800673
1.4704398948052226 3.6285559689482327 2.3744762770059009
1.4748032179352084 3.6399924764782732 2.9063281719964698
1.4791665410651942 3.654269802491255 3.6797406804136656
1.4835298641951802 3.6724330934071738 4.6792343242683572
1.487893187325166 3.6952415148269266 5.7733963776095516
1.4922565104551517 3.7226599365680979 6.7606137419314951
1.4966198335851375 3.7539252165147232 7.532089849650796
1.5009831567151235 3.788067687443561 8.08208373075046
1.5053464798451093 3.8241351655727165 8.4123803575650147
1.509709802975095 3.8611689631975601 8.5291297717039782
1.5140731261050808 3.8983547249735255 8.5007106874620995
1.5184364492350666 3.9352968746348895 8.4346251121904565
1.5227997723650526 3.9719928919681404 8.39066302222726
1.5271630954950384 4.0085573100856289 8.3728878783153284
1.5315264186250241 4.0450947385927583 8.3789128989511656
1.5358897417550099 4.0817112863677583 8.4084296726742398
1.5402530648849959 4.1184853900295177 8.4470634068557739
1.5446163880149817 4.1554045632189602 8.471081604657984
1.5489797111449675 4.1923691022432168 8.4673087897624075
1.5533430342749532 4.22925435967589 8.4350630948800447
1.557706357404939 4.2659375644648758 8.3743875175424094
1.562069680534925 4.3022949881129415 8.2864237440649049
1.5664330036649108 4.3382255264541643 8.1814590852574138
1.5707963267948966 4.3736908631249074 8.0759276688561563
1.5751596499248823 4.4087154502431929 7.9801318150404423
1.5795229730548683 4.4433453774176437 7.8944613870709235
1.5838862961848541 4.4776255131599969 7.8210918900411883
1.5882496193148399 4.5116103828653431 7.7567314598538504
1.5926129424448257 4.5452468693110255 7.6450020194033064
1.5969762655748114 4.5781115161802219 7.3860717238861371
1.6013395887047974 4.6094018169990552 6.9204039339316905
1.6057029118347832 4.6381992887692354 6.2456217766946036
1.610066234964769 4.6635969335722987 5.3589263576865473
1.6144295580947547 4.6846627929641844 4.2646250936672789
1.6187928812247407 4.7006929855534079 3.087939849029786
1.6231562043547265 4.7118265066702332 2.0600093253123388
1.6275195274847123 4.71909003027511 1.3208990665245146
1.6318828506146981 4.7237861635366976 0.87924876306646804
1.6362461737446838 4.7271925974638611 0.73302071884911768
1.6406094968746698 4.7306104265245299 0.88068597141855753
1.6449728200046556 4.7351446049142716 1.2116329822578769
1.6493361431346414 4.7411453143947497 1.5160374508359491
1.6536994662646272 4.7481451780802333 1.6627528983260644
1.6580627893946132 4.7554113600442873 1.6415614285733287
1.6624261125245989 4.7622319490674041 1.4563516817671647
1.6667894356545847 4.7678814388297344 1.106826459578975
1.6711527587845705 4.7717453941716155 0.65730551712549601
1.6755160819145565 4.7736544278774407 0.23316636322485521
1.6798794050445423 4.7739347129339542 -0.084706268935196907
1.684242728174528 4.7730805926358322 -0.28888133724450016
1.6886060513045138 4.7715749385174657 -0.38222975809966597
1.6929693744344996 4.7699071148700884 -0.36412221862552052
1.6973326975644856 4.7685132140558704 -0.26636804357477051
1.7016960206944713 4.7676053878080378 -0.15295656203396507
1.7060593438244571 4.7671393825947685 -0.066382642090484112
1.7104226669544429 4.7669805206035507 -0.011139912483068963
1.7147859900844289 4.7669993748447759 0.014680053938319337
1.7191493132144147 4.7670650334085733 0.010526421241103919
1.7235126363444004 4.7670596577408864 -0.015338272615256958
1.7278759594743862 4.7669244726338125 -0.045815800686724938
1.732239282604372 4.7666701122355981 -0.06923028521353794
1.736602605734358 4.7663325668423591 -0.084227503094686074
1.7409659288643438 4.7659465460199408 -0.091347186672689609
1.7453292519943295 4.7655471162298726 -0.090419811551845475
1.7496925751243153 4.7651660879801785 -0.083576988305162914
1.7540558982543013 4.7648197294469723 -0.075386548032924772
1.7584192213842871 4.764505509480399 -0.069057140456530663
1.7627825445142729 4.7642137980565291 -0.064992626303612591
1.7671458676442586 4.7639352675026956 -0.063041857812192362
1.7715091907742444 4.7636605064266693 -0.063255245218223996
1.7758725139042304 4.7633809182169013 -0.065079654740117301
1.7802358370342162 4.7630920224894524 -0.067286899703380892
1.7845991601642019 4.7627944629964034 -0.068989654541715489
1.7889624832941877 4.7624908832698143 -0.070067364350382605
1.7933258064241737 4.7621838581579441 -0.070561850384583014
1.7976891295541595 4.7618759843900627 -0.070458561756371538
1.8020524526841453 4.7615696309138507 -0.069915447572003298
1.806415775814131 4.7612659704020199 -0.069294371461123092
1.8107790989441168 4.7609646448644032 -0.068864834155108523
1.8151424220741028 4.7606646754038184 -0.068666279589702756
1.8195057452040886 4.7603650980696095 -0.068688059033362656
1.8238690683340744 4.7600649324101996 -0.068934392199682504
1.8282323914640601 4.7597633467632576 -0.069308094213265337
1.8325957145940461 4.7594602454641883 -0.069585350144436023
1.8369590377240319 4.7591564930679828 -0.069592371462955271
1.8413223608540177 4.7588533708774134 -0.069301394195109334
1.8456856839840035 4.7585521574119669 -0.068712641744397215
1.8500490071139892 4.758254178152761 -0.067822609677681764
1.8544123302439752 4.7579603997800808 -0.066859497165643988
1.858775653373961 4.7576700513173176 -0.066355430114610897
1.8631389765039468 4.7573800491775327 -0.066738464342502288
1.8675022996339325 4.7570862499682338 -0.068082953033899732
1.8718656227639185 4.7567845047202439 -0.070395930502519424
1.8762289458939043 4.7564704961727715 -0.073694449345837881
1.8805922690238901 4.7561411106953217 -0.077191418417854027
1.8849555921538759 4.7557993393995002 -0.078993282983550281
1.8893189152838616 4.7554565044574693 -0.077536026335276273
1.8936822384138476 4.7551278735337963 -0.072528533978503534
1.8980455615438334 4.7548287626191597 -0.063953333257790901
1.9024088846738192 4.7545750961826609 -0.051719843756055692
1.906772207803805 4.7543786558556933 -0.038637906240971798
1.911135530933791 4.7542289765815875 -0.031702839459177554
1.9154988540637767 4.7540844379476752 -0.036840068561573291
1.9198621771937625 4.7538882179126434 -0.055225289050455713
1.9242255003237483 4.7535832032885708 -0.086882341384973596
1.9285888234537341 4.7531100910972146 -0.13224593480994057
1.9329521465837201 4.7524238131752137 -0.18127184302990781
1.9373154697137058 4.7515605382591639 -0.20806074610429989
1.9416787928436916 4.7506731963845379 -0.19012061635842117
1.9460421159736774 4.7499733747026633 -0.1227100666755027
1.9504054391036634 4.7496742149072118 -0.0058881864899439579
1.9547687622336491 4.7499966924383941 0.16229490677735353
1.9591320853636349 4.7511130813602085 0.34600025985660166
1.9634954084936207 4.7528991319550666 0.44927446896420936
1.9678587316236065 4.7547931833070285 0.38715358105455594
1.9722220547535925 4.7560079369243899 0.13956805567582825
1.9765853778835782 4.7557449682963719 -0.29102664903850683
1.980948701013564 4.753196261926977 -0.908626788092462
1.9853120241435498 4.7476293337715054 -1.6543654747378385
1.9896753472735358 4.7388113312662128 -2.3642610983574341
1.9940386704035216 4.7272650582402154 -2.8900346212457189
1.9984019935335073 4.7139137359714329 -3.1939259816478374
2.0027653166634933 4.6997071904032364 -3.2816556854211858
2.0071286397934789 4.6855946814400156 -3.1501989300801654
2.0114919629234649 4.6724798378350023 -2.8376972679523402
2.0158552860534504 4.6609346444949784 -2.4540044731583488
2.0202186091834364 4.6510207113415873 -2.1004934007350786
2.0245819323134224 4.6425197118668757 -1.805196959197273
2.028945255443408 4.6351887332156219 -1.5639850980110273
2.033308578573394 4.6287955317711171 -1.3749138099317821
2.0376719017033795 4.6230956040984017 -1.2509827765436912
2.0420352248333655 4.6177168199385203 -1.2383162492868565
2.0463985479633515 4.6120634459124439 -1.3809054620216079
2.0507618710933371 4.6054271228802008 -1.6878351778594642
2.0551251942233231 4.5970979266246808 -2.1572869474660568
2.0594885173533091 4.5863598890580057 -2.7926813322863095
2.0638518404832946 4.5725258041614989 -3.5665346532161397
2.0682151636132806 4.5551628496373322 -4.3906843601433883
2.0725784867432662 4.5342615485489315 -5.1792921399293936
2.0769418098732522 4.5100513662654338 -5.908518337551679
2.0813051330032382 4.4827822302771176 -6.5812065400901236
2.0856684561332237 4.4527024532570705 -7.1968636025938864
2.0900317792632097 4.4200441750915846 -7.7668483734133691
2.0943951023931953 4.3849499528707314 -8.3189307869017739
2.0987584255231813 4.3474337777070726 -8.8806603057834685
2.1031217486531673 4.3074209474979375 -9.4634455624603664
2.1074850717831528 4.2648199071996489 -10.066670756164058
2.1118483949131388 4.2195412953306803 -10.691469504022338
2.1162117180431244 4.1715034624389231 -11.32711255521067
2.1205750411731104 4.1207375401480153 -11.932538339262118
2.1249383643030963 4.0674770090191235 -12.466054951763264
2.1293016874330819 4.0120731627406272 -12.915364360006647
2.1336650105630679 3.9548889781141088 -13.282315542760772
2.1380283336930539 3.896283648323013 -13.56637932492899
2.1423916568230394 3.8366201023431841 -13.767856310696557
2.1467549799530254 3.7762449929244739 -13.894695425424457
2.151118303083011 3.7154622935301171 -13.955335188106572
2.155481626212997 3.65455681286064 -13.95059343357841
2.159844949342983 3.5938160094858493 -13.880115107810314
2.1642082724729685 3.533526332081093 -13.743375028468568
2.1685715956029545 3.4739759018228527 -13.542373404113651
2.1729349187329401 3.4154193934642194 -13.291480722568156
2.1772982418629261 3.3580357654502881 -13.006269589444502
2.1816615649929121 3.3019630491723553 -12.690277162534786
2.1860248881228976 3.2473382657264156 -12.342616202359061
2.1903882112528836 3.1942996834704389 -11.963135582750082
2.1947515343828692 3.142982651550922 -11.554476595657746
2.1991148575128552 3.0934976333790298 -11.125342472668457
2.2034781806428412 3.04591184554726 -10.685123488981867
2.2078415037728267 3.0002628221499337 -10.237697816918466
2.2122048269028127 2.9565818579578309 -9.7828605173087766
2.2165681500327987 2.9149027614264553 -9.320114735072913
2.2209314731627843 2.8752556427313838 -8.8524672973760286
2.2252947962927703 2.8376451774943523 -8.3884180116703764
2.2296581194227558 2.8020339819352302 -7.9373662466403561
2.2340214425527418 2.7683534944732586 -7.5035689113725104
2.2383847656827278 2.736527665299199 -7.0871838041742494
2.2427480888127134 2.7064817719545422 -6.6875587302547324
2.2471114119426994 2.6781413328242571 -6.3060664595487967
2.2514747350726849 2.6514129145179388 -5.950732796250338
2.2558380582026709 2.6261594524937761 -5.6311106045383763
2.2602013813326569 2.6022160639915781 -5.3500875915519819
2.2645647044626425 2.5794155388536808 -5.1072866632715721
2.2689280275926285 2.557590341364846 -4.9031525261606852
2.2732913507226145 2.5365746550977732 -4.7353251899733539
2.2776546738526 2.5162271138798515 -4.5948070571026856
2.282017996982586 2.4964529671301525 -4.4710872314420573
2.2863813201125716 2.4771915360490295 -4.3597303438558708
2.2907446432425576 2.4583894926400349 -4.2605086957861147
2.2951079663725436 2.439992422670012 -4.1744612519546971
2.2994712895025291 2.4219447856339071 -4.0991810608991734
2.3038346126325151 2.4042282660712968 -4.0184372758649429
2.3081979357625007 2.3869147673421964 -3.9119362882144801
2.3125612588924866 2.3701377662807697 -3.772718685143293
2.3169245820224726 2.3540381689322576 -3.6014729748435577
2.3212879051524582 2.3387560580010551 -3.3978626755434149
2.3256512282824442 2.3244306705369953 -3.1636927228497305
2.3300145514124297 2.311180818158713 -2.9067047773841885
2.3343778745424157 2.2990843321232721 -2.6363467742135631
2.3387411976724017 2.2881876509233821 -2.3568454084363473
2.3431045208023873 2.2785297477971227 -2.0685627704505349
2.3474678439323733 2.2701504743970413 -1.7703525812628678
2.3518311670623593 2.2630914872150498 -1.4645929970090599
2.3561944901923448 2.2573541172651175 -1.1694025123173342
2.3605578133223308 2.2528363473566633 -0.90871174014499934
2.3649211364523164 2.2493607362820391 -0.69159445954894028
2.3692844595823024 2.2467386754132304 -0.51736082822781182
2.3736477827122884 2.2447830374930109 -0.38635607346128692
2.3780111058422739 2.2433068335193904 -0.29677555560558838
2.3823744289722599 2.2421468806378213 -0.23902964735851107
2.3867377521022455 2.2411926270461913 -0.20072715016297563
2.3911010752322315 2.240375181049258 -0.17619265986648339
2.3954643983622175 2.2396357696876943 -0.1649184817201991
2.399827721492203 2.2389144782527519 -0.16843867760581913
2.404191044622189 2.2381486317775874 -0.18380751749290969
2.4085543677521746 2.2373287283783139 -0.18661255444696154
2.4129176908821606 2.2365878308947451 -0.1428699036851209
2.4172810140121466 2.2361703544669638 -0.038347065433586319
2.4216443371421321 2.236340859824451 0.12645336554329287
2.4260076602721181 2.2373611971856837 0.35129674541883238
2.4303709834021041 2.2394926760644527 0.63538887301597646
2.4347343065320897 2.2429884060915475 0.97613161145045324
2.4390976296620757 2.248089104132672 1.3705532475434299
2.4434609527920612 2.255023974185991 1.8167024686230875
2.4478242759220472 2.2640166793409375 2.3136309256940373
2.4521875990520332 2.2752908245205195 2.8632336869015917
2.4565509221820188 2.2890748653526787 3.4621739354182037
2.4609142453120048 2.3055273567488643 4.0771787769711789
2.4652775684419903 2.3246070464684041 4.6592391346036193
2.4696408915719763 2.3461067017328507 5.1861671204680082
2.4740042147019623 2.3697848236669907 5.6580439186596445
2.4783675378319479 2.3954043275058714 6.0762079666071225
2.4827308609619338 2.4227305145355231 6.4398997769671791
2.4870941840919194 2.4515059343161485 6.736816455099957
2.4914575072219054 2.4813946048240068 6.9472917926875448
2.4958208303518914 2.511994363458891 7.0627967652115808
2.5001841534818769 2.5428921980878987 7.0841516772646456
2.5045474766118629 2.5736770837739593 7.0105110410016342
2.5089107997418489 2.6039353530900571 6.843985956166069
2.5132741228718345 2.6332951247179972 6.6038906815126328
2.5176374460018205 2.6615009415619562 6.319634493305065
2.522000769131806 2.688401404792125 6.0058586202281132
2.526364092261792 2.7138716815104833 5.66439945411636
2.530727415391778 2.737787325027349 5.2918011254819062
2.5350907385217636 2.7600091356585708 4.8901728459214624
2.5394540616517496 2.780509588890903 4.5211724183436699
2.5438173847817351 2.7996606831310218 4.2875333367129551
2.5481807079117211 2.8181949044942209 4.2392086390683081
2.5525440310417071 2.8369201625328553 4.3733631059690117
2.5569073541716927 2.8566274341054956 4.6915998499071758
2.5612706773016787 2.8781283401321289 5.1928933887695718
2.5656340004316642 2.9021029152041771 5.8034642543917734
2.5699973235616502 2.928748781204741 6.397301160279917
2.5743606466916362 2.9578130469188415 6.9107961849053003
2.5787239698216218 2.988942196782387 7.345458105013134
2.5830872929516078 3.0218007218911684 7.7020559962732182
2.5874506160815938 3.0560413627073459 7.9803061060702269
2.5918139392115793 3.0913789431229133 8.215180650724653
2.5961772623415653 3.1277578988758861 8.467629416087691
2.6005405854715509 3.1653455524648448 8.7699961671524882
2.6049039086015369 3.2043612292258099 9.120956223667406
2.6092672317315229 3.2450171462648529 9.5243318000291666
2.6136305548615084 3.2875423890380984 9.9728692831847958
2.6179938779914944 3.3319699990527125 10.368568843632739
2.62235720112148 3.3777058889310614 10.544711462225392
2.626720524251466 3.4235285525691999 10.403609645275296
2.631083847381452 3.4680250741975103 9.9397474546032356
2.6354471705114375 3.5097961838526133 9.1506547098763651
2.6398104936414235 3.5474208046853914 8.0461169256570955
2.6441738167714091 3.5797618814228023 6.7697477650221431
2.6485371399013951 3.6066109247973102 5.5710208696793018
2.6529004630313811 3.6287109960034427 4.6011008727350511
2.6572637861613666 3.647117173110634 3.8746205065290207
2.6616271092913526 3.6628663514778022 3.3839096985474248
2.6659904324213386 3.6769895340211538 3.1284631504528124
2.6703537555513241 3.6905101395966509 3.1087063672085584
2.6747170786813101 3.7044715998923583 3.3319880213596025
2.6790804018112957 3.7199442745168239 3.8007620018879158
2.6834437249412817 3.7379879507089528 4.5091093287374839
2.6878070480712677 3.7596544621875014 5.4655145695882172
2.6921703712012532 3.7860366055503629 6.6646539972337697
2.6965336943312392 3.8179010883837412 7.9232996645250493
2.7008970174612248 3.854755634712085 8.8898714631040558
2.7052603405912108 3.894733813088326 9.3435047318181006
2.7096236637211968 3.9355243996498506 9.268621778639595
2.7139869868511823 3.974852539391907 8.6675866795316505
2.7183503099811683 4.0104015843763863 7.5427915030576651
2.7227136331111539 4.04020366065732 6.0933685277076171
2.7270769562411399 4.0636704769332059 4.7087270602119196
2.7314402793711259 4.0817574166430495 3.6419813222289767
2.7358036025011114 4.095951557797437 2.9181839505638316
2.7401669256310974 4.1077076226503619 2.5273302560844839
2.7445302487610834 4.1184927088547116 2.4706488764818832
2.748893571891069 4.1296499591993054 2.6765135609095512
2.753256895021055 4.1420267916700801 3.0041403202637209
2.7576202181510405 4.1559050858284845 3.3586205152378352
2.7619835412810265 4.1713564300280179 3.7269515294432365
2.7663468644110125 4.1884586646580377 4.1157654667462493
2.7707101875409981 4.2073028843213303 4.5249480371727078
2.7750735106709841 4.2279111242937724 4.9099555270171198
2.7794368338009696 4.2499711018335873 5.1717352483414114
2.7838001569309556 4.2727665820303358 5.2434444768077872
2.7881634800609416 4.2954450512442186 5.1200713926733039
2.7925268031909272 4.3171663404093792 4.8032951507369166
2.7968901263209132 4.3370773485190863 4.2910071077864647
2.8012534494508987 4.3544003116313679 3.6328692844955817
2.8056167725808847 4.3687292666386837 2.939771615190605
2.8099800957108707 4.3801165640383948 2.2892369885307335
2.8143434188408563 4.3887810997173959 1.689905313618844
2.8187067419708423 4.3949325776793389 1.1378823670063551
2.8230700651008283 4.3987812764580134 0.63418027782274555
2.8274333882308138 4.4005341647807796 0.17676411555231991
2.8317967113607998 4.4003867311016318 -0.23740743668376493
2.8361600344907854 4.3985216876168591 -0.61081174312658282
2.8405233576207713 4.3951147720834065 -0.9440776089327878
2.8448866807507573 4.3903413750567442 -1.2372464386513917
2.8492500038807429 4.384375805386501 -1.4905062532325959
2.8536133270107289 4.3774014295930765 -1.6975796947895896
2.8579766501407144 4.3696506807348356 -1.8434249117428221
2.8623399732707004 4.3614198341250257 -1.916856300695859
2.8667032964006864 4.3530304864805878 -1.9163537109450983
2.871066619530672 4.3448032928179972 -1.8424210994942243
2.875429942660658 4.3370596947348954 -1.6946694412047003
2.8797932657906435 4.3301162276212875 -1.4769833261463825
2.8841565889206295 4.3242577937000224 -1.1993360427185256
2.8885199120506155 4.3197263387673077 -0.86923387429588539
2.8928832351806011 4.3167470083017445 -0.48776410989560731
2.8972465583105871 4.3155453041078795 -0.0543773659196468
2.9016098814405731 4.3163486962614543 0.43141438751974553
2.9059732045705586 4.3193738177421137 0.96101189243974383
2.9103365277005446 4.324765168473939 1.5112780766952898
2.9146998508305302 4.3325660694106576 2.064199915363099
2.9190631739605162 4.3427787220744127 2.617129405930346
2.9234264970905022 4.3554064523174043 3.1711729771469113
2.9277898202204877 4.3704539752412401 3.7262811264656452
2.9321531433504737 4.3879176755042684 4.2767730219727227
2.9365164664804593 4.4077478897771867 4.8080336388198148
2.9408797896104453 4.4298305396553914 5.3082551007224632
2.9452431127404313 4.4540224576967944 5.7749952453090261
2.9496064358704168 4.4801786390398171 6.2085671328356051
2.9539697590004028 4.5081595992817345 6.6126929559798642
2.9583330821303884 4.5378052918335623 6.9618289538139813
2.9626964052603744 4.5687104221583681 7.1716703912682247
2.9670597283903604 4.6000874411561075 7.1735410233364387
2.9714230515203459 4.6309974754900223 6.95958880590719
2.9757863746503319 4.6605138496274279 6.5342418715180335
2.9801496977803179 4.687698426514836 5.8881459652168369
2.9845130209103035 4.7116498335479253 5.0716869863350045
2.9888763440402895 4.7319612235478052 4.2579636026434748
2.993239667170275 4.7490227492861194 3.5921826818501295
2.997602990300261 4.7635514114326218 3.0931189478599315
3.001966313430247 4.7762454881056726 2.7523180204775479
3.0063296365602326 4.7878108990829693 2.5772040364058348
3.0106929596902186 4.7989416417518607 2.5435916151836633
3.0150562828202041 4.8100823358395211 2.5611414609750387
3.0194196059501901 4.8212528165689967 2.5518763769219093
3.0237829290801761 4.8322988139080971 2.5062781790290831
3.0281462522101616 4.8430778154223297 2.4287747730480218
3.0325095753401476 4.8534432277984161 2.3164508430958564
3.0368728984701332 4.8632521990905797 2.1763063161892342
3.0412362216001192 4.8724319889305594 2.0340343447938354
3.0455995447301052 4.8810329371079115 1.9126912448860345
3.0499628678600907 4.88915844936363 1.8154677437522218
3.0543261909900767 4.8969091514991687 1.7411187312719785
3.0586895141200627 4.9043876812728584 1.6909058946564444
3.0630528372500483 4.9116906063771628 1.6582374449678468
3.0674161603800343 4.9188522584728895 1.621255037507588
3.0717794835100198 4.9258030135799995 1.5597188629126888
3.0761428066400058 4.9324212682318054 1.469233407134231
3.0805061297699918 4.9385837974477411 1.3507672024358379
3.0848694528999774 4.944167527112052 1.2038304899968191
3.0892327760299634 4.9490513031233476 1.030837604474856
3.0935960991599489 4.953137373815192 0.84003139973491814
3.0979594222899349 4.9563675703932821 0.63933163286894745
3.1023227454199209 4.9587046313588017 0.43040639732357389
3.1066860685499065 4.9601116310898918 0.21326929171530939
3.1110493916798925 4.9605541894560536 -0.011821088943341376
3.115412714809878 4.9599866621918975 -0.2519072210476786
3.119776037939864 4.9582881983055369 -0.53853077892913903
3.12413936106985 4.9551522312596692 -0.91787952840580134
3.1285026841998356 4.9503382266152398 -1.2559490086779044
3.1328660073298216 4.9447704075241212 -1.1963406412303164
3.1372293304598076 4.9406906572468401 -0.59186851482853642
3.1415926535897931 4.9393461261978873 -0.16564642207340946
3.1459559767197791 4.9380288901407781 -0.57564205156711035
3.1503192998497647 4.9338618650010719 -1.3024856155569435
3.1546826229797507 4.9267688079519933 -1.9562777228586015
3.1590459461097367 4.9168200178630022 -2.5895144864301756
3.1634092692397222 4.9048834106404291 -2.732955118456045
3.1677725923697082 4.8941768971732582 -2.0469280460780581
3.1721359154996938 4.8874713050270024 -1.0510146662564233
3.1764992386296798 4.8847004017649152 -0.26457158657443652
3.1808625617596658 4.8848008403484213 0.27322474749674514
3.1852258848896513 4.88674599123107 0.57811631291266385
3.1895892080196373 4.8894916233119492 0.63945479791678927
3.1939525311496229 4.8920192093050403 0.48966217650744281
3.1983158542796088 4.8936277333561895 0.24567628569316813
3.2026791774095948 4.894206448077318 0.031467285986457684
3.2070425005395804 4.8940010409494645 -0.11487803498088638
3.2114058236695664 4.8932962969956346 -0.19772893445956891
3.2157691467995524 4.8923695101271081 -0.21596419037919204
3.2201324699295379 4.8914950272857745 -0.17687612970057587
3.2244957930595239 4.8908639291227587 -0.1116925379899788
3.2288591161895095 4.8905096219697715 -0.053868506940226178
3.2332224393194955 4.8903674270207915 -0.014203133794242635
3.2375857624494815 4.8903608893907933 0.0084200534986475194
3.241949085579467 4.890415738017837 0.013739114616967814
3.246312408709453 4.8904582605388187 0.0035709579718969597
3.2506757318394386 4.8904363614638777 -0.013843309498782612
3.2550390549694246 4.8903400863828415 -0.029448284596974499
3.2594023780994106 4.8901864370683352 -0.04019890885663413
3.2637657012293961 4.8899959398798911 -0.046373785815383976
3.2681290243593821 4.8897884884188834 -0.04791528480010588
3.2724923474893677 4.8895838835512588 -0.045274137611620663
3.2768556706193537 4.8893963196608361 -0.040623541069358504
3.2812189937493397 4.8892287365007761 -0.036412823301133455
3.2855823168793252 4.8890766711383158 -0.03349930094218434
3.2899456400093112 4.888934612815671 -0.031814522666391426
3.2943089631392972 4.888797232770159 -0.031370277945135243
3.2986722862692828 4.8886592131724829 -0.032055212362128917
3.3030356093992688 4.8885166887762734 -0.033296714414983893
3.3073989325292543 4.8883687979462831 -0.034432731188945048
3.3117622556592403 4.8882167104662892 -0.035222254119968141
3.3161255787892263 4.8880619057635588 -0.035681774359083263
3.3204889019192119 4.8879058112817919 -0.035809181952779871
3.3248522250491979 4.887749854910818 -0.035631860095856872
3.3292155481791834 4.8875950885933355 -0.035300561433946047
3.3335788713091694 4.88744176324386 -0.034994120806483495
3.3379421944391554 4.887289572728875 -0.034780190634629643
3.342305517569141 4.8871381199033967 -0.034654899284604836
3.346668840699127 4.8869870223728737 -0.034618514095573413
3.351032163829113 4.8868358968108803 -0.034664336404130011
3.3553954869590985 4.8866844570826666 -0.034752710160131088
3.3597588100890845 4.8865326305288326 -0.034835359314826286
3.3641221332190701 4.8863804971313565 -0.034893320793457513
3.3684854563490561 4.8862281634929001 -0.034927471428797312
3.372848779479042 4.8860757320570922 -0.03493782347133375
3.3772121026090276 4.8859233057108433 -0.034926005848754625
3.3815754257390136 4.885770962243746 -0.034902441466418105
3.3859387488689991 4.8856187225931933 -0.034880154112972399
3.3903020719989851 4.8854665658998941 -0.03486445170476226
3.3946653951289711 4.8853144635523282 -0.034855146111168592
3.3990287182589567 4.8851623881044883 -0.034852210630729102
3.4033920413889427 4.8850103119459956 -0.034855251865762632
3.4077553645189282 4.8848582139393883 -0.034861532671954729
3.4121186876489142 4.8847060880775732 -0.034867541699331803
3.4164820107789002 4.8845539397902584 -0.034871795251655971
3.4208453339088858 4.884401776755622 -0.034874330164246209
3.4252086570388718 4.8842496063271756 -0.034875160082289407
3.4295719801688578 4.8840974359130565 -0.034874379256150674
3.4339353032988433 4.8839452712540607 -0.034872705860573887
3.4382986264288293 4.8837931140669948 -0.034871086017113764
3.4426619495588149 4.8836409629414028 -0.034869933903536272
3.4470252726888009 4.8834888158170831 -0.03486924356666108
3.4513885958187869 4.8833366707237342 -0.034869009562847178
3.4557519189487724 4.8831845256740145 -0.034869209525065975
3.4601152420787584 4.8830323791094923 -0.034869655184329378
3.464478565208744 4.8828802305412209 -0.034870091762986749
3.46884188833873 4.8827280803347728 -0.034870403792875058
3.473205211468716 4.8825759290428437 -0.034870591743776463
3.4775685345987015 4.8824237771933827 -0.034870657562708095
3.4819318577286875 4.8822716253194418 -0.034870606497898159
3.4862951808586731 4.8821194738438862 -0.034870487859823607
3.4906585039886591 4.8819673229055311 -0.034870370215497874
3.4950218271186451 4.881815172409854 -0.034870285716103185
3.4993851502486306 4.8816630222086097 -0.034870234557952302
3.5037484733786166 4.8815108721603249 -0.034870216085632337
3.5081117965086026 4.8813587221220471 -0.034870229085520558
3.5124751196385882 4.8812065719790834 -0.034870260654736418
3.5168384427685742 4.881054421692137 -0.034870292349948422
3.5212017658985597 4.8809022712855841 -0.034870315230434774
3.5255650890285457 4.8807501207991777 -0.034870329151874331
3.5299284121585317 4.8805979702708298 -0.034870334325705403
3.5342917352885173 4.8804458197388723 -0.034870331027594292
3.5386550584185033 4.8802936692343994 -0.034870322630881509
3.5430183815484888 4.8801415187685064 -0.034870314093248228
3.5473817046784748 4.8799893683349262 -0.034870307898315529
3.5517450278084608 4.8798372179229998 -0.034870304110961828
3.5561083509384463 4.8796850675225674 -0.034870302664635582
3.5604716740684323 4.8795329171233517 -0.034870303498046006
3.5648349971984179 4.8793807667169276 -0.034870305730286738
3.5691983203284039 4.8792286163001686 -0.034870308029798076
3.5735616434583899 4.8790764658746806 -0.034870309706847069
3.5779249665883754 4.8789243154433226 -0.03487031073667566
3.5822882897183614 4.8787721650088169 -0.034870311140409262
3.5866516128483474 4.8786200145739169 -0.034870310930973612
3.591014935978333 4.8784678641409052 -0.034870310337852206
3.595378259108319 4.878315713710661 -0.034870309718659682
3.5997415822383045 4.8781635632827749 -0.034870309264394828
3.6041049053682905 4.8780114128564813 -0.034870308984402208
3.6084682284982765 4.8778592624310484 -0.034870308871965988
3.6128315516282621 4.8777071120057398 -0.034870308924484991
3.6171948747582481 4.8775549615799356 -0.034870309082103812
3.6215581978882336 4.8774028111533916 -0.034870309248546609
3.6259215210182196 4.8772506607262107 -0.034870309371689674
3.6302848441482056 4.8770985102985973 -0.034870309447906436
3.6346481672781912 4.8769463598707485 -0.034870309479128191
3.6390114904081772 4.8767942094428616 -0.034870309466109667
3.6433748135381627 4.8766420590151043 -0.034870309424063356
3.6477381366681487 4.8764899085875459 -0.034870309379320556
3.6521014597981347 4.8763377581601581 -0.034870309346290117
3.6564647829281203 4.8761856077328876 -0.0348703093253094
3.6608281060581063 4.8760334573056827 -0.034870309316465412
3.6651914291880923 4.8758813068784894 -0.034870309319683442
3.6695547523180778 4.8757291564512624 -0.034870309330932603
3.6739180754480638 4.8755770060239811 -0.034870309343173929
3.6782813985780494 4.8754248555966537 -0.034870309351964779
3.6826447217080354 4.8752727051692952 -0.034870309357688055
3.6870080448380214 4.8751205547419181 -0.034870309360190747
3.6913713679680069 4.8749684043145383 -0.034870309359123365
3.6957346910979929 4.8748162538871682 -0.03487030935600488
3.7000980142279785 4.8746641034598124 -0.034870309353058168
3.7044613373579645 4.8745119530324672 -0.034870309350864846
3.7088246604879505 4.8743598026051309 -0.034870309349139546
3.713187983617936 4.8742076521777999 -0.034870309348474057
3.717551306747922 4.8740555017504699 -0.034870309348586655
3.7219146298779076 4.873903351323138 -0.034870309349412411
3.7262779530078936 4.8737512008958017 -0.034870309350271474
3.7306412761378795 4.8735990504684628 -0.034870309350884122
3.7350045992678651 4.8734469000411211 -0.034870309351249136
3.7393679223978511 4.8732947496137786 -0.03487030935161909
3.7437312455278371 4.8731425991864343 -0.034870309351595595
3.7480945686578226 4.8729904487590918 -0.034870309351330279
3.7524578917878086 4.8728382983317493 -0.034870309351193687
3.7568212149177942 4.8726861479044086 -0.034870309350784036
3.7611845380477802 4.8725339974770687 -0.034870309350727227
3.7655478611777662 4.8723818470497289 -0.034870309350742791
3.7699111843077517 4.872229696622389 -0.034870309350748023
3.7742745074377377 4.8720775461950492 -0.034870309350711531
3.7786378305677233 4.8719253957677093 -0.034870309350852252
3.7830011536977093 4.8717732453403686 -0.034870309350936525
3.7873644768276953 4.8716210949130279 -0.034870309351058691
3.7917277999576808 4.8714689444856862 -0.034870309351107139
3.7960911230876668 4.8713167940583455 -0.034870309350791183
3.8004544462176524 4.8711646436310057 -0.034870309350785209
3.8048177693476384 4.8710124932036649 -0.034870309351125062
3.8091810924776244 4.8708603427763233 -0.034870309350982315
3.8135444156076099 4.8707081923489834 -0.034870309350613443
3.8179077387375959 4.8705560419216436 -0.034870309351010327
3.8222710618675819 4.870403891494302 -0.034870309351002327
3.8266343849975675 4.8702517410669621 -0.03487030935064811
3.8309977081275535 4.8700995906396223 -0.034870309350851642
3.835361031257539 4.8699474402122815 -0.034870309351002403
3.839724354387525 4.8697952897849408 -0.034870309350806504
3.844087677517511 4.869643139357601 -0.034870309350818009
3.8484510006474966 4.8694909889302602 -0.034870309350978568
3.8528143237774826 4.8693388385029195 -0.034870309350935491
3.8571776469074681 4.8691866880755788 -0.034870309350947232
3.8615409700374541 4.869034537648238 -0.034870309350943332
3.8659042931674401 4.8688823872208973 -0.034870309350936476
3.8702676162974257 4.8687302367935565 -0.034870309350978505
3.8746309394274117 4.8685780863662158 -0.034870309350817245
3.8789942625573972 4.868425935938876 -0.034870309350809606
3.8833575856873832 4.8682737855115352 -0.034870309351001431
3.8877209088173692 4.8681216350841945 -0.034870309350841726
3.8920842319473548 4.8679694846568546 -0.034870309350688758
3.8964475550773408 4.8678173342295148 -0.034870309350849643
3.9008108782073267 4.8676651838021741 -0.034870309350959111
3.9051742013373123 4.8675130333748333 -0.034870309350981663
3.9095375244672983 4.8673608829474926 -0.03487030935078201
3.9139008475972838 4.8672087325201527 -0.034870309350947377
3.9182641707272698 4.8670565820928111 -0.034870309351096224
3.9226274938572558 4.8669044316654704 -0.034870309350935484
3.9269908169872414 4.8667522812381296 -0.034870309350829604
3.9313541401172274 4.8666001308107898 -0.034870309350803173
3.9357174632472129 4.8664479803834491 -0.034870309351014782
3.9400807863771989 4.8662958299561083 -0.034870309350805442
3.9444441095071849 4.8661436795287685 -0.034870309350809897
3.9488074326371705 4.8659915291014277 -0.034870309351012041
3.9531707557671565 4.865839378674087 -0.034870309350809675
3.957534078897142 4.8656872282467472 -0.034870309350806344
3.961897402027128 4.8655350778194064 -0.034870309351022026
3.966260725157114 4.8653829273920657 -0.034870309350762602
3.9706240482870996 4.8652307769647258 -0.034870309350984681
3.9749873714170856 4.8650786265373842 -0.034870309350966425
3.9793506945470716 4.8649264761100444 -0.034870309350806698
3.9837140176770571 4.8647743256827036 -0.034870309350863889
3.9880773408070431 4.8646221752553638 -0.034870309350794847
3.9924406639370287 4.864470024828023 -0.03487030935101381
3.9968039870670147 4.8643178744006823 -0.034870309350817655
4.0011673101970002 4.8641657239733425 -0.034870309350772649
4.0055306333269867 4.8640135735460017 -0.034870309351138197
4.0098939564569722 4.8638614231186601 -0.034870309350942326
4.0142572795869578 4.8637092726913203 -0.034870309350770873
4.0186206027169442 4.8635571222639795 -0.034870309351020624
4.0229839258469298 4.8634049718366388 -0.034870309350803735
4.0273472489769153 4.8632528214092989 -0.034870309350832171
4.0317105721069009 4.8631006709819582 -0.034870309350935311
4.0360738952368873 4.8629485205546175 -0.034870309351083692
4.0404372183668729 4.8627963701272758 -0.034870309350997698
4.0448005414968584 4.862644219699936 -0.034870309350603881
4.0491638646268449 4.8624920692725961 -0.034870309351022526
4.0535271877568304 4.8623399188452545 -0.034870309350963115
4.057890510886816 4.8621877684179147 -0.03487030935080343
4.0622538340168024 4.8620356179905739 -0.034870309350869599
4.066617157146788 4.8618834675632341 -0.034870309350764621
4.0709804802767735 4.8617313171358933 -0.034870309351139654
4.0753438034067591 4.8615791667085517 -0.034870309350965835
4.0797071265367455 4.8614270162812119 -0.034870309350654084
4.0840704496667311 4.861274865853872 -0.034870309350853598
4.0884337727967166 4.8611227154265313 -0.034870309350999218
4.092797095926703 4.8609705649991906 -0.034870309350806629
4.0971604190566886 4.8608184145718507 -0.034870309350820701
4.1015237421866741 4.86066626414451 -0.034870309350978304
4.1058870653166606 4.8605141137171692 -0.034870309350923195
4.1102503884466461 4.8603619632898285 -0.034870309350986006
4.1146137115766317 4.8602098128624878 -0.034870309350811181
4.1189770347066181 4.8600576624351479 -0.034870309350815698
4.1233403578366037 4.8599055120078072 -0.034870309350972468
4.1277036809665892 4.8597533615804664 -0.034870309350972822
4.1320670040965748 4.8596012111531257 -0.034870309350814657
4.1364303272265612 4.8594490607257859 -0.034870309350814949
4.1407936503565468 4.8592969102984451 -0.034870309350971976
4.1451569734865323 4.8591447598711044 -0.034870309350975535
4.1495202966165188 4.8589926094437637 -0.034870309350782974
4.1538836197465043 4.8588404590164238 -0.034870309350939002
4.1582469428764899 4.8586883085890822 -0.034870309351139384
4.1626102660064763 4.8585361581617414 -0.03487030935077122
4.1669735891364619 4.8583840077344016 -0.034870309350822179
4.1713369122664474 4.8582318573070609 -0.034870309351007794
4.1757002353964339 4.8580797068797201 -0.034870309350803722
4.1800635585264194 4.8579275564523803 -0.03487030935082374
4.184426881656405 4.8577754060250395 -0.034870309350969048
4.1887902047863905 4.8576232555976988 -0.034870309350978457
4.193153527916377 4.8574711051703581 -0.034870309350774217
4.1975168510463625 4.8573189547430182 -0.034870309350971129
4.2018801741763481 4.8571668043156766 -0.034870309351019646
4.2062434973063345 4.8570146538883368 -0.034870309350607365
4.2106068204363201 4.8568625034609969 -0.034870309350986652
4.2149701435663056 4.8567103530336553 -0.03487030935112443
4.2193334666962921 4.8565582026063145 -0.034870309350783363
4.2236967898262776 4.8564060521789747 -0.034870309350788553
4.2280601129562632 4.856253901751634 -0.034870309351130148
4.2324234360862487 4.8561017513242923 -0.034870309350979921
4.2367867592162352 4.8559496008969525 -0.034870309350607268
4.2411500823462207 4.8557974504696126 -0.034870309351026786
4.2455134054762063 4.855645300042271 -0.034870309350964003
4.2498767286061927 4.8554931496149312 -0.034870309350774308
4.2542400517361783 4.8553409991875904 -0.034870309350985187
4.2586033748661638 4.8551888487602497 -0.034870309350963351
4.2629666979961502 4.855036698332909 -0.034870309350818494
4.2673300211261358 4.8548845479055691 -0.034870309350809113
4.2716933442561213 4.8547323974782284 -0.034870309351012763
4.2760566673861078 4.8545802470508876 -0.034870309350796921
4.2804199905160933 4.8544280966235478 -0.034870309350845986
4.2847833136460789 4.8542759461962071 -0.03487030935088687
4.2891466367760644 4.8541237957688672 -0.034870309350674256
4.2935099599060509 4.8539716453415274 -0.03487030935085185
4.2978732830360364 4.8538194949141866 -0.034870309350964794
4.302236606166022 4.8536673444868459 -0.034870309350967334
4.3065999292960084 4.8535151940595052 -0.034870309350822984
4.310963252425994 4.8533630436321653 -0.034870309350787151
4.3153265755559795 4.8532108932048246 -0.034870309351096113
4.319689898685966 4.8530587427774829 -0.034870309351096168
4.3240532218159515 4.8529065923501422 -0.034870309350786992
4.3284165449459371 4.8527544419228024 -0.034870309350823581
4.3327798680759235 4.8526022914954616 -0.034870309350965079
4.3371431912059091 4.8524501410681209 -0.03487030935097319
4.3415065143358946 4.8522979906407802 -0.034870309350820548
4.3458698374658802 4.8521458402134403 -0.034870309350812347
4.3502331605958666 4.8519936897860996 -0.034870309350976479
4.3545964837258522 4.8518415393587588 -0.034870309350938836
4.3589598068558377 4.8516893889314181 -0.034870309350946573
4.3633231299858242 4.8515372385040774 -0.034870309350931966
4.3676864531158097 4.8513850880767366 -0.034870309350982676
4.3720497762457953 4.8512329376493959 -0.034870309350815726
4.3764130993757817 4.851080787222056 -0.034870309350800842
4.3807764225057673 4.8509286367947153 -0.034870309351027334
4.3851397456357528 4.8507764863673746 -0.034870309350768208
4.3895030687657384 4.8506243359400347 -0.034870309350967556
4.3938663918957248 4.8504721855126931 -0.034870309351018647
4.3982297150257104 4.8503200350853533 -0.034870309350614963
4.4025930381556959 4.8501678846580134 -0.034870309350978602
4.4069563612856824 4.8500157342306718 -0.034870309351127705
4.4113196844156679 4.849863583803331 -0.03487030935077836
4.4156830075456535 4.8497114333759912 -0.034870309350826578
4.4200463306756399 4.8495592829486505 -0.034870309350961755
4.4244096538056255 4.8494071325213097 -0.034870309350983494
4.428772976935611 4.849254982093969 -0.034870309350782641
4.4331363000655974 4.8491028316666291 -0.034870309350932362
4.437499623195583 4.8489506812392875 -0.034870309351144983
4.4418629463255686 4.8487985308119468 -0.034870309350776771
4.4462262694555541 4.8486463803846069 -0.034870309350815684
4.4505895925855405 4.8484942299572662 -0.034870309351006913
4.4549529157155261 4.8483420795299255 -0.034870309350813762
4.4593162388455116 4.8481899291025856 -0.034870309350805762
4.4636795619754981 4.8480377786752449 -0.034870309351009612
4.4680428851054836 4.8478856282479041 -0.034870309350812888
4.4724062082354692 4.8477334778205643 -0.034870309350806546
4.4767695313654556 4.8475813273932236 -0.034870309351007357
4.4811328544954412 4.8474291769658828 -0.034870309350821124
4.4854961776254267 4.847277026538543 -0.034870309350775855
4.4898595007554132 4.8471248761112022 -0.034870309351121877
4.4942228238853987 4.8469727256838606 -0.034870309351004408
4.4985861470153843 4.8468205752565208 -0.034870309350538899
4.5029494701453698 4.8466684248291818 -0.034870309350686406
4.5073127932753563 4.8465162744018411 -0.034870309351151221
4.5116761164053418 4.8463641239744994 -0.034870309350976486
4.5160394395353274 4.8462119735471596 -0.034870309350621201
4.5204027626653138 4.8460598231198198 -0.034870309350974474
4.5247660857952994 4.8459076726924781 -0.03487030935113801
4.5291294089252849 4.8457555222651374 -0.034870309350762532
4.5334927320552714 4.8456033718377975 -0.034870309350858282
4.5378560551852569 4.8454512214104568 -0.034870309350850795
4.5422193783152425 4.845299070983117 -0.034870309350806282
4.5465827014452289 4.8451469205557762 -0.034870309350970498
4.5509460245752145 4.8449947701284355 -0.034870309350968832
4.5553093477052 4.8448426197010948 -0.034870309350832566
4.5596726708351856 4.8446904692737549 -0.034870309350768632
4.564035993965172 4.8445383188464142 -0.034870309351139314
4.5683993170951576 4.8443861684190725 -0.034870309350941896
4.5727626402251431 4.8442340179917327 -0.034870309350771497
4.5771259633551296 4.844081867564392 -0.034870309351018543
4.5814892864851151 4.8439297171370512 -0.034870309350811438
4.5858526096151007 4.8437775667097114 -0.034870309350803423
4.5902159327450871 4.8436254162823706 -0.034870309351021297
4.5945792558750727 4.8434732658550299 -0.034870309350768493
4.5989425790050582 4.8433211154276901 -0.034870309350972475
4.6033059021350438 4.8431689650003484 -0.034870309351020014
4.6076692252650302 4.8430168145730086 -0.034870309350604568
4.6120325483950158 4.8428646641456687 -0.034870309350997497
4.6163958715250013 4.8427125137183271 -0.034870309351083838
4.6207591946549877 4.8425603632909864 -0.034870309350934901
4.6251225177849733 4.8424082128636456 -0.034870309350833677
4.6294858409149588 4.8422560624363058 -0.034870309350798129
4.6338491640449453 4.8421039120089651 -0.034870309351020215
4.6382124871749308 4.8419517615816243 -0.034870309350778117
4.6425758103049164 4.8417996111542845 -0.034870309350935012
4.6469391334349028 4.8416474607269429 -0.034870309351138926
4.6513024565648884 4.8414953102996021 -0.034870309350777048
4.6556657796948739 4.8413431598722623 -0.034870309350820604
4.6600291028248595 4.8411910094449215 -0.034870309351008273
4.6643924259548459 4.8410388590175808 -0.034870309350803375
4.6687557490848315 4.8408867085902409 -0.034870309350824649
4.673119072214817 4.8407345581629002 -0.034870309350965752
4.6774823953448035 4.8405824077355595 -0.034870309350969422
4.681845718474789 4.8404302573082187 -0.034870309350813665
4.6862090416047746 4.8402781068808789 -0.03487030935084362
4.690572364734761 4.8401259564535382 -0.034870309350858282
4.6949356878647466 4.8399738060261983 -0.0348703093507697
4.6992990109947321 4.8398216555988576 -0.034870309351130648
4.7036623341247186 4.839669505171516 -0.034870309350975473
4.7080256572547041 4.8395173547441761 -0.034870309350624545
4.7123889803846897 4.8393652043168363 -0.034870309350983453
4.7167523035146752 4.8392130538894946 -0.034870309351120066
4.7211156266446617 4.8390609034621539 -0.034870309350804034
4.7254789497746472 4.838908753034814 -0.034870309350710227
4.7298422729046328 4.8387566026074742 -0.03487030935081218
4.7342055960346192 4.8386044521801335 -0.034870309351087495
4.7385689191646048 4.8384523017527918 -0.034870309351105598
4.7429322422945903 4.8383001513254511 -0.034870309350779137
4.7472955654245768 4.8381480008981113 -0.034870309350824261
4.7516588885545623 4.8379958504707705 -0.034870309350970227
4.7560222116845479 4.8378437000434298 -0.034870309350973211
4.7603855348145334 4.837691549616089 -0.034870309350815337
4.7647488579445199 4.8375393991887492 -0.034870309350811847
4.7691121810745054 4.8373872487614085 -0.034870309350983709
4.773475504204491 4.8372350983340677 -0.034870309350931696
4.7778388273344774 4.837082947906727 -0.034870309350946586
4.782202150464463 4.8369307974793863 -0.034870309350939051
4.7865654735944485 4.8367786470520455 -0.034870309350975591
4.7909287967244349 4.8366264966247048 -0.03487030935081567
4.7952921198544205 4.8364743461973649 -0.034870309350808169
4.7996554429844061 4.8363221957700242 -0.034870309351019368
4.8040187661143925 4.8361700453426835 -0.034870309350771456
4.808382089244378 4.8360178949153436 -0.034870309350941264
4.8127454123743636 4.835865744488002 -0.034870309351141889
4.8171087355043491 4.8357135940606613 -0.034870309350780268
4.8214720586343356 4.8355614436333214 -0.034870309350783467
4.8258353817643211 4.8354092932059807 -0.034870309351132292
4.8301987048943067 4.8352571427786391 -0.034870309350976424
4.8345620280242931 4.8351049923512992 -0.034870309350619112
4.8389253511542787 4.8349528419239594 -0.034870309350982905
4.8432886742842642 4.8348006914966177 -0.034870309351127636
4.8476519974142507 4.834648541069277 -0.034870309350774308
4.8520153205442362 4.8344963906419371 -0.034870309350821582
4.8563786436742218 4.8343442402145964 -0.03487030935100708
4.8607419668042082 4.8341920897872557 -0.034870309350807212
4.8651052899341938 4.8340399393599158 -0.034870309350810508
4.8694686130641793 4.8338877889325751 -0.034870309351018473
4.8738319361941649 4.8337356385052344 -0.034870309350793993
4.8781952593241513 4.8335834880778945 -0.034870309350851975
4.8825585824541369 4.8334313376505538 -0.034870309350844564
4.8869219055841224 4.8332791872232139 -0.034870309350837479
4.8912852287141089 4.8331270367958732 -0.034870309350851926
4.8956485518440944 4.8329748863685333 -0.034870309350801237
4.90001187497408 4.8328227359411926 -0.034870309351010854
4.9043751981040664 4.8326705855138519 -0.034870309350812437
4.908738521234052 4.832518435086512 -0.034870309350785819
4.9131018443640375 4.8323662846591713 -0.03487030935111201
4.9174651674940231 4.8322141342318297 -0.034870309351055208
4.9218284906240095 4.8320619838044889 -0.034870309350934908
4.9261918137539951 4.8319098333771482 -0.034870309350862272
4.9305551368839806 4.8317576829498083 -0.034870309350683734
4.9349184600139671 4.8316055325224685 -0.034870309350838562
4.9392817831439526 4.8314533820951278 -0.034870309351008488
4.9436451062739382 4.831301231667787 -0.034870309350805886
4.9480084294039246 4.8311490812404472 -0.034870309350814373
4.9523717525339102 4.8309969308131064 -0.034870309350983064
4.9567350756638957 4.8308447803857657 -0.034870309350931751
4.9610983987938821 4.830692629958425 -0.034870309350947017
4.9654617219238677 4.8305404795310842 -0.034870309350937295
4.9698250450538533 4.8303883291037435 -0.034870309350982211
4.9741883681838388 4.8302361786764028 -0.034870309350812298
4.9785516913138252 4.8300840282490629 -0.034870309350815018
4.9829150144438108 4.8299318778217222 -0.034870309350974057
4.9872783375737963 4.8297797273943814 -0.034870309350967153
4.9916416607037828 4.8296275769670407 -0.034870309350814442
4.9960049838337683 4.8294754265397009 -0.034870309350821527
5.0003683069637539 4.8293232761123601 -0.03487030935096716
5.0047316300937403 4.8291711256850194 -0.034870309350966924
5.0090949532237259 4.8290189752576786 -0.034870309350822248
5.0134582763537114 4.8288668248303388 -0.034870309350811791
5.0178215994836979 4.8287146744029981 -0.034870309350977
5.0221849226136834 4.8285625239756573 -0.034870309350937302
5.026548245743669 4.8284103735483166 -0.034870309350952179
5.0309115688736545 4.8282582231209759 -0.034870309350932376
5.035274892003641 4.8281060726936351 -0.034870309350975424
5.0396382151336265 4.8279539222662944 -0.034870309350823026
5.0440015382636121 4.8278017718389545 -0.034870309350800203
5.0483648613935985 4.8276496214116138 -0.034870309351022581
5.0527281845235841 4.8274974709842731 -0.034870309350766585
5.0570915076535696 4.8273453205569332 -0.034870309350978797
5.0614548307835561 4.8271931701295916 -0.034870309350975334
5.0658181539135416 4.8270410197022517 -0.034870309350776979
5.0701814770435272 4.826888869274911 -0.034870309350984459
5.0745448001735127 4.8267367188475703 -0.034870309350963587
5.0789081233034992 4.8265845684202295 -0.034870309350818279
5.0832714464334847 4.8264324179928897 -0.034870309350809744
5.0876347695634703 4.826280267565549 -0.034870309351010452
5.0919980926934567 4.8261281171382082 -0.034870309350805546
5.0963614158234423 4.8259759667108684 -0.034870309350813797
5.1007247389534278 4.8258238162835276 -0.034870309351007003
5.1050880620834143 4.8256716658561869 -0.034870309350815268
5.1094513852133998 4.8255195154288471 -0.034870309350778353
5.1138147083433854 4.8253673650015063 -0.034870309351139051
5.1181780314733718 4.8252152145741647 -0.034870309350933215
5.1225413546033574 4.8250630641468248 -0.034870309350785188
5.1269046777333429 4.8249109137194841 -0.034870309350993729
5.1312680008633285 4.8247587632921434 -0.034870309350918297
5.1356313239933149 4.8246066128648026 -0.034870309350990163
5.1399946471233005 4.8244544624374619 -0.034870309350778166
5.144357970253286 4.8243023120101221 -0.034870309350964877
5.1487212933832724 4.8241501615827804 -0.03487030935101941
5.153084616513258 4.8239980111554406 -0.034870309350614588
5.1574479396432436 4.8238458607281007 -0.034870309350979338
5.16181126277323 4.8236937103007591 -0.034870309351125138
5.1661745859032155 4.8235415598734184 -0.03487030935078788
5.1705379090332011 4.8233894094460785 -0.034870309350791086
5.1749012321631875 4.8232372590187378 -0.034870309351094191
5.1792645552931731 4.8230851085913962 -0.034870309351099929
5.1836278784231586 4.8229329581640554 -0.034870309350795138
5.1879912015531442 4.8227808077367156 -0.034870309350787235
5.1923545246831306 4.8226286573093748 -0.034870309351102344
5.1967178478131162 4.8224765068820332 -0.034870309351071167
5.2010811709431017 4.8223243564546925 -0.034870309350902046
5.2054444940730882 4.8221722060273517 -0.034870309350977735
5.2098078172030737 4.822020055600011 -0.034870309350844099
5.2141711403330593 4.8218679051726712 -0.034870309350713564
5.2185344634630457 4.8217157547453313 -0.034870309350737372
5.2228977865930313 4.8215636043179915 -0.034870309350772719
5.2272611097230168 4.8214114538906516 -0.034870309350628868
5.2316244328530024 4.8212593034633127 -0.034870309350558217
5.2359877559829888 4.8211071530359728 -0.034870309350963365
5.2403510791129744 4.8209550026086312 -0.034870309351245431
5.2447144022429599 4.8208028521812887 -0.034870309351565293
5.2490777253729464 4.8206507017539444 -0.034870309351814482
5.2534410485029319 4.8204985513266001 -0.034870309351719211
5.2578043716329175 4.8203464008992567 -0.03487030935126173
5.2621676947629039 4.820194250471916 -0.03487030935072296
5.2665310178928895 4.8200421000445779 -0.034870309349671516
5.270894341022875 4.819889949617246 -0.034870309348330679
5.2752576641528615 4.8197377991899186 -0.03487030934739619
5.279620987282847 4.8195856487625939 -0.034870309347589688
5.2839843104128326 4.8194334983352647 -0.034870309348992795
5.2883476335428181 4.8192813479079275 -0.034870309351736184
5.2927109566728046 4.8191291974805743 -0.034870309355826211
5.2970742798027901 4.8189770470532025 -0.034870309360538726
5.3014376029327757 4.8188248966258111 -0.034870309363878596
5.3058009260627621 4.8186727461984145 -0.034870309362883968
5.3101642491927477 4.818520595771032 -0.03487030935741596
5.3145275723227332 4.8183684453436824 -0.034870309347938555
5.3188908954527196 4.8182162949163843 -0.034870309333281578
5.3232542185827052 4.8180641444891599 -0.034870309315282941
5.3276175417126908 4.8179119940620057 -0.034870309303027758
5.3319808648426772 4.8177598436348754 -0.03487030930529518
5.3363441879726627 4.8176076932076972 -0.0348703093249687
5.3407075111026483 4.8174555427803964 -0.034870309361276434
5.3450708342326338 4.8173033923528994 -0.034870309415601271
5.3494341573626203 4.8171512419251341 -0.034870309481351489
5.3537974804926058 4.8169990914971077 -0.034870309527983007
5.3581608036225914 4.8168469410689845 -0.034870309521826619
5.3625241267525778 4.8166947906410291 -0.034870309450946012
5.3668874498825634 4.8165426402135223 -0.034870309316822279
5.3712507730125489 4.8163904897867438 -0.034870309115086012
5.3756140961425354 4.8162383393609627 -0.034870308869608492
5.3799774192725209 4.8160861889361648 -0.034870308691468586
5.3843407424025065 4.8159340385117506 -0.034870308709711244
5.388704065532492 4.8157818880867289 -0.034870308968768492
5.3930673886624785 4.8156297376600641 -0.034870309461704441
5.397430711792464 4.8154775872307116 -0.03487031020851325
5.4017940349224496 4.8153254367976519 -0.034870311125162139
5.406157358052436 4.8151732863608956 -0.034870311802252411
5.4105206811824216 4.8150211359226303 -0.034870311756358789
5.4148840043124071 4.8148689854865294 -0.034870310812192419
5.4192473274423936 4.8147168350564673 -0.03487030899461447
5.4236106505723791 4.8145646846363332 -0.034870306231140957
5.4279739737023647 4.8144125342299642 -0.034870302812494751
5.4323372968323511 4.8142603838374818 -0.034870300238651675
5.4367006199623367 4.8141082334509289 -0.034870300328089909
5.4410639430923222 4.8139560830566666 -0.034870303767977041
5.4454272662223078 4.8138039326402264 -0.034870310467917998
5.4497905893522942 4.8136517821871081 -0.034870320694671914
5.4541539124822798 4.8134996316828893 -0.034870333439885368
5.4585172356122653 4.8133474811265309 -0.03487034321495143
5.4628805587422518 4.8131953305469501 -0.034870343184504847
5.4672438818722373 4.8130431799947697 -0.03487033065864991
5.4716072050022229 4.8128910295240193 -0.034870305966350122
5.4759705281322093 4.8127388791887444 -0.034870268128074561
5.4803338512621949 4.8125867290431366 -0.034870220621906034
5.4846971743921804 4.8124345790932272 -0.034870183527064495
5.4890604975221668 4.8122824292339939 -0.034870182515989286
5.4934238206521524 4.8121302792776284 -0.034870228094066473
5.497787143782138 4.8119781290223571 -0.034870319088435381
5.5021504669121235 4.8118259782667181 -0.034870459072886203
5.5065137900421099 4.8116738268072412 -0.034870636091491838
5.5108771131720955 4.8115216746135641 -0.034870776754808118
5.5152404363020811 4.8113695220667152 -0.034870784704854503
5.5196037594320675 4.811217369863237 -0.03487061898003619
5.523967082562053 4.8110652187566298 -0.034870283692009854
5.5283304056920386 4.8109130694979578 -0.034869765869369906
5.532693728822025 4.8107609228506689 -0.034869106446553361
5.5370570519520106 4.8106087789567535 -0.034868573425497186
5.5414203750819961 4.8104566364352408 -0.034868528257821968
5.5457836982119817 4.8103044927035707 -0.034869130397908399
5.5501470213419681 4.8101523449479879 -0.034870365686710224
5.5545103444719537 4.8100001903682479 -0.034872280974937372
5.5588736676019392 4.8098480261015393 -0.03487473674712837
5.5632369907319257 4.8096958515133235 -0.034876755184705906
5.5676003138619112 4.8095436716032616 -0.034876981239648865
5.5719636369918968 4.8093914959437747 -0.034874795134054386
5.5763269601218832 4.8092393350416645 -0.034870244596582341
5.5806902832518688 4.809087199338026 -0.034863161234297523
5.5850536063818543 4.8089350995618494 -0.034854018124728187
5.5894169295118408 4.80878303846265 -0.034846379691368584
5.5937802526418263 4.8086309979602806 -0.034845322866520444
5.5981435757718119 4.8084789425849159 -0.034853253180415419
5.6025068989017974 4.8083268331051476 -0.034870014115751378
5.6068702220317839 4.8081746305872217 -0.034896207833445284
5.6112335451617694 4.8080222948436226 -0.034930239578057395
5.615596868291755 4.8078698142234995 -0.034959127868059575
5.6199601914217414 4.8077172540316884 -0.03496386218663082
5.624323514551727 4.8075647456574444 -0.034935118950160757
5.6286868376817125 4.8074124355789571 -0.034873392323225887
5.633050160811699 4.8072604689861684 -0.034776540577759765
5.6374134839416845 4.8071089963324525 -0.034649903325893225
5.6417768070716701 4.8069580661589795 -0.034540714647699262
5.6461401302016565 4.8068074428822598 -0.034520118007083857
5.6505034533316421 4.8066566399590496 -0.034624202411754651
5.6548667764616276 4.8065051105185335 -0.034851493766713204
5.6592300995916132 4.8063523130882873 -0.035209565966653748
5.6635934227215996 4.8061976846752552 -0.035680682363793362
5.6679567458515852 4.8060410257090203 -0.03609314115041181
5.6723200689815707 4.8058831849247046 -0.036180853408202804
5.6766833921115571 4.8057259634349592 -0.035804308266698809
5.6810467152415427 4.805571402819135 -0.034967498847071531
5.6854100383715283 4.8054215225835089 -0.033643807138696406
5.6897733615015147 4.8052784284743826 -0.031891594117211194
5.6941366846315002 4.805142932259769 -0.030334413554198889
5.6985000077614858 4.8050119804526421 -0.029966916930073924
5.7028633308914722 4.8048789078252341 -0.031327748171619992
5.7072266540214578 4.8047360933325898 -0.034408101595651483
5.7115899771514433 4.8045760044141161 -0.039300890131874197
5.7159533002814289 4.8043907683988412 -0.04581627305003079
5.7203166234114153 4.8041771123689321 -0.051691985712651413
5.7246799465414009 4.8039460057036125 -0.053212087956925766
5.7290432696713864 4.8037221054159351 -0.048299399129649437
5.7334065928013729 4.8035338578541698 -0.036962303226035012
5.7377699159313584 4.8034093605473718 -0.01887892036284896
5.742133239061344 4.8033780348067356 0.005341949051327087
5.7464965621913304 4.8034529791481555 0.027501064955609923
5.750859885321316 4.8035948483648934 0.033723813010055878
5.7552232084513015 4.8037124594863094 0.016009221918347596
5.7595865315812871 4.8036996431344434 -0.025709124560271798
5.7639498547112735 4.80345158486546 -0.092536900758219506
5.7683131778412591 4.8028583748491513 -0.18255673863218169
5.7726765009712446 4.8018679214710618 -0.26608288873366254
5.7770398241012311 4.8006211150988634 -0.29133820282501388
5.7814031472312166 4.7994550358983243 -0.22754221715655262
5.7857664703612022 4.7987658923960197 -0.074050099706396103
5.7901297934911886 4.7989447237171534 0.17287780539955738
5.7944931166211742 4.8004019231012665 0.50739073288165315
5.7988564397511597 4.8033436828747913 0.82206079087091177
5.8032197628811462 4.8072659672001485 0.92373519072587784
5.8075830860111317 4.8109240892844145 0.69490197740927517
5.8119464091411173 4.8128382614072134 0.12788418287741735
5.8163097322711028 4.8115463069677942 -0.77863334256617078
5.8206730554010893 4.8055591168536189 -2.0181219492513263
5.8250363785310748 4.7936694756421527 -3.4400826927467758
5.8293997016610604 4.775675793023991 -4.7678072788876262
5.8337630247910468 4.7524524949708198 -5.827396632577126
5.8381263479210324 4.7252357763014725 -6.6026071120381413
5.8424896710510179 4.6952404935691465 -7.0982495330218915
5.8468529941810043 4.6636940161997398 -7.3173921675030984
5.8512163173109899 4.6316610680148864 -7.3461747744678645
5.8555796404409755 4.5996325765232866 -7.3433102105403965
5.8599429635709619 4.5674729710078221 -7.4130690251419322
5.8643062867009474 4.5348160734653549 -7.568958505085563
5.868669609830933 4.5013036706407474 -7.8057566869205868
5.8730329329609186 4.4665802907867782 -8.1234830582869701
5.877396256090905 4.4303081489296474 -8.5132361804346921
5.8817595792208905 4.3922049545381103 -8.9602866229528235
5.8861229023508761 4.3520470437363681 -9.4539896590086592
5.8904862254808625 4.3096393264317197 -9.9916990211250347
5.8948495486108481 4.2647878178798209 -10.57423863839683
5.8992128717408336 4.2172966059890244 -11.201524226765965
5.9035761948708201 4.1669746390550806 -11.871052383528518
5.9079395180008056 4.1136477679739549 -12.577957875500722
5.9123028411307912 4.0571617763718031 -13.318878930490722
5.9166661642607767 3.9973700346655039 -14.093206841605355
5.9210294873907632 3.9341255349865714 -14.901782005403525
5.9253928105207487 3.8672786179519369 -15.74393467955786
5.9297561336507343 3.7967039977941668 -16.606568420269166
5.9341194567807207 3.7223668588649952 -17.463778009340984
5.9384827799107063 3.6443388568965758 -18.296873762540248
5.9428461030406918 3.5627363911906547 -19.102551893775605
5.9472094261706783 3.4776755330267139 -19.882179350732862
5.9515727493006638 3.3892707353202121 -20.634930365429653
5.9559360724306494 3.2976459873042971 -21.357297078179812
5.9602993955606358 3.2029445601898936 -22.044322695238005
5.9646627186906214 3.1053305901510062 -22.691739248053004
5.9690260418206069 3.0049819677815042 -23.297772870189611
5.9733893649505925 2.9020787808009598 -23.862819521060878
5.9777526880805789 2.79679849059259 -24.38736433295492
5.9821160112105645 2.6893264819065252 -24.865428847396807
5.98647933434055 2.5798960926960013 -25.282023866368707
5.9908426574705365 2.4688042107639765 -25.626420788413764
5.995205980600522 2.3563698770618551 -25.897598176383131
5.9995693037305076 2.242910837688068 -26.09602927274776
6.003932626860494 2.1287437879594178 -26.222455284281306
6.0082959499904796 2.0141894784787437 -26.271372396400132
6.0126592731204651 1.8996205176532088 -26.225611651498891
6.0170225962504515 1.7854833579973204 -26.072926426350996
6.0213859193804371 1.6722472766546064 -25.813007644261166
6.0257492425104227 1.5603777412414308 -25.446264414236264
6.0301125656404082 1.4503427904456825 -24.972220876287132
6.0344758887703946 1.3426013382385802 -24.39687731585137
6.0388392119003802 1.2375666569003996 -23.734363059381621
6.0432025350303658 1.1355906310865105 -22.995748452617889
6.0475658581603522 1.0369985502772794 -22.183115303357845
6.0519291812903377 0.94211522101251732 -21.29568357557751
6.0562925044203233 0.85126836490321223 -20.332819395737562
6.0606558275503097 0.76477189321532091 -19.305329332481211
6.0650191506802953 0.68284914705154176 -18.24238773587367
6.0693824738102808 0.60559495290687526 -17.167122229788124
6.0737457969402664 0.53305041217843008 -16.08314676052203
6.0781091200702528 0.46525757797185618 -14.989162228779794
6.0824724432002384 0.40225985074491188 -13.885170367800086
6.0868357663302239 0.34409402307585563 -12.776080216134977
6.0911990894602104 0.29075537311011912 -11.675340351071501
6.0955624125901959 0.24217925363497061 -10.593992287714611
6.0999257357201815 0.19827428577180939 -9.5340023692648543
6.1042890588501679 0.15894906353496191 -8.4948616848484395
6.1086523819801535 0.12411194063063381 -7.4768233959218442
6.113015705110139 0.093674061984890852 -6.477629889814712
6.1173790282401255 0.067565456658687351 -5.4911555795784315
6.121742351370111 0.045743667789985426 -4.5122593650669236
6.1261056745000966 0.028179202157430264 -3.5398008051576224
6.1304689976300821 0.014843221546792646 -2.5741192719738253
6.1348323207600686 0.0057049597553445403 -1.615872955668487
6.1391956438900541 0.00074222579707255033 -0.65751942604193669
6.1435589670200397 0 0.32350926455724371
6.1479222901500261 0.0036266888033651213 1.3466930448786565
6.1522856132800117 0.01181901515803176 2.4158747946046226
6.1566489364099972 0.024774642548592012 3.5300697159763588
6.1610122595399837 0.042689779046886096 4.689020115603304
6.1653755826699692 0.065764880141878007 5.8966612056150627
6.1697389057999548 0.094244059914302569 7.1704475763587991
6.1741022289299412 0.12845051192687246 8.5210141376431814
6.1784655520599268 0.16872319326908208 9.9535759093178466
6.1828288751899123 0.21546709298154854 11.492876330180877
6.1871921983198979 0.26883978265540437 12.910015142929163
6.1915555214498843 0.32692553400660224 13.500242240219368
6.1959188445798699 0.3852119690967305 13.100637525760572
6.2002821677098554 0.44083254175417358 12.413897267540911
6.2046454908398418 0.493607143329512 11.770805441556181
6.2090088139698274 0.54353476907038323 11.115731027975411
6.213372137099813 0.59061446842677323 10.463594165665246
6.2177354602297994 0.63484534506907897 9.8104198649672139
6.2220987833597849 0.67622655690514855 9.1572625158011416
6.2264621064897705 0.71475731609636772 8.503954141055944
6.2308254296197561 0.75043688907262229 7.850186873500375
6.2351887527497425 0.78326459654628022 7.1974347933299434
6.239552075879728 0.813239813525098 6.5401840996476492
6.2439153990097136 0.84036196932415963 5.8990905855736671
6.2482787221397 0.86463054757671909 5.1971195649021542
6.2526420452696856 0.88604508624401901 4.7218286889436776
6.2570053683996711 0.90460517762411674 3.4000967510776219
6.2613686915296576 0.92031046835962915 5.2369256502755128
6.2657320146596431 0.93024654380145422 -6.7180945972489337
6.2700953377896287 0.93732727494347912 33.335347115261364
6.2744586609196151 0.94018295904544902 -119.79151798016346
6.2788219840496007 0.94018297263792916 447.79415791083653
6.2831853071795862 4.0221688007963614 447.63226135376908
