# q  U_kJmol  dU_dq   # conservative spline pchip_hermite_v1
0 0.47156491624144198 41.194975932225944
0.0043633231299858239 0.47085097142923887 -11.067108809929755
0.0087266462599716477 0.47299277868088802 4.0551852055592068
0.013089969389957472 0.48013209087863584 1.227595670979668
0.017453292519943295 0.49012693766365983 2.8150120531500384
0.021816615649929118 0.50297712874848444 3.2194471495265113
0.026179938779914945 0.51868241948399452 3.9405024319566326
0.030543261909900768 0.53724251086409325 4.5776844661761933
0.034906585039886591 0.5586570495313945 5.2332907750929794
0.039269908169872414 0.58275947607702017 5.7843124687858811
0.043633231299858237 0.60900932136103914 6.2491313265727637
0.04799655442984406 0.63701511511222164 6.5225918029505063
0.05235987755982989 0.66528009839251978 6.3494378675315666
0.056723200689815713 0.69207838355632945 5.9383713834423739
0.061086523819801536 0.71707849912181543 5.5110335664910126
0.065449846949787352 0.74011183837559358 5.0428651895075207
0.069813170079773182 0.76107547935801867 4.5676010217382155
0.074176493209759012 0.77999878418285373 4.1109745526160806
0.078539816339744828 0.79699095752449045 3.6821645853945366
0.082903139469730658 0.8121706503261793 3.280112894674335
0.087266462599716474 0.82565391260133614 2.9045800872241325
0.091629785729702304 0.83755863544037057 2.5570595250385741
0.09599310885968812 0.84801609164259184 2.2422835699798584
0.10035643198967395 0.85718143722607898 1.9654508895564038
0.10471975511965978 0.86522591161601126 1.7285134796770587
0.1090830782496456 0.87232331840803945 1.531285819114131
0.11344640137963143 0.87864745304125758 1.3743153825857861
0.11780972450961724 0.88437095183685743 1.2547952336466652
0.12217304763960307 0.88963331221122943 1.1598240600013292
0.1265363707695889 0.89450702868812926 1.0749616191255469
0.1308996938995747 0.89902172233037991 0.99532477747933579
0.13526301702956053 0.90320126127461453 0.92145327068571048
0.13962634015954636 0.90707128253597369 0.85333206038160492
0.14398966328953219 0.91065548077644853 0.79036229201825536
0.14835298641951802 0.91397721325326464 0.73338697607166581
0.15271630954950383 0.91706594568659983 0.6836008125156422
0.15707963267948966 0.91995258573268202 0.64057326293662753
0.16144295580947549 0.92266586214209345 0.60432507804557278
0.16580627893946132 0.92523516239580617 0.57415859789686141
0.17016960206944712 0.92768821472949359 0.55215580818262744
0.17453292519943295 0.9300883938863409 0.55405434626414918
0.17889624832941878 0.93258564650003961 0.59885285762760276
0.18325957145940461 0.93538522077748398 0.69236413131222541
0.18762289458939044 0.93869723847139785 0.83371172990188214
0.19198621771937624 0.94273085621741315 1.023275851676237
0.19634954084936207 0.9476954456060831 1.2598963674168162
0.2007128639793479 0.95378434665018708 1.5369588868906456
0.20507618710933373 0.96115503383773948 1.846399280914929
0.20943951023931956 0.96994015369140552 2.1853586865242787
0.21380283336930536 0.9802684363113906 2.5535734994893855
0.21816615649929119 0.992269164650177 2.9526443791858434
0.22252947962927702 1.0060738510185965 3.3783451994598526
0.22689280275926285 1.0217462196314202 3.8009049377785034
0.23125612588924865 1.0391834992426523 4.182552302240822
0.23561944901923448 1.0581666816727575 4.5097510078788066
0.23998277214922031 1.0784607430109812 4.7834872522250009
0.24434609527920614 1.0998335942036235 5.0043587835337471
0.24870941840919197 1.1220535682633224 5.1712964617655972
0.2530727415391778 1.1448717909533401 5.2764384570668543
0.25743606466916363 1.1679941487362415 5.3093661437196342
0.26179938779914941 1.1910941646094471 5.2662601229140602
0.26616271092913524 1.2138411576502552 5.1476747334840836
0.27052603405912107 1.2359051240012591 4.9527871321449188
0.2748893571891069 1.2569548491174454 4.6839674615264126
0.27925268031909273 1.2766972289271559 4.3579284182538176
0.28361600344907856 1.2949338991423003 3.9967901815432083
0.28797932657906439 1.3115379840765993 3.6096495569148783
0.29234264970905022 1.3263959043027136 3.1962929193232394
0.29670597283903605 1.3393915382689183 2.7558719616977623
0.30106929596902182 1.3504088341640463 2.2902936514621599
0.30543261909900765 1.3593573211088594 1.8104145292938565
0.30979594222899348 1.3662081862466899 1.3308825518828686
0.31415926535897931 1.3709814481963161 0.85821633479421688
0.31852258848896514 1.3737078585654443 0.39264696808886262
0.32288591161895097 1.3744168958081753 -0.066764420375704223
0.3272492347489368 1.3731362952592179 -0.51856726864185998
0.33161255787892263 1.369921794529662 -0.94957048596890015
0.33597588100890846 1.3649074125696139 -1.3409137661533637
0.34033920413889424 1.3582892940861053 -1.6846926166159664
0.34470252726888007 1.3502748559530537 -1.9809206187643065
0.3490658503988659 1.3410702711169105 -2.2305530300110585
0.35342917352885173 1.3308789480693504 -2.4325111999201283
0.35779249665883756 1.3199336539636672 -2.5718696430842947
0.36215581978882339 1.3085587302620663 -2.6262615657841555
0.36651914291880922 1.2971525752813906 -2.5862000287778844
0.37088246604879505 1.2861261185628632 -2.4524660049458502
0.37524578917878088 1.2758877137802456 -2.2245777427887612
0.37960911230876665 1.2668482694359822 -1.9036957406220636
0.38397243543875248 1.259389971083354 -1.5036516310189829
0.38833575856873831 1.2538115103063368 -1.0451130551899113
0.39269908169872414 1.2503408712757997 -0.53759887660744932
0.39706240482870997 1.2491906050202137 0.018408116525217757
0.4014257279586958 1.2505748862667267 0.62486326638149825
0.40578905108868163 1.2547130710707628 1.2791067843576878
0.41015237421866746 1.2617599396264689 1.9489858098899235
0.41451569734865329 1.2716711063690496 2.5844361931910713
0.41887902047863912 1.2842285158179425 3.1615244666205014
0.42324234360862489 1.2991755356860442 3.6801185536831893
0.42760566673861072 1.3162608854751563 4.1418363885820719
0.43196898986859655 1.3352350659597163 4.5452426428561266
0.43633231299858238 1.3558194948754214 4.8756893844942182
0.44069563612856821 1.3776429447056386 5.1095094620937145
0.44505895925855404 1.4002506496497951 5.234884536700652
0.44942228238853987 1.4231683815094274 5.251937063263342
0.4537856055185257 1.4459246081406596 5.1604678724329158
0.45814892864851153 1.4680454528965423 4.9613928956728692
0.46251225177849731 1.4890834243446889 4.6677767521362217
0.46687557490848314 1.5086725544391917 4.3006375227013303
0.47123889803846897 1.526522691119419 3.8710168481352656
0.4756022211684548 1.5423641378192421 3.3799214782375389
0.47996554429844063 1.5559256496375968 2.8252823783924503
0.48432886742842646 1.566929837363171 2.2090798640355982
0.48869219055841229 1.5751612400524113 1.5638159319991842
0.49305551368839812 1.5806149287822573 0.94483217473973857
0.49741883681838395 1.5834876611929365 0.3816808466490284
0.50178215994836972 1.584028684181279 -0.12443024148857615
0.50614548307835561 1.5824816874868495 -0.57561645261373728
0.51050880620834138 1.5790867280377028 -0.97094270284444961
0.51487212933832727 1.5741172032486768 -1.2916084718203891
0.51923545246831304 1.567973456558954 -1.5035460376589704
0.52359877559829882 1.561181324310678 -1.5882625868178486
0.5279620987282847 1.5542981536571703 -1.5458492930922261
0.53232542185827048 1.5478765368337408 -1.3760382777773783
0.53668874498825636 1.5424742674996936 -1.0795028869970797
0.54105206811824214 1.5386080387188006 -0.67850006716669675
0.54541539124822802 1.5366473677839936 -0.21277798060325684
0.5497787143782138 1.5368121190573627 0.29482858624029734
0.55414203750819968 1.539278409231448 0.84243448359958328
0.55850536063818546 1.5442256981109039 1.4326349696154383
0.56286868376817123 1.5518406252905312 2.0641691761419927
0.56723200689815712 1.5622491462626644 2.702698462241425
0.57159533002814289 1.5753421746838163 3.2835120819340253
0.57595865315812877 1.590763708757821 3.7684222376364049
0.58032197628811455 1.6080852317498606 4.155266706404503
0.58468529941810043 1.6268853848195164 4.4459459840321056
0.58904862254808621 1.6467428277476595 4.6399545190153937
0.59341194567807209 1.6672320766679827 4.7345778626902773
0.59777526880805787 1.6879063211021073 4.7236673009195078
0.60213859193804364 1.7082950873989977 4.6035994414828618
0.60650191506802953 1.7279221603787105 4.3747993838274013
0.6108652381980153 1.7463128792994358 4.0363112908284542
0.61522856132800119 1.7629867515541235 3.588592469292827
0.61959188445798696 1.7775078566140425 3.0574053375999348
0.62395520758797285 1.7896201124386129 2.4935362554680442
0.62831853071795862 1.799267426627291 1.929227949870578
0.63268185384794451 1.8064597878086832 1.3676598699548688
0.63704517697793028 1.8112029090850192 0.8063658256730174
0.64140850010791606 1.8134979392739077 0.24595332172725307
0.64577182323790194 1.8133805581440052 -0.29293790849561591
0.65013514636788772 1.8110351577776933 -0.76748551489678507
0.6544984694978736 1.8068172177189274 -1.1497405022918932
0.65886179262785938 1.8011395928236014 -1.4372417691400863
0.66322511575784526 1.7944109892085995 -1.6311868209477018
0.66758843888783104 1.7870412410541459 -1.7313236008362645
0.67195176201781692 1.7794319337801958 -1.7423586613879249
0.6763150851478027 1.7719526865903446 -1.6733676303611438
0.68067840827778847 1.7649363356825858 -1.5306099272986511
0.68504173140777436 1.7587010588670127 -1.3153407431499207
0.68940505453776013 1.7535648832014614 -1.0264619093255785
0.69376837766774602 1.7498504514499069 -0.6640410330758777
0.69813170079773179 1.7478489059184663 -0.24739044767018734
0.70249502392771768 1.7477097081736284 0.18173616673537182
0.70685834705770345 1.7494106087972299 0.59419358640771436
0.71122167018768934 1.7528651927715015 0.98613959326775058
0.71558499331767511 1.7579893684430177 1.3595686944507299
0.71994831644766089 1.7647025235625111 1.7143347692306776
0.72431163957764677 1.7729031227465173 2.0370343680536886
0.72867496270763255 1.7823877026975976 2.2969612510339221
0.73303828583761843 1.7928246372706356 2.4721450726971685
0.73740160896760421 1.8038340718253771 2.559895700994566
0.74176493209759009 1.8150382016334825 2.5611939545246334
0.74612825522757587 1.8260588232245418 2.4759419517021684
0.75049157835756175 1.8365227548392993 2.3067289196774423
0.75485490148754752 1.8460734767216307 2.0582044551873802
0.7592182246175333 1.8543739130954278 1.734005589528496
0.76358154774751918 1.8610972953467197 1.3353899793503488
0.76794487087750496 1.8659180532603441 0.86160060775604808
0.77230819400749084 1.8685062972531019 0.31226206530642492
0.77667151713747662 1.868556800226689 -0.29638009648762076
0.7810348402674625 1.865889609616955 -0.92584357361925906
0.78539816339744828 1.8604896625948961 -1.5468008776701065
0.78976148652743416 1.8524108164133386 -2.1542884776623548
0.79412480965741994 1.8417067326071082 -2.7502365939600204
0.79848813278740571 1.828426642125407 -3.3350686881537883
0.8028514559173916 1.8126411825924669 -3.8934887942090137
0.80721477904737737 1.7945448107021855 -4.3864074477019805
0.81157810217736326 1.7745021210581291 -4.7833685410705602
0.81594142530734903 1.7529484429870898 -5.0796741458063677
0.82030474843733492 1.7303178190908806 -5.2768231571629789
0.82466807156732069 1.7070441393172775 -5.3745075667474111
0.82903139469730658 1.6835592982869982 -5.3739373558927026
0.83339471782729235 1.6602874531200285 -5.2772724071212567
0.83775804095727824 1.6376435961260314 -5.0862843820596089
0.84212136408726401 1.6160372242146679 -4.8018063698197864
0.84648468721724979 1.5958766112120997 -4.4233536413199737
0.85084801034723567 1.5775740600608728 -3.9501027376763567
0.85521133347722145 1.561520930472146 -3.3974615123533418
0.85957465660720733 1.5479819435404671 -2.8060918146534846
0.86393797973719311 1.5370406179967138 -2.2095942610773642
0.86830130286717899 1.5286972285371505 -1.6147244866689965
0.87266462599716477 1.5229500083065068 -1.0194973844265718
0.87702794912715065 1.5198020418830234 -0.42316581477571141
0.88139127225713643 1.5192372105719736 0.15942895903558219
0.8857545953871222 1.5211129990004157 0.68679769802402679
0.89011791851710809 1.5250991058440457 1.1237225573173875
0.89448124164709386 1.5307776136674978 1.4632116452348274
0.89884456477707975 1.5377288294440374 1.7069891660988405
0.90320788790706552 1.5455345362255206 1.8549442644831053
0.90757121103705141 1.5537751574710668 1.9058762475439013
0.91193453416703718 1.5620190426472489 1.8554624891972673
0.91629785729702307 1.5698142134977642 1.6999164081105747
0.92066118042700884 1.576700142280087 1.4388524492326684
0.92502450355699462 1.582217197774084 1.0723376237618056
0.9293878266869805 1.5859031092410463 0.59929104605574246
0.93375114981696627 1.5873078717331202 0.030587784774311226
0.93811447294695216 1.5860788149092024 -0.60083586649046183
0.94247779607693793 1.5820161150330794 -1.2655882202814459
0.94684111920692382 1.5749956080220799 -1.9570629896130627
0.95120444233690959 1.5648964995741446 -2.6767403734729376
0.95556776546689548 1.551594502047273 -3.4253908160328628
0.95993108859688125 1.5349759779914789 -4.1935316525976187
0.96429441172686703 1.5150140070923139 -4.9513782546020133
0.96865773485685291 1.4918217910208564 -5.6715887098156195
0.97302105798683869 1.4655841946149635 -6.3477025510388261
0.97738438111682457 1.4364898514044016 -6.9810404335759921
0.98174770424681035 1.4047252043207645 -7.5716951860800492
0.98611102737679623 1.3704809066264778 -8.1165861727494519
0.99047435050678201 1.333974240295116 -8.6067397447410112
0.99483767363676789 1.2954649353855745 -9.033637426428653
0.99920099676675367 1.255236388579877 -9.3948696440656256
1.0035643198967394 1.2135742559585248 -9.6907677488544675
1.0079276430267252 1.1707632549846361 -9.9215078075419907
1.0122909661567112 1.1270892392025671 -10.085918435791674
1.016654289286697 1.0828494719071677 -10.17988322570136
1.0210176124166828 1.038361299376054 -10.199386384802709
1.0253809355466685 0.99395269232592942 -10.143494622804999
1.0297442586766545 0.9499520368583052 -10.012366469550264
1.0341075818066403 0.90668809114678206 -9.805759680482975
1.0384709049366261 0.86448759897716798 -9.5256138770844014
1.0428342280666119 0.82365922481275178 -9.1782282355294562
1.0471975511965976 0.784481203929279 -8.7698184244032991
1.0515608743265836 0.74721411235021662 -8.3022857689309983
1.0559241974565694 0.71211627738311267 -7.7754970103064851
1.0602875205865552 0.67944776648061933 -7.1884335260642667
1.064650843716541 0.64946419920541953 -6.5471647731029625
1.0690141668465269 0.62235771181568345 -5.8751375951871969
1.0733774899765127 0.59820400534947038 -5.1961980257675204
1.0777408131064985 0.57701280838192104 -4.5169293719373949
1.0821041362364843 0.5587881796288009 -3.8364100042939011
1.08646745936647 0.54353655017095304 -3.1540103234308758
1.090830782496456 0.53126075174413412 -2.4740139656880964
1.0951941056264418 0.52191970416232403 -1.8125823259603948
1.0995574287564276 0.51539145155739896 -1.1865838247835723
1.1039207518864134 0.51150574710602226 -0.60119182318428488
1.1082840750163994 0.51008702682268026 -0.055702683009490661
1.1126473981463851 0.51096136585367569 0.44971357675624957
1.1170107212763709 0.51395327133086544 0.91508229060024382
1.1213740444063567 0.51889303346102356 1.3433702016627658
1.1257373675363425 0.5256271633645746 1.7378138310239271
1.1301006906663285 0.53400958759474326 2.0987515059594704
1.1344640137963142 0.54389318727111313 2.4259730850947165
1.1388273369263 0.55513112106319562 2.7194528487014495
1.1431906600562858 0.56757625235255593 2.9794916213035783
1.1475539831862718 0.58108690087549064 3.2084603126683851
1.1519173063162575 0.5955339642147639 3.4089738625908779
1.1562806294462433 0.61079540970424651 3.5817102951466011
1.1606439525762291 0.6267494813678276 3.726393615088281
1.1650072757062149 0.64327417108987794 3.8434666590103412
1.1693705988362009 0.66024823237292218 3.9317843674885533
1.1737339219661866 0.67753222162400506 3.983496390451672
1.1780972450961724 0.69494440969980831 3.9895643835219081
1.1824605682261582 0.71227791705130783 3.9476265262383898
1.1868238913561442 0.72932457288709163 3.8579885067527
1.19118721448613 0.74587602755346605 3.7207786234044637
1.1955505376161157 0.76172540886654883 3.5360708514519885
1.1999138607461015 0.77666045566114428 3.3007516343142118
1.2042771838760873 0.79045066954205967 3.01095703672999
1.2086405070060733 0.80285593455199744 2.6661048120047068
1.2130038301360591 0.8136374078944183 2.2666506944221547
1.2173671532660448 0.82255550189909021 1.8117172169725484
1.2217304763960306 0.82937156527545097 1.3044901832211944
1.2260937995260166 0.83388578888479969 0.76045354958049771
1.2304571226560024 0.83598096424351032 0.19798361031175846
1.2348204457859882 0.83559652459215794 -0.37617276010005823
1.2391837689159739 0.83268110893629521 -0.96210595519880526
1.2435470920459597 0.82718140475167812 -1.5612136305803441
1.2479104151759457 0.81904369793952025 -2.1694326456856499
1.2522737383059315 0.8082713295608368 -2.7626657711999578
1.2566370614359172 0.79499989970236429 -3.3112022189522148
1.261000384565903 0.77945613204796516 -3.8043957928723495
1.265363707695889 0.76187983800352299 -4.2428916402359462
1.2697270308258748 0.74250838028736044 -4.6274405067400419
1.2740903539558606 0.72157876525692666 -4.9563228715602916
1.2784536770858463 0.69935335770710294 -5.2184759107053962
1.2828170002158321 0.67615657667069173 -5.3997699124812062
1.2871803233458181 0.65235662669917982 -5.4950164913565365
1.2915436464758039 0.62832793662183506 -5.5047146978906456
1.2959069696057897 0.60444386267486172 -5.428514677877323
1.3002702927357754 0.58107837288686148 -5.2676336207809458
1.3046336158657614 0.55858600850700713 -5.0304888551322273
1.3089969389957472 0.5372741975636024 -4.72794341157595
1.313360262125733 0.51741578993298776 -4.3642946896333337
1.3177235852557188 0.49927738548698786 -3.9395614331917739
1.3220869083857045 0.48312697829703494 -3.4527098727098129
1.3264502315156905 0.46923317757876271 -2.9064748194272099
1.3308135546456763 0.45782408875415925 -2.3183762130908239
1.3351768777756621 0.44902863034432111 -1.7116437302843246
1.3395402009056478 0.44290004124353366 -1.0960680931108222
1.3439035240356338 0.43947660458642201 -0.47157303800679307
1.3482668471656196 0.43879939703060844 0.16296496491377355
1.3526301702956054 0.44090967163523898 0.80501750222947177
1.3569934934255912 0.44581360558807931 1.4395795897799075
1.3613568165555769 0.45343192369665847 2.0463304560709776
1.3657201396855629 0.4636174748838468 2.6161374217363162
1.3700834628155487 0.47620818992017622 3.1489269890708376
1.3744467859455345 0.49104415775908306 3.6453527195177484
1.3788101090755203 0.50796571680082392 4.1045292292709243
1.3831734322055063 0.52680081175202909 4.520994723063084
1.387536755335492 0.54734549408015942 4.8870323137295468
1.3919000784654778 0.56936978835879237 5.1991483951230792
1.3962634015954636 0.59263828288668008 5.4574017976706113
1.4006267247254494 0.61691598906431533 5.6616040018956788
1.4049900478554354 0.64196786566310959 5.812704973513962
1.4093533709854211 0.66757249600507362 5.9164247350153358
1.4137166941154069 0.69354098854400392 5.9806634150429625
1.4180800172453927 0.71971208919571328 6.0094652290455937
1.4224433403753787 0.74593241932252874 6.0031700639094296
1.4268066635053644 0.77204744871746778 5.9609971540722553
1.4311699866353502 0.79790196025222482 5.8844656218496372
1.435533309765336 0.82336418151749213 5.7839268526330558
1.4398966328953218 0.84836322466194447 5.6744367224662788
1.4442599560253078 0.87288102579038696 5.5636005572223439
1.4486232791552935 0.89691342635438476 5.4518208664726835
1.4529866022852793 0.92045476896156708 5.3384123690626
1.4573499254152651 0.94349852557904257 5.2240845425299529
1.4617132485452511 0.96605117673823027 5.1150301795405833
1.4660765716752369 0.98815718207952852 5.0208251737351492
1.4704398948052226 1.0098946406118507 4.9462143958321505
1.4748032179352084 1.0313495617033854 4.891209957822845
1.4791665410651942 1.0526071608750474 4.8559114942548902
1.4835298641951802 1.073753098295736 4.8396682631999877
1.487893187325166 1.094861331741338 4.8372433425019228
1.4922565104551517 1.1159746464828768 4.8407565543694853
1.4966198335851375 1.137107285475546 4.8459086457211109
1.5009831567151235 1.1582647224112521 4.8521232545500785
1.5053464798451093 1.1794530519268871 4.8604027109804058
1.509709802975095 1.2006809297464109 4.8695018606059683
1.5140731261050808 1.2219265302359952 4.8642024268241419
1.5184364492350666 1.2430720266074784 4.8196597009310409
1.5227997723650526 1.2639097184677504 4.7226727236458181
1.5271630954950384 1.2842081328129871 4.5727526586160234
1.5315264186250241 1.3037384898714903 4.3705626973981211
1.5358897417550099 1.322272012813299 4.1157926627153305
1.5402530648849959 1.3395772659503249 3.8071939985198506
1.5446163880149817 1.3554145999103573 3.4425956968790685
1.5489797111449675 1.3695362586258193 3.0207092791942114
1.5533430342749532 1.381692342160171 2.5418118989075036
1.557706357404939 1.3916335271280103 2.005005812490892
1.562069680534925 1.3991065681451422 1.4113046802396156
1.5664330036649108 1.403896123511114 0.78091569004128814
1.5707963267948966 1.4059194262336043 0.1492087382806157
1.5751596499248823 1.4052251452055964 -0.46398263546177787
1.5795229730548683 1.4018990162402878 -1.0575084907844923
1.5838862961848541 1.3960228380028856 -1.6330237753782018
1.5882496193148399 1.3876762470645381 -2.1892521688134434
1.5926129424448257 1.3769671327234745 -2.7117054072332056
1.5969762655748114 1.3640986081085678 -3.1747166389779458
1.6013395887047974 1.3493711537472204 -3.5630255593080236
1.6057029118347832 1.3331157323880696 -3.8754373153444428
1.610066234964769 1.3156608221500865 -4.1127418973417686
1.6144295580947547 1.297335003633743 -4.2746120415923681
1.6187928812247407 1.2784670811890246 -4.3613425127487826
1.6231562043547265 1.2593833713651192 -4.3736381629078993
1.6275195274847123 1.2404077183071227 -4.3117952046980212
1.6318828506146981 1.2218636978565824 -4.1758083072758323
1.6362461737446838 1.2040752320785699 -3.965349007558058
1.6406094968746698 1.1873671112478001 -3.6809015059804913
1.6449728200046556 1.1720520397188883 -3.3285701934637442
1.6493361431346414 1.1584026064044204 -2.9193443187074535
1.6536994662646272 1.1466483886076648 -2.4603164464577674
1.6580627893946132 1.1370031263816252 -1.9525885644295495
1.6624261125245989 1.1296809379277668 -1.3952890524782462
1.6667894356545847 1.1248985535983826 -0.78874642512219761
1.6711527587845705 1.1228535914784388 -0.14386288887450788
1.6755160819145565 1.12366754098738 0.51781605496618222
1.6798794050445423 1.1273767761032718 1.1825113365465716
1.684242728174528 1.1339891680565735 1.8487666241208753
1.6886060513045138 1.1435142306957375 2.5177186497575885
1.6929693744344996 1.1559640089866716 3.1891464660404751
1.6973326975644856 1.1713322884758284 3.8519831466833963
1.7016960206944713 1.1895327551583315 4.4830906974102618
1.7060593438244571 1.2103864895887677 5.0673448159944172
1.7104226669544429 1.2336834337277252 5.603300574591815
1.7147859900844289 1.2592157017747903 6.091946188132118
1.7191493132144147 1.2867764605508187 6.5329909753368707
1.7235126363444004 1.3161497514890195 6.9210590210809793
1.7278759594743862 1.3470804306266773 7.2447286190985301
1.732239282604372 1.3792669083387181 7.4961869307610076
1.736602605734358 1.4123907451018687 7.6745881950644179
1.7409659288643438 1.4461344462834143 7.7801928169243944
1.7453292519943295 1.4801796302311203 7.8128447268777288
1.7496925751243153 1.5142143809290967 7.7767433722540975
1.7540558982543013 1.5479579600852655 7.6811287011620717
1.7584192213842871 1.5811676080170638 7.5323898661549089
1.7627825445142729 1.6136145885845226 7.33148435500825
1.7671458676442586 1.6450698347446322 7.0776074295456457
1.7715091907742444 1.6753011593703386 6.770647830756805
1.7758725139042304 1.7040971825944815 6.4240161391903552
1.7802358370342162 1.7313479072965525 6.06819295174905
1.7845991601642019 1.7570706951327471 5.7251163869254302
1.7889624832941877 1.7813319301986974 5.3978241650874139
1.7933258064241737 1.8041964179449199 5.0848472364151736
1.7976891295541595 1.825726647628227 4.7863461859064822
1.8020524526841453 1.8459991653806467 4.5112200213808373
1.806415775814131 1.8651585288794881 4.2801382160700614
1.8107790989441168 1.8834369573986094 4.1085568373531078
1.8151424220741028 1.9011022672448399 3.9987285336025535
1.8195057452040886 1.9184212832628555 3.9499796818163877
1.8238690683340744 1.9356621185300993 3.9629561700738107
1.8282323914640601 1.9530841649030004 4.0306375227903484
1.8325957145940461 1.9708891889951414 4.1348432858468724
1.8369590377240319 1.989200828553058 4.2619781007240984
1.8413223608540177 2.0081126520560142 4.4102122982465861
1.8456856839840035 2.0277193054643536 4.5805266297620069
1.8500490071139892 2.0481179640767508 4.7733076254119675
1.8544123302439752 2.0693904066383184 4.9771815677596827
1.858775653373961 2.0915253279042756 5.1626710688209334
1.8631389765039468 2.1143829950626567 5.3067592699618915
1.8675022996339325 2.1377700576733458 5.4058259372205342
1.8718656227639185 2.1614942540339372 5.461252660382045
1.8762289458939043 2.1853639143045323 5.4722888098633318
1.8805922690238901 2.2091835977694272 5.438369585671702
1.8849555921538759 2.2327591831160287 5.3608193088914584
1.8893189152838616 2.2559030133566407 5.2402571923433738
1.8936822384138476 2.2784252838485552 5.0758499872511855
1.8980455615438334 2.3001339603046085 4.8673018664786998
1.9024088846738192 2.3208364413277165 4.6147064806819644
1.906772207803805 2.340349364134044 4.3239471408846306
1.911135530933791 2.3585350053512921 4.0091283028344664
1.9154988540637767 2.3753179640329347 3.6821779240335299
1.9198621771937625 2.3906545316200698 3.3459195429581605
1.9242255003237483 2.4045032414263976 3.0004625269019964
1.9285888234537341 2.4168224763889286 2.6439838748786233
1.9329521465837201 2.4275616270797733 2.2773801374645375
1.9373154697137058 2.4367039303860825 1.9159764307080289
1.9416787928436916 2.4443062046142936 1.5714376091945172
1.9460421159736774 2.450439568990137 1.2422025836655244
1.9504054391036634 2.4551656808141269 0.92617790382187815
1.9547687622336491 2.4585448379873696 0.62585826536272682
1.9591320853636349 2.4606664134946201 0.35241423659061077
1.9634954084936207 2.4616766189248493 0.11773874920024914
1.9678587316236065 2.4617678800934271 -0.066056584756390369
1.9722220547535925 2.4611879064675182 -0.18952634458119125
1.9765853778835782 2.4602025423033131 -0.25208502354919027
1.980948701013564 2.459075215987212 -0.25471253649017833
1.9853120241435498 2.4580476607611303 -0.21065224310270861
1.9896753472735358 2.4572608012667962 -0.15017816029376904
1.9940386704035216 2.4567208214430734 -0.10090263192238066
1.9984019935335073 2.4563493408573325 -0.072885327883194975
2.0027653166634933 2.4560554315486223 -0.065044448737264532
2.0071286397934789 2.4557518705723984 -0.077727185702160001
2.0114919629234649 2.4553541291010528 -0.1062268533492184
2.0158552860534504 2.4548275160303419 -0.13290476930402317
2.0202186091834364 2.4542200509560175 -0.14188876561726924
2.0245819323134224 2.4536203074376668 -0.12955565645339201
2.028945255443408 2.4531179951020636 -0.097606399200059077
2.033308578573394 2.4528011092681443 -0.043257919128149316
2.0376719017033795 2.452764279502218 0.0274411434835387
2.0420352248333655 2.4530068278311892 0.07493501035357579
2.0463985479633515 2.4533312363472888 0.062629627765453666
2.0507618710933371 2.4534607840844331 -0.013336192681986025
2.0551251942233231 2.4531280259928754 -0.14900200497243316
2.0594885173533091 2.4520650212727699 -0.35031160714362064
2.0638518404832946 2.4499943095425452 -0.60433628798883166
2.0682151636132806 2.4468300556045932 -0.83164050508994725
2.0725784867432662 2.4428870714685011 -0.95567863930038421
2.0769418098732522 2.4386547641436951 -0.96656130169421084
2.0813051330032382 2.4346085928892864 -0.86993875446407942
2.0856684561332237 2.4312263181706149 -0.6611069116308903
2.0900317792632097 2.4289915000640416 -0.34766214324937394
2.0943951023931953 2.4282759064288562 0.023201797085049245
2.0987584255231813 2.4292088250811199 0.40427663004342496
2.1031217486531673 2.4318089757342074 0.78885120182728063
2.1074850717831528 2.4361021917951713 1.1798483948608935
2.1118483949131388 2.4421130915565685 1.5763433975523367
2.1162117180431244 2.4498641206001115 1.9767832767210332
2.1205750411731104 2.4593620362133191 2.3760242542020396
2.1249383643030963 2.4705897870277083 2.7690382732375678
2.1293016874330819 2.4835144248609109 3.1537818688482946
2.1336650105630679 2.4980991388935054 3.5298713599755658
2.1380283336930539 2.5143103947969085 3.900481931381802
2.1423916568230394 2.532106622670546 4.2500244219060432
2.1467549799530254 2.5512711623089728 4.5117722130605884
2.151118303083011 2.5712494046898913 4.6154812231605566
2.155481626212997 2.5912905907821808 4.5416350947834632
2.159844949342983 2.6106296505802953 4.2938410261951674
2.1642082724729685 2.6285000693618432 3.8663537664012382
2.1685715956029545 2.6441492850661636 3.2871469505373385
2.1729349187329401 2.657140474186328 2.6767502713187272
2.1772982418629261 2.6676518770112536 2.1650438770498832
2.1816615649929121 2.6762346727887056 1.7912781376911997
2.1860248881228976 2.6834776684207493 1.5508562348073478
2.1903882112528836 2.6899646560291903 1.4453380326610661
2.1947515343828692 2.6962712285916846 1.4639956674435723
2.1991148575128552 2.7028642602880733 1.5677938746404145
2.2034781806428412 2.710014768701122 1.7141909600687775
2.2078415037728267 2.7178624292354705 1.8874236584049944
2.2122048269028127 2.7265244948688876 2.0873659702672831
2.2165681500327987 2.7361222866351227 2.3176656226549355
2.2209314731627843 2.7467795088855382 2.5682933447020697
2.2252947962927703 2.7584763267114885 2.7786668158416195
2.2296581194227558 2.7708679244495857 2.8790139556576673
2.2340214425527418 2.7834114063560818 2.8493752670210726
2.2383847656827278 2.7955493074309916 2.693153904824253
2.2427480888127134 2.8067255248145977 2.4076162025741987
2.2471114119426994 2.8163869368930921 2.0032799637089629
2.2514747350726849 2.8241075284222417 1.5302492969800374
2.2558380582026709 2.8297258730849815 1.0468998122459308
2.2602013813326569 2.8332579495378591 0.57351758234325334
2.2645647044626425 2.8347448774779176 0.10984308725531507
2.2689280275926285 2.8342259214564942 -0.34736146386477063
2.2732913507226145 2.8317306774672146 -0.79280850245495715
2.2776546738526 2.8274019237475101 -1.1732397438963367
2.282017996982586 2.821682133872518 -1.423102180711725
2.2863813201125716 2.8152008765610401 -1.5231736463532559
2.2907446432425576 2.808598879715082 -1.4795861800921575
2.2951079663725436 2.8025107948423185 -1.2835391231842432
2.2994712895025291 2.7975888336886987 -0.95620736184947441
2.3038346126325151 2.794123025258914 -0.65863698930537218
2.3081979357625007 2.7915053958441831 -0.59190844197991843
2.3125612588924866 2.7885219182046534 -0.82476678049595975
2.3169245820224726 2.7838888007745157 -1.3458094570611452
2.3212879051524582 2.7763398133805128 -2.1677936953702965
2.3256512282824442 2.7645812904761478 -3.2578819974799096
2.3300145514124297 2.7478874039943357 -4.3631140123868093
2.3343778745424157 2.7269548675067097 -5.1596847648477517
2.3387411976724017 2.7034809833898135 -5.5297527352838216
2.3431045208023873 2.6792991990860862 -5.4869283385366305
2.3474678439323733 2.6562147988213733 -5.0203685840660635
2.3518311670623593 2.6360606201899159 -4.1602543199257411
2.3561944901923448 2.6201333428335669 -3.1463958976911508
2.3605578133223308 2.6083692685415873 -2.2933330308524296
2.3649211364523164 2.5997100078099269 -1.7223227841346322
2.3692844595823024 2.5929431722294325 -1.4235783891948137
2.3736477827122884 2.586882823206865 -1.4026861485734112
2.3780111058422739 2.58032820642102 -1.6390886107981502
2.3823744289722599 2.5724285875249917 -1.978959816138927
2.3867377521022455 2.5632065552912371 -2.2170523010298511
2.3911010752322315 2.5533537240008255 -2.2677410764149508
2.3954643983622175 2.5436842354702667 -2.1345417778641851
2.399827721492203 2.5349981207131136 -1.8144749977566141
2.404191044622189 2.5280962108214644 -1.3250945109767716
2.4085543677521746 2.5235319732329251 -0.76868925300864144
2.4129176908821606 2.5212870303898516 -0.28179608508262399
2.4172810140121466 2.5208783088672226 0.071348372551064507
2.4216443371421321 2.5217127801110415 0.28912654071507188
2.4260076602721181 2.5232043905904566 0.37144145111455107
2.4303709834021041 2.5247750028126315 0.33053689558968141
2.4347343065320897 2.525984160245502 0.21763979755834345
2.4390976296620757 2.5266659376724552 0.099014955801719762
2.4434609527920612 2.5268936410647149 0.011613329102786844
2.4478242759220472 2.5268186901074627 -0.040443434177494152
2.4521875990520332 2.5265898261860187 -0.058727316023685555
2.4565509221820188 2.5263484763676911 -0.047942454823493866
2.4609142453120048 2.5261962066132191 -0.020135747744258858
2.4652775684419903 2.5261776033716794 0.011001827749816187
2.4696408915719763 2.5262817849129706 0.034967741469007912
2.4740042147019623 2.5264684508487423 0.049099201386911366
2.4783675378319479 2.5266971312424613 0.054206553576155045
2.4827308609619338 2.5269301182614492 0.051493715750444466
2.4870941840919194 2.5271396949316967 0.044102962129162974
2.4914575072219054 2.5273135833310318 0.035745596666220111
2.4958208303518914 2.5274543494665731 0.029255173442816067
2.5001841534818769 2.5275727253363973 0.025406627986496202
2.5045474766118629 2.5276795859152497 0.023979489431382325
2.5089107997418489 2.5277850539908906 0.024661843553843391
2.5132741228718345 2.5278966618317078 0.026623542517078304
2.5176374460018205 2.5280177980814771 0.028867035544441227
2.522000769131806 2.5281478667752002 0.030624111964401519
2.526364092261792 2.5282840125671364 0.031672114280263543
2.530727415391778 2.5284233128872655 0.032070227370096745
2.5350907385217636 2.5285630507360515 0.031899489062048189
2.5394540616517496 2.528701179773885 0.031379014818535431
2.5438173847817351 2.52883676555347 0.030776897603139324
2.5481807079117211 2.5289699428975587 0.03030130687200619
2.5525440310417071 2.5291014710774462 0.030015986960432804
2.5569073541716927 2.5292321354858234 0.029905090012376245
2.5612706773016787 2.5293626652815724 0.029947559346568137
2.5656340004316642 2.5294936162327022 0.03008559124237084
2.5699973235616502 2.5296252458170452 0.03024715326246296
2.5743606466916362 2.5297575246527111 0.030375859441477616
2.5787239698216218 2.5298902509568149 0.030453521668554934
2.5830872929516078 2.530023213677389 0.0304843712082222
2.5874506160815938 2.5301562171538028 0.030473880465192105
2.5918139392115793 2.5302891104919838 0.030437290078044701
2.5961772623415653 2.5304218227990418 0.030393949067176948
2.6005405854715509 2.5305543601204019 0.030359124362507803
2.6049039086015369 2.5306867760492286 0.030337989530542269
2.6092672317315229 2.530819127296593 0.030329418507449187
2.6136305548615084 2.5309514663600279 0.030331988681287097
2.6179938779914944 2.5310838341950652 0.03034168385289553
2.62235720112148 2.531216250307478 0.030353307967593109
2.626720524251466 2.5313487135721964 0.030362728952765122
2.631083847381452 2.5314812097639638 0.030368479405977523
2.6354471705114375 2.5316137236451453 0.030370857924424961
2.6398104936414235 2.5317462411314842 0.030370234466263055
2.6441738167714091 2.5318787511104328 0.030367666802849934
2.6485371399013951 2.532011248218597 0.030364549913808211
2.6529004630313811 2.5321437326235725 0.030362001764648618
2.6572637861613666 2.5322762080986787 0.030360437455273673
2.6616271092913526 2.5324086787377835 0.030359778126447495
2.6659904324213386 2.5325411483191655 0.030359927524867516
2.6703537555513241 2.5326736198570416 0.030360607209635741
2.6747170786813101 2.532806094825248 0.03036144277972495
2.6790804018112957 2.5329385732150667 0.030362131863287817
2.6834437249412817 2.5330710540262991 0.030362557327743095
2.6878070480712677 2.5332035361591498 0.03036273990565724
2.6921703712012532 2.5333360186001177 0.030362704653116034
2.6965336943312392 2.5334685005318778 0.030362524825586053
2.7008970174612248 2.5336009815496623 0.030362300879454771
2.7052603405912108 2.533733461646031 0.030362114569342007
2.7096236637211968 2.5338659410859141 0.030361998870850553
2.7139869868511823 2.5339984201647368 0.030361948361810703
2.7183503099811683 2.5341308991543516 0.030361956514805295
2.7227136331111539 2.5342633782763064 0.030362004067358624
2.7270769562411399 2.5343958576417061 0.030362064074703737
2.7314402793711259 2.5345283372551828 0.03036211443834911
2.7358036025011114 2.5346608170466154 0.030362145895136621
2.7401669256310974 2.5347932969366558 0.030362159855507581
2.7445302487610834 2.5349257768523898 0.030362158020614163
2.748893571891069 2.5350582567337807 0.030362145452850448
2.753256895021055 2.5351907365503492 0.030362129377578803
2.7576202181510405 2.5353232163001413 0.030362115765805959
2.7619835412810265 2.5354556960017018 0.03036210721449072
2.7663468644110125 2.5355881756763399 0.030362103359358791
2.7707101875409981 2.5357206553436122 0.030362103756430833
2.7750735106709841 2.5358531350197815 0.030362107076063627
2.7794368338009696 2.5359856147132063 0.030362111381535443
2.7838001569309556 2.5361180944246016 0.030362115059659422
2.7881634800609416 2.5362505741490673 0.030362117383865874
2.7925268031909272 2.5363830538808809 0.030362118447537532
2.7968901263209132 2.5365155336147978 0.030362118366746651
2.8012534494508987 2.5366480133464138 0.03036211749036519
2.8056167725808847 2.5367804930734379 0.030362116337604567
2.8099800957108707 2.5369129727956277 0.030362115344015665
2.8143434188408563 2.5370454525142758 0.030362114712250771
2.8187067419708423 2.5371779322309185 0.030362114418981637
2.8230700651008283 2.5373104119469629 0.030362114433644945
2.8274333882308138 2.5374428916636007 0.030362114664911455
2.8317967113607998 2.5375753713814611 0.030362114973689763
2.8361600344907854 2.5377078511006217 0.030362115241908204
2.8405233576207713 2.5378403308207411 0.030362115413486403
2.8448866807507573 2.5379728105414077 0.030362115494330929
2.8492500038807429 2.5381052902622439 0.030362115492191744
2.8536133270107289 2.5382377699829268 0.030362115431201292
2.8579766501407144 2.5383702497032852 0.030362115348763721
2.8623399732707004 2.5385027294232945 0.030362115276313929
2.8667032964006864 2.5386352091430435 0.030362115229624179
2.871066619530672 2.5387676888626434 0.030362115207324975
2.875429942660658 2.5389001685821948 0.030362115207338249
2.8797932657906435 2.5390326483017858 0.030362115223477669
2.8841565889206295 2.5391651280214633 0.030362115245621369
2.8885199120506155 2.539297607741235 0.030362115265168518
2.8928832351806011 2.5394300874610769 0.030362115277818801
2.8972465583105871 2.5395625671809596 0.030362115284003847
2.9016098814405731 2.5396950469008561 0.030362115284160066
2.9059732045705586 2.5398275266207424 0.030362115279802093
2.9103365277005446 2.5399600063406051 0.030362115273872441
2.9146998508305302 2.540092486060443 0.030362115268667698
2.9190631739605162 2.5402249657802618 0.030362115265188311
2.9234264970905022 2.5403574455000695 0.030362115263538662
2.9277898202204877 2.5404899252198736 0.030362115263549948
2.9321531433504737 2.5406224049396804 0.030362115264543785
2.9365164664804593 2.5407548846594925 0.030362115266053147
2.9408797896104453 2.5408873643793117 0.03036211526757121
2.9452431127404313 2.5410198440991363 0.030362115268529642
2.9496064358704168 2.5411523238189639 0.030362115268988462
2.9539697590004028 2.5412848035387925 0.030362115268942735
2.9583330821303884 2.5414172832586202 0.03036211526866682
2.9626964052603744 2.5415497629784465 0.03036211526828957
2.9670597283903604 2.541682242698271 0.030362115267927869
2.9714230515203459 2.5418147224180943 0.030362115267623856
2.9757863746503319 2.5419472021379161 0.030362115267369618
2.9801496977803179 2.5420796818577376 0.030362115267459938
2.9845130209103035 2.5422121615775599 0.030362115267667533
2.9888763440402895 2.5423446412973827 0.030362115267662849
2.993239667170275 2.5424771210172055 0.030362115267779301
2.997602990300261 2.5426096007370291 0.030362115267928872
3.001966313430247 2.5427420804568528 0.030362115267815508
3.0063296365602326 2.542874560176676 0.030362115267823314
3.0106929596902186 2.5430070398964997 0.030362115267905453
3.0150562828202041 2.5431395196163233 0.030362115267874436
3.0194196059501901 2.543271999336147 0.030362115267916375
3.0237829290801761 2.5434044790559707 0.030362115267770339
3.0281462522101616 2.5435369587757934 0.030362115267711161
3.0325095753401476 2.5436694384956167 0.030362115267788578
3.0368728984701332 2.5438019182154399 0.030362115267843437
3.0412362216001192 2.5439343979352635 0.030362115267851913
3.0455995447301052 2.5440668776550868 0.03036211526775388
3.0499628678600907 2.5441993573749104 0.030362115268146795
3.0543261909900767 2.5443318370947341 0.0303621152669785
3.0586895141200627 2.5444643168145573 0.030362115270944155
3.0630528372500483 2.5445967965343819 0.030362115256869802
3.0674161603800343 2.5447292762541998 0.030362115305537524
3.0717794835100198 2.5448617559740425 0.030362115137459681
3.0761428066400058 2.5449942356937947 0.030362115715913997
3.0805061297699918 2.545126715413883 0.030362113739014571
3.0848694528999774 2.5452591951327164 0.030362120436432768
3.0892327760299634 2.5453916748562357 0.030362097982664087
3.0935960991599489 2.5455241545622664 0.030362172297868369
3.0979594222899349 2.5456566343335636 0.030361930340402892
3.1023227454199209 2.5457891138612845 0.030362701258255593
3.1066860685499065 2.5459215942980435 0.030360317082224468
3.1110493916798925 2.5460540713422275 0.030367375314282862
3.115412714809878 2.5461865610476728 0.030347899241334374
3.119776037939864 2.5463190035006487 0.030394962138267465
3.12413936106985 2.5464516223022406 0.030314946595735633
3.1285026841998356 2.5465835829618375 0.030256689142390988
3.1328660073298216 2.5467179998407978 0.031806001431621836
3.1372293304598076 2.5468432499842995 0.021053198720689614
3.1415926535897931 2.5468996140592979 0.0088499423210515182
3.1459559767197791 2.5469559781342963 0.021053198720754663
3.1503192998497647 2.5470812282777984 0.031806001431674301
3.1546826229797507 2.5472156451567587 0.030256689142430324
3.1590459461097367 2.547347605816356 0.030314946595821908
3.1634092692397222 2.547480224617948 0.030394962138188448
3.1677725923697082 2.5476126670709234 0.030347899241268118
3.1721359154996938 2.5477451567763687 0.030367375314321574
3.1764992386296798 2.5478776338205527 0.030360317082135876
3.1808625617596658 2.5480101142573113 0.030362701258256627
3.1852258848896513 2.5481425937850326 0.030361930340487335
3.1895892080196373 2.5482750735563298 0.030362172297844162
3.1939525311496229 2.5484075532623605 0.030362097982676445
3.1983158542796088 2.5485400329858798 0.030362120436407524
3.2026791774095948 2.5486725127047132 0.0303621137390939
3.2070425005395804 2.548804992424802 0.030362115715927254
3.2114058236695664 2.5489374721445537 0.030362115137336602
3.2157691467995524 2.5490699518643964 0.030362115305701962
3.2201324699295379 2.5492024315842152 0.030362115256945776
3.2244957930595239 2.5493349113040393 0.030362115270781188
3.2288591161895095 2.5494673910238621 0.030362115266943712
3.2332224393194955 2.5495998707436858 0.03036211526815287
3.2375857624494815 2.5497323504635094 0.030362115267755101
3.241949085579467 2.5498648301833327 0.030362115267840974
3.246312408709453 2.5499973099031563 0.030362115267895246
3.2506757318394386 2.55012978962298 0.030362115267897598
3.2550390549694246 2.5502622693428036 0.030362115267833931
3.2594023780994106 2.5503947490626269 0.03036211526777164
3.2637657012293961 2.5505272287824501 0.030362115267788422
3.2681290243593821 2.5506597085022733 0.030362115267783586
3.2724923474893677 2.5507921882220965 0.030362115267786132
3.2768556706193537 2.5509246679419197 0.030362115267780793
3.2812189937493397 2.551057147661743 0.03036211526779032
3.2855823168793252 2.5511896273815662 0.030362115267766821
3.2899456400093112 2.5513221071013894 0.030362115267851288
3.2943089631392972 2.5514545868212131 0.030362115267832994
3.2986722862692828 2.5515870665410363 0.030362115267830978
3.3030356093992688 2.5517195462608599 0.030362115267857336
3.3073989325292543 2.5518520259806832 0.030362115267753911
3.3117622556592403 2.5519845057005064 0.030362115267835919
3.3161255787892263 2.5521169854203301 0.030362115267907355
3.3204889019192119 2.5522494651401537 0.03036211526785421
3.3248522250491979 2.5523819448599769 0.030362115267690028
3.3292155481791834 2.5525144245797997 0.030362115267789234
3.3335788713091694 2.5526469042996234 0.03036211526786196
3.3379421944391554 2.5527793840194466 0.030362115267767897
3.342305517569141 2.5529118637392698 0.030362115267775346
3.346668840699127 2.553044343459093 0.030362115267839621
3.351032163829113 2.5531768231789167 0.030362115267871123
3.3553954869590985 2.5533093028987399 0.030362115267690115
3.3597588100890845 2.5534417826185627 0.030362115267771966
3.3641221332190701 2.5535742623383864 0.030362115267930916
3.3684854563490561 2.55370674205821 0.030362115267823928
3.372848779479042 2.5538392217780332 0.030362115267778329
3.3772121026090276 2.5539717014978565 0.030362115267771644
3.3815754257390136 2.5541041812176797 0.030362115267843996
3.3859387488689991 2.5542366609375033 0.03036211526786662
3.3903020719989851 2.5543691406573266 0.030362115267703764
3.3946653951289711 2.5545016203771493 0.03036211526771259
3.3990287182589567 2.5546341000969726 0.030362115267849429
3.4033920413889427 2.5547665798167962 0.030362115267903909
3.4077553645189282 2.5548990595366199 0.030362115267854494
3.4121186876489142 2.5550315392564431 0.030362115267692346
3.4164820107789002 2.5551640189762659 0.030362115267770388
3.4208453339088858 2.5552964986960895 0.030362115267934985
3.4252086570388718 2.5554289784159132 0.030362115267809235
3.4295719801688578 2.5555614581357364 0.030362115267833004
3.4339353032988433 2.5556939378555601 0.030362115267872983
3.4382986264288293 2.5558264175753833 0.030362115267689289
3.4426619495588149 2.5559588972952061 0.030362115267773427
3.4470252726888009 2.5560913770150298 0.030362115267925909
3.4513885958187869 2.5562238567348534 0.030362115267833212
3.4557519189487724 2.5563563364546766 0.030362115267755469
3.4601152420787584 2.5564888161744999 0.03036211526785379
3.464478565208744 2.5566212958943235 0.03036211526784359
3.46884188833873 2.5567537756141467 0.030362115267786084
3.473205211468716 2.55688625533397 0.030362115267711678
3.4775685345987015 2.5570187350537927 0.030362115267770783
3.4819318577286875 2.5571512147736164 0.030362115267914082
3.4862951808586731 2.5572836944934401 0.03036211526789246
3.4906585039886591 2.5574161742132637 0.030362115267835655
3.4950218271186451 2.5575486539330869 0.030362115267769888
3.4993851502486306 2.5576811336529102 0.030362115267793695
3.5037484733786166 2.5578136133727334 0.030362115267764212
3.5081117965086026 2.5579460930925566 0.030362115267849064
3.5124751196385882 2.5580785728123803 0.030362115267853755
3.5168384427685742 2.5582110525322035 0.030362115267750137
3.5212017658985597 2.5583435322520267 0.030362115267854581
3.5255650890285457 2.5584760119718504 0.030362115267845768
3.5299284121585317 2.5586084916916736 0.030362115267767296
3.5342917352885173 2.5587409714114968 0.030362115267793966
3.5386550584185033 2.55887345113132 0.030362115267765735
3.5430183815484888 2.5590059308511433 0.030362115267851965
3.5473817046784748 2.5591384105709669 0.03036211526784062
3.5517450278084608 2.5592708902907901 0.0303621152677905
3.5561083509384463 2.5594033700106134 0.030362115267706269
3.5604716740684323 2.5595358497304361 0.030362115267788006
3.5648349971984179 2.5596683294502598 0.030362115267850608
3.5691983203284039 2.559800809170083 0.030362115267823817
3.5735616434583899 2.5599332888899067 0.030362115267859077
3.5779249665883754 2.5600657686097299 0.030362115267754092
3.5822882897183614 2.5601982483295531 0.030362115267833455
3.5866516128483474 2.5603307280493768 0.030362115267917038
3.591014935978333 2.5604632077692004 0.030362115267817957
3.595378259108319 2.5605956874890237 0.030362115267825365
3.5997415822383045 2.5607281672088473 0.030362115267894823
3.6041049053682905 2.560860646928671 0.030362115267914897
3.6084682284982765 2.5609931266484947 0.030362115267755854
3.6128315516282621 2.5611256063683174 0.030362115267770589
3.6171948747582481 2.5612580860881411 0.030362115267870679
3.6215581978882336 2.5613905658079643 0.03036211526776093
3.6259215210182196 2.5615230455277875 0.030362115267794521
3.6302848441482056 2.5616555252476108 0.030362115267760621
3.6346481672781912 2.561788004967434 0.030362115267871893
3.6390114904081772 2.5619204846872576 0.030362115267766037
3.6433748135381627 2.5620529644070804 0.030362115267772848
3.6477381366681487 2.5621854441269041 0.030362115267851465
3.6521014597981347 2.5623179238467273 0.030362115267826222
3.6564647829281203 2.562450403566551 0.030362115267857884
3.6608281060581063 2.5625828832863742 0.030362115267756475
3.6651914291880923 2.5627153630061974 0.030362115267815813
3.6695547523180778 2.5628478427260211 0.030362115267994514
3.6739180754480638 2.5629803224458452 0.03036211526783103
3.6782813985780494 2.5631128021656679 0.030362115267695586
3.6826447217080354 2.5632452818854912 0.030362115267790184
3.6870080448380214 2.5633777616053144 0.030362115267843277
3.6913713679680069 2.5635102413251381 0.030362115267850927
3.6957346910979929 2.5636427210449613 0.030362115267767255
3.7000980142279785 2.5637752007647845 0.030362115267788953
3.7044613373579645 2.5639076804846077 0.030362115267785851
3.7088246604879505 2.5640401602044309 0.030362115267767265
3.713187983617936 2.5641726399242541 0.030362115267853988
3.717551306747922 2.5643051196440778 0.030362115267831023
3.7219146298779076 2.564437599363901 0.030362115267836144
3.7262779530078936 2.5645700790837247 0.030362115267838611
3.7306412761378795 2.5647025588035479 0.030362115267814349
3.7350045992678651 2.5648350385233716 0.030362115267918217
3.7393679223978511 2.5649675182431952 0.030362115267832324
3.7437312455278371 2.5650999979630185 0.030362115267757436
3.7480945686578226 2.5652324776828417 0.03036211526784683
3.7524578917878086 2.5653649574026653 0.03036211526786944
3.7568212149177942 2.5654974371224886 0.030362115267689622
3.7611845380477802 2.5656299168423113 0.03036211526777563
3.7655478611777662 2.565762396562135 0.030362115267907469
3.7699111843077517 2.5658948762819587 0.030362115267914071
3.7742745074377377 2.5660273560017823 0.030362115267755802
3.7786378305677233 2.5661598357216051 0.030362115267771623
3.7830011536977093 2.5662923154414288 0.030362115267866627
3.7873644768276953 2.566424795161252 0.030362115267766811
3.7917277999576808 2.5665572748810752 0.030362115267775019
3.7960911230876668 2.5666897546008984 0.030362115267842011
3.8004544462176524 2.5668222343207221 0.030362115267871147
3.8048177693476384 2.5669547140405453 0.030362115267687628
3.8091810924776244 2.5670871937603681 0.030362115267772636
3.8135444156076099 2.5672196734801918 0.030362115267930728
3.8179077387375959 2.5673521532000154 0.030362115267823994
3.8222710618675819 2.5674846329198386 0.030362115267778236
3.8266343849975675 2.5676171126396619 0.030362115267771956
3.8309977081275535 2.5677495923594851 0.030362115267842837
3.835361031257539 2.5678820720793087 0.030362115267870939
3.839724354387525 2.568014551799132 0.030362115267687638
3.844087677517511 2.5681470315189547 0.030362115267772778
3.8484510006474966 2.5682795112387784 0.030362115267930135
3.8528143237774826 2.5684119909586021 0.030362115267826249
3.8571776469074681 2.5685444706784253 0.030362115267779086
3.8615409700374541 2.5686769503982485 0.030362115267766304
3.8659042931674401 2.5688094301180717 0.030362115267855309
3.8702676162974257 2.5689419098378954 0.030362115267826676
3.8746309394274117 2.5690743895577186 0.030362115267852218
3.8789942625573972 2.5692068692775423 0.030362115267778673
3.8833575856873832 2.569339348997365 0.03036211526774197
3.8877209088173692 2.5694718287171887 0.030362115267953058
3.8920842319473548 2.5696043084370124 0.030362115267765392
3.8964475550773408 2.5697367881568351 0.030362115267694285
3.9008108782073267 2.5698692678766584 0.03036211526785175
3.9051742013373123 2.570001747596482 0.030362115267912958
3.9095375244672983 2.5701342273163057 0.030362115267815983
3.9139008475972838 2.5702667070361289 0.030362115267837352
3.9182641707272698 2.5703991867559526 0.030362115267848856
3.9226274938572558 2.5705316664757758 0.030362115267772199
3.9269908169872414 2.570664146195599 0.030362115267771241
3.9313541401172274 2.5707966259154222 0.030362115267851725
3.9357174632472129 2.5709291056352459 0.030362115267836071
3.9400807863771989 2.5710615853550691 0.030362115267818224
3.9444441095071849 2.5711940650748928 0.030362115267895985
3.9488074326371705 2.5713265447947165 0.030362115267917412
3.9531707557671565 2.5714590245145401 0.030362115267753939
3.957534078897142 2.5715915042343629 0.030362115267775731
3.961897402027128 2.5717239839541866 0.030362115267852038
3.966260725157114 2.5718564636740098 0.030362115267821069
3.9706240482870996 2.5719889433938334 0.030362115267877923
3.9749873714170856 2.5721214231136567 0.030362115267681448
3.9793506945470716 2.5722539028334794 0.030362115267790587
3.9837140176770571 2.5723863825533031 0.030362115267865086
3.9880773408070431 2.5725188622731263 0.030362115267763279
3.9924406639370287 2.5726513419929495 0.030362115267790712
3.9968039870670147 2.5727838217127728 0.030362115267782774
4.0011673101970002 2.572916301432596 0.030362115267787104
4.0055306333269867 2.5730487811524192 0.030362115267768438
4.0098939564569722 2.5731812608722424 0.030362115267838771
4.0142572795869578 2.5733137405920661 0.030362115267899975
4.0186206027169442 2.5734462203118897 0.030362115267871616
4.0229839258469298 2.5735787000317134 0.030362115267923841
4.0273472489769153 2.5737111797515371 0.030362115267761836
4.0317105721069009 2.5738436594713598 0.030362115267746993
4.0360738952368873 2.5739761391911835 0.030362115267949821
4.0404372183668729 2.5741086189110072 0.030362115267763994
4.0448005414968584 2.5742410986308299 0.030362115267712358
4.0491638646268449 2.5743735783506532 0.030362115267780834
4.0535271877568304 2.5745060580704764 0.03036211526786391
4.057890510886816 2.5746385377903001 0.030362115267787006
4.0622538340168024 2.5747710175101228 0.030362115267687669
4.066617157146788 2.574903497229946 0.030362115267856621
4.0709804802767735 2.5750359769497697 0.030362115267909325
4.0753438034067591 2.5751684566695934 0.030362115267834913
4.0797071265367455 2.5753009363894166 0.030362115267755962
4.0840704496667311 2.5754334161092398 0.03036211526784087
4.0884337727967166 2.5755658958290635 0.030362115267904062
4.092797095926703 2.5756983755488871 0.030362115267853141
4.0971604190566886 2.5758308552687104 0.030362115267688339
4.1015237421866741 2.5759633349885331 0.030362115267806335
4.1058870653166606 2.5760958147083568 0.030362115267785948
4.1102503884466461 2.5762282944281796 0.030362115267749495
4.1146137115766317 2.5763607741480032 0.030362115267934229
4.1189770347066181 2.5764932538678269 0.030362115267823859
4.1233403578366037 2.5766257335876501 0.030362115267775287
4.1277036809665892 2.5767582133074733 0.03036211526779314
4.1320670040965748 2.5768906930272966 0.030362115267770298
4.1364303272265612 2.5770231727471198 0.030362115267825295
4.1407936503565468 2.5771556524669434 0.03036211526793348
4.1451569734865323 2.5772881321867671 0.030362115267769618
4.1495202966165188 2.5774206119065899 0.030362115267687676
4.1538836197465043 2.5775530916264131 0.030362115267873978
4.1582469428764899 2.5776855713462368 0.030362115267839898
4.1626102660064763 2.57781805106606 0.030362115267771366
4.1669735891364619 2.5779505307858832 0.03036211526777426
4.1713369122664474 2.5780830105057064 0.030362115267849737
4.1757002353964339 2.5782154902255301 0.030362115267831728
4.1800635585264194 2.5783479699453533 0.03036211526782831
4.184426881656405 2.578480449665177 0.030362115267878523
4.1887902047863905 2.5786129293850002 0.030362115267681098
4.193153527916377 2.578745409104823 0.030362115267791361
4.1975168510463625 2.5788778888246466 0.030362115267853092
4.2018801741763481 2.5790103685444699 0.030362115267819765
4.2062434973063345 2.5791428482642935 0.030362115267872816
4.2106068204363201 2.5792753279841167 0.030362115267693938
4.2149701435663056 2.5794078077039395 0.03036211526776425
4.2193334666962921 2.5795402874237632 0.030362115267948669
4.2236967898262776 2.5796727671435868 0.030362115267751351
4.2280601129562632 2.5798052468634096 0.030362115267764105
4.2324234360862487 2.5799377265832333 0.030362115267910394
4.2367867592162352 2.5800702063030569 0.0303621152679046
4.2411500823462207 2.5802026860228806 0.030362115267781487
4.2455134054762063 2.5803351657427034 0.03036211526768761
4.2498767286061927 2.5804676454625266 0.030362115267862342
4.2542400517361783 2.5806001251823503 0.03036211526786798
4.2586033748661638 2.5807326049021735 0.030362115267689227
4.2629666979961502 2.5808650846219963 0.030362115267769395
4.2673300211261358 2.5809975643418199 0.03036211526793282
4.2716933442561213 2.5811300440616436 0.03036211526782814
4.2760566673861078 2.5812625237814668 0.03036211526775958
4.2804199905160933 2.58139500350129 0.03036211526783315
4.2847833136460789 2.5815274832211137 0.030362115267931304
4.2891466367760644 2.5816599629409374 0.030362115267770474
4.2935099599060509 2.5817924426607601 0.030362115267686385
4.2978732830360364 2.5819249223805834 0.030362115267878288
4.302236606166022 2.582057402100407 0.030362115267823946
4.3065999292960084 2.5821898818202302 0.030362115267830871
4.310963252425994 2.5823223615400539 0.030362115267857526
4.3153265755559795 2.5824548412598771 0.030362115267762498
4.319689898685966 2.5825873209797003 0.030362115267792106
4.3240532218159515 2.5827198006995236 0.030362115267768702
4.3284165449459371 2.5828522804193468 0.03036211526785125
4.3327798680759235 2.5829847601391704 0.030362115267831235
4.3371431912059091 2.5831172398589937 0.030362115267828758
4.3415065143358946 2.5832497195788173 0.030362115267877226
4.3458698374658802 2.5833821992986405 0.030362115267685851
4.3502331605958666 2.5835146790184633 0.030362115267773639
4.3545964837258522 2.583647158738287 0.030362115267919241
4.3589598068558377 2.5837796384581107 0.030362115267878215
4.3633231299858242 2.5839121181779343 0.030362115267878163
4.3676864531158097 2.584044597897758 0.030362115267919418
4.3720497762457953 2.5841770776175816 0.030362115267772986
4.3764130993757817 2.5843095573374044 0.030362115267688262
4.3807764225057673 2.5844420370572276 0.030362115267868264
4.3851397456357528 2.5845745167770513 0.030362115267862179
4.3895030687657384 2.5847069964968745 0.030362115267706512
4.3938663918957248 2.5848394762166973 0.030362115267706043
4.3982297150257104 2.5849719559365205 0.030362115267863591
4.4025930381556959 2.5851044356563442 0.030362115267863102
4.4069563612856824 2.5852369153761674 0.030362115267688953
4.4113196844156679 2.5853693950959902 0.030362115267775373
4.4156830075456535 2.5855018748158138 0.030362115267927724
4.4200463306756399 2.5856343545356375 0.030362115267823998
4.4244096538056255 2.5857668342554607 0.030362115267781247
4.428772976935611 2.5858993139752839 0.030362115267769191
4.4331363000655974 2.5860317936951072 0.030362115267841602
4.437499623195583 2.5861642734149308 0.030362115267869371
4.4418629463255686 2.586296753134754 0.030362115267704416
4.4462262694555541 2.5864292328545768 0.030362115267725795
4.4505895925855405 2.5865617125744 0.030362115267786694
4.4549529157155261 2.5866941922942233 0.030362115267827072
4.4593162388455116 2.5868266720140469 0.030362115267928504
4.4636795619754981 2.5869591517338706 0.030362115267769184
4.4680428851054836 2.5870916314536934 0.030362115267694386
4.4724062082354692 2.5872241111735166 0.030362115267866099
4.4767695313654556 2.5873565908933402 0.030362115267846181
4.4811328544954412 2.5874890706131635 0.03036211526775414
4.4854961776254267 2.5876215503329867 0.03036211526785541
4.4898595007554132 2.5877540300528104 0.030362115267829139
4.4942228238853987 2.5878865097726336 0.03036211526783299
4.4985861470153843 2.5880189894924572 0.030362115267862391
4.5029494701453698 2.5881514692122805 0.030362115267740939
4.5073127932753563 2.5882839489321037 0.030362115267873455
4.5116761164053418 2.5884164286519273 0.03036211526777018
4.5160394395353274 2.5885489083717501 0.030362115267763969
4.5204027626653138 2.5886813880915738 0.030362115267873555
4.5247660857952994 2.588813867811397 0.03036211526774675
4.5291294089252849 2.5889463475312202 0.030362115267857596
4.5334927320552714 2.5890788272510439 0.030362115267827807
4.5378560551852569 2.5892113069708671 0.030362115267836148
4.5422193783152425 2.5893437866906908 0.030362115267851091
4.5465827014452289 2.589476266410514 0.030362115267764448
4.5509460245752145 2.5896087461303372 0.03036211526779074
4.5553093477052 2.5897412258501604 0.030362115267790746
4.5596726708351856 2.5898737055699836 0.030362115267764438
4.564035993965172 2.5900061852898069 0.030362115267851118
4.5683993170951576 2.5901386650096305 0.030362115267836068
4.5727626402251431 2.5902711447294537 0.030362115267828112
4.5771259633551296 2.5904036244492774 0.030362115267856444
4.5814892864851151 2.5905361041691006 0.030362115267751077
4.5858526096151007 2.5906685838889238 0.030362115267857408
4.5902159327450871 2.5908010636087475 0.03036211526782422
4.5945792558750727 2.5909335433285707 0.030362115267850667
4.5989425790050582 2.5910660230483944 0.03036211526779661
4.6033059021350438 2.5911985027682172 0.030362115267681053
4.6076692252650302 2.5913309824880404 0.030362115267873462
4.6120325483950158 2.5914634622078641 0.030362115267830069
4.6163958715250013 2.5915959419276873 0.03036211526782974
4.6207591946549877 2.5917284216475109 0.030362115267855937
4.6251225177849733 2.5918609013673342 0.03036211526775149
4.6294858409149588 2.5919933810871574 0.03036211526785625
4.6338491640449453 2.592125860806981 0.030362115267828445
4.6382124871749308 2.5922583405268043 0.030362115267834909
4.6425758103049164 2.5923908202466279 0.03036211526785541
4.6469391334349028 2.5925232999664511 0.030362115267748391
4.6513024565648884 2.5926557796862744 0.030362115267850643
4.6556657796948739 2.592788259406098 0.030362115267872539
4.6600291028248595 2.5929207391259212 0.030362115267682708
4.6643924259548459 2.593053218845744 0.03036211526779092
4.6687557490848315 2.5931856985655677 0.030362115267853231
4.673119072214817 2.5933181782853909 0.030362115267819643
4.6774823953448035 2.5934506580052146 0.030362115267873142
4.681845718474789 2.5935831377250378 0.030362115267692748
4.6862090416047746 2.5937156174448606 0.030362115267768691
4.690572364734761 2.5938480971646842 0.030362115267932092
4.6949356878647466 2.5939805768845079 0.030362115267813218
4.6992990109947321 2.5941130566043311 0.030362115267838548
4.7036623341247186 2.5942455363241548 0.030362115267837542
4.7080256572547041 2.594378016043978 0.030362115267816226
4.7123889803846897 2.5945104957638017 0.030362115267921028
4.7167523035146752 2.5946429754836253 0.030362115267828515
4.7211156266446617 2.5947754552034485 0.03036211526776986
4.7254789497746472 2.5949079349232718 0.030362115267791659
4.7298422729046328 2.595040414643095 0.030362115267781653
4.7342055960346192 2.5951728943629182 0.030362115267781341
4.7385689191646048 2.5953053740827414 0.030362115267792596
4.7429322422945903 2.5954378538025646 0.03036211526776644
4.7472955654245768 2.5955703335223879 0.030362115267841262
4.7516588885545623 2.5957028132422115 0.030362115267873465
4.7560222116845479 2.5958352929620347 0.03036211526768837
4.7603855348145334 2.5959677726818575 0.030362115267785896
4.7647488579445199 2.5961002524016812 0.030362115267867654
4.7691121810745054 2.5962327321215044 0.030362115267748454
4.773475504204491 2.5963652118413276 0.03036211526785669
4.7778388273344774 2.5964976915611513 0.030362115267829743
4.782202150464463 2.5966301712809745 0.030362115267829282
4.7865654735944485 2.5967626510007982 0.030362115267876598
4.7909287967244349 2.5968951307206214 0.030362115267669267
4.7952921198544205 2.5970276104404442 0.030362115267840648
4.7996554429844061 2.5971600901602683 0.030362115267991641
4.8040187661143925 2.5972925698800919 0.030362115267808406
4.808382089244378 2.5974250495999152 0.030362115267779686
4.8127454123743636 2.5975575293197384 0.03036211526779101
4.8171087355043491 2.5976900090395616 0.03036211526777443
4.8214720586343356 2.5978224887593848 0.030362115267810876
4.8258353817643211 2.597954968479208 0.030362115267681688
4.8301987048943067 2.5980874481990304 0.030362115267569868
4.8345620280242931 2.5982199279188531 0.030362115267822433
4.8389253511542787 2.5983524076386768 0.030362115267840023
4.8432886742842642 2.5984848873585 0.030362115267840984
4.8476519974142507 2.5986173670783241 0.030362115268106331
4.8520153205442362 2.5987498467981491 0.030362115268265318
4.8563786436742218 2.5988823265179746 0.030362115268298562
4.8607419668042082 2.5990148062378 0.03036211526829339
4.8651052899341938 2.599147285957625 0.030362115267975519
4.8694686130641793 2.5992797656774478 0.030362115267438695
4.8738319361941649 2.5994122453972683 0.030362115266850537
4.8781952593241513 2.5995447251170858 0.030362115266057425
4.8825585824541369 2.5996772048369006 0.030362115265848706
4.8869219055841224 2.5998096845567162 0.030362115266273897
4.8912852287141089 2.5999421642765346 0.030362115267205982
4.8956485518440944 2.6000746439963591 0.030362115269159117
4.90001187497408 2.6002071237161939 0.030362115271730369
4.9043751981040664 2.6003396034360398 0.030362115274129672
4.908738521234052 2.6004720831558941 0.030362115275395896
4.9131018443640375 2.6006045628757488 0.030362115274056897
4.9174651674940231 2.6007370425955911 0.030362115269902682
4.9218284906240095 2.6008695223154099 0.030362115263107999
4.9261918137539951 2.6010020020351932 0.030362115253831642
4.9305551368839806 2.6011344817549342 0.030362115244316947
4.9349184600139671 2.601266961474642 0.03036211523972689
4.9392817831439526 2.6013994411943497 0.03036211524470182
4.9436451062739382 2.6015319209141015 0.030362115259638698
4.9480084294039246 2.6016644006339393 0.030362115284360367
4.9523717525339102 2.6017968803539073 0.030362115319234089
4.9567350756638957 2.6019293600740365 0.03036211535533467
4.9610983987938821 2.6020618397942901 0.030362115372369394
4.9654617219238677 2.6021943195145454 0.030362115354844569
4.9698250450538533 2.6023267992346426 0.030362115300450368
4.9741883681838388 2.6024592789544232 0.030362115209150758
4.9785516913138252 2.6025917586737219 0.030362115079735668
4.9829150144438108 2.6027242383924194 0.030362114943987842
4.9872783375737963 2.6028567181106435 0.030362114877506303
4.9916416607037828 2.6029891978288471 0.030362114939631177
4.9960049838337683 2.6031216775476262 0.030362115139279781
5.0003683069637539 2.6032541572675725 0.0303621154767067
5.0047316300937403 2.6033866369893026 0.030362115956271307
5.0090949532237259 2.6035191167132701 0.030362116465378574
5.0134582763537114 2.6036515964390352 0.030362116723661344
5.0178215994836979 2.6037840761649274 0.030362116504718734
5.0221849226136834 2.6039165558887292 0.030362115772328113
5.026548245743669 2.6040490356082304 0.030362114526800963
5.0309115688736545 2.6041815153211338 0.030362112748116902
5.035274892003641 2.604313995025699 0.030362110839088574
5.0396382151336265 2.6044464747234541 0.030362109838663484
5.0440015382636121 2.6045789544205404 0.030362110607293449
5.0483648613935985 2.6047114341252198 0.030362113293936153
5.0527281845235841 2.6048439138457402 0.030362117890865636
5.0570915076535696 2.6049763935906625 0.030362124485517235
5.0614548307835561 2.6051088733666421 0.030362131640895001
5.0658181539135416 2.6052413531684118 0.030362135510136282
5.0701814770435272 2.6053738329733998 0.030362132822485129
5.0745448001735127 2.6055063127508307 0.0303621229697544
5.0789081233034992 2.6056387924699149 0.030362106005256805
5.0832714464334847 2.6057712720987651 0.030362081559411336
5.0876347695634703 2.6059037516119608 0.030362054748708258
5.0919980926934567 2.6060362310275527 0.030362039811741112
5.0963614158234423 2.606168710428463 0.030362049168632679
5.1007247389534278 2.6063011899293 0.030362085288295988
5.1050880620834143 2.6064336696450052 0.03036214788973313
5.1094513852133998 2.6065661496943568 0.030362238495157633
5.1138147083433854 2.6066986301742854 0.030362338913312612
5.1181780314733718 2.6068311110233537 0.030362396479975878
5.1225413546033574 2.606963591937105 0.030362364069723195
5.1269046777333429 2.6070960724888268 0.030362231703632055
5.1312680008633285 2.6072285522494085 0.030362000717263211
5.1356313239933149 2.6073610307764317 0.030361664948575052
5.1399946471233005 2.6074935077008057 0.03036128897691515
5.144357970253286 2.6076259832299811 0.030361067463978552
5.1487212933832724 2.6077584584811384 0.030361179068321156
5.153084616513258 2.6078909350426742 0.030361663962626913
5.1574479396432436 2.6080234145166581 0.030362516182735239
5.16181126277323 2.6081558985509719 0.030363760311632279
5.1661745859032155 2.6082883885490982 0.030365167443277875
5.1705379090332011 2.6084208838171872 0.030366018562730333
5.1749012321631875 2.6085533802584013 0.030365636894140232
5.1792645552931731 2.6086858719614212 0.03036386128807116
5.1836278784231586 2.6088183529447142 0.030360717297242254
5.1879912015531442 2.6089508170703084 0.030356108025413851
5.1923545246831306 2.6090832590083601 0.030350843573124942
5.1967178478131162 2.6092156810528615 0.030347577825909772
5.2010811709431017 2.6093480982176631 0.030348872434958922
5.2054444940730882 2.6094805324969026 0.03035537173224578
5.2098078172030737 2.6096130062243317 0.030366969532036096
5.2141711403330593 2.609745542263298 0.030384043870093174
5.2185344634630457 2.6098781608292203 0.030403732330512079
5.2228977865930313 2.6100108544460361 0.03041624669938827
5.2272611097230168 2.6101435681292515 0.030411898596959606
5.2316244328530024 2.6102762200657956 0.03038811939392444
5.2359877559829888 2.6104087268628797 0.03034533988249
5.2403510791129744 2.6105410033516767 0.030282098275214945
5.2447144022429599 2.6106729729485703 0.030208492571700073
5.2490777253729464 2.6108046595735437 0.030160596502084521
5.2534410485029319 2.6109362644503196 0.030175023402714548
5.2578043716329175 2.6110680918268483 0.030261985510771389
5.2621676947629039 2.6112004530988187 0.03041976920534693
5.2665310178928895 2.6113336655541577 0.030653982360474563
5.270894341022875 2.6114680189935089 0.030929059441474619
5.2752576641528615 2.6116034387374651 0.031112157825533848
5.279620987282847 2.6117391889240573 0.031065019871752069
5.2839843104128326 2.6118741384059452 0.030747144921427882
5.2883476335428181 2.612007124362842 0.030165238334718389
5.2927109566728046 2.6121369646825312 0.029297938461899511
5.2970742798027901 2.6122625638908814 0.02827029034734109
5.3014376029327757 2.612384147236348 0.027571105384388676
5.3058009260627621 2.6125044036700107 0.027722072064904572
5.3101642491927477 2.6126275375143795 0.028883434824593778
5.3145275723227332 2.6127578911267162 0.031029325781497467
5.3188908954527196 2.6128998689990524 0.034240598452854563
5.3232542185827052 2.6130576079979617 0.038078421661891793
5.3276175417126908 2.6132304632730179 0.040745594452593827
5.3319808648426772 2.6134086166955655 0.040275003868658711
5.3363441879726627 2.613576445465768 0.036034223247883676
5.3407075111026483 2.6137177336359581 0.02812125586573283
5.3450708342326338 2.6138160683439229 0.016233308405857728
5.3494341573626203 2.6138558445497306 0.0019035800772083757
5.3537974804926058 2.6138387443077735 -0.0082567844143039693
5.3581608036225914 2.6138006115889998 -0.0068518288986651925
5.3625241267525778 2.6137994116518848 0.0086209578553833946
5.3668874498825634 2.6138959018864489 0.037884779945726095
5.3712507730125489 2.6141507518674789 0.081403660682849197
5.3756140961425354 2.6146236858344953 0.13688796076796256
5.3799774192725209 2.6153474950597935 0.19386450521293477
5.3843407424025065 2.6163001989605141 0.24033953541030675
5.388704065532492 2.6174234138758012 0.27207399437440899
5.3930673886624785 2.6186535743508181 0.28942621678444913
5.397430711792464 2.6199277929372489 0.29210534475032884
5.4017940349224496 2.6211835859217856 0.28166022584271239
5.406157358052436 2.6223777252675755 0.26570314332316852
5.4105206811824216 2.6235072567855218 0.25316560249977432
5.4148840043124071 2.6245967641712986 0.24733321178187864
5.4192473274423936 2.625675034851831 0.24795595981922042
5.4236106505723791 2.6267703374858296 0.25528187755979415
5.4279739737023647 2.6279107293159956 0.2680668148704265
5.4323372968323511 2.6291082749245898 0.27989823903745364
5.4367006199623367 2.6303406496224517 0.2830303663365844
5.4410639430923222 2.6315612269461925 0.27450587384738512
5.4454272662223078 2.6327196615134532 0.25463422746380171
5.4497905893522942 2.6337655976173044 0.22257084754295067
5.4541539124822798 2.634649112989178 0.18167549837621258
5.4585172356122653 2.6353640702033121 0.14975595309947659
5.4628805587422518 2.6360012388757164 0.14895396925422155
5.4672438818722373 2.6367219703974052 0.18805157134196587
5.4716072050022229 2.6376989278405762 0.26608469672684976
5.4759705281322093 2.6391050907608684 0.38612250852803331
5.4803338512621949 2.6411131019117753 0.53683844679341397
5.4846971743921804 2.6437417419484937 0.65445023380147382
5.4890604975221668 2.6466581487624912 0.65785399898045749
5.4934238206521524 2.6492678902358371 0.51363345621524137
5.497787143782138 2.6509277493093393 0.22317327465249795
5.5021504669121235 2.6510007960804898 -0.2148682605193338
5.5065137900421099 2.6488486851010902 -0.793159486207479
5.5108771131720955 2.6439424147068347 -1.4654793495010998
5.5152404363020811 2.6360107407893572 -2.1716434360240831
5.5196037594320675 2.6249794429681601 -2.8859258782246706
5.523967082562053 2.6108134178773725 -3.6090561456969419
5.5283304056920386 2.593472406375017 -4.3404922000050545
5.532693728822025 2.5729176448595439 -5.0841893179694013
5.5370570519520106 2.5490477679858077 -5.866881961275018
5.5414203750819961 2.5216102706922978 -6.7246348091136792
5.5457836982119817 2.4902316823706019 -7.6735404810496339
5.5501470213419681 2.4545174806168415 -8.7108077516559099
5.5545103444719537 2.4140702939536989 -9.8479419300662574
5.5588736676019392 2.368481431806551 -11.051454321817038
5.5632369907319257 2.3178586961219581 -12.096462734287742
5.5676003138619112 2.2636016999995987 -12.672686609057644
5.5719636369918968 2.2081576079339378 -12.637703163478484
5.5763269601218832 2.1542002671563787 -11.995385232230575
5.5806902832518688 2.1043810735269877 -10.732245115744998
5.5850536063818543 2.0613773844845378 -8.8959473368074811
5.5894169295118408 2.0270644419864534 -6.8429656183119176
5.5937802526418263 2.0012428850251927 -5.0776264557688986
5.5981435757718119 1.9819874099356545 -3.8392128324550709
5.6025068989017974 1.9669726986108926 -3.1279667504038429
5.6068702220317839 1.9539198606290231 -2.9467455644727774
5.6112335451617694 1.9405268003712572 -3.2679112464670967
5.615596868291755 1.9250213992331979 -3.8507279184903282
5.6199601914217414 1.9070506476628417 -4.3456842539022364
5.624323514551727 1.8874754571776733 -4.5812232773915049
5.6286868376817125 1.8674507219829282 -4.5563259624227186
5.633050160811699 1.848099803939302 -4.2661778264683301
5.6374134839416845 1.8305705514911141 -3.7359001345491163
5.6417768070716701 1.8155125715606435 -3.1955522110469055
5.6461401302016565 1.8021984647872118 -2.9891009106167763
5.6505034533316421 1.7886881406847142 -3.2911642708592606
5.6548667764616276 1.7727357312563004 -4.1033254168250348
5.6592300995916132 1.7521255029178358 -5.4341520447353071
5.6635934227215996 1.7246054604639012 -7.2520030029467719
5.6679567458515852 1.688581375856619 -9.2475594648857911
5.6723200689815707 1.6443388724030765 -10.944999919118478
5.6766833921115571 1.5938642218408035 -12.095158929799094
5.6810467152415427 1.5395960901363284 -12.690196661791353
5.6854100383715283 1.483927519476834 -12.730963131536404
5.6897733615015147 1.429278804094549 -12.234529582437226
5.6941366846315002 1.3776419860289724 -11.407468417019707
5.6985000077614858 1.3297360900891355 -10.576125474944002
5.7028633308914722 1.2850978541642375 -9.9166877778196554
5.7072266540214578 1.2429341468156019 -9.437743451064339
5.7115899771514433 1.2024841066936627 -9.1333671358087312
5.7159533002814289 1.1629794463961509 -9.0015906409131183
5.7203166234114153 1.1237542107547518 -8.990959406181716
5.7246799465414009 1.0844633494255242 -9.0182634974396905
5.7290432696713864 1.045067117626205 -9.0372466650860126
5.7334065928013729 1.0056147689619708 -9.0450404161255804
5.7377699159313584 0.9661472809588757 -9.0438744012067325
5.742133239061344 0.92670599133221698 -9.033141075705462
5.7464965621913304 0.88732901092674321 -9.0150119523330279
5.750859885321316 0.84804074309585276 -8.9930517344716296
5.7552232084513015 0.80885249948125415 -8.9692558706232823
5.7595865315812871 0.76977203752086021 -8.9435227518281533
5.7639498547112735 0.73080768288799269 -8.9163163660594744
5.7683131778412591 0.69196548384633405 -8.8870575120332891
5.7726765009712446 0.6532735376647878 -8.8440050591393131
5.7770398241012311 0.61483725165184344 -8.7663884839995969
5.7814031472312166 0.57684027096002244 -8.6420841638304076
5.7857664703612022 0.53948944966095747 -8.4706074566642506
5.7901297934911886 0.50298876137634052 -8.2520437272897524
5.7944931166211742 0.46754561193928368 -7.9861567952866368
5.7988564397511597 0.43334597185206991 -7.6861840506699775
5.8032197628811462 0.40048372299980384 -7.3774654309187682
5.8075830860111317 0.36895666431040192 -7.0747810405425682
5.8119464091411173 0.33873610641315927 -6.7779443117943856
5.8163097322711028 0.30979931353123863 -6.4870400341345196
5.8206730554010893 0.28211453784429452 -6.2040184525446751
5.8250363785310748 0.25568711341993478 -5.901694394225844
5.8293997016610604 0.2307240026324667 -5.5227332652283083
5.8337630247910468 0.20765169404531181 -5.0340941125418723
5.8381263479210324 0.18695057199236573 -4.4372842504399221
5.8424896710510179 0.16908707664168535 -3.7318466748747956
5.8468529941810043 0.15454671651798124 -2.9145789536697553
5.8512163173109899 0.14372971901234763 -2.0442723716240616
5.8555796404409755 0.13660288386259345 -1.2456021131477106
5.8599429635709619 0.13264609028036517 -0.59386095217546397
5.8643062867009474 0.13120482452186039 -0.090386291572166447
5.868669609830933 0.1316457240790917 0.26760498285803147
5.8730329329609186 0.13332358026696245 0.47671550430146253
5.877396256090905 0.1356252227797079 0.56163476141319491
5.8817595792208905 0.13812426518197679 0.57745326287494936
5.8861229023508761 0.14061314716507584 0.55799637683083669
5.8904862254808625 0.14294314613895975 0.50377971953463097
5.8948495486108481 0.14495643671754488 0.41311067174737492
5.8992128717408336 0.14649577459449126 0.2863849936364436
5.9035761948708201 0.14741503907064968 0.13175981371289727
5.9079395180008056 0.14763312141052662 -0.031442179670510099
5.9123028411307912 0.14714625417269972 -0.19079397802351425
5.9166661642607767 0.14597487285866151 -0.34550962910212102
5.9210294873907632 0.14413666070056624 -0.49641155360831551
5.9253928105207487 0.14164921109693743 -0.64295010703952982
5.9297561336507343 0.13853749621826178 -0.78148994186098408
5.9341194567807207 0.13485112242894096 -0.90511159869920632
5.9384827799107063 0.13066807397959548 -1.0086798411256717
5.9428461030406918 0.12607944392816017 -1.0911309248830445
5.9472094261706783 0.12117633256342862 -1.1528371398525219
5.9515727493006638 0.1160500733988163 -1.1932077457581209
5.9559360724306494 0.11079153081772185 -1.21439561042449
5.9602993955606358 0.10547010576252476 -1.2234597278777077
5.9646627186906214 0.10012595698967459 -1.2248738752519528
5.9690260418206069 0.094792631022764653 -1.2183356324645516
5.9733893649505925 0.089505857703518377 -1.2036260001700916
5.9777526880805789 0.084300498251543066 -1.181019477437576
5.9821160112105645 0.079211236738813834 -1.1503560856529096
5.98647933434055 0.0742744132988164 -1.1109844139215284
5.9908426574705365 0.06952934072525184 -1.0624876098003959
5.995205980600522 0.065015453114396674 -1.0050572418396635
5.9995693037305076 0.060771678248859713 -0.9386086024096183
6.003932626860494 0.056837793143801295 -0.8630531798199742
6.0082959499904796 0.053249221089773473 -0.78123923971360232
6.0126592731204651 0.050019566259464888 -0.69985735214721634
6.0170225962504515 0.047133799074902095 -0.62398580841963935
6.0213859193804371 0.044565042998617778 -0.55445335940374652
6.0257492425104227 0.042286442480930796 -0.49099764951916552
6.0301125656404082 0.040271747410029257 -0.43340865165885767
6.0344758887703946 0.038492778312509239 -0.38369909273207037
6.0388392119003802 0.036903114249371406 -0.34789653141486998
6.0432025350303658 0.035429976985660104 -0.33054185579486883
6.0475658581603522 0.033991321682364968 -0.33193714428997295
6.0519291812903377 0.032506235177761675 -0.35192635878751316
6.0562925044203233 0.030892505897274568 -0.39094621225049092
6.0606558275503097 0.029073477094048263 -0.44447939564474598
6.0650191506802953 0.027010403434599053 -0.50027324615424484
6.0693824738102808 0.024718582619861144 -0.5486325028876492
6.0737457969402664 0.022235600621832476 -0.58810933243999208
6.0781091200702528 0.019598574094057995 -0.61918872254645596
6.0824724432002384 0.016844040406536462 -0.64209952129933334
6.0868357663302239 0.014010975224412123 -0.65416318636978421
6.0911990894602104 0.011163670053248585 -0.64678270099695412
6.0955624125901959 0.0084050675251911185 -0.61304422770532652
6.0999257357201815 0.0058532675265209576 -0.55220421574718415
6.1042890588501679 0.0036252121810665897 -0.46452536412248391
6.1086523819801535 0.0018392422043309001 -0.34953484560429904
6.113015705110139 0.00060744085552585946 -0.21220197932945539
6.1173790282401255 0 -0.066227026803873143
6.121742351370111 2.5256903942990098e-05 0.076829886633658015
6.1261056745000966 0.00066286139619588257 0.21465740511934778
6.1304689976300821 0.0018918163556018929 0.34789223837273059
6.1348323207600686 0.003692355366014281 0.47670026376072283
6.1391956438900541 0.0060403095986002551 0.59760055653246824
6.1435589670200397 0.0088813240920014632 0.70056960640292143
6.1479222901500261 0.012115168858670833 0.77688657871176692
6.1522856132800117 0.015619573048577291 0.82476279699256105
6.1566489364099972 0.019271792104419882 0.84459392387794008
6.1610122595399837 0.02294859472445946 0.83592562735082809
6.1653755826699692 0.026530642253091929 0.80252129836036257
6.1697389057999548 0.029932952278489695 0.7560797046829878
6.1741022289299412 0.033124765849584965 0.70694530290766711
6.1784655520599268 0.036101540496164215 0.65734792880867687
6.1828288751899123 0.038859696719918693 0.60671099789079719
6.1871921983198979 0.04139401371433598 0.55464462267551262
6.1915555214498843 0.043705461561121421 0.50641299837261522
6.1959188445798699 0.045842102494132016 0.47798395161559837
6.2002821677098554 0.047926712553547947 0.48396958874257351
6.2046454908398418 0.050120789098762129 0.52794590506757055
6.2090088139698274 0.052588136600523618 0.60920588393701791
6.213372137099813 0.055491436897864115 0.72781598486180576
6.2177354602297994 0.058994936911794145 0.88452159284236842
6.2220987833597849 0.06326803985322417 1.0808959832617093
6.2264621064897705 0.068487308036846092 1.318368110559107
6.2308254296197561 0.074833994533421253 1.5977962450808534
6.2351887527497425 0.082490537920927379 1.9183585720288954
6.239552075879728 0.091638115865464595 2.2824322358253082
6.2439153990097136 0.10246122229240905 2.6827436263559963
6.2482787221397 0.11507813628027248 3.1027641563776718
6.2526420452696856 0.12964316538246617 3.5951271644335319
6.2570053683996711 0.14589560190247505 3.7052557711900715
6.2613686915296576 0.16148475970553378 3.4765173629593367
6.2657320146596431 0.17433495079035755 1.9421307374804666
6.2700953377896287 0.18432979757538104 4.4620507202251893
6.2744586609196151 0.18718548167735097 -10.954959406455137
6.2788219840496007 0.18718549526983111 41.32122001107787
6.2831853071795862 0.47156491624144198 41.194975932225944
