# q  U_kJmol  dU_dq   # conservative spline pchip_hermite_v1
0 4.0390883578454027 -0.28363744824473769
0.0043633231299858239 4.0383744130331998 -0.13750706485874156
0.0087266462599716477 4.0378971847546303 0.01467541843000959
0.013089969389957472 4.0386532275942981 0.27050416255143794
0.017453292519943295 4.0400501046248776 0.38354659770447397
0.021816615649929118 4.0419720037633047 0.47713185822272536
0.026179938779914945 4.0440876674539048 0.48394968487055717
0.030543261909900768 4.0461040211210229 0.42803526795964036
0.034906585039886591 4.0477169440561509 0.29921602722225593
0.039269908169872414 4.0486279145612345 0.11040192792991044
0.043633231299858237 4.0486636008711798 -0.089950457160450206
0.04799655442984406 4.0479011959606535 -0.2502550037714768
0.05235987755982989 4.0465565757492481 -0.35771328953034881
0.056723200689815713 4.0448527573479769 -0.4148438374401221
0.061086523819801536 4.0430120290082465 -0.41996218326405249
0.065449846949787352 4.0412538879428617 -0.37970776468598583
0.069813170079773182 4.0397224739751403 -0.32293819646806893
0.074176493209759012 4.0384148937681319 -0.28048806073263971
0.078539816339744828 4.0372408243512838 -0.26136615672779989
0.082903139469730658 4.0361019553344386 -0.26430663864685794
0.087266462599716474 4.034901265410558 -0.28996952739299525
0.091629785729702304 4.0335428437976404 -0.33533073612247377
0.09599310885968812 4.0319659826645085 -0.38685928443165934
0.10035643198967395 4.0301793977167231 -0.42976730682744457
0.10471975511965978 4.0282348881672814 -0.4593831001257313
0.1090830782496456 4.0261890696616307 -0.47624776982289402
0.11344640137963143 4.0240977744452247 -0.4800956882568021
0.11780972450961724 4.0220164214178231 -0.47227108230409376
0.12217304763960307 4.0199843045439216 -0.45903355651191902
0.1265363707695889 4.0180082798602816 -0.44738983090565354
0.1308996938995747 4.0160743590734844 -0.43968760285361908
0.13526301702956053 4.0141658787091004 -0.43570018758663398
0.13962634015954636 4.0122666463696772 -0.43550205711783818
0.14398966328953219 4.0103605117768426 -0.43866916054618216
0.14835298641951802 4.0084367969651602 -0.44303178529163628
0.15271630954950383 4.0064962145669547 -0.44609874921635434
0.15707963267948966 4.0045469937082849 -0.44700493490528947
0.16144295580947549 4.002598365577561 -0.44584506642160066
0.16580627893946132 4.0006594270155933 -0.44250876821065532
0.17016960206944712 3.9987392494323322 -0.4374526740046657
0.17453292519943295 3.9968408528957626 -0.43313870566084811
0.17889624832941878 3.9949540702120112 -0.43249003165206185
0.18325957145940461 3.9930598175249798 -0.43654959495732926
0.18762289458939044 3.9911378490277811 -0.44515199905622721
0.19198621771937624 3.9891679879410056 -0.4586673257683353
0.19634954084936207 3.9871300026360998 -0.47577089603131484
0.2007128639793479 3.9850219018114621 -0.48888793075326664
0.20507618710933373 3.9828829010817524 -0.48876931168636922
0.20943951023931956 3.9807807840228806 -0.47201261894417157
0.21380283336930536 3.978787476317442 -0.43898686423706551
0.21816615649929119 3.9769743358303908 -0.3891609204859427
0.22252947962927702 3.9754131122562546 -0.32441128477911269
0.22689280275926285 3.9741481777601311 -0.25631709635026478
0.23125612588924865 3.9731600789343071 -0.19939193521899562
0.23561944901923448 3.9723838544215946 -0.15917453470861878
0.23998277214922031 3.9717473091160942 -0.13525890203130775
0.24434609527920614 3.9711794298828531 -0.12789117090868007
0.24870941840919197 3.9706086995746004 -0.13602666922502177
0.2530727415391778 3.9699802869579104 -0.15247209577752013
0.25743606466916363 3.9692794899418349 -0.16798217221206604
0.26179938779914941 3.9685210588871191 -0.17889053301448585
0.26616271092913524 3.9677247855104318 -0.18539172344616439
0.27052603405912107 3.9669096240888124 -0.18748352804273724
0.2748893571891069 3.9660947696160394 -0.18539053983806603
0.27925268031909273 3.9652951167439499 -0.1810077948469706
0.28361600344907856 3.9645148872739062 -0.17682536475171426
0.28797932657906439 3.9637502386907437 -0.17387065387935272
0.29234264970905022 3.9629958573000446 -0.17210009720456598
0.29670597283903605 3.9622466659575841 -0.17150941891432001
0.30106929596902182 3.9614975154058127 -0.17204622882360054
0.30543261909900765 3.9607443619227469 -0.17321383469103577
0.30979594222899348 3.9599859976971215 -0.17434145681980151
0.31415926535897931 3.9592234218363509 -0.17514171214281887
0.31852258848896514 3.9584580607100097 -0.17562378329016765
0.32288591161895097 3.9576912743850077 -0.17579014534081794
0.3272492347489368 3.9569244439765088 -0.17565282998948131
0.33161255787892263 3.9561586667872377 -0.17534189872408662
0.33597588100890846 3.9553942871151304 -0.17503793691374739
0.34033920413889424 3.9546310457434926 -0.17482121564453279
0.34470252726888007 3.9538685598506937 -0.17468999579126795
0.3490658503988659 3.9531064650818988 -0.17464325042942888
0.35342917352885173 3.9523443910560019 -0.17467827290763818
0.35779249665883756 3.9515820401461879 -0.17476103794886899
0.36215581978882339 3.9508193145261301 -0.17484295845020129
0.36651914291880922 3.9500562812901738 -0.17490164430207239
0.37088246604879505 3.9492930431641855 -0.17493735351482975
0.37524578917878088 3.9485296977623787 -0.17495046024083191
0.37960911230876665 3.9477663443973441 -0.17494155665593369
0.38397243543875248 3.9470030637599849 -0.17491953551541653
0.38833575856873831 3.9462398835638779 -0.1748974614780166
0.39269908169872414 3.9454767864876104 -0.17488157145811417
0.39706240482870997 3.9447137449717475 -0.1748718560628055
0.4014257279586958 3.9439507328631009 -0.17486818823104172
0.40578905108868163 3.9431877235362034 -0.17487044345112229
0.41015237421866746 3.9424246951240494 -0.17487629986856992
0.41451569734865329 3.9416616397965538 -0.17488224666014282
0.41887902047863912 3.9408985620123644 -0.17488654878742116
0.42324234360862489 3.9401354691629398 -0.17488919166487438
0.42760566673861072 3.9393723682552588 -0.17489021656947509
0.43196898986859655 3.9386092664260759 -0.17488964810061158
0.43633231299858238 3.9378461695986271 -0.17488809171048394
0.44069563612856821 3.9370830799804848 -0.17488649004676388
0.44505895925855404 3.9363199964292561 -0.17488532503520052
0.44942228238853987 3.9355569169649707 -0.17488460546744319
0.4537856055185257 3.934793839712099 -0.17488431831878473
0.45814892864851153 3.9340307627599094 -0.17488445929128649
0.46251225177849731 3.9332676845053585 -0.17488487125382077
0.46687557490848314 3.9325046043246652 -0.1748853021868064
0.47123889803846897 3.9317415225032257 -0.17488561890425025
0.4756022211684548 3.930978439564103 -0.17488581765790015
0.47996554429844063 3.9302153560022464 -0.17488590254853983
0.48432886742842646 3.9294522723217531 -0.17488587396115374
0.48869219055841229 3.9286891889532018 -0.17488577051307486
0.49305551368839812 3.9279261060825865 -0.17488565606172021
0.49741883681838395 3.927163023662199 -0.1748855654058302
0.50178215994836972 3.9263999415806881 -0.17488549993257399
0.50614548307835561 3.9256368597339342 -0.17488545808008124
0.51050880620834138 3.924873778016666 -0.17488544052836674
0.51487212933832727 3.9241106963256498 -0.17488544551040008
0.51923545246831304 3.9233476145694466 -0.1748854699037686
0.52359877559829882 3.9225845326677176 -0.17488551222371063
0.5279620987282847 3.9218214505426965 -0.1748855721310458
0.53232542185827048 3.9210583681158884 -0.17488565119955315
0.53668874498825636 3.9202952853041269 -0.17488574718613609
0.54105206811824214 3.9195322020825873 -0.17488583058835216
0.54541539124822802 3.9187691186177536 -0.17488585001231755
0.5497787143782138 3.9180060352716972 -0.17488577452571374
0.55414203750819968 3.9172429524667902 -0.17488560331593231
0.55850536063818546 3.9164798706209911 -0.1748853321407573
0.56286868376817123 3.9157167901725227 -0.17488496788341468
0.56723200689815712 3.9149537113366901 -0.17488462658742496
0.57159533002814289 3.9141906335632819 -0.17488451679283196
0.57595865315812877 3.9134275554980316 -0.17488476745385523
0.58032197628811455 3.912664475529529 -0.17488538384004298
0.58468529941810043 3.911901392064959 -0.1748863799330124
0.58904862254808621 3.9111383034340279 -0.17488773502210356
0.59341194567807209 3.9103752087575119 -0.17488902733902706
0.59777526880805787 3.9096121099860124 -0.17488947512348571
0.60213859193804364 3.9088490121256929 -0.17488858069074206
0.60650191506802953 3.908085921198106 -0.1748863175601815
0.6108652381980153 3.9073228431548808 -0.1748826392848572
0.61522856132800119 3.9065597842392799 -0.17487760569644917
0.61959188445798696 3.9057967479071021 -0.17487273992163235
0.62395520758797285 3.905033727216253 -0.17487095520588908
0.62831853071795862 3.9042707036824114 -0.17487416035591197
0.63268185384794451 3.9035076548396663 -0.17488248028942571
0.63704517697793028 3.9027445584794087 -0.17489606716064021
0.64140850010791606 3.901981391303925 -0.17491475934036346
0.64577182323790194 3.9012181398116663 -0.17493306465735517
0.65013514636788772 3.9004548286669425 -0.17494013716770404
0.6544984694978736 3.8996915260888239 -0.17492866585935724
0.65886179262785938 3.8989283158763492 -0.17489808267962725
0.66322511575784526 3.8981652808976053 -0.17484789892967412
0.66758843888783104 3.8974025080599808 -0.1747785003134954
0.67195176201781692 3.896640049928731 -0.17470966740606825
0.6763150851478027 3.8958778190774801 -0.1746817552708532
0.68067840827778847 3.8951155638383281 -0.17472273838835539
0.68504173140777436 3.8943529716806631 -0.17483513404522974
0.68940505453776013 3.8935897333800105 -0.1750204716000972
0.69376837766774602 3.892825524827634 -0.17527807686364727
0.69813170079773179 3.8920601419907053 -0.17553679278618944
0.70249502392771768 3.8912938939761115 -0.17564655476282315
0.70685834705770345 3.8905277088216308 -0.17550042384841891
0.71122167018768934 3.8897627519524893 -0.17508745930752909
0.71558499331767511 3.8890001773094873 -0.17440304355014977
0.71994831644766089 3.8882411933400118 -0.17344700781278555
0.72431163957764677 3.8874865898359632 -0.17247501508034135
0.72867496270763255 3.8867352769508865 -0.17204477262339771
0.73303828583761843 3.8859838339953989 -0.17256470206165891
0.73740160896760421 3.8852279157513094 -0.1740816383804768
0.74176493209759009 3.8844632158015502 -0.17660880151650152
0.74612825522757587 3.8836852293262725 -0.18015621075443389
0.75049157835756175 3.8828909067426949 -0.1838064334169065
0.75485490148754752 3.882084078900244 -0.1854879969020102
0.7592182246175333 3.8812773485587924 -0.18364246621196459
0.76358154774751918 3.8804869140705076 -0.1780717854176305
0.76794487087750496 3.8797288474795506 -0.16874130906158211
0.77230819400749084 3.8790199387308864 -0.15558092565686341
0.77667151713747662 3.8783719360559878 -0.14187856122977469
0.7810348402674625 3.8777714191903989 -0.1353236331385532
0.78539816339744828 3.8771719777469662 -0.14185746659915291
0.78976148652743416 3.8765132364880817 -0.16230920485455672
0.79412480965741994 3.8757352096550104 -0.19675468768020438
0.79848813278740571 3.8747753291662903 -0.24556910110698535
0.8028514559173916 3.8735884317010365 -0.2969847036650563
0.80721477904737737 3.8722213555398262 -0.32247500164219234
0.81157810217736326 3.8708449275590242 -0.29940979073374879
0.81594142530734903 3.8696841412798477 -0.22434586122888245
0.82030474843733492 3.8689628965235974 -0.097195987261852038
0.82466807156732069 3.8689143124629592 0.08383450441319093
0.82903139469730658 3.8697116974605614 0.27669557021086155
0.83339471782729235 3.8711921972204602 0.37554140860716184
0.83775804095727824 3.8727274432330576 0.29461285354191086
0.84212136408726401 3.8734793329834045 0.0185258939069349
0.84648468721724979 3.8726092530466731 -0.44997801548599553
0.85084801034723567 3.8692672000343578 -1.1146631207033921
0.85521133347722145 3.862686280596284 -1.9139028012830661
0.85957465660720733 3.8526040322833768 -2.6864758995608056
0.86393797973719311 3.8394755676279022 -3.2987043114078838
0.86830130286717899 3.8240889809618896 -3.7242119746494442
0.87266462599716477 3.8072384048009114 -3.9690882715455431
0.87702794912715065 3.7897189413603813 -4.0305334695354782
0.88139127225713643 3.7722912542385001 -3.9366686491253922
0.8857545953871222 3.7554793661000865 -3.7641897907885333
0.89011791851710809 3.7394622742401897 -3.5781161831914123
0.89448124164709386 3.72425409560396 -3.3922600394347646
0.89884456477707975 3.7098637656265603 -3.2032791403804777
0.90320788790706552 3.6963045610705429 -3.0113078164826375
0.90757121103705141 3.6835818219608574 -2.8216229870333303
0.91193453416703718 3.6716566146003831 -2.6488799122384479
0.91629785729702307 3.6604225704153075 -2.5059858069149041
0.92066118042700884 3.6497401957196365 -2.3957965069932343
0.92502450355699462 3.6394685984373587 -2.3177180655746348
0.9293878266869805 3.6294675468302886 -2.2717778816307215
0.93375114981696627 3.6195966956711576 -2.2580843206744889
0.93811447294695216 3.6097143588027736 -2.2771765065308034
0.94247779607693793 3.5996759789881301 -2.3296855429621921
0.94684111920692382 3.589335817100137 -2.4153345079293973
0.95120444233690959 3.5785496735491553 -2.53435408561056
0.95556776546689548 3.5671669250325442 -2.6894565730777842
0.95993108859688125 3.55506621297768 -2.853857771367236
0.96429441172686703 3.5423696193396532 -2.9444838554340405
0.96865773485685291 3.5295898275425306 -2.8844791590880461
0.97302105798683869 3.5174419126705434 -2.656628129175036
0.97738438111682457 3.5066462506033176 -2.2638498308188688
0.98174770424681035 3.4979431735310769 -1.6943180497652419
0.98611102737679623 3.4919702444527996 -1.0493565205128175
0.99047435050678201 3.4884174680802396 -0.65764849879633902
0.99483767363676789 3.4854114527635991 -0.82954247426183869
0.99920099676675367 3.480247760663703 -1.6412586620475853
1.0035643198967394 3.4701777851610425 -3.079321199127973
1.0079276430267252 3.4524372422021812 -5.1625605484310579
1.0122909661567112 3.424391028706991 -7.7510914360735148
1.016654289286697 3.384751718651219 -10.370211710516104
1.0210176124166828 3.3345165966383279 -12.561169445898154
1.0253809355466685 3.2759317722122026 -14.20419439943592
1.0297442586766545 3.2113303807948679 -15.318656100571074
1.0341075818066403 3.1430342667987108 -15.894775214399635
1.0384709049366261 3.0733121825269647 -15.996566122839393
1.0428342280666119 3.0038033440586682 -15.847091302841605
1.0471975511965976 2.9350648977777927 -15.666900009045683
1.0515608743265836 2.8670378779029351 -15.51831658732805
1.0559241974565694 2.7996085738304504 -15.392741688115693
1.0602875205865552 2.7326747128950482 -15.292023983871664
1.064650843716541 2.6661436759372426 -15.202866725502044
1.0690141668465269 2.6000559311923297 -15.07846682290953
1.0733774899765127 2.5346790574176761 -14.87167954048126
1.0777408131064985 2.4704175848895735 -14.567576289606377
1.0821041362364843 2.4076915623486261 -14.16818552183318
1.08646745936647 2.3469191069169595 -13.670980392503646
1.090830782496456 2.2885123598136148 -13.089476640043037
1.0951941056264418 2.232728835154393 -12.482560648686535
1.0995574287564276 2.1795290448529623 -11.911688580295898
1.1039207518864134 2.1287027276990966 -11.393768026485136
1.1082840750163994 2.0800260856656605 -10.926434639701109
1.1126473981463851 2.0332784797303738 -10.509373476521118
1.1170107212763709 1.9882389347451184 -10.144267789543843
1.1213740444063567 1.9446637230732122 -9.8405740737142704
1.1257373675363425 1.9022594523397323 -9.6085735141750686
1.1301006906663285 1.8607051333458868 -9.4508060125387594
1.1344640137963142 1.8196789383465009 -9.3663814976674384
1.1388273369263 1.778858817670661 -9.357049479422594
1.1431906600562858 1.7379234583332075 -9.4163480665771928
1.1475539831862718 1.6966342783710868 -9.5109871455459221
1.1519173063162575 1.6549266611409661 -9.6040976578624129
1.1562806294462433 1.6128401898447897 -9.6851936714341225
1.1606439525762291 1.5704233432414447 -9.7553293023402983
1.1650072757062149 1.5277226694969055 -9.8159852618374206
1.1693705988362009 1.484784135521851 -9.8619116084320027
1.1737339219661866 1.4417274631419383 -9.8623168943883002
1.1780972450961724 1.3988365403708984 -9.7820343513991261
1.1824605682261582 1.356495378330447 -9.6108105656103522
1.1868238913561442 1.3150961002440753 -9.3504089121778318
1.19118721448613 1.2750293074317258 -8.9994982178006122
1.1955505376161157 1.2366860091932126 -8.5624056780316025
1.1999138607461015 1.2003982744524557 -8.0633975950395751
1.2042771838760873 1.1663684687243618 -7.5307834770768345
1.2086405070060733 1.1347154786912186 -6.9736323015164521
1.2130038301360591 1.1055484192022202 -6.3914730856011781
1.2173671532660448 1.0789784464207135 -5.7824358962922284
1.2217304763960306 1.0551178764053848 -5.1522704589808503
1.2260937995260166 1.0339955255165281 -4.536460483551557
1.2304571226560024 1.0154467585576841 -3.9777390616848622
1.2348204457859882 0.99917953103319701 -3.4902977910567854
1.2391837689159739 0.98488680927631533 -3.0725431655636108
1.2435470920459597 0.97226477387680887 -2.7247534468558112
1.2479104151759457 0.96100822528260677 -2.4461480500706578
1.2522737383059315 0.95082771526197818 -2.229690158513661
1.2566370614359172 0.94147281594287924 -2.066649390596901
1.261000384565903 0.93271911759266468 -1.9542669113241065
1.265363707695889 0.92434509597709891 -1.8924357647605288
1.2697270308258748 0.91612888418249994 -1.8825942961060671
1.2740903539558606 0.90784619470642725 -1.9209959637655387
1.2784536770858463 0.89933522400022925 -1.9798920610840423
1.2828170002158321 0.89059009617910367 -2.0238551896290975
1.2871803233458181 0.88171392087463707 -2.0402027638048086
1.2915436464758039 0.87282462810581696 -2.0299698552363643
1.2959069696057897 0.86403716347155057 -1.9935609513317436
1.3002702927357754 0.85546684265112038 -1.9301205184089818
1.3046336158657614 0.84723971909852336 -1.8350290051949687
1.3089969389957472 0.83950800440924134 -1.702252387110758
1.313360262125733 0.83244321355737594 -1.5292892749583151
1.3177235852557188 0.8262202919512438 -1.3165486317760524
1.3220869083857045 0.82101317577474664 -1.0632312933743084
1.3264502315156905 0.81699835373365803 -0.7710638603033908
1.3308135546456763 0.81431627690852149 -0.45696175573980119
1.3351768777756621 0.81300906803896944 -0.14391991966828865
1.3395402009056478 0.8130460524527533 0.1592994302151173
1.3439035240356338 0.81438570397397481 0.45322734683001609
1.3482668471656196 0.81698849692574871 0.73841633367259019
1.3526301702956054 0.82081549806040055 1.0139080899641133
1.3569934934255912 0.82581106849928576 1.2719046938602265
1.3613568165555769 0.83187366779056759 1.5015105907297721
1.3657201396855629 0.83886636075285415 1.6982107004922058
1.3700834628155487 0.84664604313950409 1.8623837378271733
1.3744467859455345 0.85507096847460717 1.9937219216578588
1.3788101090755203 0.86399771593573516 2.0928600001335704
1.3831734322055063 0.87330004189127797 2.168225732319994
1.387536755335492 0.88290215814798045 2.2319741043136303
1.3919000784654778 0.89276808493861004 2.2891182743192409
1.3962634015954636 0.9028686888602695 2.3395280943995549
1.4006267247254494 0.91317363434820242 2.382591665866447
1.4049900478554354 0.92365158881427578 2.4193746830207656
1.4093533709854211 0.93429140890293594 2.4594218583901917
1.4137166941154069 0.94513917949995541 2.5167169817473685
1.4180800172453927 0.95628823760656101 2.5976155832998153
1.4224433403753787 0.96784192373412781 2.7020778208496554
1.4268066635053644 0.97990189381873727 2.829627211268281
1.4311699866353502 0.99256979042180815 2.9810421048721287
1.435533309765336 1.0059577078288564 3.1608624639354153
1.4398966328953218 1.0202044376567909 3.375691898155019
1.4442599560253078 1.035472028481484 3.6289220465405578
1.4486232791552935 1.0519287948327243 3.9206812030410561
1.4529866022852793 1.0697423571469846 4.2508954820081417
1.4573499254152651 1.0890806594583826 4.619477398025901
1.4617132485452511 1.1101078828486484 5.0244860522740202
1.4660765716752369 1.1329761673621066 5.4629065024760184
1.4704398948052226 1.1578272619035785 5.9333161878120118
1.4748032179352084 1.1848004052219403 6.4355500164831163
1.4791665410651942 1.2140353250810105 6.970301282314499
1.4835298641951802 1.2456732074838361 7.5363007351507498
1.487893187325166 1.2798297737221243 8.1214264473947804
1.4922565104551517 1.3165463100871553 8.7067493972846854
1.4966198335851375 1.3557963750061259 9.2823636137838257
1.5009831567151235 1.3975351718960525 9.8476357781959702
1.5053464798451093 1.441719964967251 10.403802058052888
1.509709802975095 1.4883100306808617 10.949351520780512
1.5140731261050808 1.5372342114418429 11.469550335222856
1.5184364492350666 1.5883292814221022 11.940618388734597
1.5227997723650526 1.6413456050086026 12.349697517047325
1.5271630954950384 1.6960095815434435 12.696112346933942
1.5315264186250241 1.7520500066366864 12.98059293694258
1.5358897417550099 1.8091960457251901 13.202796252769527
1.5402530648849959 1.8671722288165444 13.360431560856817
1.5446163880149817 1.9256881217095516 13.449529111256608
1.5489797111449675 1.9844386412610462 13.467898134641807
1.5533430342749532 2.0431150016385731 13.415653806045933
1.557706357404939 2.1014087863284421 13.29223433791261
1.562069680534925 2.1590094999169045 13.098596283917436
1.5664330036649108 2.2156321744278324 12.847597243775327
1.5707963267948966 2.2710743002959166 12.561095865303677
1.5751596499248823 2.3252151044720351 12.251692073532691
1.5795229730548683 2.3779588759138384 11.920556776010391
1.5838862961848541 2.4292079077483417 11.566265552024044
1.5882496193148399 2.4788615483377003 11.18994827363462
1.5926129424448257 2.5268497650061352 10.807537249722955
1.5969762655748114 2.5732074200508821 10.44734589125045
1.6013395887047974 2.6180767075878077 10.12610463901995
1.6057029118347832 2.6616327581884098 9.8450196802393179
1.610066234964769 2.704047944192423 9.6032848436042588
1.6144295580947547 2.7454947646617613 9.4011093344062662
1.6187928812247407 2.7861445358527126 9.2377363932919625
1.6231562043547265 2.8261638791439334 9.1119426550586109
1.6275195274847123 2.8657147947591239 9.0229731076816346
1.6318828506146981 2.9049573932987869 8.970594683144439
1.6362461737446838 2.9440520917708684 8.9554061265702263
1.6406094968746698 2.9831609347410248 8.9765752219738442
1.6449728200046556 3.0224255026992806 9.0238810524436648
1.6493361431346414 3.0619204523279295 9.0789560188443588
1.6536994662646272 3.1016486315833314 9.1301059707044541
1.6580627893946132 3.1415865392591948 9.1749867161429624
1.6624261125245989 3.1817097884536474 9.2159438639699793
1.6667894356545847 3.2220052964295842 9.2531023825865937
1.6711527587845705 3.2623872664954909 9.241394528368378
1.6755160819145565 3.3024461190236325 9.0883551263338571
1.6798794050445423 3.3414076322514008 8.735586407020195
1.684242728174528 3.3783842120387346 8.1804860540326931
1.6886060513045138 3.412502048695139 7.423389486909687
1.6929693744344996 3.4428688285624003 6.4623124422364153
1.6973326975644856 3.46870263851828 5.3680399802866088
1.7016960206944713 3.4897377236432847 4.290206179530295
1.7060593438244571 3.5063068694116946 3.3258999659299473
1.7104226669544429 3.5189374627068868 2.4824556914823166
1.7147859900844289 3.5281386937495673 1.7547339917138967
1.7191493132144147 3.5344237714563826 1.1462099206534673
1.7235126363444004 3.5383099805260709 0.65368797980286419
1.7278759594743862 3.5402800669415759 0.26553033873224902
1.732239282604372 3.5407701234753182 -0.024339638843037258
1.736602605734358 3.5402127999295767 -0.21442117401620683
1.7409659288643438 3.5390460788563072 -0.3033414294309687
1.7453292519943295 3.5377111052892767 -0.29225164249622404
1.7496925751243153 3.536602228052339 -0.20792004250848387
1.7540558982543013 3.5359223055494216 -0.10595629332341529
1.7584192213842871 3.5356452538770244 -0.02622176038030246
1.7627825445142729 3.535651995595761 0.024991900783135429
1.7671458676442586 3.5358246130585815 0.049572446689467184
1.7715091907742444 3.5360454520490041 0.047239042775169687
1.7758725139042304 3.5362078267391306 0.024949700775476723
1.7802358370342162 3.5362557858641654 -0.0024229671055306873
1.7845991601642019 3.536195136483312 -0.023983009545537289
1.7889624832941877 3.5360576324362576 -0.037885256094360317
1.7933258064241737 3.5358748983382884 -0.044655495864409429
1.7976891295541595 3.5356784470630132 -0.044201418927989372
1.8020524526841453 3.5354970668455259 -0.038316627252658435
1.806415775814131 3.5353461994546951 -0.030968700580672571
1.8107790989441168 3.5352246038438557 -0.02514033125464938
1.8151424220741028 3.5351238202092037 -0.02136668101625841
1.8195057452040886 3.5350353657354665 -0.019503483885214876
1.8238690683340744 3.5349508005007904 -0.019578972218895038
1.8282323914640601 3.5348623585254515 -0.021131622749527554
1.8325957145940461 3.5347657824859198 -0.023103553414672153
1.8369590377240319 3.5346613187046674 -0.024678962531741271
1.8413223608540177 3.5345512196137068 -0.025703160674479343
1.8456856839840035 3.5344377607122155 -0.02621554809726856
1.8500490071139892 3.5343232023537126 -0.026207766782118523
1.8544123302439752 3.5342096388799242 -0.025798403235220719
1.858775653373961 3.5340982428900229 -0.025269354248290972
1.8631389765039468 3.533988971969233 -0.024843571701186673
1.8675022996339325 3.5338812268028121 -0.024565629550431914
1.8718656227639185 3.5337743969614421 -0.024424818121929471
1.8762289458939043 3.5336678770972827 -0.024423550208199481
1.8805922690238901 3.5335611025714035 -0.024531401161613769
1.8849555921538759 3.5334537507183672 -0.024673298676667569
1.8893189152838616 3.5333458264530671 -0.024788360259397197
1.8936822384138476 3.5332374891262601 -0.024863778267926996
1.8980455615438334 3.5331289025010628 -0.024902449770584683
1.9024088846738192 3.5330202286940873 -0.024903692474047008
1.906772207803805 3.5329116198889245 -0.024875299978439694
1.911135530933791 3.5328031647931191 -0.024837252533678713
1.9154988540637767 3.5326948638527877 -0.024806162542329195
1.9198621771937625 3.5325866747297501 -0.024785700547760879
1.9242255003237483 3.53247855348818 -0.024775086750174626
1.9285888234537341 3.5323704567123442 -0.024774510676073416
1.9329521465837201 3.5322623433969214 -0.024781979152607731
1.9373154697137058 3.5321541891757007 -0.024792177857854425
1.9416787928436916 3.5320459934474391 -0.024800577454411481
1.9460421159736774 3.531937767452257 -0.024806128503770515
1.9504054391036634 3.5318295229782457 -0.024809039818469464
1.9547687622336491 3.5317212716523891 -0.024809259599170963
1.9591320853636349 3.5316130245202921 -0.024807296726811517
1.9634954084936207 3.5315047882692086 -0.024804563785117605
1.9678587316236065 3.5313965631917998 -0.024802294737557372
1.9722220547535925 3.5312883463064546 -0.024800788968595687
1.9765853778835782 3.5311801344502398 -0.024799990868663541
1.980948701013564 3.5310719245093551 -0.024799914377983102
1.9853120241435498 3.5309637135092804 -0.024800429802100111
1.9896753472735358 3.5308554996162154 -0.024801161915363284
1.9940386704035216 3.5307472827158253 -0.024801774796200028
1.9984019935335073 3.5306390635983362 -0.024802183208943798
2.0027653166634933 3.5305308431124582 -0.024802401877022682
2.0071286397934789 3.5304226220921029 -0.024802427106468957
2.0114919629234649 3.5303144013380705 -0.024802291889980982
2.0158552860534504 3.5302061813528334 -0.024802095831627523
2.0202186091834364 3.5300979621768285 -0.02480193030975018
2.0245819323134224 3.5299897436008143 -0.024801819545269041
2.028945255443408 3.529881525397045 -0.024801759665102244
2.033308578573394 3.5297733073421833 -0.024801751632217022
2.0376719017033795 3.529665089220698 -0.024801787069642933
2.0420352248333655 3.5295568708950142 -0.02480183955633733
2.0463985479633515 3.5294486523516224 -0.024801884253674546
2.0507618710933371 3.5293404336458738 -0.024801914290993717
2.0551251942233231 3.5292322148388848 -0.024801930680425986
2.0594885173533091 3.5291239959904708 -0.02480193317489789
2.0638518404832946 3.5290157771586261 -0.024801923897087554
2.0682151636132806 3.5289075583809897 -0.024801909850759703
2.0725784867432662 3.5287993396619104 -0.024801897782136071
2.0769418098732522 3.5286911209867622 -0.024801889637235147
2.0813051330032382 3.5285829023391422 -0.024801885153671075
2.0856684561332237 3.5284746837030303 -0.024801884393432588
2.0900317792632097 3.5283664650628253 -0.024801886819801305
2.0943951023931953 3.5282582464082379 -0.024801890577344107
2.0987584255231813 3.5281500277379045 -0.02480189383552784
2.1031217486531673 3.5280418090556847 -0.024801896043993299
2.1074850717831528 3.527933590365981 -0.024801897269980996
2.1118483949131388 3.5278253716730843 -0.0248018974983867
2.1162117180431244 3.5277171529811904 -0.024801896864679776
2.1205750411731104 3.5276089342931098 -0.024801895859762713
2.1249383643030963 3.5275007156092633 -0.024801894980186468
2.1293016874330819 3.5273924969286323 -0.024801894381450838
2.1336650105630679 3.5272842782500358 -0.024801894046319935
2.1380283336930539 3.5271760595723238 -0.024801893978616135
2.1423916568230394 3.5270678408943681 -0.024801894143973956
2.1467549799530254 3.526959622215402 -0.024801894412507568
2.151118303083011 3.5268514035352982 -0.024801894649912209
2.155481626212997 3.5267431848543245 -0.024801894812171658
2.159844949342983 3.5266349661727983 -0.024801894903704051
2.1642082724729685 3.5265267474910269 -0.024801894923701127
2.1685715956029545 3.5264185288093137 -0.024801894880725719
2.1729349187329401 3.5263103101278679 -0.024801894808821005
2.1772982418629261 3.5262020914467289 -0.024801894744619375
2.1816615649929121 3.5260938727658249 -0.024801894700816483
2.1860248881228976 3.5259856540850705 -0.024801894675818666
2.1903882112528836 3.525877435404384 -0.024801894669999519
2.1947515343828692 3.5257692167236834 -0.024801894681328613
2.1991148575128552 3.5256609980429117 -0.024801894700455351
2.2034781806428412 3.5255527793620582 -0.024801894717646357
2.2078415037728267 3.5254445606811413 -0.024801894729607171
2.2122048269028127 3.5253363420001835 -0.02480189473632621
2.2165681500327987 3.5252281233192075 -0.024801894738090982
2.2209314731627843 3.5251199046382338 -0.024801894735312441
2.2252947962927703 3.5250116859572791 -0.024801894730005849
2.2296581194227558 3.5249034672763471 -0.024801894725309432
2.2340214425527418 3.5247952485954319 -0.024801894722227002
2.2383847656827278 3.5246870299145274 -0.024801894720314903
2.2427480888127134 3.5245788112336287 -0.024801894719755985
2.2471114119426994 3.5244705925527291 -0.024801894720545087
2.2514747350726849 3.5243623738718246 -0.024801894721916917
2.2558380582026709 3.5242541551909139 -0.024801894723273848
2.2602013813326569 3.5241459365099983 -0.024801894724100035
2.2645647044626425 3.52403771782908 -0.024801894724636623
2.2689280275926285 3.52392949914816 -0.024801894724717402
2.2732913507226145 3.5238212804672409 -0.024801894724460788
2.2776546738526 3.5237130617863226 -0.024801894724192714
2.282017996982586 3.5236048431054061 -0.024801894723689606
2.2863813201125716 3.5234966244244914 -0.024801894723527448
2.2907446432425576 3.5233884057435767 -0.024801894723457861
2.2951079663725436 3.5232801870626629 -0.024801894723280142
2.2994712895025291 3.5231719683817491 -0.024801894723457521
2.3038346126325151 3.5230637497008344 -0.024801894723536371
2.3081979357625007 3.5229555310199197 -0.024801894723654256
2.3125612588924866 3.5228473123390041 -0.024801894723714534
2.3169245820224726 3.5227390936580889 -0.024801894723653305
2.3212879051524582 3.5226308749771733 -0.02480189472384552
2.3256512282824442 3.5225226562962573 -0.024801894723748556
2.3300145514124297 3.5224144376153421 -0.024801894723638841
2.3343778745424157 3.522306218934427 -0.024801894723564005
2.3387411976724017 3.5221980002535123 -0.024801894723660158
2.3431045208023873 3.5220897815725967 -0.024801894723663301
2.3474678439323733 3.521981562891682 -0.024801894723554558
2.3518311670623593 3.5218733442107668 -0.024801894723673498
2.3561944901923448 3.5217651255298517 -0.024801894723619374
2.3605578133223308 3.5216569068489365 -0.024801894723716928
2.3649211364523164 3.5215486881680209 -0.024801894723686171
2.3692844595823024 3.5214404694871058 -0.024801894723711651
2.3736477827122884 3.5213322508061902 -0.024801894723632902
2.3780111058422739 3.5212240321252755 -0.024801894723624682
2.3823744289722599 3.5211158134443599 -0.024801894723736284
2.3867377521022455 3.5210075947634447 -0.024801894723603449
2.3911010752322315 3.5208993760825296 -0.024801894723717854
2.3954643983622175 3.520791157401614 -0.0248018947236908
2.399827721492203 3.5206829387206988 -0.024801894723692215
2.404191044622189 3.5205747200397832 -0.024801894723713604
2.4085543677521746 3.5204665013588681 -0.024801894723626636
2.4129176908821606 3.5203582826779529 -0.024801894723647772
2.4172810140121466 3.5202500639970378 -0.024801894723642623
2.4216443371421321 3.5201418453161226 -0.024801894723649673
2.4260076602721181 3.5200336266352075 -0.024801894723626622
2.4303709834021041 3.5199254079542923 -0.024801894723704199
2.4347343065320897 3.5198171892733767 -0.024801894723729845
2.4390976296620757 3.5197089705924616 -0.024801894723549676
2.4434609527920612 3.5196007519115469 -0.02480189472363405
2.4478242759220472 3.5194925332306313 -0.024801894723782057
2.4521875990520332 3.5193843145497157 -0.024801894723708754
2.4565509221820188 3.5192760958688005 -0.024801894723556185
2.4609142453120048 3.5191678771878858 -0.024801894723629092
2.4652775684419903 3.5190596585069702 -0.024801894723795369
2.4696408915719763 3.5189514398260546 -0.024801894723668033
2.4740042147019623 3.5188432211451395 -0.024801894723698183
2.4783675378319479 3.5187350024642239 -0.024801894723712494
2.4827308609619338 3.5186267837833087 -0.024801894723625099
2.4870941840919194 3.5185185651023936 -0.024801894723655033
2.4914575072219054 3.5184103464214784 -0.024801894723622701
2.4958208303518914 3.5183021277405633 -0.02480189472371452
2.5001841534818769 3.5181939090596477 -0.024801894723692472
2.5045474766118629 3.5180856903787325 -0.02480189472368885
2.5089107997418489 3.5179774716978169 -0.024801894723717795
2.5132741228718345 3.5178692530169018 -0.024801894723613237
2.5176374460018205 3.5177610343359866 -0.024801894723697183
2.522000769131806 3.517652815655071 -0.024801894723771291
2.526364092261792 3.5175445969741554 -0.024801894723696243
2.530727415391778 3.5174363782932403 -0.024801894723609427
2.5350907385217636 3.5173281596123251 -0.024801894723733977
2.5394540616517496 3.5172199409314095 -0.024801894723627909
2.5438173847817351 3.5171117222504948 -0.024801894723622309
2.5481807079117211 3.5170035035695792 -0.024801894723750793
2.5525440310417071 3.5168952848886641 -0.024801894723540198
2.5569073541716927 3.5167870662077494 -0.024801894723651005
2.5612706773016787 3.5166788475268338 -0.0248018947237237
2.5656340004316642 3.5165706288459186 -0.024801894723627455
2.5699973235616502 3.5164624101650035 -0.024801894723634393
2.5743606466916362 3.5163541914840883 -0.024801894723695317
2.5787239698216218 3.5162459728031727 -0.024801894723757611
2.5830872929516078 3.5161377541222572 -0.02480189472375283
2.5874506160815938 3.5160295354413416 -0.024801894723702079
2.5918139392115793 3.5159213167604264 -0.02480189472361213
2.5961772623415653 3.5158130980795113 -0.024801894723717324
2.6005405854715509 3.5157048793985957 -0.024801894723691827
2.6049039086015369 3.5155966607176805 -0.024801894723688645
2.6092672317315229 3.5154884420367649 -0.024801894723719273
2.6136305548615084 3.5153802233558498 -0.024801894723607519
2.6179938779914944 3.5152720046749346 -0.024801894723718562
2.62235720112148 3.515163785994019 -0.024801894723691494
2.626720524251466 3.5150555673131039 -0.024801894723688718
2.631083847381452 3.5149473486321883 -0.024801894723719315
2.6354471705114375 3.5148391299512731 -0.024801894723607283
2.6398104936414235 3.514730911270358 -0.024801894723719468
2.6441738167714091 3.5146226925894424 -0.024801894723688094
2.6485371399013951 3.5145144739085272 -0.02480189472370143
2.6529004630313811 3.5144062552276116 -0.02480189472367187
2.6572637861613666 3.5142980365466969 -0.024801894723479018
2.6616271092913526 3.5141898178657822 -0.024801894723669324
2.6659904324213386 3.5140815991848666 -0.024801894723704025
2.6703537555513241 3.5139733805039515 -0.024801894723687833
2.6747170786813101 3.5138651618230359 -0.024801894723717896
2.6790804018112957 3.5137569431421207 -0.024801894723613844
2.6834437249412817 3.5136487244612056 -0.024801894723694665
2.6878070480712677 3.51354050578029 -0.024801894723773178
2.6921703712012532 3.5134322870993744 -0.024801894723691226
2.6965336943312392 3.5133240684184592 -0.024801894723635171
2.7008970174612248 3.5132158497375441 -0.024801894723636007
2.7052603405912108 3.5131076310566289 -0.024801894723688732
2.7096236637211968 3.5129994123757133 -0.024801894723774739
2.7139869868511823 3.5128911936947977 -0.024801894723690911
2.7183503099811683 3.5127829750138826 -0.024801894723634876
2.7227136331111539 3.5126747563329674 -0.024801894723637519
2.7270769562411399 3.5125665376520523 -0.024801894723682986
2.7314402793711259 3.5124583189711367 -0.024801894723796201
2.7358036025011114 3.5123501002902211 -0.024801894723610794
2.7401669256310974 3.5122418816093064 -0.024801894723628544
2.7445302487610834 3.5121336629283908 -0.024801894723735382
2.748893571891069 3.5120254442474756 -0.024801894723603182
2.753256895021055 3.5119172255665605 -0.024801894723719815
2.7576202181510405 3.5118090068856449 -0.024801894723690824
2.7619835412810265 3.5117007882047298 -0.024801894723690151
2.7663468644110125 3.5115925695238142 -0.024801894723714264
2.7707101875409981 3.511484350842899 -0.024801894723626063
2.7750735106709841 3.5113761321619839 -0.024801894723649406
2.7794368338009696 3.5112679134810687 -0.024801894723644233
2.7838001569309556 3.5111596948001536 -0.024801894723641586
2.7881634800609416 3.5110514761192384 -0.024801894723649787
2.7925268031909272 3.5109432574383233 -0.024801894723627187
2.7968901263209132 3.5108350387574081 -0.024801894723709385
2.8012534494508987 3.5107268200764925 -0.024801894723708529
2.8056167725808847 3.5106186013955774 -0.024801894723629762
2.8099800957108707 3.5105103827146622 -0.024801894723632787
2.8143434188408563 3.5104021640337471 -0.024801894723707033
2.8187067419708423 3.5102939453528315 -0.024801894723712331
2.8230700651008283 3.5101857266719163 -0.024801894723609316
2.8274333882308138 3.5100775079910012 -0.024801894723718351
2.8317967113607998 3.5099692893100856 -0.02480189472369055
2.8361600344907854 3.5098610706291704 -0.024801894723692704
2.8405233576207713 3.5097528519482548 -0.024801894723711897
2.8448866807507573 3.5096446332673397 -0.024801894723625397
2.8492500038807429 3.5095364145864245 -0.024801894723654454
2.8536133270107289 3.5094281959055094 -0.024801894723624707
2.8579766501407144 3.5093199772245942 -0.024801894723714645
2.8623399732707004 3.5092117585436786 -0.024801894723689967
2.8667032964006864 3.5091035398627635 -0.02480189472369116
2.871066619530672 3.5089953211818479 -0.024801894723718642
2.875429942660658 3.5088871025009327 -0.024801894723607509
2.8797932657906435 3.5087788838200176 -0.024801894723719246
2.8841565889206295 3.508670665139102 -0.024801894723688777
2.8885199120506155 3.5085624464581868 -0.024801894723691341
2.8928832351806011 3.5084542277772712 -0.02480189472371911
2.8972465583105871 3.5083460090963561 -0.024801894723605472
2.9016098814405731 3.5082377904154409 -0.02480189472371936
2.9059732045705586 3.5081295717345253 -0.024801894723690373
2.9103365277005446 3.5080213530536102 -0.024801894723692423
2.9146998508305302 3.5079131343726946 -0.024801894723713185
2.9190631739605162 3.5078049156917794 -0.024801894723628089
2.9234264970905022 3.5076966970108643 -0.024801894723634806
2.9277898202204877 3.5075884783299491 -0.024801894723700622
2.9321531433504737 3.5074802596490335 -0.024801894723735965
2.9365164664804593 3.5073720409681184 -0.024801894723528766
2.9408797896104453 3.5072638222872037 -0.024801894723711561
2.9452431127404313 3.5071556036062876 -0.024801894723790675
2.9496064358704168 3.5070473849253725 -0.024801894723604331
2.9539697590004028 3.5069391662444573 -0.024801894723659915
2.9583330821303884 3.5068309475635422 -0.024801894723623919
2.9626964052603744 3.506722728882627 -0.024801894723712324
2.9670597283903604 3.5066145102017114 -0.024801894723692472
2.9714230515203459 3.5065062915207963 -0.024801894723691039
2.9757863746503319 3.5063980728398807 -0.024801894723716616
2.9801496977803179 3.5062898541589655 -0.024801894723608182
2.9845130209103035 3.5061816354780504 -0.024801894723718569
2.9888763440402895 3.5060734167971348 -0.0248018947236908
2.993239667170275 3.5059651981162196 -0.024801894723691494
2.997602990300261 3.5058569794353041 -0.024801894723716491
3.001966313430247 3.5057487607543889 -0.024801894723608227
3.0063296365602326 3.5056405420734738 -0.024801894723718534
3.0106929596902186 3.5055323233925582 -0.02480189472369089
3.0150562828202041 3.505424104711643 -0.024801894723691164
3.0194196059501901 3.5053158860307274 -0.024801894723717733
3.0237829290801761 3.5052076673498123 -0.024801894723603595
3.0281462522101616 3.5050994486688971 -0.024801894723735819
3.0325095753401476 3.5049912299879815 -0.024801894723626369
3.0368728984701332 3.5048830113070668 -0.024801894723626625
3.0412362216001192 3.5047747926261512 -0.024801894723735056
3.0455995447301052 3.5046665739452361 -0.024801894723598821
3.0499628678600907 3.5045583552643205 -0.024801894724042907
3.0543261909900767 3.5044501365834053 -0.024801894722402816
3.0586895141200627 3.5043419179024911 -0.024801894727595506
3.0630528372500483 3.5042336992215737 -0.024801894709999092
3.0674161603800343 3.5041254805406647 -0.024801894771528058
3.0717794835100198 3.5040172618597265 -0.024801894557359254
3.0761428066400058 3.503909043178898 -0.024801895297240202
3.0805061297699918 3.5038008244976595 -0.024801892758282901
3.0848694528999774 3.5036926058179501 -0.024801901404798952
3.0892327760299634 3.5035843871325345 -0.024801872229656585
3.0935960991599489 3.5034761684684157 -0.024801969564375633
3.0979594222899349 3.5033679497248151 -0.024801649405709468
3.1023227454199209 3.5032597312778431 -0.02480268340654319
3.1066860685499065 3.5031515117238397 -0.02479942475384227
3.1110493916798925 3.503043296301334 -0.02480934589385439
3.115412714809878 3.502935065459869 -0.024780680673462001
3.119776037939864 3.5028268921627426 -0.024856457137767234
3.12413936106985 3.502718504107222 -0.024690108923290075
3.1285026841998356 3.502610917540939 -0.024876318904412012
3.1328660073298216 3.502500339776101 -0.025803360421387648
3.1372293304598076 3.5024009253162438 -0.016290257877204898
3.1415926535897931 3.5023588427654118 -0.0063217863843068774
3.1459559767197791 3.5023167602145797 -0.01629025787727122
3.1503192998497647 3.5022173457547221 -0.025803360421433733
3.1546826229797507 3.5021067679898841 -0.024876318904473668
3.1590459461097367 3.5019991814236007 -0.024690108923295231
3.1634092692397222 3.5018907933680805 -0.024856457137685039
3.1677725923697082 3.5017826200709541 -0.024780680673487886
3.1721359154996938 3.501674389229489 -0.024809345893833042
3.1764992386296798 3.5015661738069834 -0.024799424753901768
3.1808625617596658 3.5014579542529796 -0.024802683406624282
3.1852258848896513 3.5013497358060075 -0.024801649405630927
3.1895892080196373 3.5012415170624074 -0.02480196956431098
3.1939525311496229 3.5011332983982886 -0.024801872229688403
3.1983158542796088 3.501025079712873 -0.024801901404736326
3.2026791774095948 3.500916861033164 -0.024801892758188695
3.2070425005395804 3.5008086423519256 -0.024801895297374338
3.2114058236695664 3.5007004236710961 -0.024801894557535165
3.2157691467995524 3.5005922049901574 -0.024801894771598686
3.2201324699295379 3.5004839863092485 -0.024801894709846006
3.2244957930595239 3.500375767628332 -0.024801894727526544
3.2288591161895095 3.5002675489474173 -0.024801894722526408
3.2332224393194955 3.5001593302665022 -0.024801894723930424
3.2375857624494815 3.500051111585587 -0.024801894723612248
3.241949085579467 3.4999428929046714 -0.024801894723793846
3.246312408709453 3.4998346742237558 -0.024801894723690952
3.2506757318394386 3.4997264555428407 -0.024801894723615617
3.2550390549694246 3.4996182368619255 -0.024801894723714513
3.2594023780994106 3.4995100181810099 -0.024801894723692021
3.2637657012293961 3.4994017995000948 -0.024801894723690661
3.2681290243593821 3.4992935808191792 -0.0248018947237186
3.2724923474893677 3.499185362138264 -0.024801894723608199
3.2768556706193537 3.4990771434573489 -0.024801894723716536
3.2812189937493397 3.4989689247764333 -0.024801894723691355
3.2855823168793252 3.4988607060955181 -0.024801894723691317
3.2899456400093112 3.4987524874146025 -0.024801894723716619
3.2943089631392972 3.4986442687336874 -0.024801894723607876
3.2986722862692828 3.4985360500527722 -0.024801894723719811
3.3030356093992688 3.4984278313718566 -0.024801894723686144
3.3073989325292543 3.4983196126909415 -0.024801894723708865
3.3117622556592403 3.4982113940100259 -0.024801894723651668
3.3161255787892263 3.4981031753291112 -0.024801894723544819
3.3204889019192119 3.497994956648196 -0.02480189472373167
3.3248522250491979 3.4978867379672804 -0.02480189472370177
3.3292155481791834 3.4977785192863653 -0.024801894723634494
3.3335788713091694 3.4976703006054501 -0.024801894723628187
3.3379421944391554 3.497562081924535 -0.024801894723713112
3.342305517569141 3.4974538632436194 -0.024801894723692645
3.346668840699127 3.4973456445627042 -0.024801894723689571
3.351032163829113 3.4972374258817887 -0.024801894723714756
3.3553954869590985 3.4971292072008735 -0.024801894723624675
3.3597588100890845 3.4970209885199584 -0.024801894723654461
3.3641221332190701 3.4969127698390432 -0.024801894723625394
3.3684854563490561 3.496804551158128 -0.02480189472371189
3.372848779479042 3.4966963324772125 -0.024801894723692736
3.3772121026090276 3.4965881137962973 -0.024801894723690435
3.3815754257390136 3.4964798951153817 -0.024801894723718767
3.3859387488689991 3.4963716764344666 -0.024801894723607748
3.3903020719989851 3.4962634577535514 -0.024801894723718167
3.3946653951289711 3.4961552390726358 -0.024801894723685262
3.3990287182589567 3.4960470203917207 -0.024801894723714048
3.4033920413889427 3.4959388017108051 -0.024801894723631791
3.4077553645189282 3.4958305830298904 -0.024801894723626712
3.4121186876489142 3.4957223643489748 -0.024801894723729279
3.4164820107789002 3.4956141456680596 -0.024801894723621844
3.4208453339088858 3.4955059269871445 -0.024801894723651255
3.4252086570388718 3.4953977083062293 -0.024801894723641076
3.4295719801688578 3.4952894896253142 -0.024801894723644812
3.4339353032988433 3.495181270944399 -0.024801894723647619
3.4382986264288293 3.4950730522634839 -0.024801894723632641
3.4426619495588149 3.4949648335825687 -0.024801894723689731
3.4470252726888009 3.4948566149016531 -0.024801894723781692
3.4513885958187869 3.4947483962207375 -0.02480189472365452
3.4557519189487724 3.4946401775398228 -0.024801894723468158
3.4601152420787584 3.4945319588589081 -0.024801894723730102
3.464478565208744 3.4944237401779921 -0.024801894723784697
3.46884188833873 3.4943155214970769 -0.024801894723609708
3.473205211468716 3.4942073028161618 -0.024801894723636801
3.4775685345987015 3.4940990841352466 -0.024801894723711006
3.4819318577286875 3.493990865454331 -0.024801894723692441
3.4862951808586731 3.4938826467734159 -0.024801894723692503
3.4906585039886591 3.4937744280925003 -0.024801894723710801
3.4950218271186451 3.4936662094115851 -0.024801894723629966
3.4993851502486306 3.49355799073067 -0.024801894723637277
3.5037484733786166 3.4934497720497548 -0.024801894723688864
3.5081117965086026 3.4933415533688392 -0.02480189472377296
3.5124751196385882 3.4932333346879236 -0.024801894723697909
3.5168384427685742 3.4931251160070085 -0.024801894723608654
3.5212017658985597 3.4930168973260933 -0.024801894723735392
3.5255650890285457 3.4929086786451777 -0.024801894723623034
3.5299284121585317 3.492800459964263 -0.024801894723632815
3.5342917352885173 3.4926922412833474 -0.024801894723713632
3.5386550584185033 3.4925840226024323 -0.024801894723685918
3.5430183815484888 3.4924758039215167 -0.024801894723715943
3.5473817046784748 3.4923675852406015 -0.024801894723623572
3.5517450278084608 3.4922593665596864 -0.024801894723650131
3.5561083509384463 3.4921511478787712 -0.024801894723643844
3.5604716740684323 3.4920429291978561 -0.024801894723642411
3.5648349971984179 3.4919347105169409 -0.02480189472365444
3.5691983203284039 3.4918264918360258 -0.024801894723607765
3.5735616434583899 3.4917182731551106 -0.024801894723774844
3.5779249665883754 3.4916100544741946 -0.024801894723771454
3.5822882897183614 3.4915018357932794 -0.024801894723617931
3.5866516128483474 3.4913936171123643 -0.024801894723617175
3.591014935978333 3.4912853984314491 -0.024801894723781293
3.595378259108319 3.4911771797505331 -0.024801894723736222
3.5997415822383045 3.4910689610696184 -0.024801894723447085
3.6041049053682905 3.4909607423887037 -0.024801894723732693
3.6084682284982765 3.4908525237077876 -0.024801894723787826
3.6128315516282621 3.4907443050268725 -0.024801894723594585
3.6171948747582481 3.4906360863459573 -0.024801894723701763
3.6215581978882336 3.4905278676650418 -0.024801894723771607
3.6259215210182196 3.4904196489841262 -0.024801894723690425
3.6302848441482056 3.490311430303211 -0.024801894723632381
3.6346481672781912 3.4902032116222959 -0.024801894723647994
3.6390114904081772 3.4900949929413807 -0.024801894723643567
3.6433748135381627 3.4899867742604656 -0.024801894723645652
3.6477381366681487 3.4898785555795504 -0.024801894723641759
3.6521014597981347 3.4897703368986353 -0.024801894723647664
3.6564647829281203 3.4896621182177201 -0.0248018947236355
3.6608281060581063 3.4895538995368049 -0.024801894723678268
3.6651914291880923 3.4894456808558894 -0.024801894723817108
3.6695547523180778 3.4893374621749733 -0.024801894723837228
3.6739180754480638 3.4892292434940573 -0.024801894723923239
3.6782813985780494 3.4891210248131408 -0.024801894723864397
3.6826447217080354 3.4890128061322252 -0.024801894723708428
3.6870080448380214 3.48890458745131 -0.024801894723467572
3.6913713679680069 3.4887963687703967 -0.024801894723067878
3.6957346910979929 3.4886881500894846 -0.024801894722770175
3.7000980142279785 3.4885799314085739 -0.024801894722528667
3.7044613373579645 3.4884717127276632 -0.024801894722876423
3.7088246604879505 3.4883634940467498 -0.024801894723551314
3.713187983617936 3.4882552753658334 -0.024801894724480925
3.717551306747922 3.4881470566849115 -0.024801894725888923
3.7219146298779076 3.4880388380039835 -0.024801894727265971
3.7262779530078936 3.487930619323051 -0.024801894727677781
3.7306412761378795 3.4878224006421199 -0.024801894726783246
3.7350045992678651 3.4877141819611954 -0.024801894724461166
3.7393679223978511 3.4876059632802847 -0.024801894720598683
3.7437312455278371 3.4874977445993935 -0.024801894715463128
3.7480945686578226 3.4873895259185255 -0.024801894710563408
3.7524578917878086 3.4872813072376729 -0.02480189470873383
3.7568212149177942 3.4871730885568177 -0.024801894712097223
3.7611845380477802 3.4870648698759359 -0.024801894720625221
3.7655478611777662 3.4869566511950061 -0.024801894734438255
3.7699111843077517 3.4868484325140034 -0.02480189475371633
3.7742745074377377 3.4867402138329142 -0.024801894772405651
3.7786378305677233 3.4866319951517646 -0.024801894779435577
3.7830011536977093 3.4865237764706247 -0.024801894767434541
3.7873644768276953 3.4864155577895803 -0.024801894736037215
3.7917277999576808 3.4863073391087154 -0.024801894684633854
3.7960911230876668 3.4861991204281191 -0.024801894613563368
3.8004544462176524 3.4860909017478443 -0.024801894543460771
3.8048177693476384 3.4859826830677996 -0.024801894515717769
3.8091810924776244 3.485874464387726 -0.024801894558468832
3.8135444156076099 3.4857662457073051 -0.024801894673832418
3.8179077387375959 3.4856580270262221 -0.02480189486364948
3.8222710618675819 3.4855498083441456 -0.024801895127292417
3.8266343849975675 3.4854415896608693 -0.024801895390952115
3.8309977081275535 3.4853333709767162 -0.024801895500408642
3.835361031257539 3.4852251522926414 -0.024801895347912033
3.839724354387525 3.4851169336098335 -0.024801894923587548
3.844087677517511 3.4850087149294686 -0.024801894222620541
3.8484510006474966 3.4849004962527785 -0.024801893244549785
3.8528143237774826 3.4847922775805644 -0.024801892253713348
3.8571776469074681 3.4846840589116868 -0.024801891823707341
3.8615409700374541 3.4845758402426252 -0.024801892367007063
3.8659042931674401 3.4844676215689447 -0.024801893925985714
3.8702676162974257 3.4843594028862586 -0.024801896514403041
3.8746309394274117 3.484251184189973 -0.024801900143828128
3.8789942625573972 3.4841429654769946 -0.024801903865102077
3.8833575856873832 3.4840347467513331 -0.024801905548070314
3.8877209088173692 3.4839265280259593 -0.0248019036173775
3.8920842319473548 3.4838183093174102 -0.024801897891476653
3.8964475550773408 3.4837100906420568 -0.024801888334256991
3.9008108782073267 3.4836018720170219 -0.024801874868974002
3.9051742013373123 3.4834936534542269 -0.024801860897873156
3.9095375244672983 3.4833854349396107 -0.024801854329195034
3.9139008475972838 3.4832772164253964 -0.024801861173382875
3.9182641707272698 3.4831689978499361 -0.024801882198712807
3.9226274938572558 3.4830607791521278 -0.024801917483153656
3.9269908169872414 3.4829525602681675 -0.024801967428969621
3.9313541401172274 3.4828443411522065 -0.024802019861831212
3.9357174632472129 3.4827361218533666 -0.024802045434829171
3.9400807863771989 3.4826279025475588 -0.024802021239023874
3.9444441095071849 3.4825196834645462 -0.024801944057280298
3.9488074326371705 3.4824114648324036 -0.024801813802046782
3.9531707557671565 3.4823032468888475 -0.024801628572123719
3.957534078897142 3.4821950298098612 -0.024801431875458958
3.961897402027128 3.4820868134245151 -0.024801332545758153
3.966260725157114 3.4819785970854595 -0.024801417822286367
3.9706240482870996 3.4818703799365043 -0.02480170106487763
3.9749873714170856 3.4817621611262837 -0.024802181865918746
3.9793506945470716 3.4816539397692265 -0.024802868696876298
3.9837140176770571 3.4815457151910993 -0.02480360629246801
3.9880773408070431 3.4814374879839751 -0.024803991288998215
3.9924406639370287 3.4813292605288875 -0.024803691759583413
3.9968039870670147 3.4812210360157496 -0.02480265263212544
4.0011673101970002 3.4811128176227317 -0.024800878051160442
4.0055306333269867 3.4810046086485467 -0.024798331705515
4.0098939564569722 3.4808964116718721 -0.024795566876012507
4.0142572795869578 3.4807882246524411 -0.024794077562739502
4.0186206027169442 3.4806800388371952 -0.024795125612245231
4.0229839258469298 3.4805718423436987 -0.02479893661513315
4.0273472489769153 3.4804636233072137 -0.024805485795573561
4.0317105721069009 3.4803553694410865 -0.02481492458607118
4.0360738952368873 3.4802470708988893 -0.024825284344724811
4.0404372183668729 3.480138734669775 -0.024831035138197798
4.0448005414968584 3.4800303929135845 -0.024827383958832511
4.0491638646268449 3.4799220898836398 -0.024813411815163992
4.0535271877568304 3.4798138698753518 -0.024789243877520226
4.057890510886816 3.4797057786502386 -0.024754261496707185
4.0622538340168024 3.4795978537485581 -0.024715458600128491
4.066617157146788 3.4794900713921186 -0.024693290110101216
4.0709804802767735 3.4793823134895789 -0.024705946815444746
4.0753438034067591 3.479274415264006 -0.024757154231933212
4.0797071265367455 3.4791662113371817 -0.02484633156944752
4.0840704496667311 3.4790575312756422 -0.024975965616818158
4.0884337727967166 3.4789482321603087 -0.025121248242027217
4.092797095926703 3.4788383942383772 -0.025206569858534943
4.0971604190566886 3.4787284508828282 -0.025162947711313326
4.1015237421866741 3.4786190155073382 -0.024975344137826566
4.1058870653166606 3.4785107055824529 -0.024646316381150109
4.1102503884466461 3.4784041558643639 -0.02416599909894562
4.1146137115766317 3.4782999097169753 -0.023622248391139106
4.1189770347066181 3.478197698914383 -0.023294349957077232
4.1233403578366037 3.4780959340536066 -0.023443687393450367
4.1277036809665892 3.4779923320962869 -0.024130723616400559
4.1320670040965748 3.4778845875061193 -0.025344600369182357
4.1364303272265612 3.4777703361785024 -0.027124024805077161
4.1407936503565468 3.4776475149735369 -0.029158367075912815
4.1451569734865323 3.4775170100013644 -0.030416756373589947
4.1495202966165188 3.4773846466190541 -0.029909574782643698
4.1538836197465043 3.4772589199911828 -0.027394564310572196
4.1582469428764899 3.4771484389624834 -0.022916589697218975
4.1626102660064763 3.4770620088342765 -0.01632521565773393
4.1669735891364619 3.47700745363497 -0.0087169185492795651
4.1713369122664474 3.4769818883668133 -0.0038938858042276824
4.1757002353964339 3.4769639769619012 -0.0055998967231638492
4.1800635585264194 3.47692211664494 -0.014802536073973331
4.184426881656405 3.4768241608639561 -0.031320426823860235
4.1887902047863905 3.4766373114423317 -0.055733389744497097
4.193153527916377 3.4763319323588884 -0.084177404955078958
4.1975168510463625 3.4759172427523422 -0.1026397531861464
4.2018801741763481 3.4754713325165847 -0.096968448063879054
4.2062434973063345 3.4751117375788865 -0.063311016337887729
4.2106068204363201 3.474958500785327 -0.002384612201987049
4.2149701435663056 3.4751338030306469 0.088020552252897455
4.2193334666962921 3.4757497619190789 0.19433348467100739
4.2236967898262776 3.4767776838010045 0.26489467103352576
4.2280601129562632 3.4779318357045641 0.24637125312821451
4.2324234360862487 3.4787756490388744 0.12332002537925085
4.2367867592162352 3.4788593704604787 -0.10192543225795669
4.2411500823462207 3.4777324526180271 -0.43286732175993026
4.2455134054762063 3.4749569939405056 -0.84968173668735325
4.2498767286061927 3.4703083355434021 -1.272852631334549
4.2542400517361783 3.4639622393128469 -1.6183441813356403
4.2586033748661638 3.456335805828072 -1.8605744250380467
4.2629666979961502 3.4478712020991864 -2.0027403624799582
4.2673300211261358 3.4390069390935589 -2.0429152566286546
4.2716933442561213 3.4301764433123907 -1.9916185868312619
4.2760566673861078 3.4216944250468506 -1.8938182476939338
4.2804199905160933 3.4136467032634856 -1.7981205174000825
4.2847833136460789 3.4059772380433584 -1.7200414561220931
4.2891466367760644 3.398613104120455 -1.6580550395579203
4.2935099599060509 3.3914853312284423 -1.6116395567446531
4.2978732830360364 3.384523562307284 -1.5826421074766741
4.302236606166022 3.3776376396709655 -1.578763400257577
4.3065999292960084 3.3706969433147531 -1.6087872499820004
4.310963252425994 3.3635449700298548 -1.6754935099075616
4.3153265755559795 3.3560234485941001 -1.7779905287993532
4.319689898685966 3.3479717735066736 -1.9198855865675817
4.3240532218159515 3.3392348395764202 -2.0854644122299031
4.3284165449459371 3.3298458218385019 -2.2007431274458575
4.3327798680759235 3.320226453493567 -2.1807666528184888
4.3371431912059091 3.3110539262656498 -1.9965459257796569
4.3415065143358946 3.303034967661834 -1.6530446246706645
4.3458698374658802 3.2968799780855877 -1.1365644925945417
4.3502331605958666 3.2932855865092523 -0.50387811983901942
4.3545964837258522 3.2922392979468218 -0.038619660306699936
4.3589598068558377 3.2922201883090021 -0.074157083436268964
4.3633231299858242 3.2906911921882473 -0.72915112042261598
4.3676864531158097 3.2849747363492541 -1.9908442503736914
4.3720497762457953 3.2724071157762742 -3.8786768064925621
4.3764130993757817 3.2503321743020326 -6.3129196855647454
4.3807764225057673 3.2171442121556271 -8.8656181444637916
4.3851397456357528 3.1735428121568243 -11.021084085648365
4.3895030687657384 3.1218221892342841 -12.588640809453775
4.3938663918957248 3.0645203016613056 -13.58270935630035
4.3982297150257104 3.0041377564228116 -13.994377539201304
4.4025930381556959 2.9431801206686599 -13.867143561685225
4.4069563612856824 2.8835357764956173 -13.456861623051065
4.4113196844156679 2.8256992216559156 -13.079326188101785
4.4156830075456535 2.769172728867368 -12.856073160774359
4.4200463306756399 2.7132940980530966 -12.780451305852353
4.4244096538056255 2.6574276316011023 -12.852391071443968
4.428772976935611 2.6009343471121524 -13.062858601062771
4.4331363000655974 2.5433168216218212 -13.352988227887232
4.437499623195583 2.4843989136285503 -13.649050515440543
4.4418629463255686 2.4242418261368552 -13.920745952290245
4.4462262694555541 2.3629518175735864 -14.168838132235736
4.4505895925855405 2.300627877780864 -14.394591875720396
4.4549529157155261 2.2373695558381668 -14.596797314640932
4.4593162388455116 2.1732884729333741 -14.770344427348167
4.4636795619754981 2.1085257186932647 -14.908321992048384
4.4680428851054836 2.0432445427207733 -15.007987834164936
4.4724062082354692 1.9776121134942155 -15.069291376266611
4.4767695313654556 1.9117951606315324 -15.092784420557686
4.4811328544954412 1.8459591812920662 -15.077459449960564
4.4854961776254267 1.7802893494292376 -15.014113339634308
4.4898595007554132 1.7150246806213967 -14.89001856448516
4.4942228238853987 1.6504450858940707 -14.700151937015162
4.4985861470153843 1.5868365345369368 -14.445050738411638
4.5029494701453698 1.5244845004384628 -14.123764288582938
4.5073127932753563 1.4636752910448818 -13.739325527387367
4.5116761164053418 1.4046496096054633 -13.311335399566167
4.5160394395353274 1.3475364590231369 -12.866511823450544
4.5204027626653138 1.2923747470097351 -12.417126572386241
4.5247660857952994 1.2391826225620937 -11.963592166223517
4.5291294089252849 1.1879809965215298 -11.504360488915458
4.5334927320552714 1.138792815874641 -11.041912630015057
4.5378560551852569 1.0915980710426696 -10.59600715577292
4.5422193783152425 1.046259830984563 -10.195052746288667
4.5465827014452289 1.0025454409608321 -9.8518601578186651
4.5509460245752145 0.96020240977712601 -9.5662309940233765
4.5553093477052 0.91898084744507635 -9.3379981682404765
4.5596726708351856 0.87863055308774574 -9.1664537171879878
4.564035993965172 0.83891334421318442 -9.0465470990552905
4.5683993170951576 0.7996195503301361 -8.9713218038791567
4.5727626402251431 0.76056405335970212 -8.9371700104011893
4.5771259633551296 0.72156915846013137 -8.943494676435531
4.5814892864851151 0.68245640749076542 -8.9917127557647269
4.5858526096151007 0.64304435313201347 -9.0793334891595769
4.5902159327450871 0.60320083784608414 -9.1830690101395529
4.5945792558750727 0.5629346903208029 -9.2677373978619606
4.5989425790050582 0.52237736184907757 -9.3161101208807331
4.6033059021350438 0.48168974216273086 -9.3277337532189772
4.6076692252650302 0.44102902754036505 -9.3039495819431757
4.6120325483950158 0.40055092460649555 -9.2434095268573486
4.6163958715250013 0.36043612033698447 -9.1340136079492442
4.6207591946549877 0.32094038139054981 -8.9567136135540295
4.6251225177849733 0.28238677683402014 -8.7019076556724482
4.6294858409149588 0.24511470145682343 -8.3695530307074666
4.6338491640449453 0.20946147854595043 -7.9596219611638697
4.6382124871749308 0.1757658783867202 -7.472697638031689
4.6425758103049164 0.14434962437412613 -6.9172007705139338
4.6469391334349028 0.11548216904336697 -6.3065247051212516
4.6513024565648884 0.089384880609488376 -5.6476744857803212
4.6556657796948739 0.066266256798244938 -4.9411460301402146
4.6600291028248595 0.046336163573943323 -4.1858589887365873
4.6643924259548459 0.029806832537033395 -3.3830716186443732
4.6687557490848315 0.016860522718674199 -2.5478123700883937
4.673119072214817 0.0075840215352373421 -1.704958252840683
4.6774823953448035 0.0019734219806161199 -0.86797111627066215
4.681845718474789 0 -0.037546390541245103
4.6862090416047746 0.0016376285032672641 0.78728208995429316
4.690572364734761 0.0068612337305354095 1.6058548508733119
4.6949356878647466 0.015632306038208754 2.4113300073367374
4.6992990109947321 0.027867881190582797 3.1919320139397467
4.7036623341247186 0.04344140449828271 3.9410696228151418
4.7080256572547041 0.062214052785988273 4.6584775929851707
4.7123889803846897 0.084048340837934915 5.3442928598677071
4.7167523035146752 0.10880593949827323 5.9985725855330667
4.7211156266446617 0.13635540636688626 6.6251059202760851
4.7254789497746472 0.16659033203183599 7.2306255001662176
4.7298422729046328 0.19942949075218858 7.8189380622197042
4.7342055960346192 0.23479876434268515 8.3902858343378348
4.7385689191646048 0.27262343279684914 8.944366181437573
4.7429322422945903 0.31282807086352754 9.4812487436380408
4.7472955654245768 0.35534246622717292 10.004056855517195
4.7516588885545623 0.40011823003346497 10.518816395842173
4.7560222116845479 0.44712977641458734 11.028983400281938
4.7603855348145334 0.49635753174596942 11.53451973998612
4.7647488579445199 0.54778101418707204 12.03563116534391
4.7691121810745054 0.60138144034499796 12.532076126940202
4.773475504204491 0.65712599562933027 13.016135697832439
4.7778388273344774 0.71492968721668215 13.473404884011448
4.782202150464463 0.77465183842643925 13.895062078026719
4.7865654735944485 0.83613389348414358 14.280220544190307
4.7909287967244349 0.89921844282291818 14.629744147536602
4.7952921198544205 0.96375019207282642 14.943306540214161
4.7996554429844061 1.0295569456427811 15.211183127197828
4.8040187661143925 1.0963984933230857 15.414214805628147
4.808382089244378 1.1639595232301965 15.540363067547903
4.8127454123743636 1.2319006032442541 15.58872108739455
4.8171087355043491 1.2998842736812501 15.559726969451409
4.8214720586343356 1.3675722325882913 15.453312167715168
4.8258353817643211 1.4346326038038941 15.273151709240645
4.8301987048943067 1.5007586946495968 15.026346968032694
4.8345620280242931 1.5656720183264166 14.717525242695256
4.8389253511542787 1.6291043008074451 14.347490683898386
4.8432886742842642 1.6907871046602738 13.915308825855888
4.8476519974142507 1.7504482647344868 13.421238041561317
4.8520153205442362 1.8078436688624637 12.881904124947104
4.8563786436742218 1.8628482968302067 12.331714933292011
4.8607419668042082 1.9154759597608315 11.793748235491952
4.8651052899341938 1.9657899853281087 11.270783567299491
4.8694686130641793 2.013851378659774 10.761073224205356
4.8738319361941649 2.059717776500348 10.264915693748707
4.8781952593241513 2.1034698598308381 9.7963928504928557
4.8825585824541369 2.1452920199098711 9.3860286929677894
4.8869219055841224 2.1854936603906472 9.0549034780378008
4.8912852287141089 2.2244296516355684 8.80538497739572
4.8956485518440944 2.2624524243685213 8.6365050820845788
4.90001187497408 2.2999152195633639 8.5486481711984155
4.9043751981040664 2.3371655133802651 8.5378383302177401
4.908738521234052 2.3745210595967299 8.5951956392089546
4.9131018443640375 2.4122628969748732 8.7145367023019933
4.9174651674940231 2.4506584244551544 8.894853587211033
4.9218284906240095 2.4899751025080676 9.1370256733146178
4.9261918137539951 2.5304846657633719 9.4415243757733087
4.9305551368839806 2.5724322651631084 9.7902457526866602
4.9349184600139671 2.6159228258674752 10.140444413415079
4.9392817831439526 2.6608813635466775 10.461097063041549
4.9436451062739382 2.7071642632498696 10.748158679043161
4.9480084294039246 2.7546306607517077 11.003536966773162
4.9523717525339102 2.8031417366256735 11.226943287015123
4.9567350756638957 2.852545475988892 11.409957863897375
4.9610983987938821 2.9026245795905714 11.532589687609235
4.9654617219238677 2.953076435044689 11.579679357258804
4.9698250450538533 3.0035631383768329 11.548933786391082
4.9741883681838388 3.0537476642032142 11.441024087315322
4.9785516913138252 3.1032914755330787 11.255123667272155
4.9829150144438108 3.1518655911929567 10.99939857661327
4.9872783375737963 3.1992097535845061 10.695832152388149
4.9916416607037828 3.2451589773737122 10.36108022952858
4.9960049838337683 3.2895849160433697 9.9972315099194393
5.0003683069637539 3.3323574838119328 9.6032705158498963
5.0047316300937403 3.3733453460823988 9.1791160039248965
5.0090949532237259 3.4124258976119033 8.7312516649923673
5.0134582763537114 3.4495303699521456 8.2768412941880012
5.0178215994836979 3.4846651991016349 7.8294682422707194
5.0221849226136834 3.5178689255778739 7.3914155212179864
5.026548245743669 3.5491797153823743 6.9617836754329874
5.0309115688736545 3.5786348833860533 6.5410448227971809
5.035274892003641 3.6062767724524076 6.1310817461429901
5.0396382151336265 3.6321578879473808 5.7343354113114966
5.0440015382636121 3.6563410414663258 5.3532324354742808
5.0483648613935985 3.6788979924963519 4.9888635426653885
5.0527281845235841 3.6999022234527392 4.6417759349364207
5.0570915076535696 3.71943025301149 4.3119622572966705
5.0614548307835561 3.7375349073613697 3.9847025524489803
5.0658181539135416 3.7541568141214179 3.625452196130416
5.0701814770435272 3.7690829424188683 3.2043197917358741
5.0745448001735127 3.7820190526470556 2.713932740597452
5.0789081233034992 3.7926660518086845 2.154500875855629
5.0832714464334847 3.8007180737589721 1.5245636448453233
5.0876347695634703 3.8059217498429012 0.86119116708936705
5.0919980926934567 3.8083243760161816 0.26037989126448591
5.0963614158234423 3.8084070742873664 -0.19392751548501236
5.1007247389534278 3.8068747186194769 -0.48138083617768918
5.1050880620834143 3.8044447258815364 -0.60485922717741614
5.1094513852133998 3.8018385072122944 -0.56182615551888648
5.1138147083433854 3.7997260395216355 -0.39216590996650136
5.1181780314733718 3.7984408817991873 -0.20554536306430249
5.1225413546033574 3.7978146899467458 -0.099799803559819503
5.1269046777333429 3.7974169605468204 -0.099251818468893485
5.1312680008633285 3.796801118636393 -0.20007322238972444
5.1356313239933149 3.7955207208304498 -0.40421368428956622
5.1399946471233005 3.7931607234675346 -0.68602338767681814
5.144357970253286 3.7895264920178322 -0.97302091378783928
5.1487212933832724 3.7847582887749489 -1.1989815034050735
5.153084616513258 3.7791778149180608 -1.3462793289186887
5.1574479396432436 3.7731204747360341 -1.4174727071756941
5.16181126277323 3.7669206162794753 -1.4112588501115861
5.1661745859032155 3.760894956361903 -1.3431391547458413
5.1705379090332011 3.7552226875505323 -1.2590878734647346
5.1749012321631875 3.7498679542104805 -1.2021175588932016
5.1792645552931731 3.7446756694555798 -1.1840373704288176
5.1836278784231586 3.7394811105261763 -1.2032006262649151
5.1879912015531442 3.7341194218898712 -1.2611013206362036
5.1923545246831306 3.7284399096576024 -1.3437646174954652
5.1967178478131162 3.7224219503528451 -1.4064292099337359
5.2010811709431017 3.7162582731741498 -1.405994839543153
5.2054444940730882 3.7102606505896354 -1.3310852297976803
5.2098078172030737 3.704748326405372 -1.1833207085202633
5.2141711403330593 3.7000473231816176 -0.95779859929822964
5.2185344634630457 3.6964460239966765 -0.6937275534012578
5.2228977865930313 3.6938574970265918 -0.52310216232844142
5.2272611097230168 3.6915557917967021 -0.57613978805530441
5.2316244328530024 3.688452308495676 -0.88867256897853819
5.2359877559829888 3.6834308021912072 -1.4555012918204024
5.2403510791129744 3.6753671191391328 -2.2860357548528958
5.2447144022429599 3.6631965014966217 -3.3124360631494585
5.2490777253729464 3.6465233624788116 -4.2957262558132445
5.2534410485029319 3.6261230969851344 -4.9944542418707814
5.2578043716329175 3.6034539442559663 -5.338807459739944
5.2621676947629039 3.5800348783690996 -5.3382408628688722
5.2665310178928895 3.5573908645447041 -4.9788697947434342
5.270894341022875 3.5369720940741769 -4.3540694883350257
5.2752576641528615 3.5192816440108707 -3.8068222173790365
5.279620987282847 3.5031222658585301 -3.6920691701406656
5.2839843104128326 3.4862761347118654 -4.1178177042133086
5.2883476335428181 3.4664206520273684 -5.0708308991421216
5.2927109566728046 3.4412350607538329 -6.5668200095988301
5.2970742798027901 3.4084704402830024 -8.5055197205612192
5.3014376029327757 3.3669279451251377 -10.500910467937462
5.3058009260627621 3.3173448112983781 -12.144205763213419
5.3101642491927477 3.2616520538904368 -13.304637505926507
5.3145275723227332 3.2019221557368724 -13.996016499483174
5.3188908954527196 3.1402059267352902 -14.211502786525761
5.3232542185827052 3.0785298618215506 -13.996264343839153
5.3276175417126908 3.0184185136801123 -13.538297028660734
5.3319808648426772 2.9604430620408491 -13.041050465201813
5.3363441879726627 2.9045725485064815 -12.572220939037503
5.3407075111026483 2.8506975181338787 -12.125543613497674
5.3450708342326338 2.7987253189354435 -11.700798937849926
5.3494341573626203 2.7485598088602563 -11.295976681253295
5.3537974804926058 2.7001432809232875 -10.895310903871547
5.3581608036225914 2.6534995065620777 -10.481429154345328
5.3625241267525778 2.6087022719414392 -10.049179147677917
5.3668874498825634 2.5658290688951335 -9.5996070515083627
5.3712507730125489 2.5249581675252859 -9.1305975520737856
5.3756140961425354 2.4861647654563663 -8.6511431188852015
5.3799774192725209 2.4494159861124327 -8.2038080144003818
5.3843407424025065 2.4144551943541495 -7.8374941217201499
5.388704065532492 2.380878624789327 -7.5690340120474149
5.3930673886624785 2.3482627146459745 -7.3969665034937186
5.397430711792464 2.3161867872053392 -7.3219311240754523
5.4017940349224496 2.2842314658751772 -7.3399527384342766
5.406157358052436 2.2520256124934543 -7.4322321572957719
5.4105206811824216 2.2192968116699938 -7.5768981935621058
5.4148840043124071 2.1858405414107964 -7.7656779461744208
5.4192473274423936 2.1514643780651288 -7.9985359376599749
5.4236106505723791 2.1159726057823298 -8.2778323208180922
5.4279739737023647 2.0791705064142585 -8.5957395421348011
5.4323372968323511 2.0409653865195354 -8.9103746718863999
5.4367006199623367 2.0014915118224148 -9.1709043335038789
5.4410639430923222 1.9610400861748503 -9.3585966268930516
5.4454272662223078 1.919926703443823 -9.4745404815666845
5.4497905893522942 1.8784620493382231 -9.5197173414128553
5.4541539124822798 1.8369579514702439 -9.4917019874252784
5.4585172356122653 1.7957541690337817 -9.3792243959017281
5.4628805587422518 1.7552520655447341 -9.1682295278744039
5.4672438818722373 1.7158978087552961 -8.85304642739891
5.4716072050022229 1.6781454104194549 -8.4342156951246015
5.4759705281322093 1.6424479379193528 -7.9105020482678272
5.4803338512621949 1.6092597865307101 -7.2860423272096035
5.4846971743921804 1.5789721089953661 -6.5880938241630043
5.4890604975221668 1.5518238852826973 -5.8515991846328363
5.4934238206521524 1.5279434161475252 -5.0902542483123092
5.497787143782138 1.5074397801397947 -4.3036466479583435
5.5021504669121235 1.4904262755612079 -3.4900449397952849
5.5065137900421099 1.4770158125194204 -2.6541528811415249
5.5108771131720955 1.4672586970154662 -1.8221972021436377
5.5152404363020811 1.4610586080526407 -1.0284239355700111
5.5196037594320675 1.4582070847732629 -0.28753720678274913
5.523967082562053 1.4584725289832021 0.40051576871000344
5.5283304056920386 1.4616271622781554 1.0369462115985506
5.532693728822025 1.4674432559067603 1.6195168875064172
5.5370570519520106 1.4756634389893373 2.1356192259175133
5.5414203750819961 1.4859586136580969 2.5682284727413891
5.5457836982119817 1.4979431383048891 2.9098597583374435
5.5501470213419681 1.5112196704681582 3.1605557889886549
5.5545103444719537 1.5253919997217087 3.320364025186235
5.5588736676019392 1.5400645097416863 3.3902387235440035
5.5632369907319257 1.5548524554169401 3.3741983670638214
5.5676003138619112 1.5693923713682194 3.2773201283282405
5.5719636369918968 1.5833389373020095 3.1023833419086433
5.5763269601218832 1.5963532544520596 2.8500842558328925
5.5806902832518688 1.608095662724728 2.5187502101910257
5.5850536063818543 1.6182235877402975 2.1118484309300172
5.5894169295118408 1.6264560638251992 1.6575379847808143
5.5937802526418263 1.6326781112808395 1.1961979548927724
5.5981435757718119 1.636911488287127 0.74629053188411265
5.6025068989017974 1.6392078668931411 0.30816917161200558
5.6068702220317839 1.6396150506479457 -0.1201346632279931
5.6112335451617694 1.6381775252805095 -0.53604122902610507
5.615596868291755 1.634991445438942 -0.91465719599510986
5.6199601914217414 1.6303042275738451 -1.2186107402959374
5.624323514551727 1.6244907987100419 -1.4306127195069553
5.6286868376817125 1.6179529652401035 -1.5510408222643501
5.633050160811699 1.61108839128952 -1.5800405575639036
5.6374134839416845 1.6042966938297925 -1.5181575358315282
5.6417768070716701 1.59795889966895 -1.3745027832430168
5.6461401302016565 1.5924006969306457 -1.1629163162580511
5.6505034533316421 1.5878997171502023 -0.89001639583665759
5.6548667764616276 1.5847224567429914 -0.55618718247957866
5.6592300995916132 1.5831365754213462 -0.16012989367841285
5.6635934227215996 1.5834131525630823 0.29649551390158435
5.6679567458515852 1.5857817399243601 0.7928289837583864
5.6723200689815707 1.5903413620421374 1.2956745038537776
5.6766833921115571 1.5970741053361095 1.7885315465789902
5.6810467152415427 1.605934511073323 2.2712588554953439
5.6854100383715283 1.6168809464888292 2.744613873882952
5.6897733615015147 1.6298714375322767 3.2081039763289576
5.6941366846315002 1.6448600529976498 3.65998683082984
5.6985000077614858 1.6617898268868254 4.0974166868042952
5.7028633308914722 1.6805934254311155 4.5188035604322483
5.7072266540214578 1.701200447306211 4.9241156877405645
5.7115899771514433 1.7235408607296561 5.313215090817951
5.7159533002814289 1.7475437401746585 5.6863250301988453
5.7203166234114153 1.7731469263251098 6.0481031508085854
5.7246799465414009 1.8003183695331164 6.4064246978476582
5.7290432696713864 1.8290546628444364 6.7655261940451998
5.7334065928013729 1.8593597994981792 7.1253675669537433
5.7377699159313584 1.891236480902488 7.4860723842589589
5.742133239061344 1.9246892990184361 7.8475980985651015
5.7464965621913304 1.9597103113436114 8.2026731179281356
5.750859885321316 1.9962427534426366 8.5382408067810527
5.7552232084513015 2.034182022187637 8.8473403487265827
5.7595865315812871 2.0734117792229023 9.1299116344615747
5.7639498547112735 2.1138175493203182 9.3863683614510656
5.7683131778412591 2.1552846842802635 9.616277914877136
5.7726765009712446 2.1976936617082687 9.817486880578322
5.7770398241012311 2.2409114244766322 9.9863844833886102
5.7814031472312166 2.2847911967474017 10.12082915068644
5.7857664703612022 2.3291813101665939 10.220201811513748
5.7901297934911886 2.3739292712469138 10.285189156193086
5.7944931166211742 2.4188868638408403 10.31603705673459
5.7988564397511597 2.4638813994110991 10.297190241204598
5.8032197628811462 2.5086305959181847 10.198447007860519
5.8075830860111317 2.5527377128085469 10.002122616537008
5.8119464091411173 2.5957751620568099 9.7092526928978486
5.8163097322711028 2.6373249220517092 9.3187476969534675
5.8206730554010893 2.6769495818161877 8.8271763989146734
5.8250363785310748 2.7143006172294974 8.2971362126589909
5.8293997016610604 2.7494896642104902 7.8591655511498626
5.8337630247910468 2.7831286183905588 7.5888493289439705
5.8381263479210324 2.8159561717414587 7.4844414590603332
5.8424896710510179 2.848683028780068 7.5452773602666534
5.8468529941810043 2.8820503462660585 7.7774561077989901
5.8512163173109899 2.9166775445250619 8.0944835952233785
5.8555796404409755 2.9525421123944868 8.3111777862968488
5.8599429635709619 2.9888986990675037 8.3164134217151009
5.8643062867009474 3.0248079228580722 8.1094798387101648
5.868669609830933 3.059363604683762 7.6937675706387418
5.8730329329609186 3.0916378797292299 7.0643435638415397
5.877396256090905 3.1207753857959877 6.2724886153347885
5.8817595792208905 3.1463011409082853 5.4293918945917659
5.8861229023508761 3.1681824161173116 4.6046168862271468
5.8904862254808625 3.1865144891935837 3.800802202545833
5.8948495486108481 3.2013751628950828 3.0138259133413823
5.8992128717408336 3.2128438823361694 2.2466513946199478
5.9035761948708201 3.2210317666756394 1.5144537424200633
5.9079395180008056 3.2261522708046995 0.84570753210733018
5.9123028411307912 3.2285340364047981 0.2608968361455099
5.9166661642607767 3.2285572081626626 -0.23578174943372496
5.9210294873907632 3.2266031742949806 -0.64533283498160887
5.9253928105207487 3.2230520125618796 -0.96798059046607932
5.9297561336507343 3.2182766585302311 -1.2076353395858643
5.9341194567807207 3.2126232706207514 -1.3717528374826813
5.9384827799107063 3.206408015970093 -1.4656308374262983
5.9428461030406918 3.1999327477433486 -1.4910846210854425
5.9472094261706783 3.1934981723787588 -1.4461853017211277
5.9515727493006638 3.1874144496128141 -1.3311219668233034
5.9559360724306494 3.1819260455691007 -1.1857351451892923
5.9602993955606358 3.1769850027341384 -1.0966969180673463
5.9646627186906214 3.1721822703094729 -1.1268035693490333
5.9690260418206069 3.1669664155377522 -1.2843619609777923
5.9733893649505925 3.1607905574782977 -1.5681133865566157
5.9777526880805789 3.15309702595107 -1.9790743456701949
5.9821160112105645 3.1434145227628623 -2.4624706771693825
5.98647933434055 3.1316815098696535 -2.8952671963696606
5.9908426574705365 3.1183550464463461 -3.1860872942841709
5.995205980600522 3.1041044614503814 -3.3209654567195135
5.9995693037305076 3.0895953233491307 -3.3037799200632731
6.003932626860494 3.0754968321275324 -3.1330719279139863
6.0082959499904796 3.0624367855509051 -2.8367674912980476
6.0126592731204651 3.0508295912323544 -2.479803653209367
6.0170225962504515 3.0408127606259741 -2.1116022672750261
6.0213859193804371 3.0324067240955923 -1.7404176792906632
6.0257492425104227 3.0256327405949501 -1.3637399839836069
6.0301125656404082 3.0205129260503862 -0.98219554923049823
6.0344758887703946 3.0170736854199007 -0.59225067689356559
6.0388392119003802 3.0153691570486369 -0.18539679828039501
6.0432025350303658 3.0154900219425027 0.24499106892805761
6.0475658581603522 3.017542946542997 0.70002008548845018
6.0519291812903377 3.0216344373415982 1.1795174284385215
6.0562925044203233 3.0278721745538824 1.6837642485823734
6.0606558275503097 3.0363554277070222 2.2068329955298585
6.0650191506802953 3.0471362078806665 2.7338774415870284
6.0693824738102808 3.0602014747188315 3.2529914602897487
6.0737457969402664 3.0755090256837576 3.7618692733843546
6.0781091200702528 3.093016173698707 4.2612565366410591
6.0824724432002384 3.1126818571262622 4.7512608305312165
6.0868357663302239 3.1344582016653182 5.2271397046352233
6.0911990894602104 3.1582588103565294 5.6765851088399319
6.0955624125901959 3.1839425185114076 6.0894299484324357
6.0999257357201815 3.2113429052794107 6.4636302776678312
6.1042890588501679 3.2402929493567689 6.7997512750907214
6.1086523819801535 3.2706266130151858 7.0978395877315812
6.113015705110139 3.3021747354646673 7.3556724465520134
6.1173790282401255 3.3347496797415639 7.5672437403452495
6.121742351370111 3.368136664112416 7.7274340327741573
6.1261056745000966 3.4021080669589114 7.8352357569046127
6.1304689976300821 3.4364360667519018 7.8908331136968934
6.1348323207600686 3.4708922082755516 7.8939237268048341
6.1391956438900541 3.50525238624 7.8480879985847336
6.1435589670200397 3.5393233510136679 7.763512272675702
6.1479222901500261 3.572958296547069 7.6490178149468662
6.1522856132800117 3.606032927698327 7.5065428331583472
6.1566489364099972 3.6384238239842834 7.3355919614259157
6.1610122595399837 3.6700065181807875 7.1360901404556962
6.1653755826699692 3.700659956635215 6.9104602861261171
6.1697389057999548 3.7302832698388779 6.6653103882436344
6.1741022289299412 3.7588059808511853 6.4065595573848624
6.1784655520599268 3.7861735164366204 6.1357543341678893
6.1828288751899123 3.8123326480355093 5.8526485587038541
6.1871921983198979 3.8372286422580526 5.5565702159483683
6.1915555214498843 3.8608116709463909 5.2527914700399156
6.1959188445798699 3.8830824982637031 4.9590529861831305
6.2002821677098554 3.9041257428140894 4.6915587237748966
6.2046454908398418 3.9240670153003379 4.4535903376905646
6.2090088139698274 3.9430321685448853 4.2441678092271911
6.213372137099813 3.9611495992565926 4.0658450749974868
6.2177354602297994 3.9785351958938699 3.9025354151942699
6.2220987833597849 3.9951432991064548 3.6963596414037072
6.2264621064897705 4.0106508737012865 3.3931395539954168
6.2308254296197561 4.0245962777862356 2.9814586118987121
6.2351887527497425 4.0365155002648905 2.4642332877268229
6.239552075879728 4.0459400893813537 1.8365321146650708
6.2439153990097136 4.0524250074537687 1.1282096462827229
6.2482787221397 4.0558278314550522 0.44893997704631722
6.2526420452696856 4.0565349395140577 -0.098188420787493388
6.2570053683996711 4.0552072846151557 -0.48284287289139655
6.2613686915296576 4.0525259584515165 -0.72681242802449453
6.2657320146596431 4.0491427248062042 -0.77959159490154895
6.2700953377896287 4.0458041427719635 -0.77640122160856972
6.2744586609196151 4.0426736534699934 -0.56260933787120349
6.2788219840496007 4.0408131646282062 -0.40470522625836525
6.2831853071795862 4.0390883578454027 -0.28363744824473769
