# q  U_kJmol  dU_dq   # conservative spline pchip_hermite_v1
0 0.60298582571322445 5.1446392075160734
0.0043633231299858239 0.60227188090102135 -1.3873381048862239
0.0087266462599716477 0.60441368815267049 1.3864391100949651
0.013089969389957472 0.61031901772084818 1.3743853877912158
0.017453292519943295 0.61644836896349853 1.3904563577104831
0.021816615649929118 0.62221780798120374 1.2447947401237784
0.026179938779914945 0.62729680915209307 1.0892027270732925
0.030543261909900768 0.63172827191297853 0.93730768560813726
0.034906585039886591 0.63545501915663427 0.77073855019353843
0.039269908169872414 0.63844674902048792 0.59902270980429895
0.043633231299858237 0.64067567887378407 0.42263182738901411
0.04799655442984406 0.64213571253718527 0.24679446405359279
0.05235987755982989 0.64283096685395524 0.072057175185622671
0.056723200689815713 0.64276607770397132 -0.10161600148927294
0.061086523819801536 0.64194564748092908 -0.27429393237533733
0.065449846949787352 0.64037396738273045 -0.44590217545080468
0.069813170079773182 0.63805749549469282 -0.61539375282239783
0.074176493209759012 0.63500838212475486 -0.78162749205497195
0.078539816339744828 0.63124150081674102 -0.94442901772094101
0.082903139469730658 0.62677145886972141 -1.1039477013001842
0.087266462599716474 0.62161295735629196 -1.2598790147825634
0.091629785729702304 0.61578065064124254 -1.4132593387235142
0.09599310885968812 0.60927571308561657 -1.5695479607032501
0.10035643198967395 0.60207073750022677 -1.7347907441172796
0.10471975511965978 0.59412140394756541 -1.910624523390031
0.1090830782496456 0.58538223771257902 -2.0968784131688367
0.11344640137963143 0.57580769902937712 -2.2934378126566357
0.11780972450961724 0.56535324413621646 -2.5002919340471661
0.12217304763960307 0.5539703919759057 -2.7196208122968137
0.1265363707695889 0.54159816662792271 -2.9540130155421158
0.1308996938995747 0.52816934965869533 -3.2038171073098596
0.13526301702956053 0.51361767148837756 -3.4686899174054791
0.13962634015954636 0.4978762728906278 -3.7494085903810772
0.14398966328953219 0.48087909938918233 -4.0430598238938407
0.14835298641951802 0.46259581304432162 -4.3354094957328799
0.15271630954950383 0.44307136453370088 -4.6099858751996008
0.15707963267948966 0.42240000658877674 -4.8612477717979239
0.16144295580947549 0.40068260005966949 -5.0893906752416163
0.16580627893946132 0.3780187887959397 -5.2954671574012977
0.17016960206944712 0.3545073640594692 -5.4764943851374559
0.17453292519943295 0.3302912375970779 -5.6136023043209349
0.17889624832941878 0.30561636018978766 -5.6840745322650967
0.18325957145940461 0.28079584794882301 -5.6806227530247462
0.18762289458939044 0.25614983923507839 -5.604108990439336
0.19198621771937624 0.23199759979324186 -5.4541452885802153
0.19634954084936207 0.20865754431300548 -5.2326065563442823
0.2007128639793479 0.18642678189634615 -4.9476148994589604
0.20507618710933373 0.16555970571051726 -4.6088249425227144
0.20943951023931956 0.14627963873753885 -4.220227680536234
0.21380283336930536 0.12880316375583883 -3.7822010173157654
0.21816615649929119 0.11334830023170391 -3.2928887714127137
0.22252947962927702 0.10013422403128994 -2.7575548890125612
0.22689280275926285 0.089303354492776751 -2.2089785860762019
0.23125612588924865 0.080816432346406938 -1.6884659633631853
0.23561944901923448 0.074505516044421669 -1.2114018285570616
0.23998277214922031 0.070182846488060432 -0.77704181168757769
0.24434609527920614 0.067663955983368496 -0.38434112609597293
0.24870941840919197 0.066765579301463651 -0.035133531055011283
0.2530727415391778 0.067273684217562552 0.25654414979043438
0.25743606466916363 0.068893695114500136 0.47214158471778028
0.26179938779914941 0.071273389048309557 0.60488398453715087
0.26616271092913524 0.074053055096322443 0.65563710049896673
0.27052603405912107 0.076874039386633564 0.62329113644076262
0.2748893571891069 0.079376467823739638 0.51130733638475989
0.27925268031909273 0.081253384066749354 0.34249512446464597
0.28361600344907856 0.082326345916785365 0.1468989434720899
0.28797932657906439 0.082514602578741353 -0.062940924982070739
0.29234264970905022 0.081756410478905348 -0.2869939857693925
0.29670597283903605 0.079986962488550931 -0.52696044349209226
0.30106929596902182 0.077139620652144081 -0.7794351039305214
0.30543261909900765 0.073202823962741539 -1.0197292027176257
0.30979594222899348 0.068307772536050609 -1.2139795534316431
0.31415926535897931 0.062696652175813342 -1.3478642103206406
0.31852258848896514 0.056632511282206879 -1.4218819399801446
0.32288591161895097 0.05037528508622359 -1.4361560145373682
0.3272492347489368 0.044185509169534246 -1.3914222656291033
0.33161255787892263 0.038310088402663173 -1.2935731105052029
0.33597588100890846 0.032962620398323372 -1.1505752187718215
0.34033920413889424 0.028329670314855282 -0.96615602489657504
0.34470252726888007 0.024591026310473586 -0.74068479000749043
0.3490658503988659 0.021927576986982493 -0.47285994790515423
0.35342917352885173 0.020522158009310995 -0.16542319098606872
0.35779249665883756 0.020510408281917254 0.16017928395033074
0.36215581978882339 0.02190164647191202 0.47317245671309544
0.36651914291880922 0.024600380653758469 0.7591887519766346
0.37088246604879505 0.028487405423937656 1.0181068494791869
0.37524578917878088 0.03344695053128828 1.2508372559068939
0.37960911230876665 0.039363308543193518 1.4562642924116158
0.38397243543875248 0.046106548380015558 1.6282038992263148
0.38833575856873831 0.053510230588400487 1.7576272261744172
0.39269908169872414 0.06137624100376031 1.8399544977074271
0.39706240482870997 0.06949829058323452 1.8751351066671731
0.4014257279586958 0.077671006978133714 1.8629608974435601
0.40578905108868163 0.085687871220932257 1.8041570150801254
0.41015237421866746 0.093359468474305804 1.7070026116458152
0.41451569734865329 0.10054688253169933 1.5841361684658759
0.41887902047863912 0.10715534701223407 1.4418000932714989
0.42324234360862489 0.11310083481426088 1.2801252424410039
0.42760566673861072 0.11829762129492112 1.098562423866023
0.43196898986859655 0.12265997684848216 0.89800699401865469
0.43633231299858238 0.126113735520129 0.68337388761827433
0.44069563612856821 0.12861365938108282 0.46194803565356574
0.44505895925855404 0.13014111496089492 0.23785610321119874
0.44942228238853987 0.13068608448721386 0.011522094760758944
0.4537856055185257 0.13023776931546543 -0.21748984319281758
0.45814892864851153 0.12878501557975891 -0.44864142151806835
0.46251225177849731 0.12632445962865996 -0.67853801851431828
0.46687557490848314 0.12287304573982084 -0.90197754966968258
0.47123889803846897 0.11846688712051061 -1.1160206860267319
0.4756022211684548 0.11314823085974561 -1.3202298963153725
0.47996554429844063 0.10695917101178268 -1.5151825070896212
0.48432886742842646 0.099939872440755709 -1.7004383757766492
0.48869219055841229 0.092147008980016154 -1.8671564284134983
0.49305551368839812 0.083694894928607655 -2.0001597073415285
0.49741883681838395 0.074753032570117478 -2.0914219890680883
0.50178215994836972 0.065504812036975515 -2.140732080589935
0.50614548307835561 0.056131931737502624 -2.1485755397286463
0.51050880620834138 0.046815603046024265 -2.1147193319289639
0.51487212933832727 0.037743029771805686 -2.035824802726578
0.51923545246831304 0.02912398125003135 -1.9058445969893183
0.52359877559829882 0.021190541808302571 -1.7214492183141592
0.5279620987282847 0.014180504292818863 -1.4827364605453168
0.53232542185827048 0.0083306338690666976 -1.1894263376444913
0.53668874498825636 0.0038798490894699847 -0.84176702133306081
0.54105206811824214 0.001050123653921535 -0.44921567337964818
0.54541539124822802 0 -0.028958020840028686
0.5497787143782138 0.00082351209483487453 0.40924112564524356
0.55414203750819968 0.0035965082225960926 0.86477042392526782
0.55850536063818546 0.0083966826953501272 1.3386057339586517
0.56286868376817123 0.015303738221843111 1.8301050651898172
0.56723200689815712 0.024376608048765409 2.3279613614995931
0.57159533002814289 0.035597854072922548 2.8112557354085745
0.57595865315812877 0.048870031538237976 3.2674531981465207
0.58032197628811455 0.064070930830718589 3.6955770076903471
0.58468529941810043 0.081080501484968412 4.0965265800596153
0.58904862254808621 0.09977957398951505 4.4697712137240249
0.59341194567807209 0.12003842693267348 4.8098850459099358
0.59777526880805787 0.14169094784866726 5.1068266313283743
0.60213859193804364 0.1645318346568953 5.35422217380916
0.60650191506802953 0.18834228778139994 5.5513833147433846
0.6108652381980153 0.21290415668219953 5.6986033347890235
0.61522856132800119 0.23799941548948328 5.7959294310842306
0.61959188445798696 0.26341150606039854 5.8439743860360789
0.62395520758797285 0.28892727306243554 5.8435886076537935
0.62831853071795862 0.31433692906252886 5.7954128786348136
0.63268185384794451 0.33943280023245787 5.6998024649139669
0.63704517697793028 0.36400741016055982 5.5562844613273228
0.64140850010791606 0.38785133501470576 5.3651920085393057
0.64577182323790194 0.41077149702364807 5.1355652249730319
0.65013514636788772 0.4326373465328649 4.8851403861462472
0.6544984694978736 0.45338934265229303 4.6257454679789971
0.65886179262785938 0.47299398349848865 4.3590574236003423
0.66322511575784526 0.49141704655991841 4.083948099380609
0.66758843888783104 0.50862108257317418 3.8005391381642335
0.67195176201781692 0.52458962980729307 3.5216835354137968
0.6763150851478027 0.53940006442326272 3.2747958128185637
0.68067840827778847 0.55324091826302901 3.0783080868189847
0.68504173140777436 0.56633954407144549 2.9341936733388665
0.68940505453776013 0.57892120922024615 2.8413846820236954
0.69376837766774602 0.59120981537532902 2.79980657126052
0.69813170079773179 0.60343645202598306 2.8148283910203604
0.70249502392771768 0.61587520642864668 2.899553553396121
0.70685834705770345 0.62885401881893832 3.0627890281336279
0.71122167018768934 0.64271786227099981 3.3049410223375233
0.71558499331767511 0.65780970814552109 3.6259123781786342
0.71994831644766089 0.67447470752233063 4.0258079075641007
0.72431163957764677 0.69304478509607026 4.4967103925867651
0.72867496270763255 0.71379450771902109 5.0216537529051566
0.73303828583761843 0.73692770672053831 5.5883490172172623
0.73740160896760421 0.76261961291620073 6.1946197231936324
0.74176493209759009 0.79104524489604156 6.8416505111415145
0.74612825522757587 0.82238437469286929 7.5300015931349895
0.75049157835756175 0.85679044764841239 8.2414148076312124
0.75485490148754752 0.89427392400961747 8.9319523797072726
0.7592182246175333 0.93465937103685259 9.5695036581623292
0.76358154774751918 0.9777003820490906 10.149840332288107
0.76794487087750496 1.0231531149613151 10.67495149488327
0.77230819400749084 1.0707770538454737 11.145159268863843
0.77667151713747662 1.1203127668930182 11.546467365421469
0.7810348402674625 1.1713866044506789 11.843002810083764
0.78539816339744828 1.223470890872663 12.007822912494692
0.78976148652743416 1.2759781910071113 12.037583327067166
0.79412480965741994 1.3283240166588013 11.93354269483731
0.79848813278740571 1.3799220580069385 11.694784517895409
0.8028514559173916 1.4301949054293133 11.328583015144847
0.80721477904737737 1.4786250162928636 10.854038644397033
0.81157810217736326 1.5247779812195814 10.285795081047258
0.81594142530734903 1.5682525189835406 9.6261126210924672
0.82030474843733492 1.6086469808206723 8.8738309441055154
0.82466807156732069 1.6455546404775629 8.0275873106654601
0.82903139469730658 1.6785964641819366 7.1095419218849214
0.83339471782729235 1.7075806449299442 6.1801843039679412
0.83775804095727824 1.7325822682647585 5.2876255930331313
0.84212136408726401 1.7537884944312807 4.4394904055266524
0.84648468721724979 1.7713846665325605 3.6329766536301
0.85084801034723567 1.7855526561515289 2.8680318560477267
0.85521133347722145 1.7964921022176668 2.157497112011812
0.85957465660720733 1.8045096049970633 1.5358176314392313
0.86393797973719311 1.8100653246175331 1.0314926570884964
0.86830130286717899 1.8136897571697499 0.65001943760036385
0.87266462599716477 1.8159143104814797 0.38989604573983005
0.87702794912715065 1.8172700480027444 0.2520230293598702
0.88139127225713643 1.8182855563116598 0.23236037590847025
0.8857545953871222 1.8194495324697284 0.31703860467631317
0.89011791851710809 1.8211874064096052 0.49465036608902863
0.89448124164709386 1.8238990928847565 0.76365232060263966
0.89884456477707975 1.8279855707918777 1.1248138819849149
0.90320788790706552 1.8338500142734688 1.5788417255338387
0.90757121103705141 1.8418826223701024 2.1147280531743835
0.91193453416703718 1.8523763248608149 2.6999989410102208
0.91629785729702307 1.8654754178811814 3.306487499184978
0.92066118042700884 1.881252991325653 3.9281844403560635
0.92502450355699462 1.8997797196235631 4.566675247171962
0.9293878266869805 1.9211299405828484 5.2224852784916367
0.93375114981696627 1.9453647965634155 5.8853738480536508
0.93811447294695216 1.9724570351770472 6.5259300682896955
0.94247779607693793 2.0022434173218842 7.1177648466128876
0.94684111920692382 2.0344910315193463 7.6544446661833714
0.95120444233690959 2.0689627020291108 8.1372575989234743
0.95556776546689548 2.1054242890799109 8.5666403621400864
0.95993108859688125 2.1436345520932392 8.9367632378150095
0.96429441172686703 2.1833003651596239 9.2299524994876254
0.96865773485685291 2.2240454511344674 9.4298884672136261
0.97302105798683869 2.2654503574535165 9.5326677773252193
0.97738438111682457 2.3070932678029079 9.5389131380196286
0.98174770424681035 2.3485526216545054 9.4485877509694571
0.98611102737679623 2.3894095308993575 9.2632293866830739
0.99047435050678201 2.4292556863991885 8.9858347459946266
0.99483767363676789 2.4676959323361749 8.6191963764968644
0.99920099676675367 2.5043447276277453 8.1648015489794457
1.0035643198967394 2.538819348026967 7.6224559512289654
1.0079276430267252 2.5707339130572446 6.9912162111659892
1.0122909661567112 2.5997128259821989 6.2799506445990438
1.016654289286697 2.6254600425855621 5.515896223143562
1.0210176124166828 2.6478096387639427 4.7253970279246094
1.0253809355466685 2.6666697338705365 3.9162122931513381
1.0297442586766545 2.6819564149753359 3.0873477301563623
1.0341075818066403 2.6935813189032967 2.237439694837966
1.0384709049366261 2.7014653478348469 1.3762476783407878
1.0428342280666119 2.7056243753517482 0.53776527500794857
1.0471975511965976 2.7062404110479235 -0.24421715016298889
1.0515608743265836 2.7035888164204409 -0.96044390292468296
1.0559241974565694 2.6979528189287354 -1.6121358472025613
1.0602875205865552 2.689613373559852 -2.1998194211209907
1.064650843716541 2.6788524416069972 -2.7210385600294953
1.0690141668465269 2.6659811841401511 -3.1643229115917162
1.0733774899765127 2.6513690448245382 -3.517861501423365
1.0777408131064985 2.6354162791151126 -3.7791117925499553
1.0821041362364843 2.6185235465392305 -3.9485924614048278
1.08646745936647 2.6010928356899572 -4.0255797212404856
1.090830782496456 2.5835211068838912 -4.0149934325803098
1.0951941056264418 2.5661592940424205 -3.932980546618027
1.0995574287564276 2.5492789339723325 -3.7962682512219601
1.1039207518864134 2.5331016195415375 -3.6107292015084487
1.1082840750163994 2.5178412450816174 -3.3757776357434235
1.1126473981463851 2.5037149143501805 -3.0909704306368559
1.1170107212763709 2.4909347683634726 -2.7598713319098716
1.1213740444063567 2.4796841064525497 -2.3919106916105388
1.1257373675363425 2.4701004844227894 -1.9970843693881792
1.1301006906663285 2.4622891199573562 -1.5796635611763945
1.1344640137963142 2.4563482226495221 -1.1396200863138131
1.1388273369263 2.4523776957504335 -0.67644940581406998
1.1431906600562858 2.4504767227794546 -0.19152823402771388
1.1475539831862718 2.4507291850451773 0.30912987120512508
1.1519173063162575 2.4531875652663304 0.81884675028002363
1.1562806294462433 2.4578851468194038 1.3355600239163623
1.1606439525762291 2.4648533223240743 1.8596968848587341
1.1650072757062149 2.474123861529919 2.3905702482031259
1.1693705988362009 2.4857281945553433 2.9305270430471784
1.1737339219661866 2.4997305928313152 3.4932131479543975
1.1780972450961724 2.5162676328119642 4.0939914147923524
1.1824605682261582 2.5355200422365813 4.7378340171014273
1.1868238913561442 2.5576730676954851 5.4229525295554719
1.19118721448613 2.5829088839607373 6.1525233863674131
1.1955505376161157 2.6114179463065383 6.9192105032506763
1.1999138607461015 2.6432580937770398 7.6636948337137119
1.2042771838760873 2.6781620706458913 8.3158897451908143
1.2086405070060733 2.715665031960758 8.8560897702226811
1.2130038301360591 2.7552895419483008 9.2886942556510306
1.2173671532660448 2.7965633306649931 9.6107062336697169
1.2217304763960306 2.8390058665327631 9.8275857101145814
1.2260937995260166 2.8822422773122049 9.9874553580126531
1.2304571226560024 2.9261652714617163 10.148985425443167
1.2348204457859882 2.9708363620107461 10.329408656826807
1.2391837689159739 3.0163292346650046 10.525554615905547
1.2435470920459597 3.0627144089767961 10.739064732264845
1.2479104151759457 3.1100648033455069 10.966016162851519
1.2522737383059315 3.1583923536810947 11.18017970483667
1.2566370614359172 3.2075645540749336 11.349155662287146
1.261000384565903 3.2573502278082422 11.461620090884297
1.265363707695889 3.3075058147501859 11.518913205079587
1.2697270308258748 3.3577894306912124 11.519636163025186
1.2740903539558606 3.4079586766810825 11.468842486629503
1.2784536770858463 3.4578415471015553 11.395761910428638
1.2828170002158321 3.5074265543045726 11.337184891053635
1.2871803233458181 3.5568192820105562 11.30757623796095
1.2915436464758039 3.6061433120565534 11.305153193947795
1.2959069696057897 3.6555228129115358 11.335359910231452
1.3002702927357754 3.7050823495597545 11.378878501367078
1.3046336158657614 3.7546802814582754 11.324779543451907
1.3089969389957472 3.8035603279911605 11.030473794023337
1.313360262125733 3.8505035515202031 10.43655272474451
1.3177235852557188 3.8942061735869551 9.5468079034019304
1.3220869083857045 3.9333710171111482 8.3516881093291691
1.3264502315156905 3.9666955153539707 6.8864397744575765
1.3308135546456763 3.9933902459693673 5.3687348313087719
1.3351768777756621 4.0138870853138977 4.08515434790983
1.3395402009056478 4.0295606680438389 3.1595981139408154
1.3439035240356338 4.0419759138415516 2.588909109541548
1.3482668471656196 4.052673290825064 2.3758343139980975
1.3526301702956054 4.0632010159789527 2.5010589009524078
1.3569934934255912 4.0747932172020613 2.8284711766970791
1.3613568165555769 4.0879113944040046 3.174661119378718
1.3657201396855629 4.1024052687868444 3.4575325798547905
1.3700834628155487 4.1179917043830265 3.676906260120353
1.3744467859455345 4.1344070803628208 3.8376672605802153
1.3788101090755203 4.1513878977498289 3.9339558782058686
1.3831734322055063 4.168598292924468 3.9346553412008323
1.387536755335492 4.1855214182675597 3.7959027440606312
1.3919000784654778 4.2014912903061488 3.49729278861897
1.3962634015954636 4.2158101582489067 3.0399297138677603
1.4006267247254494 4.2277822836191046 2.4193438283786501
1.4049900478554354 4.2367045806343402 1.6486415892056119
1.4093533709854211 4.2420939144993044 0.82604238341327496
1.4137166941154069 4.2440417727679627 0.091870589939222855
1.4180800172453927 4.2431221570475666 -0.48655724319576776
1.4224433403753787 4.2400229711866739 -0.90876604885622714
1.4268066635053644 4.2354188106673885 -1.1748093899183147
1.4311699866353502 4.2299897538348521 -1.2903285018323765
1.435533309765336 4.2243008086497404 -1.3080517095022426
1.4398966328953218 4.2186048639270748 -1.3051383633994391
1.4442599560253078 4.2128856985104042 -1.3198464408314272
1.4486232791552935 4.2070603685447256 -1.3528862174772218
1.4529866022852793 4.201053438794534 -1.4038712151240835
1.4573499254152651 4.1947865439337892 -1.4704891063120045
1.4617132485452511 4.1882342528211094 -1.5279953964741497
1.4660765716752369 4.1815197040475347 -1.5391365032897493
1.4704398948052226 4.174898000145598 -1.4847905042892324
1.4748032179352084 4.1686579667697536 -1.3647806382286438
1.4791665410651942 4.1630852081831327 -1.1779644273801715
1.4835298641951802 4.1584699255926454 -0.92814278369617143
1.487893187325166 4.1550220249289502 -0.65330087669760506
1.4922565104551517 4.1527193751350646 -0.41244096267028379
1.4966198335851375 4.1513279591657612 -0.23678780231531291
1.5009831567151235 4.1505565534981317 -0.12745444769845474
1.5053464798451093 4.1501196173373884 -0.084189050589452405
1.509709802975095 4.1497284268237786 -0.10516731005536131
1.5140731261050808 4.1491425952264436 -0.16689263056634435
1.5184364492350666 4.1482672486171115 -0.23189429998152727
1.5227997723650526 4.1471439014206339 -0.27973080484950935
1.5271630954950384 4.1458526430873324 -0.30934295316394389
1.5315264186250241 4.1444698811607763 -0.32141828516255344
1.5358897417550099 4.1430729123267245 -0.31618599537213127
1.5402530648849959 4.1417268632143447 -0.29979795085897926
1.5446163880149817 4.1404582896184872 -0.28230435560468364
1.5489797111449675 4.139256684527278 -0.2693543876673512
1.5533430342749532 4.1381006107735949 -0.26129866084118364
1.557706357404939 4.1369696027215257 -0.25793258741713898
1.562069680534925 4.1358429607629414 -0.25921679622755439
1.5664330036649108 4.1347030681853765 -0.26355458417652822
1.5707963267948966 4.133542480342558 -0.2682586943517834
1.5751596499248823 4.1323638009734127 -0.27177229920265566
1.5795229730548683 4.1311727139408712 -0.27398346782029043
1.5838862961848541 4.1299746506808637 -0.27495257014223573
1.5882496193148399 4.1287751005671058 -0.27468377826128587
1.5926129424448257 4.1275788016407704 -0.27357677698640481
1.5969762655748114 4.1263879037292623 -0.27232475789801364
1.6013395887047974 4.1252019292646054 -0.27134125856736069
1.6057029118347832 4.1240195637473045 -0.27066083285180959
1.610066234964769 4.1228395553438126 -0.27026407354378473
1.6144295580947547 4.1216606473256556 -0.27015433518806414
1.6187928812247407 4.1204816668062696 -0.27028332686581796
1.6231562043547265 4.1193017573679205 -0.270565624316844
1.6275195274847123 4.1181203886369007 -0.27094945620142707
1.6318828506146981 4.1169371411809079 -0.27142688308710994
1.6362461737446838 4.1157515886218352 -0.27200993193546719
1.6406094968746698 4.1145632684743649 -0.27268803540553177
1.6449728200046556 4.1133720716917939 -0.2732732548979297
1.6493361431346414 4.1121791544909581 -0.27341497453080998
1.6536994662646272 4.1109870477232828 -0.27288853617754721
1.6580627893946132 4.1097987404515282 -0.27168301619523333
1.6624261125245989 4.1086171899501025 -0.26977358043554855
1.6667894356545847 4.1074455027206245 -0.26718974412327073
1.6711527587845705 4.1062853773510186 -0.26470368958663704
1.6755160819145565 4.1051332253928781 -0.26380028085405233
1.6798794050445423 4.1039795618086252 -0.26545717397485608
1.684242728174528 4.1028128553270751 -0.26973996339459477
1.6886060513045138 4.1016217055236703 -0.27672553836250868
1.6929693744344996 4.10039415205752 -0.28633575403537076
1.6973326975644856 4.0991232214529312 -0.29576255470421425
1.7016960206944713 4.0978215125423327 -0.29943066429350174
1.7060593438244571 4.0965240634068856 -0.29356422403239119
1.7104226669544429 4.0952739867538153 -0.27786215017040972
1.7147859900844289 4.094113919976146 -0.25207973451662002
1.7191493132144147 4.0930885751204364 -0.21639726885986141
1.7235126363444004 4.0922251804987528 -0.18093279789645642
1.7278759594743862 4.091479133521938 -0.16644207115529513
1.732239282604372 4.0907211813025555 -0.18737259348050533
1.736602605734358 4.0897905044270662 -0.2450833985125267
1.7409659288643438 4.0885279358309434 -0.34025831998396894
1.7453292519943295 4.0867670681949448 -0.47264495028146625
1.7496925751243153 4.0843996169484962 -0.60758486027089964
1.7540558982543013 4.0815680835323205 -0.67157415569433898
1.7584192213842871 4.0787184011142275 -0.61223479462960639
1.7627825445142729 4.0764140513074159 -0.42313819332475361
1.7671458676442586 4.0752141017257379 -0.10459121340009417
1.7715091907742444 4.0756903033185106 0.34389058458087518
1.7758725139042304 4.0783128613212298 0.85957903364472699
1.7802358370342162 4.0830891481524958 1.3048642679545064
1.7845991601642019 4.0894511329510763 1.5790753600633858
1.7889624832941877 4.0966003706435652 1.6684665893981878
1.7933258064241737 4.1037450251276439 1.5748146167324146
1.7976891295541595 4.1100742123737906 1.2962061233019266
1.8020524526841453 4.1149271429428635 0.92861877202155418
1.806415775814131 4.1183655893081692 0.69004964491610543
1.8107790989441168 4.1213749079220934 0.74433929553958911
1.8151424220741028 4.1253221602633365 1.1155790402980059
1.8195057452040886 4.1315662517071736 1.8003963806920937
1.8238690683340744 4.1414962952482322 2.8033514998466682
1.8282323914640601 4.1562716145758039 3.9723539044621687
1.8325957145940461 4.1758823910014495 4.9493708094091584
1.8369590377240319 4.1987824088963626 5.4584320377015514
1.8413223608540177 4.2227701973676988 5.4545820247375616
1.8456856839840035 4.2456506093377282 4.9474408073097633
1.8500490071139892 4.2652022307055928 3.9297718630605325
1.8544123302439752 4.2794229752865558 2.5536401369177644
1.858775653373961 4.2875056224106149 1.1903501515663519
1.8631389765039468 4.2902561069906699 0.13327196347818709
1.8675022996339325 4.2891898036940272 -0.56548025178567307
1.8718656227639185 4.285823506170316 -0.91898278760546004
1.8762289458939043 4.2816808082660538 -0.9213935546633536
1.8805922690238901 4.2781839280741263 -0.64802997980832444
1.8849555921538759 4.2761489673415083 -0.28990018107384835
1.8893189152838616 4.2755524645153198 -0.0016303662413617525
1.8936822384138476 4.2759903363922822 0.18735503934957193
1.8980455615438334 4.2770538852791056 0.28451108530188407
1.9024088846738192 4.2783361416222156 0.28745749026173079
1.906772207803805 4.2794534342130897 0.21546727348005831
1.911135530933791 4.2801814787688794 0.11943377920861807
1.9154988540637767 4.2805220593143485 0.04153010789190039
1.9198621771937625 4.2805826349599263 -0.0097395307058716456
1.9242255003237483 4.280472851999984 -0.036404442279546638
1.9285888234537341 4.2803016878341937 -0.037807715025632418
1.9329521465837201 4.2801725026130253 -0.0188697246427991
1.9373154697137058 4.2801469212268177 0.0068769326503881727
1.9416787928436916 4.2802256834026515 0.027926411602326284
1.9460421159736774 4.2803802381689167 0.041834333794316531
1.9504054391036634 4.2805811659289983 0.049148034624213674
1.9547687622336491 4.2807992855157018 0.049689260352124315
1.9591320853636349 4.2810067595906318 0.044711571156731945
1.9634954084936207 4.2811866709143569 0.037811035676130589
1.9678587316236065 4.2813384882916967 0.032124140311259507
1.9722220547535925 4.2814697914044837 0.028351713214119025
1.9765853778835782 4.2815884744930051 0.026346858089968703
1.980948701013564 4.281702351494947 0.02615739442677616
1.9853120241435498 4.2818189175980503 0.027464572246738088
1.9896753472735358 4.2819428129567756 0.029313439366130303
1.9940386704035216 4.2820742709173807 0.030849680076166192
1.9984019935335073 4.2822112809372577 0.031872826921491168
2.0027653166634933 4.2823517245811704 0.032422099584984237
2.0071286397934789 4.2824935094652297 0.032484816870396643
2.0114919629234649 4.2826346180639128 0.032141864288156768
2.0158552860534504 4.2827737787009532 0.031646657988778741
2.0202186091834364 4.2829109039849769 0.031231710347021782
2.0245819323134224 4.2830465267430107 0.030954240787314891
2.028945255443408 4.2831812155026494 0.030803835900670134
2.033308578573394 4.2833155305631259 0.030783818395966663
2.0376719017033795 4.2834500148479462 0.030873706772085775
2.0420352248333655 4.2835850165922311 0.031006299781344504
2.0463985479633515 4.2837205660038897 0.031118366637938759
2.0507618710933371 4.2838565220090583 0.031193607656560214
2.0551251942233231 4.2839927320199784 0.031234771321091301
2.0594885173533091 4.284129045995968 0.031240998251111669
2.0638518404832946 4.2842653178732224 0.031217463024685362
2.0682151636132806 4.2844014523654774 0.031181973074604553
2.0725784867432662 4.2845374395243425 0.031151710156667713
2.0769418098732522 4.2846733166635689 0.031131308869846653
2.0813051330032382 4.2848091247393789 0.031120048496216825
2.0856684561332237 4.284944903931919 0.03111814809664756
2.0900317792632097 4.2850806935266696 0.031124303428134558
2.0943951023931953 4.2852165195766982 0.031133799337749863
2.0987584255231813 4.2853523852537307 0.031141970691521526
2.1031217486531673 4.2854882806989281 0.031147501970246846
2.1074850717831528 4.2856241949183715 0.031150580804901747
2.1118483949131388 4.2857601171516162 0.031151152292201729
2.1162117180431244 4.2858960368351493 0.031149544339639783
2.1205750411731104 4.2860319468508177 0.031147004475904166
2.1249383643030963 4.2861678462106987 0.031144798369527299
2.1293016874330819 4.2863037375166773 0.031143298823643199
2.1336650105630679 4.286439623720077 0.031142457383378445
2.1380283336930539 4.2865755077027146 0.031142287531906506
2.1423916568230394 4.2867113923043032 0.031142707053861875
2.1467549799530254 4.2868472794682733 0.031143386140639176
2.151118303083011 4.286983169496966 0.031143981673493144
2.155481626212997 4.2871190617045265 0.031144388172645612
2.159844949342983 4.2872549552986285 0.031144618038034554
2.1642082724729685 4.2873908495074442 0.031144668039029693
2.1685715956029545 4.2875267435677786 0.0311445587274361
2.1729349187329401 4.2876626369493858 0.031144377226128974
2.1772982418629261 4.2877985295610115 0.031144216484214147
2.1816615649929121 4.2879344215832189 0.031144106298782608
2.1860248881228976 4.2880703132287286 0.031144043529948991
2.1903882112528836 4.2882062047042639 0.031144028926706289
2.1947515343828692 4.2883420962148904 0.031144057369642864
2.1991148575128552 4.28847798790519 0.031144105862130671
2.2034781806428412 4.2886138798023969 0.03114414924243768
2.2078415037728267 4.2887497718590382 0.031144179106678122
2.2122048269028127 4.288885664018002 0.031144196240154517
2.2165681500327987 4.2890215562239193 0.031144200476717454
2.2209314731627843 4.2891574484217019 0.031144193086788837
2.2252947962927703 4.2892933405719518 0.031144180135806894
2.2296581194227558 4.289429232666615 0.031144168430061406
2.2340214425527418 4.2895651247181554 0.031144160336382641
2.2383847656827278 4.2897010167419065 0.031144155661220398
2.2427480888127134 4.2898369087526991 0.031144154439400006
2.2471114119426994 4.2899728007653302 0.031144156356299257
2.2514747350726849 4.2901086927905263 0.031144159813701246
2.2558380582026709 4.2902445848306536 0.03114416297220754
2.2602013813326569 4.2903804768824436 0.031144165165347175
2.2645647044626425 4.2905163689417787 0.031144166440565554
2.2689280275926285 4.2906522610046878 0.031144166791486291
2.2732913507226145 4.2907881530671972 0.031144166295097513
2.2776546738526 4.2909240451263866 0.031144165372270109
2.282017996982586 4.2910599371815659 0.0311441645201379
2.2863813201125716 4.2911958292335912 0.031144163925858146
2.2907446432425576 4.2913317212835684 0.03114416357843568
2.2951079663725436 4.2914676133325624 0.031144163478191024
2.2994712895025291 4.2916035053816373 0.031144163606164475
2.3038346126325151 4.2917393974315878 0.031144163852203154
2.3081979357625007 4.2918752894826149 0.031144164082319938
2.3125612588924866 4.2920111815344963 0.031144164243403095
2.3169245820224726 4.2921470735869329 0.031144164338071888
2.3212879051524582 4.2922829656396413 0.031144164366853605
2.3256512282824442 4.2924188576923346 0.031144164333540548
2.3300145514124297 4.2925547497447951 0.031144164267635121
2.3343778745424157 4.2926906417969661 0.031144164205497961
2.3387411976724017 4.2928265338489062 0.031144164162091953
2.3431045208023873 4.2929624259006971 0.031144164136497423
2.3474678439323733 4.2930983179524134 0.031144164128393569
2.3518311670623593 4.2932342100041323 0.031144164136930014
2.3561944901923448 4.2933701020559116 0.03114416415425493
2.3605578133223308 4.2935059941077682 0.031144164171072131
2.3649211364523164 4.2936418861596879 0.031144164182963733
2.3692844595823024 4.2937777782116484 0.031144164190028096
2.3736477827122884 4.2939136702636294 0.03114416419200549
2.3780111058422739 4.2940495623156085 0.03114416418986508
2.3823744289722599 4.2941854543675735 0.031144164185457329
2.3867377521022455 4.2943213464195171 0.031144164180802077
2.3911010752322315 4.2944572384714439 0.031144164177572192
2.3954643983622175 4.2945931305233591 0.031144164175596137
2.399827721492203 4.294729022575269 0.03114416417513707
2.404191044622189 4.2948649146271798 0.031144164175896081
2.4085543677521746 4.295000806679095 0.031144164176983083
2.4129176908821606 4.2951366987310147 0.031144164177982738
2.4172810140121466 4.2952725907829388 0.031144164178994273
2.4216443371421321 4.2954084828348664 0.031144164179454013
2.4260076602721181 4.295544374886795 0.031144164179656823
2.4303709834021041 4.2956802669387244 0.031144164179597669
2.4347343065320897 4.2958161589906521 0.031144164179030324
2.4390976296620757 4.2959520510425779 0.031144164178916186
2.4434609527920612 4.2960879430945038 0.031144164178718757
2.4478242759220472 4.2962238351464279 0.031144164178401289
2.4521875990520332 4.296359727198352 0.031144164178637735
2.4565509221820188 4.296495619250277 0.031144164178629606
2.4609142453120048 4.2966315113022011 0.031144164178425651
2.4652775684419903 4.2967674033541252 0.031144164178638939
2.4696408915719763 4.2969032954060502 0.031144164178600421
2.4740042147019623 4.2970391874579743 0.031144164178531684
2.4783675378319479 4.2971750795098993 0.031144164178854638
2.4827308609619338 4.2973109715618252 0.03114416417885291
2.4870941840919194 4.2974468636137502 0.031144164178536864
2.4914575072219054 4.2975827556656743 0.031144164178581468
2.4958208303518914 4.2977186477175993 0.03114416417870958
2.5001841534818769 4.2978545397695243 0.0311441641787727
2.5045474766118629 4.2979904318214501 0.031144164179002794
2.5089107997418489 4.298126323873376 0.031144164178620419
2.5132741228718345 4.2982622159253001 0.03114416417870803
2.5176374460018205 4.298398107977226 0.031144164178739935
2.522000769131806 4.2985340000291501 0.031144164178524721
2.526364092261792 4.2986698920810751 0.031144164178742984
2.530727415391778 4.2988057841330001 0.0311441641786863
2.5350907385217636 4.2989416761849251 0.031144164178704314
2.5394540616517496 4.2990775682368501 0.031144164178688923
2.5438173847817351 4.299213460288775 0.031144164178732472
2.5481807079117211 4.2993493523407 0.031144164178573689
2.5525440310417071 4.2994852443926241 0.03114416417854507
2.5569073541716927 4.2996211364445491 0.031144164178827868
2.5612706773016787 4.299757028496475 0.031144164178946627
2.5656340004316642 4.2998929205484009 0.031144164178799442
2.5699973235616502 4.3000288126003259 0.03114416417865876
2.5743606466916362 4.3001647046522509 0.03114416417874849
2.5787239698216218 4.3003005967041759 0.031144164178539768
2.5830872929516078 4.3004364887561 0.031144164178674279
2.5874506160815938 4.3005723808080258 0.031144164178946096
2.5918139392115793 4.3007082728599517 0.031144164178955162
2.5961772623415653 4.3008441649118776 0.031144164178647071
2.6005405854715509 4.3009800569638017 0.031144164178649025
2.6049039086015369 4.3011159490157276 0.031144164178949309
2.6092672317315229 4.3012518410676535 0.031144164178958038
2.6136305548615084 4.3013877331195793 0.031144164178632347
2.6179938779914944 4.3015236251715034 0.03114416417870506
2.62235720112148 4.3016595172234293 0.031144164178739889
2.626720524251466 4.3017954092753534 0.031144164178527858
2.631083847381452 4.3019313013272784 0.031144164178720988
2.6354471705114375 4.3020671933792034 0.031144164178780683
2.6398104936414235 4.3022030854311293 0.03114416417895944
2.6441738167714091 4.3023389774830552 0.031144164178795383
2.6485371399013951 4.3024748695349802 0.031144164178662195
2.6529004630313811 4.3026107615869051 0.031144164178738803
2.6572637861613666 4.3027466536388301 0.031144164178575094
2.6616271092913526 4.3028825456907542 0.031144164178542651
2.6659904324213386 4.3030184377426792 0.031144164178826598
2.6703537555513241 4.3031543297946051 0.031144164178954124
2.6747170786813101 4.303290221846531 0.031144164178770736
2.6790804018112957 4.303426113898456 0.031144164178766094
2.6834437249412817 4.3035620059503819 0.031144164178968033
2.6878070480712677 4.3036978980023077 0.031144164178766094
2.6921703712012532 4.3038337900542327 0.031144164178770736
2.6965336943312392 4.3039696821061586 0.031144164178954117
2.7008970174612248 4.3041055741580845 0.031144164178826615
2.7052603405912108 4.3042414662100095 0.031144164178542565
2.7096236637211968 4.3043773582619336 0.031144164178575438
2.7139869868511823 4.3045132503138586 0.031144164178737506
2.7183503099811683 4.3046491423657836 0.031144164178667024
2.7227136331111539 4.3047850344177085 0.031144164178786887
2.7270769562411399 4.3049209264696344 0.031144164178988586
2.7314402793711259 4.3050568185215603 0.031144164178663062
2.7358036025011114 4.3051927105734844 0.031144164178551658
2.7401669256310974 4.3053286026254094 0.031144164178712117
2.7445302487610834 4.3054644946773344 0.031144164178782834
2.748893571891069 4.3056003867292603 0.03114416417895971
2.753256895021055 4.3057362787811861 0.03114416417879215
2.7576202181510405 4.3058721708331111 0.031144164178674844
2.7619835412810265 4.3060080628850361 0.031144164178700952
2.7663468644110125 4.3061439549369611 0.031144164178704321
2.7707101875409981 4.3062798469888861 0.031144164178674261
2.7750735106709841 4.3064157390408111 0.031144164178791116
2.7794368338009696 4.306551631092737 0.031144164178964429
2.7838001569309556 4.3066875231446629 0.031144164178764987
2.7881634800609416 4.3068234151965878 0.031144164178769251
2.7925268031909272 4.3069593072485137 0.031144164178961174
2.7968901263209132 4.3070951993004396 0.031144164178799866
2.8012534494508987 4.3072310913523646 0.031144164178642519
2.8056167725808847 4.3073669834042896 0.031144164178822528
2.8099800957108707 4.3075028754562155 0.031144164178861018
2.8143434188408563 4.3076387675081405 0.031144164178536573
2.8187067419708423 4.3077746595600646 0.031144164178574508
2.8230700651008283 4.3079105516119895 0.0311441641787377
2.8274333882308138 4.3080464436639145 0.031144164178667201
2.8317967113607998 4.3081823357158395 0.031144164178785985
2.8361600344907854 4.3083182277677654 0.031144164178992
2.8405233576207713 4.3084541198196913 0.031144164178659818
2.8448866807507573 4.3085900118716154 0.031144164178551714
2.8492500038807429 4.3087259039235404 0.031144164178715159
2.8536133270107289 4.3088617959754654 0.031144164178780156
2.8579766501407144 4.3089976880273912 0.03114416417896736
2.8623399732707004 4.3091335800793171 0.03114416417876421
2.8667032964006864 4.3092694721312421 0.031144164178769456
2.871066619530672 4.309405364183168 0.031144164178961122
2.875429942660658 4.3095412562350939 0.03114416417879988
2.8797932657906435 4.3096771482870189 0.031144164178642533
2.8841565889206295 4.3098130403389439 0.031144164178822487
2.8885199120506155 4.3099489323908697 0.031144164178861164
2.8928832351806011 4.3100848244427947 0.031144164178536018
2.8972465583105871 4.3102207164947188 0.031144164178576572
2.9016098814405731 4.3103566085466438 0.031144164178729988
2.9059732045705586 4.3104925005985688 0.031144164178695966
2.9103365277005446 4.3106283926504938 0.031144164178678629
2.9146998508305302 4.3107642847024188 0.031144164178782002
2.9190631739605162 4.3109001767543447 0.031144164178996514
2.9234264970905022 4.3110360688062705 0.031144164178636236
2.9277898202204877 4.3111719608581947 0.031144164178651009
2.9321531433504737 4.3113078529101205 0.031144164178952206
2.9365164664804593 4.3114437449620464 0.031144164178953975
2.9408797896104453 4.3115796370139723 0.031144164178645704
2.9452431127404313 4.3117155290658964 0.031144164178646176
2.9496064358704168 4.3118514211178223 0.031144164178962059
2.9539697590004028 4.3119873131697481 0.031144164178919402
2.9583330821303884 4.312123205221674 0.031144164178774129
2.9626964052603744 4.312259097273599 0.03114416417878722
2.9670597283903604 4.3123949893255249 0.031144164178870632
2.9714230515203459 4.3125308813774499 0.031144164178533423
2.9757863746503319 4.312666773429374 0.031144164178577505
2.9801496977803179 4.312802665481299 0.031144164178728864
2.9845130209103035 4.312938557533224 0.031144164178699533
2.9888763440402895 4.313074449585149 0.031144164178665504
2.993239667170275 4.313210341637074 0.031144164178830917
2.997602990300261 4.3133462336889998 0.03114416417881399
3.001966313430247 4.3134821257409248 0.031144164178706753
3.0063296365602326 4.3136180177928498 0.031144164178551467
3.0106929596902186 4.3137539098447739 0.031144164178669196
3.0150562828202041 4.3138898018966998 0.031144164178964231
3.0194196059501901 4.3140256939486257 0.031144164178887702
3.0237829290801761 4.3141615860005516 0.031144164178889263
3.0281462522101616 4.3142974780524774 0.031144164178969078
3.0325095753401476 4.3144333701044033 0.031144164178648247
3.0368728984701332 4.3145692621563274 0.031144164178630428
3.0412362216001192 4.3147051542082533 0.0311441641790225
3.0455995447301052 4.3148410462601792 0.031144164178683875
3.0499628678600907 4.3149769383121042 0.031144164179045152
3.0543261909900767 4.3151128303640292 0.031144164177328001
3.0586895141200627 4.3152487224159533 0.031144164183215139
3.0630528372500483 4.31538461446788 0.031144164162614587
3.0674161603800343 4.3155205065197979 0.031144164234854981
3.0717794835100198 4.3156563985717495 0.031144163983592633
3.0761428066400058 4.3157922906235724 0.031144164851060321
3.0805061297699918 4.3159281826758793 0.031144161876709001
3.0848694528999774 4.3160640747263823 0.03114417199920571
3.0892327760299634 4.3161999667836159 0.031144137870937231
3.0935960991599489 4.3163358588157301 0.031144251618275255
3.0979594222899349 4.3164717509415933 0.031143877943392
3.1023227454199209 4.3166076427175772 0.031145082793404562
3.1066860685499065 4.3167435357993282 0.031141294288295804
3.1110493916798925 4.3168794240078947 0.031152790683139
3.115412714809878 4.3170153304034322 0.031119747494196621
3.119776037939864 4.3171511689242656 0.031206261086362347
3.12413936106985 4.317287260756947 0.03102074709513172
3.1285026841998356 4.3174224072169416 0.031200463485103545
3.1328660073298216 4.3175610818558328 0.032442918657903552
3.1372293304598076 4.3176865891518226 0.020665980590636564
3.1415926535897931 4.3177403493373667 0.00814840012957334
3.1459559767197791 4.3177941095229091 0.020665980590329102
3.1503192998497647 4.3179196168188989 0.032442918657919637
3.1546826229797507 4.3180582914577901 0.031200463485355497
3.1590459461097367 4.3181934379177864 0.03102074709531975
3.1634092692397222 4.3183295297504669 0.031206261085969113
3.1677725923697082 4.3184653682712995 0.03111974749436968
3.1721359154996938 4.3186012746668387 0.031152790683450639
3.1764992386296798 4.3187371628754052 0.031141294288097515
3.1808625617596658 4.3188730559571553 0.031145082793265909
3.1852258848896513 4.3190089477331393 0.031143877943534216
3.1895892080196373 4.3191448398590033 0.031144251618465197
3.1939525311496229 4.3192807318911175 0.031144137870645908
3.1983158542796088 4.3194166239483494 0.031144171998959715
3.2026791774095948 4.3195525159988524 0.031144161876753475
3.2070425005395804 4.3196884080511593 0.03114416485112842
3.2114058236695664 4.319824300102983 0.031144163983895936
3.2157691467995524 4.3199601921549355 0.031144164234785495
3.2201324699295379 4.3200960842068525 0.031144164162589239
3.2244957930595239 4.3202319762587802 0.031144164183386031
3.2288591161895095 4.3203678683107043 0.031144164177280456
3.2332224393194955 4.3205037603626293 0.031144164179073973
3.2375857624494815 4.3206396524145543 0.031144164178606621
3.241949085579467 4.3207755444664793 0.031144164178692018
3.246312408709453 4.3209114365184043 0.031144164178817796
3.2506757318394386 4.3210473285703301 0.031144164178839966
3.2550390549694246 4.3211832206222551 0.031144164178625523
3.2594023780994106 4.3213191126741801 0.031144164178840906
3.2637657012293961 4.321455004726106 0.031144164178814011
3.2681290243593821 4.321590896778031 0.031144164178706194
3.2724923474893677 4.321726788829956 0.031144164178553695
3.2768556706193537 4.3218626808818801 0.031144164178660855
3.2812189937493397 4.321998572933806 0.031144164178985835
3.2855823168793252 4.3221344649857318 0.031144164178809632
3.2899456400093112 4.3222703570376568 0.031144164178578796
3.2943089631392972 4.3224062490895809 0.031144164178447495
3.2986722862692828 4.322542141141505 0.031144164178602385
3.3030356093992688 4.32267803319343 0.03114416417872479
3.3073989325292543 4.322813925245355 0.03114416417869096
3.3117622556592403 4.32294981729728 0.031144164178703849
3.3161255787892263 4.323085709349205 0.031144164178676624
3.3204889019192119 4.32322160140113 0.031144164178782133
3.3248522250491979 4.3233574934530559 0.031144164178997989
3.3292155481791834 4.3234933855049817 0.031144164178639737
3.3335788713091694 4.3236292775569058 0.031144164178635542
3.3379421944391554 4.3237651696088317 0.031144164179001056
3.342305517569141 4.3239010616607576 0.031144164178774043
3.346668840699127 4.3240369537126826 0.031144164178705924
3.351032163829113 4.3241728457646076 0.031144164178585218
3.3553954869590985 4.3243087378165317 0.031144164178535022
3.3597588100890845 4.3244446298684567 0.031144164178856539
3.3641221332190701 4.3245805219203826 0.031144164178841967
3.3684854563490561 4.3247164139723075 0.031144164178578744
3.372848779479042 4.3248523060242317 0.031144164178415371
3.3772121026090276 4.3249881980761558 0.031144164178730921
3.3815754257390136 4.3251240901280816 0.03114416417885341
3.3859387488689991 4.3252599821800066 0.031144164178658593
3.3903020719989851 4.3253958742319316 0.031144164178704706
3.3946653951289711 4.3255317662838566 0.031144164178705573
3.3990287182589567 4.3256676583357816 0.031144164178665484
3.4033920413889427 4.3258035503877066 0.031144164178824971
3.4077553645189282 4.3259394424396325 0.031144164178837766
3.4121186876489142 4.3260753344915575 0.031144164178627101
3.4164820107789002 4.3262112265434824 0.031144164178836815
3.4208453339088858 4.3263471185954083 0.031144164178828787
3.4252086570388718 4.3264830106473333 0.03114416417865119
3.4295719801688578 4.3266189026992583 0.031144164178749417
3.4339353032988433 4.3267547947511833 0.03114416417854363
3.4382986264288293 4.3268906868031074 0.031144164178657896
3.4426619495588149 4.3270265788550333 0.031144164179017282
3.4470252726888009 4.3271624709069592 0.031144164178686783
3.4513885958187869 4.3272983629588833 0.031144164178418567
3.4557519189487724 4.3274342550108074 0.031144164178610129
3.4601152420787584 4.3275701470627324 0.03114416417872275
3.464478565208744 4.3277060391146573 0.031144164178691338
3.46884188833873 4.3278419311665823 0.031144164178704373
3.473205211468716 4.3279778232185073 0.031144164178674123
3.4775685345987015 4.3281137152704323 0.031144164178791622
3.4819318577286875 4.3282496073223582 0.031144164178962565
3.4862951808586731 4.3283854993742841 0.03114416417877194
3.4906585039886591 4.3285213914262091 0.031144164178752844
3.4950218271186451 4.3286572834781349 0.031144164179010333
3.4993851502486306 4.3287931755300608 0.03114416417861967
3.5037484733786166 4.3289290675819849 0.031144164178703457
3.5081117965086026 4.3290649596339108 0.031144164178749469
3.5124751196385882 4.3292008516858349 0.031144164178491151
3.5168384427685742 4.3293367437377599 0.031144164178867735
3.5212017658985597 4.3294726357896858 0.031144164178841055
3.5255650890285457 4.3296085278416108 0.031144164178571201
3.5299284121585317 4.3297444198935349 0.031144164178446444
3.5342917352885173 4.329880311945459 0.031144164178614191
3.5386550584185033 4.330016203997384 0.031144164178678622
3.5430183815484888 4.330152096049309 0.031144164178863815
3.5473817046784748 4.3302879881012348 0.031144164178669279
3.5517450278084608 4.3304238801531589 0.031144164178642044
3.5561083509384463 4.3305597722050848 0.031144164178955037
3.5604716740684323 4.3306956642570107 0.031144164178951654
3.5648349971984179 4.3308315563089366 0.031144164178652154
3.5691983203284039 4.3309674483608607 0.031144164178632215
3.5735616434583899 4.3311033404127866 0.031144164179001954
3.5779249665883754 4.3312392324647124 0.031144164178773796
3.5822882897183614 4.3313751245166374 0.031144164178705993
3.5866516128483474 4.3315110165685624 0.031144164178585204
3.591014935978333 4.3316469086204865 0.031144164178535022
3.595378259108319 4.3317828006724115 0.031144164178856539
3.5997415822383045 4.3319186927243374 0.031144164178841967
3.6041049053682905 4.3320545847762624 0.031144164178578744
3.6084682284982765 4.3321904768281865 0.031144164178415371
3.6128315516282621 4.3323263688801106 0.031144164178730921
3.6171948747582481 4.3324622609320365 0.031144164178853424
3.6215581978882336 4.3325981529839614 0.031144164178658559
3.6259215210182196 4.3327340450358864 0.03114416417870482
3.6302848441482056 4.3328699370878114 0.031144164178705129
3.6346481672781912 4.3330058291397364 0.031144164178667142
3.6390114904081772 4.3331417211916614 0.031144164178818781
3.6433748135381627 4.3332776132435873 0.031144164178860897
3.6477381366681487 4.3334135052955123 0.031144164178540792
3.6521014597981347 4.3335493973474364 0.031144164178548258
3.6564647829281203 4.3336852893993614 0.031144164178848022
3.6608281060581063 4.3338211814512873 0.031144164178862822
3.6651914291880923 4.3339570735032122 0.031144164178494336
3.6695547523180778 4.3340929655551363 0.031144164178741659
3.6739180754480638 4.3342288576070622 0.031144164178731528
3.6782813985780494 4.3343647496589863 0.031144164178524721
3.6826447217080354 4.3345006417109113 0.031144164178751425
3.6870080448380214 4.3346365337628363 0.031144164178652557
3.6913713679680069 4.3347724258147613 0.031144164178830838
3.6957346910979929 4.3349083178666872 0.031144164178827264
3.7000980142279785 4.3350442099186122 0.031144164178663267
3.7044613373579645 4.3351801019705372 0.031144164178712158
3.7088246604879505 4.3353159940224621 0.031144164178671073
3.713187983617936 4.3354518860743871 0.031144164178796056
3.717551306747922 4.335587778126313 0.031144164178947865
3.7219146298779076 4.3357236701782389 0.03114416417882631
3.7262779530078936 4.3358595622301639 0.031144164178550062
3.7306412761378795 4.335995454282088 0.031144164178545767
3.7350045992678651 4.336131346334013 0.031144164178848688
3.7393679223978511 4.3362672383859389 0.031144164178862642
3.7437312455278371 4.3364031304378639 0.031144164178494388
3.7480945686578226 4.336539022489788 0.031144164178741638
3.7524578917878086 4.3366749145417138 0.031144164178731535
3.7568212149177942 4.3368108065936379 0.031144164178524728
3.7611845380477802 4.3369466986455629 0.031144164178751387
3.7655478611777662 4.3370825906974879 0.031144164178652702
3.7699111843077517 4.3372184827494129 0.031144164178830296
3.7742745074377377 4.3373543748013388 0.03114416417882928
3.7786378305677233 4.3374902668532638 0.031144164178655752
3.7830011536977093 4.3376261589051888 0.031144164178740219
3.7873644768276953 4.3377620509571138 0.031144164178566348
3.7917277999576808 4.3378979430090379 0.031144164178576215
3.7960911230876668 4.3380338350609629 0.031144164178710621
3.8004544462176524 4.3381697271128878 0.031144164178773789
3.8048177693476384 4.3383056191648137 0.031144164178997374
3.8091810924776244 4.3384415112167396 0.031144164178641038
3.8135444156076099 4.3385774032686637 0.03114416417863097
3.8179077387375959 4.3387132953205896 0.031144164179027569
3.8222710618675819 4.3388491873725155 0.031144164178663076
3.8266343849975675 4.3389850794244396 0.031144164178512623
3.8309977081275535 4.3391209714763646 0.031144164178868249
3.835361031257539 4.3392568635282904 0.031144164178817515
3.839724354387525 4.3393927555802154 0.031144164178664845
3.844087677517511 4.3395286476321404 0.031144164178706094
3.8484510006474966 4.3396645396840654 0.031144164178703283
3.8528143237774826 4.3398004317359904 0.031144164178673283
3.8571776469074681 4.3399363237879154 0.031144164178796088
3.8615409700374541 4.3400722158398413 0.031144164178945541
3.8659042931674401 4.3402081078917671 0.031144164178826057
3.8702676162974257 4.3403439999436921 0.031144164178553382
3.8746309394274117 4.3404798919956162 0.031144164178542232
3.8789942625573972 4.3406157840475412 0.031144164178859485
3.8833575856873832 4.3407516760994671 0.031144164178822979
3.8877209088173692 4.3408875681513921 0.031144164178642235
3.8920842319473548 4.3410234602033171 0.03114416417880057
3.8964475550773408 4.341159352255243 0.031144164178958624
3.9008108782073267 4.3412952443071688 0.031144164178769237
3.9051742013373123 4.3414311363590938 0.031144164178767593
3.9095375244672983 4.3415670284110197 0.031144164178963558
3.9139008475972838 4.3417029204629456 0.03114416417879198
3.9182641707272698 4.3418388125148706 0.031144164178671677
3.9226274938572558 4.3419747045667956 0.031144164178704303
3.9269908169872414 4.3421105966187206 0.031144164178703589
3.9313541401172274 4.3422464886706456 0.031144164178673814
3.9357174632472129 4.3423823807225705 0.031144164178793624
3.9400807863771989 4.3425182727744964 0.031144164178954842
3.9444441095071849 4.3426541648264223 0.031144164178791303
3.9488074326371705 4.3427900568783473 0.031144164178683108
3.9531707557671565 4.3429259489302723 0.031144164178668755
3.957534078897142 4.3430618409821973 0.031144164178834352
3.961897402027128 4.3431977330341232 0.031144164178796979
3.966260725157114 4.3433336250860481 0.031144164178771347
3.9706240482870996 4.343469517137974 0.031144164178920779
3.9749873714170856 4.3436054091898999 0.031144164178959349
3.9793506945470716 4.3437413012418258 0.031144164178646131
3.9837140176770571 4.3438771932937499 0.031144164178648619
3.9880773408070431 4.3440130853456758 0.031144164178951862
3.9924406639370287 4.3441489773976016 0.031144164178957733
3.9968039870670147 4.3442848694495275 0.031144164178631042
4.0011673101970002 4.3444207615014516 0.031144164178710576
4.0055306333269867 4.3445566535533775 0.031144164178709636
4.0098939564569722 4.3446925456053016 0.031144164178633853
4.0142572795869578 4.3448284376572275 0.031144164178956945
4.0186206027169442 4.3449643297091534 0.031144164178942665
4.0229839258469298 4.3451002217610792 0.031144164178676704
4.0273472489769153 4.3452361138130033 0.031144164178552501
4.0317105721069009 4.3453720058649283 0.031144164178704626
4.0360738952368873 4.3455078979168533 0.031144164178811957
4.0404372183668729 4.3456437899687792 0.031144164178841204
4.0448005414968584 4.3457796820207042 0.031144164178635882
4.0491638646268449 4.3459155740726292 0.031144164178798239
4.0535271877568304 4.3460514661245551 0.031144164178964803
4.057890510886816 4.3461873581764809 0.031144164178765851
4.0622538340168024 4.3463232502284059 0.031144164178765397
4.066617157146788 4.3464591422803318 0.031144164178966208
4.0709804802767735 4.3465950343322577 0.031144164178793086
4.0753438034067591 4.3467309263841827 0.031144164178674105
4.0797071265367455 4.3468668184361077 0.031144164178693437
4.0840704496667311 4.3470027104880327 0.031144164178735122
4.0884337727967166 4.3471386025399577 0.031144164178568062
4.092797095926703 4.3472744945918818 0.031144164178564943
4.0971604190566886 4.3474103866438067 0.03114416417874449
4.1015237421866741 4.3475462786957317 0.031144164178659072
4.1058870653166606 4.3476821707476567 0.031144164178802194
4.1102503884466461 4.3478180627995826 0.0311441641789258
4.1146137115766317 4.3479539548515085 0.031144164178917921
4.1189770347066181 4.3480898469034344 0.031144164178806808
4.1233403578366037 4.3482257389553594 0.031144164178648487
4.1277036809665892 4.3483616310072843 0.031144164178801212
4.1320670040965748 4.3484975230592102 0.031144164178959342
4.1364303272265612 4.3486334151111361 0.031144164178765716
4.1407936503565468 4.3487693071630611 0.031144164178771434
4.1451569734865323 4.348905199214987 0.031144164178961192
4.1495202966165188 4.3490410912669129 0.031144164178788094
4.1538836197465043 4.3491769833188378 0.031144164178680087
4.1582469428764899 4.3493128753707628 0.031144164178693541
4.1626102660064763 4.3494487674226878 0.031144164178728704
4.1669735891364619 4.3495846594746128 0.031144164178574612
4.1713369122664474 4.3497205515265369 0.031144164178564155
4.1757002353964339 4.3498564435784619 0.031144164178741048
4.1800635585264194 4.3499923356303869 0.031144164178654621
4.184426881656405 4.3501282276823119 0.031144164178842457
4.1887902047863905 4.3502641197342378 0.031144164178788212
4.193153527916377 4.3504000117861628 0.031144164178798325
4.1975168510463625 4.3505359038380886 0.031144164178812123
4.2018801741763481 4.3506717958900136 0.03114416417876582
4.2062434973063345 4.3508076879419395 0.031144164178918219
4.2106068204363201 4.3509435799938654 0.031144164178965598
4.2149701435663056 4.3510794720457913 0.031144164178642721
4.2193334666962921 4.3512153640977154 0.031144164178646488
4.2236967898262776 4.3513512561496412 0.031144164178954291
4.2280601129562632 4.3514871482015671 0.031144164178959679
4.2324234360862487 4.351623040253493 0.031144164178630328
4.2367867592162352 4.3517589323054171 0.031144164178701972
4.2411500823462207 4.351894824357343 0.03114416417874475
4.2455134054762063 4.3520307164092671 0.031144164178521016
4.2498767286061927 4.3521666084611921 0.031144164178743463
4.2542400517361783 4.3523025005131171 0.031144164178688104
4.2586033748661638 4.3524383925650421 0.031144164178706118
4.2629666979961502 4.352574284616967 0.031144164178670386
4.2673300211261358 4.352710176668892 0.031144164178795317
4.2716933442561213 4.3528460687208179 0.031144164178961001
4.2760566673861078 4.3529819607727438 0.031144164178764984
4.2804199905160933 4.3531178528246688 0.031144164178772721
4.2847833136460789 4.3532537448765947 0.031144164178956782
4.2891466367760644 4.3533896369285205 0.031144164178823479
4.2935099599060509 4.3535255289804455 0.031144164178542939
4.2978732830360364 4.3536614210323696 0.031144164178577093
4.302236606166022 4.3537973130842946 0.031144164178740025
4.3065999292960084 4.3539332051362196 0.03114416417864577
4.310963252425994 4.3540690971881446 0.031144164178859873
4.3153265755559795 4.3542049892400705 0.031144164178727396
4.319689898685966 4.3543408812919946 0.031144164178413519
4.3240532218159515 4.3544767733439187 0.03114416417858017
4.3284165449459371 4.3546126653958437 0.031144164178857115
4.3327798680759235 4.3547485574477696 0.031144164178784996
4.3371431912059091 4.3548844494996946 0.031144164178796535
4.3415065143358946 4.3550203415516204 0.031144164178841516
4.3458698374658802 4.3551562336035454 0.031144164178650062
4.3502331605958666 4.3552921256554704 0.031144164178741187
4.3545964837258522 4.3554280177073954 0.031144164178568159
4.3589598068558377 4.3555639097593195 0.031144164178577512
4.3633231299858242 4.3556998018112445 0.031144164178694096
4.3676864531158097 4.3558356938631695 0.031144164178829085
4.3720497762457953 4.3559715859150954 0.031144164178802211
4.3764130993757817 4.3561074779670204 0.031144164178755682
4.3807764225057673 4.3562433700189462 0.031144164178968679
4.3851397456357528 4.3563792620708721 0.031144164178792927
4.3895030687657384 4.3565151541227971 0.03114416417867228
4.3938663918957248 4.3566510461747221 0.031144164178700914
4.3982297150257104 4.3567869382266471 0.03114416417870703
4.4025930381556959 4.3569228302785721 0.03114416417867294
4.4069563612856824 4.3570587223304971 0.03114416417878416
4.4113196844156679 4.3571946143824229 0.031144164178984073
4.4156830075456535 4.3573305064343488 0.031144164178702874
4.4200463306756399 4.3574663984862729 0.031144164178387394
4.4244096538056255 4.357602290538197 0.031144164178709202
4.428772976935611 4.3577381825901229 0.031144164178977779
4.4331363000655974 4.3578740746420488 0.031144164178783979
4.437499623195583 4.3580099666939738 0.031144164178679962
4.4418629463255686 4.3581458587458988 0.031144164178698176
4.4462262694555541 4.3582817507978238 0.031144164178729339
4.4505895925855405 4.3584176428497488 0.031144164178567427
4.4549529157155261 4.3585535349016729 0.031144164178573287
4.4593162388455116 4.3586894269535978 0.031144164178730737
4.4636795619754981 4.3588253190055228 0.031144164178686724
4.4680428851054836 4.3589612110574478 0.031144164178705355
4.4724062082354692 4.3590971031093728 0.031144164178693839
4.4767695313654556 4.3592329951612978 0.031144164178702249
4.4811328544954412 4.3593688872132228 0.031144164178680139
4.4854961776254267 4.3595047792651478 0.031144164178779174
4.4898595007554132 4.3596406713170737 0.031144164178996802
4.4942228238853987 4.3597765633689995 0.031144164178637943
4.4985861470153843 4.3599124554209236 0.031144164178653424
4.5029494701453698 4.3600483474728495 0.031144164178950374
4.5073127932753563 4.3601842395247754 0.031144164178949392
4.5116761164053418 4.3603201315767013 0.031144164178656383
4.5160394395353274 4.3604560236286254 0.031144164178627053
4.5204027626653138 4.3605919156805513 0.031144164179018375
4.5247660857952994 4.3607278077324771 0.031144164178703769
4.5291294089252849 4.3608636997844012 0.031144164178368548
4.5334927320552714 4.3609995918363254 0.031144164178783667
4.5378560551852569 4.3611354838882512 0.031144164178679754
4.5422193783152425 4.3612713759401753 0.031144164178699314
4.5465827014452289 4.3614072679921012 0.031144164178705979
4.5509460245752145 4.3615431600440253 0.031144164178659759
4.5553093477052 4.3616790520959512 0.031144164178856966
4.5596726708351856 4.3618149441478762 0.031144164178725047
4.564035993965172 4.3619508361998021 0.031144164179036489
4.5683993170951576 4.3620867282517288 0.031144164179143959
4.5727626402251431 4.3622226203036556 0.031144164179032319
4.5771259633551296 4.3623585123555815 0.031144164178741739
4.5814892864851151 4.3624944044075056 0.031144164178183685
4.5858526096151007 4.362630296459427 0.031144164177672167
4.5902159327450871 4.3627661885113467 0.031144164177203944
4.5945792558750727 4.3629020805632646 0.031144164177145706
4.5989425790050582 4.3630379726151842 0.031144164177865884
4.6033059021350438 4.3631738646671074 0.031144164178707436
4.6076692252650302 4.3633097567190351 0.031144164180098004
4.6120325483950158 4.3634456487709707 0.031144164182243514
4.6163958715250013 4.3635815408229153 0.031144164183892598
4.6207591946549877 4.3637174328748642 0.031144164184291723
4.6251225177849733 4.3638533249268114 0.031144164182878138
4.6294858409149588 4.3639892169787471 0.031144164178992371
4.6338491640449453 4.3641251090306614 0.031144164173335345
4.6382124871749308 4.3642610010825482 0.031144164166262579
4.6425758103049164 4.3643968931344039 0.031144164159925689
4.6469391334349028 4.364532785186241 0.031144164158129643
4.6513024565648884 4.3646686772380852 0.031144164163712084
4.6556657796948739 4.3648045692899711 0.03114416417678403
4.6600291028248595 4.3649404613419298 0.031144164197689814
4.6643924259548459 4.365076353393996 0.031144164224940974
4.6687557490848315 4.3652122454461786 0.03114416424891853
4.673119072214817 4.3653481374984331 0.031144164255237437
4.6774823953448035 4.3654840295506574 0.031144164234666562
4.681845718474789 4.3656199216027316 0.031144164186665862
4.6862090416047746 4.3657558136545349 0.031144164109802627
4.690572364734761 4.3658917057059448 0.031144164008458718
4.6949356878647466 4.3660275977569141 0.03114416391728176
4.6992990109947321 4.3661634898076098 0.031144163892376626
4.7036623341247186 4.3662993818584104 0.031144163967128463
4.7080256572547041 4.3664352739097616 0.031144164143698163
4.7123889803846897 4.3665711659621103 0.03114416442707825
4.7167523035146752 4.3667070580159146 0.031144164803649087
4.7211156266446617 4.3668429500713675 0.031144165148246
4.7254789497746472 4.3669788421278719 0.031144165249713685
4.7298422729046328 4.3671147341840237 0.031144164979859602
4.7342055960346192 4.3672506262381621 0.031144164330973667
4.7385689191646048 4.3673865182886225 0.031144163283220581
4.7429322422945903 4.3675224103336836 0.031144161882126237
4.7472955654245768 4.3676583023725826 0.03114416058519185
4.7516588885545623 4.3677941944074643 0.031144160175175007
4.7560222116845479 4.3679300864435024 0.031144161145238988
4.7603855348145334 4.3680659784869036 0.031144163532513005
4.7647488579445199 4.3682018705438708 0.031144167403079286
4.7691121810745054 4.3683377626208362 0.031144172610627147
4.773475504204491 4.3684736547208347 0.031144177496069649
4.7778388273344774 4.3686095468361898 0.031144179141570843
4.782202150464463 4.3687454389477995 0.031144175657366702
4.7865654735944485 4.3688813310325081 0.031144166877653544
4.7909287967244349 4.3690172230671731 0.031144152577431167
4.7952921198544205 4.3691531150277729 0.031144133227161291
4.7996554429844061 4.3692890069023109 0.031144114833251076
4.8040187661143925 4.3694248987182061 0.031144108267524812
4.808382089244378 4.3695607905459726 0.031144120766642275
4.8127454123743636 4.3696966824719814 0.031144153044518209
4.8171087355043491 4.3698325745825457 0.031144205871331602
4.8214720586343356 4.3699684669673955 0.03114427776199236
4.8258353817643211 4.3701043596737126 0.031144346981975369
4.8301987048943067 4.3702402526037485 0.031144373053765231
4.8345620280242931 4.3703761454973122 0.031144328287925713
4.8389253511542787 4.3705120380322722 0.031144209645264573
4.8432886742842642 4.370647929886692 0.031144014519062686
4.8476519974142507 4.3707838207255083 0.031143747484027515
4.8520153205442362 4.3709197103638839 0.031143487110586152
4.8563786436742218 4.3710555991495923 0.031143384026391076
4.8607419668042082 4.3711914880423359 0.031143544077793291
4.8651052899341938 4.3713273782433815 0.031143980070544072
4.8694686130641793 4.3714632709535657 0.031144700726967095
4.8738319361941649 4.3715991674236987 0.031145692415566334
4.8781952593241513 4.37173506837531 0.03114667139260471
4.8825585824541369 4.3718709725738094 0.031147077429173008
4.8869219055841224 4.3720068764807998 0.031146506274839354
4.8912852287141089 4.3721427756172515 0.031144904447980477
4.8956485518440944 4.3722786655037851 0.031142243153734872
4.90001187497408 4.3724145414722946 0.031138561053876909
4.9043751981040664 4.3725504007152578 0.031134881780533578
4.908738521234052 4.3726862476049586 0.031133287857627468
4.9131018443640375 4.3728220951819097 0.031135321863490592
4.9174651674940231 4.3729579601440971 0.031141205489446665
4.9218284906240095 4.3730938592013899 0.031151032255474078
4.9261918137539951 4.3732298097712885 0.031164701091915045
4.9305551368839806 4.3733658227463081 0.031178523039636152
4.9349184600139671 4.3735018826823406 0.031184761027039772
4.9392817831439526 4.3736379415401165 0.031177533789138415
4.9436451062739382 4.3737739370787683 0.031155928375807451
4.9480084294039246 4.3739098069608486 0.031119647149596186
4.9523717525339102 4.3740454862128253 0.031068914768597491
4.9567350756638957 4.3741809326862242 0.031017011153347662
4.9610983987938821 4.3743162007785452 0.030992665439625311
4.9654617219238677 4.3744514673809816 0.031018281745618732
4.9698250450538533 4.3745869644545872 0.031097598169727198
4.9741883681838388 4.374722924565317 0.031231537346570172
4.9785516913138252 4.3748595900399962 0.031419797618668907
4.9829150144438108 4.3749971235764669 0.031614625205337921
4.9872783375737963 4.3751353341749599 0.031709403466842243
4.9916416607037828 4.3752735707796528 0.031618856936312431
4.9960049838337683 4.3754109690622416 0.031327757521541058
5.0003683069637539 4.3755466613324998 0.030833346213841418
5.0047316300937403 4.3756797439619755 0.030134866348717784
5.0090949532237259 4.3758095903197578 0.029403843769664113
5.0134582763537114 4.375936868717754 0.029035718345950885
5.0178215994836979 4.3760639742696599 0.0293548033095976
5.0221849226136834 4.3761941270275866 0.030422853192565085
5.026548245743669 4.3763305644560671 0.032247694409000022
5.0309115688736545 4.3764766556300199 0.034838727305320873
5.035274892003641 4.3766348090391309 0.037580562961042556
5.0396382151336265 4.3768026952723478 0.039007366362633071
5.0440015382636121 4.3769715074266546 0.037886730476061413
5.0483648613935985 4.3771292515096381 0.033969241777978998
5.0527281845235841 4.3772638475088979 0.027234537152535182
5.0570915076535696 4.377362735911456 0.017624659287530646
5.0614548307835561 4.3774166773056953 0.0073448537813568405
5.0658181539135416 4.3774337557282887 0.0018255547827575648
5.0701814770435272 4.3774463381671804 0.0057462332454674882
5.0745448001735127 4.3774990906646281 0.020110505519357072
5.0789081233034992 4.377637089916254 0.044962986556939914
5.0832714464334847 4.3779071509543268 0.080599136892375425
5.0876347695634703 4.3783446544456668 0.11912600109574219
5.0919980926934567 4.3789216828693496 0.14043762167016896
5.0963614158234423 4.3795193432777406 0.12678006005134271
5.1007247389534278 4.3799713330370045 0.074128432986407755
5.1050880620834143 4.380109438194868 -0.01757441283472324
5.1094513852133998 4.3797591767467052 -0.14969870202314497
5.1138147083433854 4.3787852861804701 -0.29405064137766224
5.1181780314733718 4.3772836433624187 -0.37615011202634768
5.1225413546033574 4.3756907775705516 -0.32897630669961386
5.1269046777333429 4.3746253800047894 -0.13563191589252824
5.1312680008633285 4.3747173660262373 0.20223549164743507
5.1356313239933149 4.3766059121936305 0.68840357662738272
5.1399946471233005 4.3808604220921969 1.2678044325438222
5.144357970253286 4.3875790565934372 1.7849570383562465
5.1487212933832724 4.3961395486335197 2.0975209995999839
5.153084616513258 4.4055312878876247 2.1680039952389207
5.1574479396432436 4.4147153340626648 2.0022322942126016
5.16181126277323 4.4226541013156142 1.595846141675098
5.1661745859032155 4.4283501935258958 0.98902195705215934
5.1705379090332011 4.4311802791868438 0.31023411890811248
5.1749012321631875 4.4311267109840564 -0.32096564752045526
5.1792645552931731 4.4284927148795044 -0.87420463259304071
5.1836278784231586 4.4236025618743096 -1.3554396830950313
5.1879912015531442 4.4167715474487306 -1.7629177320217706
5.1923545246831306 4.4083257082962408 -2.0964801999693496
5.1967178478131162 4.3985635501399267 -2.3700582582607166
5.2010811709431017 4.3877117243084811 -2.5964181443753422
5.2054444940730882 4.3759750440809864 -2.7749819164328677
5.2098078172030737 4.3635669213667434 -2.9043978587320978
5.2141711403330593 4.3506988348375364 -2.9860679895107398
5.2185344634630457 4.3375803227622045 -3.0183992705118099
5.2228977865930313 4.324445675694637 -2.9906775417224027
5.2272611097230168 4.3115851151978744 -2.8918787346317369
5.2316244328530024 4.2993133115479942 -2.7215482572142009
5.2359877559829888 4.2879384236629789 -2.480195729277745
5.2403510791129744 4.2777823610932062 -2.1612599052497354
5.2447144022429599 4.2691197945571231 -1.8135009375752051
5.2490777253729464 4.26175818431763 -1.6021487373939625
5.2534410485029319 4.2546966769783907 -1.6945092890362703
5.2578043716329175 4.2464571789861498 -2.1400104400734197
5.2621676947629039 4.235515901914094 -2.9331784583569429
5.2665310178928895 4.2203440522477313 -4.0813391505176906
5.270894341022875 4.1994710709887979 -5.524065162958987
5.2752576641528615 4.1720052804965162 -7.057691495934443
5.279620987282847 4.1380545429718545 -8.4720630259161727
5.2839843104128326 4.0983467674849692 -9.6979194496572632
5.2883476335428181 4.0536902756334214 -10.7408566979255
5.2927109566728046 4.0048811211981548 -11.600898499002527
5.2970742798027901 3.9526954768368605 -12.294457991852369
5.3014376029327757 3.8977684647106225 -12.866507323634643
5.3058009260627621 3.8405232764090229 -13.363436672133727
5.3101642491927477 3.7812294390762444 -13.806077796828792
5.3145275723227332 3.7201222125111597 -14.19392586334633
5.3188908954527196 3.6574427830468856 -14.527654156021223
5.3232542185827052 3.5934357095558553 -14.798680799892313
5.3276175417126908 3.5284480664290552 -14.967856744668044
5.3319808648426772 3.463026364109504 -14.992753459106263
5.3363441879726627 3.3978411108582702 -14.859857370006925
5.3407075111026483 3.3335766116257419 -14.570910776864157
5.3450708342326338 3.2709157903478636 -14.123921665640637
5.3494341573626203 3.21053828776851 -13.528322665168261
5.3537974804926058 3.1530110114629992 -12.828142247993821
5.3581608036225914 3.0986721426901034 -12.072604143551642
5.3625241267525778 3.0477149494786904 -11.277680590382783
5.3668874498825634 3.0003145724902276 -10.442357362289421
5.3712507730125489 2.9566506216679311 -9.564109733491172
5.3756140961425354 2.9169015117214476 -8.6517997635762498
5.3799774192725209 2.8811304886188878 -7.7525099159209709
5.3843407424025065 2.8491498226576168 -6.9207906316246666
5.388704065532492 2.8206116052306394 -6.1740467454752013
5.3930673886624785 2.7951499598193439 -5.5105932054938505
5.397430711792464 2.7724024976727812 -4.9297211984379459
5.4017940349224496 2.7520072793989865 -4.4332440603742729
5.406157358052436 2.7335749150458604 -4.0331819186806177
5.4105206811824216 2.7166497381621384 -3.744082906876125
5.4148840043124071 2.7007337465798207 -3.570410622402707
5.4192473274423936 2.6853255888395418 -3.5111732397806086
5.4236106505723791 2.6699239776651056 -3.5681331375124254
5.4279739737023647 2.6540275221410088 -3.7352597551096989
5.4323372968323511 2.6372168852729407 -3.9785680926336804
5.4367006199623367 2.6192572305471828 -4.2567594035399141
5.4410639430923222 2.600040578274148 -4.5549401601700845
5.4454272662223078 2.5794780443150707 -4.8736337585607252
5.4497905893522942 2.5574770764607311 -5.2150329880603241
5.4541539124822798 2.5339436887475735 -5.5733510515842228
5.4585172356122653 2.5088694995009719 -5.911670951423349
5.4628805587422518 2.4824513336678695 -6.1835006217935966
5.4672438818722373 2.4550296607186657 -6.371872944091904
5.4716072050022229 2.426965701482708 -6.4781181757411703
5.4759705281322093 2.3986167989323235 -6.5022810402888513
5.4803338512621949 2.3703412731044238 -6.4448468240997823
5.4846971743921804 2.3424867308993309 -6.3105236881862643
5.4890604975221668 2.3153746976756895 -6.1052918594013477
5.4934238206521524 2.2893079269029406 -5.8313612167659992
5.497787143782138 2.2645859832718118 -5.4890110603866225
5.5021504669121235 2.2415089423950549 -5.0767554694462165
5.5065137900421099 2.2203792508455775 -4.5982773908756585
5.5108771131720955 2.201437433547806 -4.0812749950719125
5.5152404363020811 2.1847658835310146 -3.5625703253215049
5.5196037594320675 2.1703293569982041 -3.056781644386358
5.523967082562053 2.1580725884292966 -2.5632609046402526
5.5283304056920386 2.1479442886908222 -2.0810139945540382
5.532693728822025 2.1398926644135283 -1.6122781328078928
5.5370570519520106 2.1338375227784367 -1.1689712665182577
5.5414203750819961 2.1296312912346442 -0.7670373030251102
5.5457836982119817 2.1270731482203504 -0.41372088006979851
5.5501470213419681 2.1259501864526555 -0.10902039213625102
5.5545103444719537 2.1260516218814742 0.14745267406626117
5.5588736676019392 2.1271656863849939 0.35492588932837521
5.5632369907319257 2.1290758859520804 0.51217457716554815
5.5676003138619112 2.131560288226316 0.61788145978750064
5.5719636369918968 2.1343912932523885 0.67090444009285299
5.5763269601218832 2.1373380862176008 0.67102205719829011
5.5806902832518688 2.1401699870408164 0.61814451321840513
5.5850536063818543 2.1426559722149312 0.51270897287332751
5.5894169295118408 2.1445737677527776 0.35883617964616604
5.5937802526418263 2.1457255778555364 0.16245168425661297
5.5981435757718119 2.1459334897052105 -0.073766966444285223
5.6025068989017974 2.1450240878663815 -0.34969280747052445
5.6068702220317839 2.1428229033748978 -0.6661434261294582
5.6112335451617694 2.1391546905138865 -1.0212338470103131
5.615596868291755 2.1338740537126353 -1.401696991566235
5.6199601914217414 2.1269135241050745 -1.788384245231168
5.624323514551727 2.1182723003291613 -2.1717414900329914
5.6286868376817125 2.107966969699973 -2.551341039365453
5.633050160811699 2.0960114803592513 -2.9283067458209771
5.6374134839416845 2.0824194820231683 -3.3005906298707783
5.6417768070716701 2.0672324347980142 -3.6563449235802485
5.6461401302016565 2.0505609216704204 -3.9783622707104715
5.6505034533316421 2.0325771782359787 -4.2574052609492652
5.6548667764616276 2.0134715883979721 -4.4927638230791187
5.6592300995916132 1.9934329329957776 -4.6851399805989518
5.6635934227215996 1.9726492819976673 -4.834026655252142
5.6679567458515852 1.9513169112659479 -4.9355969383975022
5.6723200689815707 1.9296556589167821 -4.9838233732912514
5.6766833921115571 1.9079068924102307 -4.9756399966273017
5.6810467152415427 1.8863170551102046 -4.9110456974762835
5.6854100383715283 1.8651325322124419 -4.7896609419374458
5.6897733615015147 1.8446000686286952 -4.6127976475104742
5.6941366846315002 1.8249464794856898 -4.3890430664165709
5.6985000077614858 1.806347953821567 -4.1312469176048259
5.7028633308914722 1.7889332349770528 -3.8468522661742917
5.7072266540214578 1.77281494837362 -3.5369402563757055
5.7115899771514433 1.7581066942789576 -3.200154856193667
5.7159533002814289 1.7449251860065425 -2.8380284219268357
5.7203166234114153 1.7333511399927966 -2.4683968173467492
5.7246799465414009 1.7233524369533668 -2.1207139875871128
5.7290432696713864 1.7147890261083072 -1.811116645374711
5.7334065928013729 1.7074907054348938 -1.5405426922514016
5.7377699159313584 1.7012900162131368 -1.3079481208024015
5.742133239061344 1.6960209255448941 -1.1137045802315442
5.7464965621913304 1.6915060603906908 -0.96418606509444293
5.750859885321316 1.6875249556163465 -0.87094979670051031
5.7552232084513015 1.683814669484871 -0.84022559796919749
5.7595865315812871 1.6801019367986465 -0.87183960542783534
5.7639498547112735 1.6761152487437618 -0.9661477382517647
5.7683131778412591 1.6715802113258402 -1.1226762866960311
5.7726765009712446 1.6662464567230046 -1.3284286951457729
5.7770398241012311 1.6599495992626825 -1.5602287451950467
5.7814031472312166 1.6526122903281337 -1.8048186233361743
5.7857664703612022 1.6441822972604014 -2.0612950699274464
5.7901297934911886 1.6346051669977404 -2.3307871129906115
5.7944931166211742 1.6238241631988191 -2.6127784039920052
5.7988564397511597 1.6118027778893573 -2.8958671757474477
5.8032197628811462 1.5985825221972083 -3.1586268615374218
5.8075830860111317 1.5842864619415618 -3.3884506367886926
5.8119464091411173 1.5690614525764457 -3.584762943087882
5.8163097322711028 1.5530515941943277 -3.7480107376508194
5.8206730554010893 1.5364024526461666 -3.8778684157843979
5.8250363785310748 1.5192529642566244 -3.9787417842696735
5.8293997016610604 1.5017106414091288 -4.0594968576998598
5.8337630247910468 1.483848957117625 -4.1252730279183165
5.8381263479210324 1.4657323114762197 -4.1762885396445739
5.8424896710510179 1.44742606813335 -4.2121066111749181
5.8468529941810043 1.428996890592547 -4.2326999189090726
5.8512163173109899 1.4105018686237929 -4.2443032387475119
5.8555796404409755 1.3919524382410799 -4.2599764154529272
5.8599429635709619 1.3733090137651818 -4.2877144367324247
5.8643062867009474 1.3545171260294764 -4.3277905713696017
5.868669609830933 1.3355243002492159 -4.3799786526999505
5.8730329329609186 1.3162765989474356 -4.4445445157121384
5.877396256090905 1.2967267565522205 -4.5170693961971136
5.8817595792208905 1.2768597802486386 -4.5881861387793954
5.8861229023508761 1.2566979285227629 -4.6519809080017351
5.8904862254808625 1.2362748507128372 -4.7080323200596448
5.8948495486108481 1.2156232560440325 -4.7567543467194193
5.8992128717408336 1.1947748450429334 -4.7982523889181126
5.9035761948708201 1.1737679777545273 -4.8278056536172684
5.9079395180008056 1.1526773380816617 -4.8346387194533236
5.9123028411307912 1.1316210472450574 -4.8117343200567433
5.9166661642607767 1.1107307689723964 -4.7587605004983198
5.9210294873907632 1.0901364641776792 -4.6759219733966946
5.9253928105207487 1.0699695584899009 -4.5628955478105651
5.9297561336507343 1.0503548056781897 -4.4243494439805637
5.9341194567807207 1.0313814971058115 -4.2709033590670797
5.9384827799107063 1.0130953633804967 -4.1097426077784638
5.9428461030406918 0.99552751625263658 -3.9415075893780291
5.9472094261706783 0.97871017238652225 -3.7657428951803387
5.9515727493006638 0.96267616323619964 -3.5824473795340852
5.9559360724306494 0.94745348477378333 -3.3949829679100239
5.9602993955606358 0.93304379824058559 -3.2113341637036692
5.9646627186906214 0.919415569009289 -3.0371312530605681
5.9690260418206069 0.90652532299040478 -2.872901355545074
5.9733893649505925 0.89433063474870955 -2.7183936746921082
5.9777526880805789 0.88278800232062782 -2.5741034416083739
5.9821160112105645 0.87185814311761867 -2.4361396661285806
5.98647933434055 0.8615345658500938 -2.2941244128104463
5.9908426574705365 0.85185467813624338 -2.1407321114756503
5.995205980600522 0.84287032512498727 -1.9755337976639262
5.9995693037305076 0.83463166034893976 -1.7988074541642973
6.003932626860494 0.82718980732990832 -1.6103662685322204
6.0082959499904796 0.82059220338497785 -1.4125470399932023
6.0126592731204651 0.81486899388066569 -1.210612901210997
6.0170225962504515 0.81002778370022954 -1.0085612864546718
6.0213859193804371 0.8060666683354919 -0.80717519663379367
6.0257492425104227 0.8029833820953024 -0.60611170090055999
6.0301125656404082 0.80077778690986601 -0.40474500816616321
6.0344758887703946 0.79943947667118931 -0.21151815197717463
6.0388392119003802 0.79888691772988807 -0.049248267414197876
6.0432025350303658 0.79893931184800471 0.064623220481328167
6.0475658581603522 0.79937734575910291 0.12794886023598348
6.0519291812903377 0.79998358150254123 0.14156826511705217
6.0562925044203233 0.80054031465764808 0.10537659439525209
6.0606558275503097 0.80083068655776424 0.019351890923639575
6.0650191506802953 0.80063479539524096 -0.1178239879775954
6.0693824738102808 0.79972673226337554 -0.30707900113908787
6.0737457969402664 0.79787978687090699 -0.54806433906898722
6.0781091200702528 0.79486850549750443 -0.84093431780759587
6.0824724432002384 0.79046468753687515 -1.1864451478240585
6.0868357663302239 0.78445330669013413 -1.5742483043206923
6.0911990894602104 0.77670631780060839 -1.9761198613158952
6.0955624125901959 0.7672215297494126 -2.3689693569857866
6.0999257357201815 0.7560523273778802 -2.7486404866532244
6.1042890588501679 0.74325241695127164 -3.1164167204783175
6.1086523819801535 0.72887302152539035 -3.4728068167475472
6.113015705110139 0.71297564172516092 -3.8091332652015022
6.1173790282401255 0.6956982087050303 -4.0999812513629301
6.121742351370111 0.6772937509445881 -4.3240026906289382
6.1261056745000966 0.65806681923435983 -4.4774455127124737
6.1304689976300821 0.63832183011019039 -4.561334258470243
6.1348323207600686 0.61836341024173758 -4.5752706641136314
6.1391956438900541 0.59849334326330783 -4.5216334936983342
6.1435589670200397 0.57899358646194432 -4.4068922741659939
6.1479222901500261 0.56011669616662252 -4.2366363356733343
6.1522856132800117 0.54210072620563299 -4.012224625370445
6.1566489364099972 0.5251827441858109 -3.7332812854046349
6.1610122595399837 0.50960198269907842 -3.39914034185546
6.1653755826699692 0.49558851276682619 -3.0176520460679468
6.1697389057999548 0.48330271853032158 -2.6122935679066468
6.1741022289299412 0.47279629376822563 -2.2039491345974618
6.1784655520599268 0.46406715827307016 -1.7973069254238612
6.1828288751899123 0.45711091762567674 -1.3912934002266795
6.1871921983198979 0.45192518445327151 -0.98572573166355415
6.1915555214498843 0.4485021923091555 -0.58472720460812111
6.1959188445798699 0.44679835719588568 -0.20031221959373322
6.2002821677098554 0.44671394937268277 0.15647080693535773
6.2046454908398418 0.44811953766929935 0.48280577307252265
6.2090088139698274 0.45088363897098827 0.7791734911246162
6.213372137099813 0.45487547088079172 1.045537778718626
6.2177354602297994 0.45996425137351338 1.2820445867066057
6.2220987833597849 0.46602068931015334 1.4891716075008758
6.2264621064897705 0.4729175665165023 1.6673124440444087
6.2308254296197561 0.48052889054882392 1.8166830079496818
6.2351887527497425 0.48872898660591452 1.937087194936576
6.239552075879728 0.4973914893635793 2.0288371367970521
6.2439153990097136 0.50639264907228632 2.0922039786769284
6.2482787221397 0.51561981883783947 2.1352231058830839
6.2526420452696856 0.52498762995835468 2.1518706965680838
6.2570053683996711 0.5343962199507859 2.1669965664442477
6.2613686915296576 0.54384659006127978 2.1466088764929552
6.2657320146596431 0.55290839483857412 1.9746018157233962
6.2700953377896287 0.56107942184431914 1.8034062233389239
6.2744586609196151 0.56495261342425851 -0.90723199916622377
6.2788219840496007 0.56639184638366702 5.4780758343614817
6.2831853071795862 0.60298582571322445 5.1446392075160734
