# q  U_kJmol  dU_dq   # conservative spline pchip_hermite_v1
0 4.6402910063565468 -0.044512578358379337
0.0043633231299858239 4.6402532324576544 -0.0051167016170332981
0.0087266462599716477 4.6401532565413959 -0.029730411615741165
0.013089969389957472 4.6400353983938833 -0.025733321779194591
0.017453292519943295 4.6399223324732155 -0.026107995204199125
0.021816615649929118 4.6398079827831067 -0.026194153718718492
0.026179938779914945 4.639693976702028 -0.026121252918924524
0.030543261909900768 4.639579877431685 -0.026154521655328375
0.034906585039886591 4.6394658012569483 -0.026142540358787807
0.039269908169872414 4.6393517163011539 -0.026147354849861689
0.043633231299858237 4.6392376310785819 -0.026146299015471757
0.04799655442984406 4.6391235447400323 -0.026146658574432328
0.05235987755982989 4.6390094600344192 -0.026145920738208196
0.056723200689815713 4.6388953789996172 -0.026144865935863664
0.061086523819801536 4.6387813039031629 -0.026143216210537754
0.065449846949787352 4.6386672368414219 -0.026141262745167666
0.069813170079773182 4.6385531774623061 -0.026139919886010329
0.074176493209759012 4.6384391206528743 -0.026140195819424082
0.078539816339744828 4.6383250584345515 -0.026142387039928817
0.082903139469730658 4.6382109825930922 -0.02614643168271864
0.087266462599716474 4.6380968848418522 -0.026152492525225803
0.091629785729702304 4.637982757228583 -0.02615980018690213
0.09599310885968812 4.6378686007053727 -0.026164917327981735
0.10035643198967395 4.6377544339323924 -0.026164065336014251
0.10471975511965978 4.6376402865611848 -0.026156063709250985
0.1090830782496456 4.6375261892713029 -0.026141149148851611
0.11344640137963143 4.6374121729380109 -0.026118713982951305
0.11780972450961724 4.637298267534014 -0.026091438190676344
0.12217304763960307 4.6371844708719605 -0.026071941707496448
0.1265363707695889 4.6370707148959482 -0.026074464318149897
0.1308996938995747 4.6369568894414099 -0.026103666613073343
0.13526301702956053 4.636842879920918 -0.026158659165948291
0.13962634015954636 4.6367285712854525 -0.026241697394009136
0.14398966328953219 4.6366138506615648 -0.026343470609359015
0.14835298641951802 4.6364987212196409 -0.026417684470229904
0.15271630954950383 4.6363834309525851 -0.026410713603786773
0.15707963267948966 4.6362683890455019 -0.026304198685492556
0.16144295580947549 4.6361540234803282 -0.026101451043233668
0.16580627893946132 4.6360407629985563 -0.025794138708324494
0.17016960206944712 4.6359290323247624 -0.025414517823800237
0.17453292519943295 4.6358188378709864 -0.025132268128374127
0.17889624832941878 4.6357092767706991 -0.025149198931324571
0.18325957145940461 4.6355988295989752 -0.025537481476812614
0.18762289458939044 4.6354858978600424 -0.02628490091573929
0.19198621771937624 4.6353688836602913 -0.027422096493342211
0.19634954084936207 4.6352461900491271 -0.0288376636921008
0.2007128639793479 4.6351177264606083 -0.029910219172212805
0.20507618710933373 4.6349867769102513 -0.029880795712931306
0.20943951023931956 4.6348589819085442 -0.028466247639368739
0.21380283336930536 4.6347403117009955 -0.025711209175553772
0.21816615649929119 4.6346367220766913 -0.021503519503895785
0.22252947962927702 4.6345542131788395 -0.016226631526796466
0.22689280275926285 4.6344933662838024 -0.012154137204366915
0.23125612588924865 4.6344422478448299 -0.012138512742000623
0.23561944901923448 4.6343799246745805 -0.017288516982668551
0.23998277214922031 4.6342840988389034 -0.027442666212720852
0.24434609527920614 4.6341325695106619 -0.04300970136608092
0.24870941840919197 4.6339028080765701 -0.062674745711231564
0.2530727415391778 4.6335917574334635 -0.078126310187024081
0.25743606466916363 4.6332427386830437 -0.078650298758517409
0.26179938779914941 4.6329334176768526 -0.059913569252596312
0.26616271092913524 4.6327470703516624 -0.022491865348357221
0.27052603405912107 4.6327664637284469 0.035091951245718615
0.2748893571891069 4.63307611836081 0.10836080654153687
0.27925268031909273 4.6336907186123097 0.16693567106446328
0.28361600344907856 4.6344530580169634 0.17061048050200689
0.28797932657906439 4.635075338395108 0.10261684434343107
0.29234264970905022 4.6352459990704284 -0.03589174868127018
0.29670597283903605 4.6346568452995811 -0.24678450716701764
0.30106929596902182 4.6329958315052737 -0.5240714788178068
0.30543261909900765 4.6300527906903479 -0.82244435064354515
0.30979594222899348 4.6258775764313889 -1.0803027973822439
0.31415926535897931 4.6207228612514317 -1.2711314198845687
0.31852258848896514 4.6148809938715711 -1.395864760016144
0.32288591161895097 4.6086379736229119 -1.4543662240993911
0.3272492347489368 4.6022830776216699 -1.4483595249297088
0.33161255787892263 4.5960637748679929 -1.3975779091679568
0.33597588100890846 4.5901117493036452 -1.3297177626889916
0.34033920413889424 4.5844671887621526 -1.2567763275724744
0.34470252726888007 4.5791518856058264 -1.1786241341050563
0.3490658503988659 4.5741922621084514 -1.0932463207699858
0.35342917352885173 4.5696143183355984 -1.0059387996890998
0.35779249665883756 4.5653741581795231 -0.94588014169748691
0.36215581978882339 4.5612612373563755 -0.95369606600669454
0.36651914291880922 4.5569228290965178 -1.050041447064173
0.37088246604879505 4.5519690208112769 -1.2349956300060219
0.37524578917878088 4.546012958168248 -1.5110507435797149
0.37960911230876665 4.5386613143673795 -1.8705063664875732
0.38397243543875248 4.529665123832757 -2.2468667297023259
0.38833575856873831 4.5191712550887608 -2.5424043841987918
0.39269908169872414 4.5076656575637069 -2.7092345585863473
0.39706240482870997 4.4957152922970733 -2.7477894500108686
0.4014257279586958 4.4838760921290408 -2.6561079916501926
0.40578905108868163 4.472716847350954 -2.4403445527077436
0.41015237421866746 4.462645943201883 -2.1792889810428266
0.41451569734865329 4.4535884360392046 -1.9942263665634261
0.41887902047863912 4.4450467178974442 -1.9441415444336694
0.42324234360862489 4.4364261137668954 -2.0291510498622216
0.42760566673861072 4.4271448100358102 -2.2476994445618872
0.43196898986859655 4.4166182976949155 -2.5989023194403962
0.43633231299858238 4.4042922756618914 -3.068936527314718
0.44069563612856821 4.38969375296218 -3.6373049132639528
0.44505895925855404 4.3724238116706697 -4.2929856547691241
0.44942228238853987 4.3521053290819829 -5.0346490302681453
0.4537856055185257 4.3283601827618385 -5.8643378222383218
0.45814892864851153 4.3008038992221831 -6.7802646482138833
0.46251225177849731 4.2691104772969215 -7.7517003113018363
0.46687557490848314 4.2331512474320254 -8.7274711519094694
0.47123889803846897 4.192980508619347 -9.6815258773182702
0.4756022211684548 4.1486963618207318 -10.613327396264614
0.47996554429844063 4.1003912147128858 -11.524873764862111
0.48432886742842646 4.0481545994674315 -12.41460131610379
0.48869219055841229 3.9921140908998112 -13.262587518378311
0.49305551368839812 3.9325269743163416 -14.034747605721023
0.49741883681838395 3.869774785490502 -14.712732480922485
0.50178215994836972 3.8042715844633612 -15.296232931158848
0.50614548307835561 3.7364269746113075 -15.785537042680341
0.51050880620834138 3.6666538574051533 -16.180598257543199
0.51487212933832727 3.595344040823413 -16.493549935586646
0.51923545246831304 3.5228084327671207 -16.746030808427026
0.52359877559829882 3.4492782953152212 -16.949735819322566
0.5279620987282847 3.3749646392843911 -17.104930639452476
0.53232542185827048 3.3000814537261252 -17.210733699712854
0.53668874498825636 3.2248431773859716 -17.268048735057125
0.54105206811824214 3.149449396390394 -17.284045096578826
0.54541539124822802 3.0740537019103531 -17.270977355559893
0.5497787143782138 2.9987630416042861 -17.236351394640703
0.55414203750819968 2.9236684340467547 -17.180910860219857
0.55850536063818546 2.8488621506888916 -17.1042659009163
0.56286868376817123 2.7744357976171123 -17.006828332461282
0.56723200689815712 2.7004829208791556 -16.886464395233673
0.57159533002814289 2.6271139408742807 -16.738361543346052
0.57595865315812877 2.5544571214369536 -16.560033528125864
0.58032197628811455 2.4826438248416736 -16.351839317354518
0.58468529941810043 2.4118039410527592 -16.113711244049092
0.58904862254808621 2.342069175921655 -15.845324782253055
0.59341194567807209 2.273564537958523 -15.551401943428207
0.59777526880805787 2.2063802988423684 -15.241867246184363
0.60213859193804364 2.1405686079422495 -14.922394860032192
0.60650191506802953 2.076172175892931 -14.593064153566122
0.6108652381980153 2.0132350684117561 -14.253441392417146
0.61522856132800119 1.9518023755365119 -13.903546188454664
0.61959188445798696 1.891910100552145 -13.549277148756991
0.62395520758797285 1.8335509691408256 -13.203023312026914
0.62831853071795862 1.7766692048674135 -12.872433003645181
0.63268185384794451 1.721194521403179 -12.557847750784582
0.63704517697793028 1.667058546224973 -12.258913551548442
0.64140850010791606 1.6141918872321104 -11.97609006043713
0.64577182323790194 1.5625269495693179 -11.707357976297336
0.65013514636788772 1.5120127621792268 -11.447669472809643
0.6544984694978736 1.4626183107656054 -11.194084216660309
0.65886179262785938 1.4143169059848564 -10.946716490802324
0.66322511575784526 1.3670808424772245 -10.705774439600351
0.66758843888783104 1.3208819842693291 -10.47130583201565
0.67195176201781692 1.275696987153117 -10.239912940802732
0.6763150851478027 1.2315286864957251 -10.003844580811775
0.68067840827778847 1.1884111958902515 -9.7579981458156837
0.68504173140777436 1.146388733072389 -9.5020828250962222
0.68940505453776013 1.105504218610373 -9.2363092376878644
0.69376837766774602 1.0658017424463357 -8.9602135825503915
0.69813170079773179 1.0273215581981368 -8.6772741048185882
0.70249502392771768 0.9900753781348387 -8.3963028732017619
0.70685834705770345 0.95403875554349071 -8.1230580383901536
0.71122167018768934 0.91917677461873337 -7.8577540313681382
0.71558499331767511 0.88545591726369788 -7.6000120016619244
0.71994831644766089 0.85284331444193073 -7.3497256655436063
0.72431163957764677 0.82129998565843743 -7.1114546767003137
0.72867496270763255 0.79075045414562373 -6.8963616221410193
0.73303828583761843 0.76107277869696288 -6.7122760837766249
0.73740160896760421 0.73212869699365413 -6.5598853121368972
0.74176493209759009 0.70378146476994285 -6.4387885570036039
0.74612825522757587 0.67589332544706016 -6.3495538474875621
0.75049157835756175 0.64832930524085797 -6.2890925238786712
0.75485490148754752 0.62098147686810301 -6.2486820830259937
0.7592182246175333 0.5937789262181451 -6.2222570101029131
0.76358154774751918 0.56666212929015225 -6.2095222220112882
0.76794487087750496 0.53957015778812278 -6.2108578255594384
0.77230819400749084 0.51244124755129239 -6.226578697126417
0.77667151713747662 0.48522028563522301 -6.2510468831759383
0.7810348402674625 0.45789998923954534 -6.2690406973209063
0.78539816339744828 0.43053838221460061 -6.2692977084641006
0.78976148652743416 0.40321759820425052 -6.2506111088994523
0.79412480965741994 0.37601810438057331 -6.2136396691830384
0.79848813278740571 0.34902038813536052 -6.1580869943447318
0.8028514559173916 0.32230734941318179 -6.082807242552259
0.80721477904737737 0.2959698950884021 -5.9855162675922031
0.81157810217736326 0.27010863791528672 -5.8643180652835811
0.81594142530734903 0.24482970919072108 -5.7186132566923016
0.82030474843733492 0.22023978030344535 -5.5485297515154874
0.82466807156732069 0.19644525946947483 -5.3539648943298062
0.82903139469730658 0.17355277259168997 -5.1352326709049798
0.83339471782729235 0.1516649210424772 -4.8937971864637886
0.83775804095727824 0.13087779446173803 -4.6307322351518776
0.84212136408726401 0.11128563271331726 -4.3460274849613612
0.84648468721724979 0.092983134741847828 -4.0396066414123002
0.85084801034723567 0.076064978239483536 -3.711484185860225
0.85521133347722145 0.060625016318999463 -3.3622600385114767
0.85957465660720733 0.046752092923065154 -2.9935310278751719
0.86393797973719311 0.034527999454227527 -2.6066029407857561
0.86830130286717899 0.024031230688538137 -2.2017713642207464
0.87266462599716477 0.015340027359520676 -1.7789894236292183
0.87702794912715065 0.008533377680123376 -1.3378097680178873
0.88139127225713643 0.0036872199718938426 -0.88165169777780494
0.8857545953871222 0.00084513963486293215 -0.42162654349495338
0.89011791851710809 0 0.033012161447240639
0.89448124164709386 0.0011234663062845854 0.48094122088663543
0.89884456477707975 0.0041878614632693918 0.92258439937599945
0.90320788790706552 0.0091660148154865534 1.3583702148874404
0.90757121103705141 0.016027962611374808 1.7845886386074947
0.91193453416703718 0.024706517087404473 2.1881375310149553
0.91629785729702307 0.035073786581288582 2.5578052072345394
0.92066118042700884 0.046975904793246467 2.8919447746701126
0.92502450355699462 0.060259962554668797 3.1911547182670179
0.9293878266869805 0.074772792868945143 3.4551687962824755
0.93375114981696627 0.090361464176638179 3.6844380959436349
0.93811447294695216 0.10687727550954801 3.8804951250336774
0.94247779607693793 0.12417884572076725 4.0447002438680171
0.94684111920692382 0.14212788084087905 4.1772348286937433
0.95120444233690959 0.16058609371247642 4.2781402846899184
0.95556776546689548 0.17941457676766381 4.3466477356554005
0.95993108859688125 0.19847717867620385 4.3872597678067837
0.96429441172686703 0.21768513840614551 4.4172131308810405
0.96865773485685291 0.23703190712930133 4.4521663562942422
0.97302105798683869 0.25654885569896924 4.4948451687626676
0.97738438111682457 0.27626707096520331 4.5445645242730555
0.98174770424681035 0.29621705590356562 4.6007421653854115
0.98611102737679623 0.31643199778708575 4.667836310333211
0.99047435050678201 0.33699326344908992 4.763567756178241
0.99483767363676789 0.3580677313439975 4.904514381860877
0.99920099676675367 0.37986366340333239 5.0938905173693882
1.0035643198967394 0.4025895803394221 5.3308920713410428
1.0079276430267252 0.42645402126823495 5.6157116572235006
1.0122909661567112 0.45166492968534366 5.9479860475813693
1.016654289286697 0.47842827081005429 6.3272058577225669
1.0210176124166828 0.50694777002697144 6.7528716943788467
1.0253809355466685 0.53742531943316874 7.2246900427532541
1.0297442586766545 0.57006196919521379 7.7424950108680006
1.0341075818066403 0.60506001929009323 8.3075241190042934
1.0384709049366261 0.64261757414939613 8.9129678398330068
1.0428342280666119 0.68285944817366884 9.5315516043491986
1.0471975511965976 0.72577585017238677 10.136244715186596
1.0515608743265836 0.771285246681369 10.72057018968867
1.0559241974565694 0.81930228905351032 11.285517175377372
1.0602875205865552 0.86974347449398604 11.832252052809029
1.064650843716541 0.92252198520766149 12.354110040454474
1.0690141668465269 0.97747512768212075 12.822136357138609
1.0733774899765127 1.0342950258535115 13.206826439206976
1.0777408131064985 1.0925945901490686 13.500869956083958
1.0821041362364843 1.1519825388610185 13.705667297111669
1.08646745936647 1.2120684516698474 13.820637182723216
1.090830782496456 1.2724623564333006 13.847604732768556
1.0951941056264418 1.3327955006078449 13.794748412800624
1.0995574287564276 1.3927405885568835 13.670622431743581
1.1039207518864134 1.451993721128253 13.477421395694758
1.1082840750163994 1.5102528317153274 13.215158874603276
1.1126473981463851 1.5672148241103618 12.88213804649572
1.1170107212763709 1.6225783073807865 12.485597188577525
1.1213740444063567 1.6761314241782745 12.06101123286334
1.1257373675363425 1.7278452485738274 11.646575311326844
1.1301006906663285 1.7777968244569231 11.252667823524803
1.1344640137963142 1.8260709958601962 10.877802502903327
1.1388273369263 1.8727506162376839 10.521540378481818
1.1431906600562858 1.9179192847331947 10.186267678224725
1.1475539831862718 1.9616907360651359 9.8841108546281795
1.1519173063162575 2.0042421207400776 9.6284990487935769
1.1562806294462433 2.045788678209016 9.423378757154671
1.1606439525762291 2.0865488349317434 9.2679141078520004
1.1650072757062149 2.1267404308175362 9.1632900353022588
1.1693705988362009 2.1665816877437343 9.1054620131638249
1.1737339219661866 2.2062354532300055 9.0716132304302111
1.1780972450961724 2.2457435432706578 9.0357677065210229
1.1824605682261582 2.2850733040865068 8.990229382998713
1.1868238913561442 2.3241851563972231 8.9357952056856327
1.19118721448613 2.3630411227679393 8.8733131737060713
1.1955505376161157 2.4016032992661351 8.7997462290445583
1.1999138607461015 2.4397917774440887 8.6975649638288015
1.2042771838760873 2.4774323614837823 8.546216669714191
1.2086405070060733 2.5142906286440301 8.3392053852709509
1.2130038301360591 2.5501258984889397 8.0773562084843142
1.2173671532660448 2.5846984998464317 7.7602561535719881
1.2217304763960306 2.6177689476753732 7.3895539585699623
1.2260937995260166 2.6491189259339643 6.9737503631485254
1.2304571226560024 2.6785753897202231 6.5228745453562214
1.2348204457859882 2.7059961361252913 6.0406405887252097
1.2391837689159739 2.7312441291594909 5.5269208854745671
1.2435470920459597 2.7541806376024911 4.9808987404020284
1.2479104151759457 2.7746681878199846 4.405667639814558
1.2522737383059315 2.7926059710814335 3.8157439170530396
1.2566370614359172 2.8079710472012653 3.2287161511541043
1.261000384565903 2.8207962475858346 2.6515978824386424
1.265363707695889 2.8311247804825457 2.0842266829586125
1.2697270308258748 2.8389979139099486 1.5260393114522628
1.2740903539558606 2.8444571968425123 0.97831032887955316
1.2784536770858463 2.8475598500871762 0.44747306201574816
1.2828170002158321 2.8483985646069865 -0.058317715983121722
1.2871803233458181 2.8470919223883677 -0.53592558519111155
1.2915436464758039 2.8437627327781199 -0.98534312317008754
1.2959069696057897 2.8385339660008433 -1.4067193092746983
1.3002702927357754 2.8315265245423604 -1.8007767095580309
1.3046336158657614 2.822860858250698 -2.1662089637382693
1.3089969389957472 2.8126678058605896 -2.5006872853685818
1.313360262125733 2.8010830458896296 -2.8043627185921847
1.3177235852557188 2.788239223658366 -3.0777177563726337
1.3220869083857045 2.7742694975235103 -3.320404117700023
1.3264502315156905 2.7593064605503468 -3.5333683617226801
1.3308135546456763 2.7434736134489266 -3.7198126415824455
1.3351768777756621 2.7268777427334734 -3.8837250630783009
1.3395402009056478 2.7096114890380063 -4.0271688752164341
1.3439035240356338 2.6917634056743176 -4.1504392027289567
1.3482668471656196 2.673421746150038 -4.2533086635974389
1.3526301702956054 2.6546766081277573 -4.3353298437700714
1.3569934934255912 2.6356158012259434 -4.3988249771784735
1.3613568165555769 2.6163109720407927 -4.4476385609308977
1.3657201396855629 2.596823097802861 -4.4825189636414224
1.3700834628155487 2.5772145496863716 -4.5030055241340277
1.3744467859455345 2.5575475488241159 -4.5093372743200941
1.3788101090755203 2.5378847920901091 -4.5007948130471114
1.3831734322055063 2.5182951552209625 -4.4754413444551293
1.387536755335492 2.4988570198429345 -4.4309594118628821
1.3919000784654778 2.4796577523185248 -4.3658424199679882
1.3962634015954636 2.4607883178592886 -4.2797823707160196
1.4006267247254494 2.4423400696498598 -4.1727767146442494
1.4049900478554354 2.4244032805152207 -4.045619697598446
1.4093533709854211 2.4070620676132308 -3.9001120111947918
1.4137166941154069 2.3903922304612175 -3.7382077564535225
1.4180800172453927 2.3744615138925131 -3.5615466188310023
1.4224433403753787 2.3593327801107145 -3.3705107971815953
1.4268066635053644 2.3450697682726429 -3.1646859109305683
1.4311699866353502 2.3317354813822506 -2.9452504763291181
1.435533309765336 2.3193822508878452 -2.7157481715672054
1.4398966328953218 2.3080443490043772 -2.480579603056845
1.4442599560253078 2.2977390324513531 -2.2427142740939732
1.4486232791552935 2.288476039272072 -2.0027420189573641
1.4529866022852793 2.280265316312343 -1.7603598961756786
1.4573499254152651 2.2731173619673615 -1.5156670578993459
1.4617132485452511 2.2670403091396882 -1.2698170125071291
1.4660765716752369 2.2620351219747032 -1.0246518416369117
1.4704398948052226 2.2580963555915901 -0.78098510655029985
1.4748032179352084 2.2552174877206954 -0.53886776038358453
1.4791665410651942 2.2533917112185624 -0.29821905212886279
1.4835298641951802 2.2526133620285687 -0.058720968866334662
1.487893187325166 2.2528743708100256 0.17740586382544657
1.4922565104551517 2.2541503889727124 0.40587939633245318
1.4966198335851375 2.2564029377746144 0.62514048844748649
1.5009831567151235 2.2595927414452719 0.83544457748051848
1.5053464798451093 2.2636808883730963 1.0370314352030898
1.509709802975095 2.2686296832382058 1.2297731749931919
1.5140731261050808 2.2743910811151773 1.4076619675388484
1.5184364492350666 2.2808770245718821 1.5602305789608537
1.5227997723650526 2.2879623865509293 1.6823580040361121
1.5271630954950384 2.2955143631308896 1.7742300777173532
1.5315264186250241 2.3034014385007606 1.8358318819972941
1.5358897417550099 2.3114914108629256 1.8674512437903201
1.5402530648849959 2.3196592797652431 1.872431404223025
1.5446163880149817 2.3278004014650233 1.8560590947420617
1.5489797111449675 2.3358297578379648 1.8213339721183575
1.5533430342749532 2.3436687507401035 1.7688783124035192
1.557706357404939 2.3512387097039875 1.6975676819877463
1.562069680534925 2.3584569585893824 1.6084737155563829
1.5664330036649108 2.3652788173710464 1.5218044145674803
1.5707963267948966 2.3717922442274255 1.4729756541092835
1.5751596499248823 2.3782168570057824 1.4818337639157713
1.5795229730548683 2.3848091524321045 1.5494561194752985
1.5838862961848541 2.3918219428405791 1.6745097371477624
1.5882496193148399 2.3995064383825646 1.8576143950332193
1.5926129424448257 2.4081302928115074 2.1078281725973205
1.5969762655748114 2.4180226644122524 2.4418921627143195
1.6013395887047974 2.4295759029438959 2.8695185725714576
1.6057029118347832 2.4432000476956364 3.3907271628532119
1.610066234964769 2.4593027027332095 4.0062147723125632
1.6144295580947547 2.4782969190398139 4.7152449735169366
1.6187928812247407 2.5005501577620159 5.4924663992944875
1.6231562043547265 2.5262583952165185 6.2907713990137806
1.6275195274847123 2.5554371637937519 7.081973553381534
1.6318828506146981 2.5880464176824165 7.8636493285261739
1.6362461737446838 2.6240506265446402 8.6385711333621078
1.6406094968746698 2.6634201270138851 9.4052113092923477
1.6449728200046556 2.7060705443224662 10.133325125621315
1.6493361431346414 2.7517100817543181 10.765189548557469
1.6536994662646272 2.7998220437708019 11.264699577101961
1.6580627893946132 2.8498161992851814 11.628809890228299
1.6624261125245989 2.9011082591040847 11.859332799388046
1.6667894356545847 2.9531125050746421 11.955167244566752
1.6711527587845705 3.0052468021531555 11.920386238584117
1.6755160819145565 3.0569615284739662 11.76461676913501
1.6798794050445423 3.10774426198557 11.493208995383185
1.684242728174528 3.1570907172029146 11.106306292184639
1.6886060513045138 3.204495189041463 10.602603247248124
1.6929693744344996 3.2494464875352587 9.9824309634978672
1.6973326975644856 3.2914794319231402 9.2736329138913351
1.7016960206944713 3.3303291543642159 8.533862721680336
1.7060593438244571 3.3659613996120883 7.8009449802658049
1.7104226669544429 3.3984209136651042 7.0788024879957829
1.7147859900844289 3.4277471208886729 6.3645778275899776
1.7191493132144147 3.4539757608848114 5.6595855278434959
1.7235126363444004 3.4771774045583492 4.9828396739190524
1.7278759594743862 3.4975559987672478 4.3726201865576559
1.732239282604372 3.5154713850104224 3.8556811077738828
1.736602605734358 3.5313445870152882 3.435977410163118
1.7409659288643438 3.5455950540126344 3.1119184188830338
1.7453292519943295 3.5586413713563485 2.8842353585635552
1.7496925751243153 3.5709051400237928 2.7530734374926857
1.7540558982543013 3.5828049000178566 2.7170894168392081
1.7584192213842871 3.5947540919205014 2.7759003690533595
1.7627825445142729 3.6071676282649494 2.9298871787384342
1.7671458676442586 3.6204614226674168 3.179609568134818
1.7715091907742444 3.6350542182633077 3.5250814917344409
1.7758725139042304 3.6513405594330344 3.9509950050527567
1.7802358370342162 3.6696002676099897 4.4230524050409095
1.7845991601642019 3.6899700708123695 4.9164909750457824
1.7889624832941877 3.7125302997733827 5.4274995826558499
1.7933258064241737 3.7373623734347565 5.9580577543650319
1.7976891295541595 3.7645525778092965 6.5081530652514132
1.8020524526841453 3.7941578081400538 7.0589944353222513
1.806415775814131 3.8260917052124133 7.5670564948575647
1.8107790989441168 3.8600833977264539 7.9998761277960808
1.8151424220741028 3.8957871825184953 8.3525194034171193
1.8195057452040886 3.9328588186079361 8.6267398841007878
1.8238690683340744 3.9709550096789124 8.8221120777091322
1.8282323914640601 4.0097305440848174 8.9379170096263341
1.8325957145940461 4.0488350768154975 8.9726097452467251
1.8369590377240319 4.0879114318317438 8.9248628872051707
1.8413223608540177 4.1265991330896137 8.7945653738294514
1.8456856839840035 4.1645380265321146 8.58144131496684
1.8500490071139892 4.2013648030849033 8.2847574846796661
1.8544123302439752 4.2367349899984816 7.9185043497101439
1.858775653373961 4.2704180523088713 7.5187420228597324
1.8631389765039468 4.3023404879301532 7.1135452909198342
1.8675022996339325 4.332494304975258 6.707564242721598
1.8718656227639185 4.3608711610635673 6.2989242494458662
1.8762289458939043 4.3874574078508868 5.8865846440970078
1.8805922690238901 4.4122664639342908 5.4915444696352065
1.8849555921538759 4.4354879184521145 5.1705840210670448
1.8893189152838616 4.4575626475759949 4.9694812547269205
1.8936822384138476 4.4790392603365055 4.8951879453080123
1.8980455615438334 4.5004631663248471 4.9459909228137358
1.9024088846738192 4.5223894883004547 5.1262696026089003
1.906772207803805 4.545320028031572 5.3902369627190136
1.911135530933791 4.5693605294291935 5.6076915386601911
1.9154988540637767 4.5940325623844798 5.6712684163315998
1.9198621771937625 4.6186022491935397 5.5633474175694175
1.9242255003237483 4.6423397360495509 5.2889079679601823
1.9285888234537341 4.6645071095050401 4.842877770429074
1.9329521465837201 4.6844133835192432 4.2672900951389208
1.9373154697137058 4.7017362007005863 3.6847994563642019
1.9416787928436916 4.7167105017974675 3.1993748927295189
1.9460421159736774 4.729824990920271 2.8301305473132672
1.9504054391036634 4.7415696327009176 2.5719823155882993
1.9547687622336491 4.7524327907006656 2.4259183282541121
1.9591320853636349 4.7629002240290994 2.3901786628734785
1.9634954084936207 4.7734480520928546 2.4623964178919722
1.9678587316236065 4.7845427102840512 2.6405131125023984
1.9722220547535925 4.7966426797386053 2.9230023898458573
1.9765853778835782 4.8102024249391011 3.3097975670461159
1.980948701013564 4.8256862804867779 3.8067162787694486
1.9853120241435498 4.8435166899034678 4.3685386783414675
1.9896753472735358 4.8636850642432288 4.8451682383630628
1.9940386704035216 4.8854797594474126 5.1024697315899248
1.9984019935335073 4.9078559625142075 5.1146254140230347
2.0027653166634933 4.9297667039185065 4.8884886810044614
2.0071286397934789 4.95015981436062 4.4174058773131959
2.0114919629234649 4.9680159606422354 3.7401395671278146
2.0158552860534504 4.9826912115950925 2.9889770125616497
2.0202186091834364 4.9941688938572844 2.2853847239436926
2.0245819323134224 5.0027412125034685 1.6548492670639341
2.028945255443408 5.0087081285501895 1.0916596308443971
2.033308578573394 5.0123672063255764 0.59685804506812512
2.0376719017033795 5.0140135599587499 0.16865412736289848
2.0420352248333655 5.0139324357111672 -0.19530210134914466
2.0463985479633515 5.0123993835922267 -0.49727164026475351
2.0507618710933371 5.0096808239422286 -0.73880426345192973
2.0551251942233231 5.0060401543720392 -0.91979524920369604
2.0594885173533091 5.0017423078345074 -1.0401363625616451
2.0638518404832946 4.9970493334625781 -1.1012924101909518
2.0682151636132806 4.9922140345779811 -1.1058521204305556
2.0725784867432662 4.9874774918650324 -1.0564126165723977
2.0769418098732522 4.9830717989978464 -0.95423558195260061
2.0813051330032382 4.979226727974404 -0.79945243992032744
2.0856684561332237 4.9761729254624889 -0.59127070201185872
2.0900317792632097 4.9741400413127481 -0.33281288105280604
2.0943951023931953 4.9733210775362249 -0.038263973633660402
2.0987584255231813 4.9738379893533233 0.27819314596301775
2.1031217486531673 4.9757765192331771 0.61372874269116029
2.1074850717831528 4.9792214434983935 0.96828230384918246
2.1118483949131388 4.9842587493663668 1.3450938917976329
2.1162117180431244 4.9909708467741893 1.7296367629639091
2.1205750411731104 4.9992636148948462 2.0529446596652021
2.1249383643030963 5.0086944050726627 2.2444056598538986
2.1293016874330819 5.0186338679049092 2.2874376478456497
2.1336650105630679 5.0284465296389245 2.1864042375252972
2.1380283336930539 5.0374959821639926 1.9355798789207936
2.1423916568230394 5.0451536855555705 1.558270507081694
2.1467549799530254 5.051065144896163 1.1608071657074084
2.151118303083011 5.0554170386332054 0.85506261010163132
2.155481626212997 5.0587035696976486 0.67073643292430263
2.159844949342983 5.0614388109622697 0.60225733392958236
2.1642082724729685 5.064134837276967 0.65449874777159078
2.1685715956029545 5.0672966718071653 0.80731611563354733
2.1729349187329401 5.0711930424605907 0.9691012052022584
2.1772982418629261 5.0756230335307029 1.0410636890532148
2.1816615649929121 5.0801053596929071 0.99430199570600653
2.1860248881228976 5.0841336369224432 0.83318819360016594
2.1903882112528836 5.0872051273434717 0.5543858927038201
2.1947515343828692 5.0888209720130444 0.17204244984473024
2.1991148575128552 5.0886533885982548 -0.2468046017059817
2.2034781806428412 5.0867219293101735 -0.62801949772754972
2.2078415037728267 5.0832610455780438 -0.94861936832292326
2.2122048269028127 5.0785279823194323 -1.2112459904615189
2.2165681500327987 5.072776073388134 -1.415332527357209
2.2209314731627843 5.0662570758701584 -1.5642777042288405
2.2252947962927703 5.0591848663463717 -1.6721822795050922
2.2296581194227558 5.0517013334462249 -1.7547844806018951
2.2340214425527418 5.0438997644879766 -1.8179417090507195
2.2383847656827278 5.0358654102553064 -1.8614274455904232
2.2427480888127134 5.0276848853888243 -1.8848781609435341
2.2471114119426994 5.0194452189255374 -1.888751854552424
2.2514747350726849 5.0112257124333111 -1.8766081563681887
2.2558380582026709 5.0030857315689357 -1.852770486345896
2.2602013813326569 4.9950726873929874 -1.8183118324039838
2.2645647044626425 4.9872335203329587 -1.7731597812943534
2.2689280275926285 4.9796151536188162 -1.7168664057099281
2.2732913507226145 4.9722653743553886 -1.6507136956713804
2.2776546738526 4.9652106125435891 -1.5841117248048786
2.282017996982586 4.9584253997879433 -1.5285049805054087
2.2863813201125716 4.9518505992614097 -1.4875368568648035
2.2907446432425576 4.9454236927674442 -1.4606628569179996
2.2951079663725436 4.9390830756729027 -1.448114312924925
2.2994712895025291 4.9327663041970968 -1.4494592282387735
2.3038346126325151 4.9264201327715282 -1.4604469876869188
2.3081979357625007 4.9200152600505724 -1.4757249887837411
2.3125612588924866 4.9135381720911511 -1.4936368032472478
2.3169245820224726 4.9069768644221021 -1.5142682918249692
2.3212879051524582 4.9003189918447401 -1.538128870357677
2.3256512282824442 4.8935515576911861 -1.5637771989451945
2.3300145514124297 4.8866844897231436 -1.5811554618173751
2.3343778745424157 4.8797840740227194 -1.5774254584065643
2.3387411976724017 4.8729565582029437 -1.5477731551807978
2.3431045208023873 4.8663139771492352 -1.4928383266664758
2.3474678439323733 4.8599671214451039 -1.4117523918692156
2.3518311670623593 4.8540287966406801 -1.3068200302153974
2.3561944901923448 4.8485709199605989 -1.1964184577836092
2.3605578133223308 4.8435609089773433 -1.1046955409654138
2.3649211364523164 4.8388899656559898 -1.0409332581120418
2.3692844595823024 4.8344375875076828 -1.0043052108181174
2.3736477827122884 4.8300855559764804 -0.9953120874955117
2.3780111058422739 4.8257138157273491 -1.0124700925812811
2.3823744289722599 4.8212312445705372 -1.0425836308405068
2.3867377521022455 4.8166225877464139 -1.0678633108427027
2.3911010752322315 4.8119298204111063 -1.0811512993456827
2.3954643983622175 4.8072044377267007 -1.0829744551817753
2.399827721492203 4.8024962729057581 -1.0729803746387039
2.404191044622189 4.7978563953601752 -1.0523445380002765
2.4085543677521746 4.793313775103397 -1.0310619069216149
2.4129176908821606 4.7888396126620734 -1.0228909549671319
2.4172810140121466 4.784359613341242 -1.0338024097964187
2.4216443371421321 4.7797910157006367 -1.0632564027099356
2.4260076602721181 4.7750522308645778 -1.1124567900865061
2.4303709834021041 4.7700589495488783 -1.1781922341983233
2.4347343065320897 4.7647849289236746 -1.2340510915230734
2.4390976296620757 4.7593584855892468 -1.2427004843342453
2.4434609527920612 4.7540336079668712 -1.1872107513246319
2.4478242759220472 4.7490903138994334 -1.0683313240716097
2.4521875990520332 4.744804997071328 -0.88458941338559927
2.4565509221820188 4.7414588482967215 -0.64032026880183346
2.4609142453120048 4.7392474388373964 -0.37522508583665692
2.4652775684419903 4.7381308174404442 -0.14696485369950393
2.4696408915719763 4.737872047095621 0.017434796864113797
2.4740042147019623 4.7381905955677404 0.11832607905825258
2.4783675378319479 4.7388119275138427 0.15547506143601564
2.4827308609619338 4.7394578313555131 0.13106082264548297
2.4870941840919194 4.7399017828751973 0.069610997805889238
2.4914575072219054 4.7400646053308844 0.0076822410167376454
2.4958208303518914 4.739993902265244 -0.037003334740885178
2.5001841534818769 4.7397668954399022 -0.064359145324173528
2.5045474766118629 4.7394568982163969 -0.074776870926894459
2.5089107997418489 4.7391384867808419 -0.068595338651744622
2.5132741228718345 4.7388730648572022 -0.05225602351579306
2.5176374460018205 4.7386829650528357 -0.035574237180245459
2.522000769131806 4.7385559540822326 -0.023476336289755373
2.526364092261792 4.7384713212759273 -0.016035959785459658
2.530727415391778 4.7384094224117819 -0.01312757995036371
2.5350907385217636 4.7383502667238222 -0.01468469953070659
2.5394540616517496 4.7382772227291161 -0.019027428363410093
2.5438173847817351 4.7381840029170483 -0.023520159982711678
2.5481807079117211 4.7380737418440768 -0.026795082797805427
2.5525440310417071 4.7379519921591378 -0.02881835558494758
2.5569073541716927 4.7378240179775872 -0.029628977984904322
2.5612706773016787 4.7376951772860885 -0.029238632578387731
2.5656340004316642 4.7375699730134437 -0.028084942725242441
2.5699973235616502 4.7374501714219068 -0.026875220203402866
2.5743606466916362 4.7373349722772256 -0.025988780874367914
2.5787239698216218 4.737222887308107 -0.025438701952320973
2.5830872929516078 4.7371125057851202 -0.025213104284942476
2.5874506160815938 4.7370023918107123 -0.025310417736207399
2.5918139392115793 4.7368913267024526 -0.025616760211380516
2.5961772623415653 4.736778815307801 -0.025942421599594704
2.6005405854715509 4.7366650610822898 -0.026182334401115063
2.6049039086015369 4.7365504628026134 -0.026331858257812219
2.6092672317315229 4.7364353985548391 -0.026394554990429427
2.6136305548615084 4.7363202531059931 -0.026370450012395848
2.6179938779914944 4.7362053561584201 -0.026289146046594526
2.62235720112148 4.736090846257218 -0.02620149651577118
2.626720524251466 4.7359766719157932 -0.026136571214325888
2.631083847381452 4.7358627263189144 -0.026095934877910475
2.6354471705114375 4.735748908129815 -0.026078533223708771
2.6398104936414235 4.7356351142558397 -0.026084459192567799
2.6441738167714091 4.7355212555320927 -0.026106026542138158
2.6485371399013951 4.7354072932626003 -0.026129611404013216
2.6529004630313811 4.7352932404071559 -0.026147179730092517
2.6572637861613666 4.7351791255668179 -0.026158221550356575
2.6616271092913526 4.735064975904332 -0.026163045562078185
2.6659904324213386 4.7349508190392102 -0.026161601807778902
2.6703537555513241 4.7348366790766283 -0.026155883650537941
2.6747170786813101 4.7347225668063295 -0.026149538892086148
2.6790804018112957 4.7346084789862868 -0.0261447855140002
2.6834437249412817 4.7344944079611286 -0.026141785714989263
2.6878070480712677 4.734380346449516 -0.026140449944986082
2.6921703712012532 4.7342662870525762 -0.026140797849974924
2.6965336943312392 4.7341522232558981 -0.026142313095310957
2.7008970174612248 4.7340381520556871 -0.026144019540502363
2.7052603405912108 4.733924074257116 -0.026145305506875008
2.7096236637211968 4.7338099919083954 -0.026146120346809121
2.7139869868511823 4.733695906961529 -0.026146489826517311
2.7183503099811683 4.7335818213984062 -0.026146407127823061
2.7227136331111539 4.7334677369789429 -0.026146005827292849
2.7270769562411399 4.7333536545381305 -0.026145546985601932
2.7314402793711259 4.7332395738777189 -0.0261451991192941
2.7358036025011114 4.7331254944499381 -0.02614497781829235
2.7401669256310974 4.7330114157314487 -0.026144875721267426
2.7445302487610834 4.7328973371914174 -0.026144895038813974
2.748893571891069 4.7327832583545453 -0.026145001259566335
2.753256895021055 4.7326691789890516 -0.026145124605126351
2.7576202181510405 4.7325550991432417 -0.026145218696681963
2.7619835412810265 4.7324410189635442 -0.026145278790206988
2.7663468644110125 4.7323269385902798 -0.026145306975560945
2.7707101875409981 4.7322128581656164 -0.026145302566723132
2.7750735106709841 4.7320987778178765 -0.02614527446738658
2.7794368338009696 4.7319846976113142 -0.026145241318305139
2.7838001569309556 4.7318706175343079 -0.026145215871215939
2.7881634800609416 4.7317565375477351 -0.026145199555103766
2.7925268031909272 4.7316424576139706 -0.026145191780799389
2.7968901263209132 4.7315283776949402 -0.026145192755384475
2.8012534494508987 4.7314142977560083 -0.026145200184206203
2.8056167725808847 4.7313002177793875 -0.026145209090560673
2.8099800957108707 4.7311861377678266 -0.026145215972344697
2.8143434188408563 4.7310720577317733 -0.026145220401610894
2.8187067419708423 4.7309579776813191 -0.026145222543848035
2.8230700651008283 4.7308438976266594 -0.02614522233847779
2.8274333882308138 4.7307298175771386 -0.026145220375919133
2.8317967113607998 4.7306157375376747 -0.026145217983630877
2.8361600344907854 4.7305016575076326 -0.026145216122815552
2.8405233576207713 4.7303875774842226 -0.026145214920568167
2.8448866807507573 4.7302734974647391 -0.026145214330761703
2.8492500038807429 4.7301594174464512 -0.026145214370529222
2.8536133270107289 4.7300453374268407 -0.026145214888590923
2.8579766501407144 4.7299312574045462 -0.026145215531293165
2.8623399732707004 4.7298171773797115 -0.026145216034362852
2.8667032964006864 4.7297030973530809 -0.026145216360647729
2.871066619530672 4.7295890173253801 -0.0261452165230673
2.875429942660658 4.7294749372973399 -0.026145216516231862
2.8797932657906435 4.7293608572696417 -0.026145216379322062
2.8841565889206295 4.7292467772426585 -0.02614521620710358
2.8885199120506155 4.7291326972163592 -0.026145216071079558
2.8928832351806011 4.7290186171905466 -0.026145215982543692
2.8972465583105871 4.7289045371650253 -0.026145215937767325
2.9016098814405731 4.7287904571396009 -0.026145215938539412
2.9059732045705586 4.7286763771140876 -0.02614521597473941
2.9103365277005446 4.7285622970883843 -0.026145216020916594
2.9146998508305302 4.7284482170624962 -0.026145216057709125
2.9190631739605162 4.7283341370364766 -0.026145216081759126
2.9234264970905022 4.7282200570103772 -0.026145216094097222
2.9277898202204877 4.7281059769842511 -0.026145216093982779
2.9321531433504737 4.727991896958148 -0.026145216084545127
2.9365164664804593 4.7278778169320947 -0.026145216072335525
2.9408797896104453 4.7277637369060912 -0.026145216062216935
2.9452431127404313 4.7276496568801241 -0.026145216055658265
2.9496064358704168 4.7275355768541782 -0.026145216052326194
2.9539697590004028 4.7274214968282404 -0.026145216052061146
2.9583330821303884 4.7273074168022973 -0.026145216054621438
2.9626964052603744 4.7271933367763399 -0.02614521605807996
2.9670597283903604 4.7270792567503692 -0.026145216060608253
2.9714230515203459 4.7269651767243897 -0.026145216062311225
2.9757863746503319 4.7268510966984039 -0.026145216063352367
2.9801496977803179 4.7267370166724154 -0.026145216063583495
2.9845130209103035 4.7266229366464279 -0.026145216062847181
2.9888763440402895 4.7265088566204447 -0.026145216061897292
2.993239667170275 4.7263947765944643 -0.026145216061547825
2.997602990300261 4.7262806965684856 -0.026145216060842264
3.001966313430247 4.7261666165425105 -0.026145216060342001
3.0063296365602326 4.7260525365165353 -0.026145216060613926
3.0106929596902186 4.7259384564905593 -0.02614521606063715
3.0150562828202041 4.7258243764645833 -0.026145216060882975
3.0194196059501901 4.7257102964386055 -0.026145216061097803
3.0237829290801761 4.7255962164126277 -0.026145216061206022
3.0281462522101616 4.725482136386649 -0.026145216061176962
3.0325095753401476 4.7253680563606713 -0.026145216061184983
3.0368728984701332 4.7252539763346926 -0.026145216061181954
3.0412362216001192 4.7251398963087148 -0.026145216061186045
3.0455995447301052 4.7250258162827361 -0.026145216061164735
3.0499628678600907 4.7249117362567583 -0.026145216061253872
3.0543261909900767 4.7247976562307805 -0.026145216060307938
3.0586895141200627 4.7246835762048036 -0.026145216063383901
3.0630528372500483 4.7245694961788249 -0.026145216052644655
3.0674161603800343 4.7244554161528507 -0.026145216090693667
3.0717794835100198 4.7243413361268578 -0.026145215959007536
3.0761428066400058 4.7242272561009369 -0.026145216411063057
3.0805061297699918 4.7241131760747486 -0.026145214868865729
3.0848694528999774 4.7239990960495541 -0.026145220086082315
3.0892327760299634 4.7238850160206507 -0.026145202626220793
3.0935960991599489 4.7237709360055931 -0.026145260278913555
3.0979594222899349 4.723656855938863 -0.026145073135679538
3.1023227454199209 4.7235427760649724 -0.026145666996581527
3.1066860685499065 4.7234286954713944 -0.026143840930148047
3.1110493916798925 4.7233146175637257 -0.026149199460415478
3.115412714809878 4.7232005296321091 -0.026134636669494012
3.119776037939864 4.7230864791103775 -0.026168700119564497
3.12413936106985 4.722972288973053 -0.026117280578651755
3.1285026841998356 4.7228586198882159 -0.026026638601765226
3.1328660073298216 4.7227430062090221 -0.027419381343057478
3.1372293304598076 4.7226346498547658 -0.018286287875129717
3.1415926535897931 4.722585428522752 -0.0077779035809925623
3.1459559767197791 4.7225362071907373 -0.018286287875172291
3.1503192998497647 4.7224278508364819 -0.027419381342893453
3.1546826229797507 4.7223122371572881 -0.026026638601775842
3.1590459461097367 4.722198568072451 -0.026117280578765379
3.1634092692397222 4.7220843779351256 -0.026168700119710141
3.1677725923697082 4.721970327413394 -0.026134636669416494
3.1721359154996938 4.7218562394817774 -0.026149199460579909
3.1764992386296798 4.7217421615741078 -0.026143840930178512
3.1808625617596658 4.7216280809805307 -0.026145666996287266
3.1852258848896513 4.721514001106641 -0.026145073135604758
3.1895892080196373 4.7213999210399109 -0.026145260278904268
3.1939525311496229 4.7212858410248533 -0.026145202626332725
3.1983158542796088 4.7211717609959489 -0.026145220086254528
3.2026791774095948 4.7210576809707545 -0.026145214868667624
3.2070425005395804 4.7209436009445671 -0.026145216411072609
3.2114058236695664 4.7208295209186453 -0.026145215959175423
3.2157691467995524 4.7207154408926524 -0.026145216090615247
3.2201324699295379 4.7206013608666781 -0.026145216052790434
3.2244957930595239 4.7204872808406986 -0.026145216063489865
3.2288591161895095 4.7203732008147217 -0.026145216060348957
3.2332224393194955 4.720259120788743 -0.0261452160616025
3.2375857624494815 4.7201450407627643 -0.026145216060942559
3.241949085579467 4.7200309607367874 -0.026145216061115448
3.246312408709453 4.7199168807108087 -0.026145216061083824
3.2506757318394386 4.7198028006848318 -0.026145216061037427
3.2550390549694246 4.7196887206588531 -0.02614521606125467
3.2594023780994106 4.7195746406328754 -0.026145216061034742
3.2637657012293961 4.7194605606068976 -0.026145216061094559
3.2681290243593821 4.7193464805809198 -0.02614521606107521
3.2724923474893677 4.719232400554942 -0.026145216061092789
3.2768556706193537 4.7191183205289642 -0.026145216061041802
3.2812189937493397 4.7190042405029864 -0.026145216061220194
3.2855823168793252 4.7188901604770077 -0.026145216061176278
3.2899456400093112 4.7187760804510299 -0.026145216061173534
3.2943089631392972 4.7186620004250512 -0.026145216061220451
3.2986722862692828 4.7185479203990734 -0.026145216061043513
3.3030356093992688 4.7184338403730957 -0.02614521606109366
3.3073989325292543 4.7183197603471179 -0.026145216061070026
3.3117622556592403 4.7182056803211401 -0.026145216061114411
3.3161255787892263 4.7180916002951623 -0.026145216060952537
3.3204889019192119 4.7179775202691854 -0.026145216060952957
3.3248522250491979 4.7178634402432076 -0.026145216061113148
3.3292155481791834 4.7177493602172298 -0.026145216061082627
3.3335788713091694 4.717635280191252 -0.026145216061044526
3.3379421944391554 4.7175212001652742 -0.026145216061219466
3.342305517569141 4.7174071201392955 -0.026145216061176452
3.346668840699127 4.7172930401133177 -0.026145216061173582
3.351032163829113 4.7171789600873391 -0.026145216061220063
3.3553954869590985 4.7170648800613613 -0.026145216061045026
3.3597588100890845 4.7169508000353835 -0.026145216061088029
3.3641221332190701 4.7168367200094057 -0.026145216061091044
3.3684854563490561 4.7167226399834279 -0.026145216061035984
3.372848779479042 4.7166085599574501 -0.02614521606124523
3.3772121026090276 4.7164944799314714 -0.026145216061081947
3.3815754257390136 4.7163803999054945 -0.026145216060915164
3.3859387488689991 4.7162663198795167 -0.026145216061134905
3.3903020719989851 4.7161522398535389 -0.026145216061033399
3.3946653951289711 4.7160381598275611 -0.026145216061211691
3.3990287182589567 4.7159240798015825 -0.026145216061218703
3.4033920413889427 4.7158099997756047 -0.026145216061012354
3.4077553645189282 4.7156959197496269 -0.026145216061220056
3.4121186876489142 4.7155818397236482 -0.026145216061206289
3.4164820107789002 4.7154677596976704 -0.026145216061045654
3.4208453339088858 4.7153536796716926 -0.026145216061099281
3.4252086570388718 4.7152395996457148 -0.026145216061045404
3.4295719801688578 4.715125519619737 -0.026145216061199295
3.4339353032988433 4.7150114395937583 -0.026145216061256273
3.4382986264288293 4.7148973595677806 -0.026145216060874468
3.4426619495588149 4.7147832795418037 -0.026145216061123366
3.4470252726888009 4.714669199515825 -0.02614521606112025
3.4513885958187869 4.7145551194898481 -0.026145216060875831
3.4557519189487724 4.7144410394638703 -0.026145216061253949
3.4601152420787584 4.7143269594378916 -0.026145216061207236
3.464478565208744 4.7142128794119138 -0.026145216061015952
3.46884188833873 4.714098799385936 -0.026145216061217159
3.473205211468716 4.7139847193599573 -0.026145216061206292
3.4775685345987015 4.7138706393339795 -0.026145216061056534
3.4819318577286875 4.7137565593080017 -0.02614521606105576
3.4862951808586731 4.713642479282024 -0.026145216061208613
3.4906585039886591 4.7135283992560453 -0.026145216061208631
3.4950218271186451 4.7134143192300675 -0.026145216061047718
3.4993851502486306 4.7133002392040897 -0.026145216061088696
3.5037484733786166 4.7131861591781119 -0.026145216061085694
3.5081117965086026 4.7130720791521341 -0.026145216061048724
3.5124751196385882 4.7129579991261563 -0.026145216061207618
3.5168384427685742 4.7128439191001776 -0.026145216061219653
3.5212017658985597 4.7127298390741998 -0.026145216061012624
3.5255650890285457 4.7126157590482221 -0.026145216061218047
3.5299284121585317 4.7125016790222434 -0.026145216061206056
3.5342917352885173 4.7123875989962656 -0.026145216061056593
3.5386550584185033 4.7122735189702878 -0.026145216061055753
3.5430183815484888 4.71215943894431 -0.026145216061208572
3.5473817046784748 4.7120453589183313 -0.026145216061208829
3.5517450278084608 4.7119312788923535 -0.026145216061046982
3.5561083509384463 4.7118171988663757 -0.026145216061091433
3.5604716740684323 4.7117031188403979 -0.026145216061075477
3.5648349971984179 4.7115890388144201 -0.026145216061094861
3.5691983203284039 4.7114749587884424 -0.026145216061033264
3.5735616434583899 4.7113608787624646 -0.02614521606125228
3.5779249665883754 4.7112467987364859 -0.026145216061056475
3.5822882897183614 4.711132718710509 -0.026145216061010012
3.5866516128483474 4.7110186386845303 -0.026145216061383671
3.591014935978333 4.7109045586585516 -0.026145216061164812
3.595378259108319 4.7107904786325738 -0.02614521606105593
3.5997415822383045 4.710676398606596 -0.026145216061099642
3.6041049053682905 4.7105623185806182 -0.026145216061033677
3.6084682284982765 4.7104482385546405 -0.026145216061245844
3.6128315516282621 4.7103341585286618 -0.026145216061081802
3.6171948747582481 4.7102200785026849 -0.026145216060915147
3.6215581978882336 4.7101059984767071 -0.026145216061135127
3.6259215210182196 4.7099919184507293 -0.026145216061032556
3.6302848441482056 4.7098778384247515 -0.026145216061214834
3.6346481672781912 4.7097637583987728 -0.026145216061206965
3.6390114904081772 4.709649678372795 -0.026145216061056156
3.6433748135381627 4.7095355983468172 -0.026145216061056593
3.6477381366681487 4.7094215183208394 -0.026145216061205671
3.6521014597981347 4.7093074382948608 -0.026145216061211576
3.6564647829281203 4.709193358268883 -0.026145216061046875
3.6608281060581063 4.7090792782429052 -0.026145216061089094
3.6651914291880923 4.7089651982169274 -0.026145216061076941
3.6695547523180778 4.7088511181909496 -0.026145216061091343
3.6739180754480638 4.7087370381649718 -0.026145216061045876
3.6782813985780494 4.708622958138994 -0.02614521606121336
3.6826447217080354 4.7085088781130153 -0.026145216061199544
3.6870080448380214 4.7083947980870375 -0.026145216061079321
3.6913713679680069 4.7082807180610597 -0.026145216060971366
3.6957346910979929 4.7081666380350828 -0.026145216060912718
3.7000980142279785 4.708052558009105 -0.026145216061255291
3.7044613373579645 4.7079384779831264 -0.026145216061164978
3.7088246604879505 4.7078243979571486 -0.026145216061175643
3.713187983617936 4.7077103179311699 -0.026145216061231293
3.717551306747922 4.7075962379051921 -0.026145216060998039
3.7219146298779076 4.7074821578792143 -0.026145216061264735
3.7262779530078936 4.7073680778532356 -0.026145216061041886
3.7306412761378795 4.7072539978272587 -0.02614521606104793
3.7350045992678651 4.70713991780128 -0.026145216061254573
3.7393679223978511 4.7070258377753023 -0.026145216061032636
3.7437312455278371 4.7069117577493245 -0.026145216061095072
3.7480945686578226 4.7067976777233467 -0.026145216061075262
3.7524578917878086 4.7066835976973689 -0.026145216061092068
3.7568212149177942 4.7065695176713911 -0.026145216061044668
3.7611845380477802 4.7064554376454133 -0.026145216061217443
3.7655478611777662 4.7063413576194346 -0.02614521606117642
3.7699111843077517 4.7062272775934568 -0.02614521606117572
3.7742745074377377 4.7061131975674781 -0.026145216061219556
3.7786378305677233 4.7059991175415004 -0.026145216061044911
3.7830011536977093 4.7058850375155226 -0.02614521606108899
3.7873644768276953 4.7057709574895448 -0.026145216061079314
3.7917277999576808 4.705656877463567 -0.02614521606108194
3.7960911230876668 4.7055427974375892 -0.026145216061081104
3.8004544462176524 4.7054287174116114 -0.026145216061081819
3.8048177693476384 4.7053146373856336 -0.0261452160610798
3.8091810924776244 4.7052005573596558 -0.026145216061079172
3.8135444156076099 4.705086477333678 -0.026145216061091683
3.8179077387375959 4.7049723973077002 -0.026145216061042285
3.8222710618675819 4.7048583172817224 -0.026145216061219383
3.8266343849975675 4.7047442372557438 -0.026145216061179026
3.8309977081275535 4.704630157229766 -0.026145216061163348
3.835361031257539 4.7045160772037873 -0.026145216061266435
3.839724354387525 4.7044019971778095 -0.026145216060869773
3.844087677517511 4.7042879171518326 -0.026145216061123987
3.8484510006474966 4.7041738371258539 -0.026145216061122471
3.8528143237774826 4.704059757099877 -0.026145216060874311
3.8571776469074681 4.7039456770738992 -0.02614521606125781
3.8615409700374541 4.7038315970479205 -0.026145216061193303
3.8659042931674401 4.7037175170219427 -0.026145216061059854
3.8702676162974257 4.7036034369959649 -0.026145216061055465
3.8746309394274117 4.7034893569699872 -0.026145216061206476
3.8789942625573972 4.7033752769440085 -0.026145216061217488
3.8833575856873832 4.7032611969180307 -0.026145216061022426
3.8877209088173692 4.7031471168920529 -0.026145216061173007
3.8920842319473548 4.7030330368660742 -0.026145216061384414
3.8964475550773408 4.7029189568400955 -0.026145216060998861
3.9008108782073267 4.7028048768141186 -0.026145216061100332
3.9051742013373123 4.7026907967881399 -0.026145216061088015
3.9095375244672983 4.702576716762163 -0.026145216061035793
3.9139008475972838 4.7024626367361844 -0.026145216061256995
3.9182641707272698 4.7023485567102066 -0.026145216061035082
3.9226274938572558 4.7022344766842288 -0.026145216061082877
3.9269908169872414 4.702120396658251 -0.026145216061121586
3.9313541401172274 4.7020063166322732 -0.026145216060918963
3.9357174632472129 4.7018922366062963 -0.026145216061080084
3.9400807863771989 4.7017781565803176 -0.026145216061248876
3.9444441095071849 4.7016640765543398 -0.026145216061015282
3.9488074326371705 4.701549996528362 -0.026145216061178183
3.9531707557671565 4.7014359165023833 -0.026145216061370834
3.957534078897142 4.7013218364764047 -0.026145216061047982
3.961897402027128 4.7012077564504278 -0.026145216060925423
3.966260725157114 4.70109367642445 -0.026145216061119862
3.9706240482870996 4.7009795963984722 -0.026145216061083314
3.9749873714170856 4.7008655163724944 -0.026145216061035079
3.9793506945470716 4.7007514363465166 -0.026145216061256551
3.9837140176770571 4.7006373563205379 -0.026145216061037566
3.9880773408070431 4.700523276294561 -0.026145216061081382
3.9924406639370287 4.7004091962685823 -0.026145216061125097
3.9968039870670147 4.7002951162426054 -0.026145216060906435
4.0011673101970002 4.7001810362166276 -0.026145216061126682
4.0055306333269867 4.7000669561906498 -0.026145216061067022
4.0098939564569722 4.6999528761646721 -0.026145216061085434
4.0142572795869578 4.6998387961386943 -0.026145216061087412
4.0186206027169442 4.6997247161127165 -0.026145216061045119
4.0229839258469298 4.6996106360867387 -0.026145216061212308
4.0273472489769153 4.69949655606076 -0.026145216061212478
4.0317105721069009 4.6993824760347822 -0.026145216061044623
4.0360738952368873 4.6992683960088044 -0.026145216061089216
4.0404372183668729 4.6991543159828266 -0.026145216061078724
4.0448005414968584 4.6990402359568488 -0.026145216061092044
4.0491638646268449 4.698926155930871 -0.026145216061033302
4.0535271877568304 4.6988120759048932 -0.026145216061254951
4.057890510886816 4.6986979958789146 -0.026145216061053737
4.0622538340168024 4.6985839158529377 -0.026145216061010296
4.066617157146788 4.698469835826959 -0.026145216061385281
4.0709804802767735 4.6983557558009803 -0.026145216061166071
4.0753438034067591 4.6982416757750025 -0.026145216061057276
4.0797071265367455 4.6981275957490247 -0.026145216061085014
4.0840704496667311 4.6980135157230469 -0.026145216061082881
4.0884337727967166 4.6978994356970691 -0.026145216061079623
4.092797095926703 4.6977853556710913 -0.026145216061078801
4.0971604190566886 4.6976712756451136 -0.026145216061085372
4.1015237421866741 4.6975571956191358 -0.026145216061075862
4.1058870653166606 4.697443115593158 -0.026145216061091374
4.1102503884466461 4.6973290355671802 -0.026145216061038843
4.1146137115766317 4.6972149555412024 -0.026145216061249414
4.1189770347066181 4.6971008755152237 -0.026145216061054365
4.1233403578366037 4.6969867954892468 -0.026145216061013343
4.1277036809665892 4.6968727154632681 -0.026145216061388438
4.1320670040965748 4.6967586354372894 -0.026145216061150417
4.1364303272265612 4.6966445554113117 -0.026145216061100762
4.1407936503565468 4.6965304753853339 -0.026145216060926738
4.1451569734865323 4.696416395359357 -0.026145216061077774
4.1495202966165188 4.6963023153333783 -0.026145216061242361
4.1538836197465043 4.6961882353074005 -0.026145216061043652
4.1582469428764899 4.6960741552814227 -0.026145216061079207
4.1626102660064763 4.6959600752554449 -0.026145216061119712
4.1669735891364619 4.6958459952294671 -0.026145216060922145
4.1713369122664474 4.6957319152034902 -0.026145216061077198
4.1757002353964339 4.6956178351775115 -0.026145216061249255
4.1800635585264194 4.6955037551515337 -0.026145216061016652
4.184426881656405 4.6953896751255559 -0.026145216061180289
4.1887902047863905 4.6952755950995773 -0.026145216061369037
4.193153527916377 4.6951615150735986 -0.026145216061045091
4.1975168510463625 4.6950474350476217 -0.026145216060930808
4.2018801741763481 4.6949333550216439 -0.02614521606111718
4.2062434973063345 4.6948192749956661 -0.026145216061080685
4.2106068204363201 4.6947051949696883 -0.026145216061040297
4.2149701435663056 4.6945911149437105 -0.026145216061254303
4.2193334666962921 4.6944770349177318 -0.026145216061033361
4.2236967898262776 4.6943629548917549 -0.026145216061092439
4.2280601129562632 4.6942488748657762 -0.026145216061093053
4.2324234360862487 4.6941347948397993 -0.026145216061031533
4.2367867592162352 4.6940207148138207 -0.026145216061261006
4.2411500823462207 4.6939066347878429 -0.026145216061015317
4.2455134054762063 4.6937925547618651 -0.026145216061173884
4.2498767286061927 4.6936784747358864 -0.026145216061380008
4.2542400517361783 4.6935643947099077 -0.026145216061007618
4.2586033748661638 4.6934503146839308 -0.026145216061085687
4.2629666979961502 4.6933362346579521 -0.026145216061129836
4.2673300211261358 4.6932221546319752 -0.026145216060875168
4.2716933442561213 4.6931080746059974 -0.026145216061254983
4.2760566673861078 4.6929939945800188 -0.026145216061195763
4.2804199905160933 4.692879914554041 -0.026145216061052835
4.2847833136460789 4.6927658345280632 -0.026145216061089053
4.2891466367760644 4.6926517545020854 -0.026145216061087134
4.2935099599060509 4.6925376744761076 -0.026145216061042618
4.2978732830360364 4.6924235944501298 -0.026145216061222585
4.302236606166022 4.6923095144241511 -0.026145216061173877
4.3065999292960084 4.6921954343981733 -0.026145216061172767
4.310963252425994 4.6920813543721946 -0.026145216061225929
4.3153265755559795 4.6919672743462169 -0.026145216061030336
4.319689898685966 4.6918531943202391 -0.026145216061132921
4.3240532218159515 4.6917391142942613 -0.026145216060918186
4.3284165449459371 4.6916250342682844 -0.026145216061079821
4.3327798680759235 4.6915109542423057 -0.026145216061242715
4.3371431912059091 4.6913968742163279 -0.026145216061040203
4.3415065143358946 4.6912827941903501 -0.026145216061092644
4.3458698374658802 4.6911687141643723 -0.026145216061085389
4.3502331605958666 4.6910546341383945 -0.026145216061045994
4.3545964837258522 4.6909405541124167 -0.02614521606121083
4.3589598068558377 4.690826474086438 -0.02614521606121752
4.3633231299858242 4.6907123940604603 -0.026145216061009953
4.3676864531158097 4.6905983140344825 -0.026145216061222873
4.3720497762457953 4.6904842340085038 -0.026145216061205383
4.3764130993757817 4.690370153982526 -0.026145216061046438
4.3807764225057673 4.6902560739565482 -0.02614521606108906
4.3851397456357528 4.6901419939305704 -0.026145216061093494
4.3895030687657384 4.6900279139045926 -0.02614521606103315
4.3938663918957248 4.6899138338786148 -0.026145216061254091
4.3982297150257104 4.6897997538526361 -0.026145216061041348
4.4025930381556959 4.6896856738266592 -0.026145216061076698
4.4069563612856824 4.6895715938006806 -0.026145216061132071
4.4113196844156679 4.6894575137747037 -0.026145216060875238
4.4156830075456535 4.6893434337487259 -0.026145216061252481
4.4200463306756399 4.6892293537227472 -0.026145216061205692
4.4244096538056255 4.6891152736967694 -0.026145216061015608
4.428772976935611 4.6890011936707916 -0.026145216061228042
4.4331363000655974 4.6888871136448129 -0.02614521606116308
4.437499623195583 4.6887730336188351 -0.026145216061210525
4.4418629463255686 4.6886589535928564 -0.026145216061101657
4.4462262694555541 4.6885448735668795 -0.026145216060879026
4.4505895925855405 4.6884307935409018 -0.02614521606125177
4.4549529157155261 4.6883167135149231 -0.026145216061204755
4.4593162388455116 4.6882026334889453 -0.026145216061036043
4.4636795619754981 4.6880885534629675 -0.026145216061131273
4.4680428851054836 4.6879744734369897 -0.026145216060919071
4.4724062082354692 4.6878603934110128 -0.026145216061077951
4.4767695313654556 4.6877463133850341 -0.026145216061249331
4.4811328544954412 4.6876322333590563 -0.026145216061015605
4.4854961776254267 4.6875181533330785 -0.026145216061184428
4.4898595007554132 4.6874040733070998 -0.026145216061337545
4.4942228238853987 4.6872899932811212 -0.026145216061166907
4.4985861470153843 4.6871759132551434 -0.02614521606110165
4.5029494701453698 4.6870618332291656 -0.026145216060922662
4.5073127932753563 4.6869477532031887 -0.026145216061077219
4.5116761164053418 4.68683367317721 -0.026145216061248658
4.5160394395353274 4.6867195931512322 -0.026145216061034971
4.5204027626653138 4.6866055131252544 -0.026145216061091645
4.5247660857952994 4.6864914330992766 -0.026145216061078648
4.5291294089252849 4.6863773530732988 -0.026145216061089924
4.5334927320552714 4.686263273047321 -0.026145216061041851
4.5378560551852569 4.6861491930213433 -0.026145216061222873
4.5422193783152425 4.6860351129953646 -0.026145216061173499
4.5465827014452289 4.6859210329693868 -0.026145216061173988
4.5509460245752145 4.6858069529434081 -0.026145216061221423
4.5553093477052 4.6856928729174303 -0.026145216061047132
4.5596726708351856 4.6855787928914525 -0.026145216061086218
4.564035993965172 4.6854647128654747 -0.026145216061088203
4.5683993170951576 4.6853506328394969 -0.026145216061041178
4.5727626402251431 4.6852365528135191 -0.026145216061243232
4.5771259633551296 4.6851224727875405 -0.026145216061076743
4.5814892864851151 4.6850083927615636 -0.026145216060930003
4.5858526096151007 4.6848943127355858 -0.026145216061088758
4.5902159327450871 4.684780232709608 -0.026145216061195173
4.5945792558750727 4.6846661526836293 -0.026145216061221433
4.5989425790050582 4.6845520726576515 -0.026145216061025923
4.6033059021350438 4.6844379926316737 -0.026145216061171043
4.6076692252650302 4.684323912605695 -0.026145216061380771
4.6120325483950158 4.6842098325797163 -0.026145216061007406
4.6163958715250013 4.6840957525537394 -0.026145216061085746
4.6207591946549877 4.6839816725277608 -0.026145216061129812
4.6251225177849733 4.6838675925017839 -0.026145216060875213
4.6294858409149588 4.6837535124758061 -0.026145216061254837
4.6338491640449453 4.6836394324498274 -0.026145216061196311
4.6382124871749308 4.6835253524238496 -0.026145216061050792
4.6425758103049164 4.6834112723978718 -0.026145216061096686
4.6469391334349028 4.683297192371894 -0.02614521606104267
4.6513024565648884 4.6831831123459162 -0.026145216061212832
4.6556657796948739 4.6830690323199375 -0.026145216061212836
4.6600291028248595 4.6829549522939597 -0.02614521606104267
4.6643924259548459 4.682840872267982 -0.026145216061096686
4.6687557490848315 4.6827267922420042 -0.026145216061050802
4.673119072214817 4.6826127122160264 -0.026145216061196266
4.6774823953448035 4.6824986321900477 -0.026145216061255003
4.681845718474789 4.6823845521640699 -0.026145216060874589
4.6862090416047746 4.682270472138093 -0.02614521606113213
4.690572364734761 4.6821563921121143 -0.026145216061077087
4.6949356878647466 4.6820423120861374 -0.026145216061039731
4.6992990109947321 4.6819282320601587 -0.026145216061260138
4.7036623341247186 4.6818141520341809 -0.02614521606101056
4.7080256572547041 4.6817000720082032 -0.026145216061177805
4.7123889803846897 4.6815859919822245 -0.026145216061385059
4.7167523035146752 4.6814719119562458 -0.026145216060999447
4.7211156266446617 4.6813578319302689 -0.026145216061097355
4.7254789497746472 4.6812437519042902 -0.026145216061091339
4.7298422729046328 4.6811296718783133 -0.026145216061033445
4.7342055960346192 4.6810155918523346 -0.026145216061255073
4.7385689191646048 4.6809015118263568 -0.026145216061037126
4.7429322422945903 4.680787431800379 -0.026145216061092595
4.7472955654245768 4.6806733517744012 -0.026145216061072681
4.7516588885545623 4.6805592717484235 -0.02614521606109688
4.7560222116845479 4.6804451917224457 -0.026145216061035977
4.7603855348145334 4.6803311116964679 -0.026145216061255378
4.7647488579445199 4.6802170316704892 -0.026145216061033389
4.7691121810745054 4.6801029516445123 -0.026145216061091277
4.773475504204491 4.6799888716185336 -0.026145216061097667
4.7778388273344774 4.6798747915925567 -0.026145216060998244
4.782202150464463 4.679760711566578 -0.026145216061389559
4.7865654735944485 4.6796466315405993 -0.026145216061161016
4.7909287967244349 4.6795325515146216 -0.026145216061057245
4.7952921198544205 4.6794184714886438 -0.026145216061090212
4.7996554429844061 4.679304391462666 -0.026145216061078086
4.8040187661143925 4.6791903114366882 -0.026145216061077635
4.808382089244378 4.6790762314107104 -0.026145216061091589
4.8127454123743636 4.6789621513847326 -0.026145216061052162
4.8171087355043491 4.6788480713587548 -0.026145216061195943
4.8214720586343356 4.6787339913327761 -0.026145216061254924
4.8258353817643211 4.6786199113067983 -0.026145216060875238
4.8301987048943067 4.6785058312808214 -0.026145216061129604
4.8345620280242931 4.6783917512548427 -0.026145216061086531
4.8389253511542787 4.6782776712288658 -0.026145216061004471
4.8432886742842642 4.6781635912028872 -0.026145216061391752
4.8476519974142507 4.6780495111769085 -0.026145216061130041
4.8520153205442362 4.6779354311509307 -0.02614521606117895
4.8563786436742218 4.677821351124952 -0.026145216061260995
4.8607419668042082 4.6777072710989742 -0.026145216060867917
4.8651052899341938 4.6775931910729973 -0.026145216061136876
4.8694686130641793 4.6774791110470186 -0.02614521606108074
4.8738319361941649 4.6773650310210417 -0.026145216061036345
4.8781952593241513 4.6772509509950631 -0.026145216061254067
4.8825585824541369 4.6771368709690853 -0.02614521606103826
4.8869219055841224 4.6770227909431075 -0.026145216061089056
4.8912852287141089 4.6769087109171297 -0.026145216061085701
4.8956485518440944 4.6767946308911519 -0.026145216061048332
4.90001187497408 4.6766805508651741 -0.026145216061217134
4.9043751981040664 4.6765664708391954 -0.026145216061173985
4.908738521234052 4.6764523908132176 -0.026145216061177794
4.9131018443640375 4.6763383107872389 -0.026145216061221669
4.9174651674940231 4.6762242307612611 -0.026145216061042382
4.9218284906240095 4.6761101507352834 -0.026145216061088997
4.9261918137539951 4.6759960707093056 -0.026145216061081829
4.9305551368839806 4.6758819906833278 -0.026145216061079838
4.9349184600139671 4.67576791065735 -0.026145216061079009
4.9392817831439526 4.6756538306313722 -0.026145216061084338
4.9436451062739382 4.6755397506053944 -0.026145216061079803
4.9480084294039246 4.6754256705794166 -0.026145216061076643
4.9523717525339102 4.6753115905534388 -0.02614521606109382
4.9567350756638957 4.675197510527461 -0.026145216061044241
4.9610983987938821 4.6750834305014832 -0.026145216061209405
4.9654617219238677 4.6749693504755045 -0.026145216061209019
4.9698250450538533 4.6748552704495268 -0.026145216061061346
4.9741883681838388 4.674741190423549 -0.026145216061041764
4.9785516913138252 4.6746271103975712 -0.026145216061251784
4.9829150144438108 4.6745130303715925 -0.026145216061041979
4.9872783375737963 4.6743989503456156 -0.026145216061076473
4.9916416607037828 4.6742848703196369 -0.026145216061132338
4.9960049838337683 4.67417079029366 -0.026145216060874388
5.0003683069637539 4.6740567102676822 -0.026145216061255614
5.0047316300937403 4.6739426302417035 -0.026145216061194007
5.0090949532237259 4.6738285502157257 -0.026145216061059219
5.0134582763537114 4.6737144701897479 -0.02614521606106527
5.0178215994836979 4.6736003901637702 -0.026145216061159885
5.0221849226136834 4.6734863101377915 -0.026145216061386076
5.026548245743669 4.6733722301118128 -0.026145216061013315
5.0309115688736545 4.6732581500858359 -0.026145216061056822
5.035274892003641 4.6731440700598572 -0.026145216061239596
5.0396382151336265 4.6730299900338794 -0.026145216061075657
5.0440015382636121 4.6729159100079016 -0.026145216060953939
5.0483648613935985 4.6728018299819247 -0.026145216060978117
5.0527281845235841 4.6726877499559469 -0.026145216061003129
5.0570915076535696 4.67257366992997 -0.026145216060894851
5.0614548307835561 4.6724595899039922 -0.026145216061286988
5.0658181539135416 4.6723455098780136 -0.026145216061048079
5.0701814770435272 4.6722314298520367 -0.026145216061016857
5.0745448001735127 4.672117349826058 -0.02614521606138067
5.0789081233034992 4.6720032698000793 -0.026145216061161988
5.0832714464334847 4.6718891897741015 -0.026145216061062258
5.0876347695634703 4.6717751097481237 -0.026145216061085139
5.0919980926934567 4.6716610297221459 -0.026145216061077378
5.0963614158234423 4.6715469496961681 -0.026145216061085559
5.1007247389534278 4.6714328696701903 -0.026145216061076552
5.1050880620834143 4.6713187896442125 -0.026145216061088439
5.1094513852133998 4.6712047096182348 -0.02614521606104989
5.1138147083433854 4.671090629592257 -0.026145216061208159
5.1181780314733718 4.6709765495662783 -0.026145216061208322
5.1225413546033574 4.6708624695403005 -0.026145216061049428
5.1269046777333429 4.6707483895143227 -0.026145216061090115
5.1312680008633285 4.6706343094883449 -0.026145216061086288
5.1356313239933149 4.6705202294623671 -0.026145216061044921
5.1399946471233005 4.6704061494363893 -0.026145216061214244
5.144357970253286 4.6702920694104106 -0.026145216061204919
5.1487212933832724 4.6701779893844328 -0.026145216061056957
5.153084616513258 4.6700639093584551 -0.026145216061047472
5.1574479396432436 4.6699498293324773 -0.026145216061249317
5.16181126277323 4.6698357493064986 -0.026145216061046132
5.1661745859032155 4.6697216692805217 -0.026145216061046351
5.1705379090332011 4.669607589254543 -0.026145216061264631
5.1749012321631875 4.6694935092285652 -0.026145216060986003
5.1792645552931731 4.6693794292025874 -0.026145216061271574
5.1836278784231586 4.6692653491766087 -0.026145216061034527
5.1879912015531442 4.6691512691506318 -0.026145216061086499
5.1923545246831306 4.6690371891246532 -0.026145216061099666
5.1967178478131162 4.6689231090986762 -0.026145216060995048
5.2010811709431017 4.6688090290726976 -0.026145216061416312
5.2054444940730882 4.6686949490467189 -0.026145216061041237
5.2098078172030737 4.668580869020742 -0.026145216060898924
5.2141711403330593 4.6684667889947642 -0.026145216061248575
5.2185344634630457 4.6683527089687855 -0.02614521606119764
5.2228977865930313 4.6682386289428077 -0.026145216061051732
5.2272611097230168 4.6681245489168299 -0.026145216061091603
5.2316244328530024 4.6680104688908521 -0.026145216061078041
5.2359877559829888 4.6678963888648743 -0.026145216061076421
5.2403510791129744 4.6677823088388966 -0.026145216061096498
5.2447144022429599 4.6676682288129188 -0.026145216061033746
5.2490777253729464 4.667554148786941 -0.026145216061248699
5.2534410485029319 4.6674400687609623 -0.02614521606106231
5.2578043716329175 4.6673259887349854 -0.02614521606099824
5.2621676947629039 4.6672119087090067 -0.026145216061424927
5.2665310178928895 4.667097828683028 -0.02614521606100359
5.270894341022875 4.6669837486570511 -0.026145216061056884
5.2752576641528615 4.6668696686310724 -0.026145216061249078
5.279620987282847 4.6667555886050947 -0.026145216061037663
5.2839843104128326 4.6666415085791169 -0.026145216061096432
5.2883476335428181 4.6665274285531391 -0.026145216061072795
5.2927109566728046 4.6664133485271613 -0.026145216061092567
5.2970742798027901 4.6662992685011835 -0.026145216061037143
5.3014376029327757 4.6661851884752057 -0.026145216061255021
5.3058009260627621 4.666071108449227 -0.026145216061033642
5.3101642491927477 4.6659570284232501 -0.026145216061090635
5.3145275723227332 4.6658429483972714 -0.026145216061099982
5.3188908954527196 4.6657288683712945 -0.026145216060989636
5.3232542185827052 4.6656147883453158 -0.02614521606142169
5.3276175417126908 4.6655007083193372 -0.026145216061041102
5.3319808648426772 4.6653866282933603 -0.026145216060894105
5.3363441879726627 4.6652725482673825 -0.026145216061252002
5.3407075111026483 4.6651584682414038 -0.0261452160612047
5.3450708342326338 4.665044388215426 -0.026145216061036026
5.3494341573626203 4.6649303081894482 -0.026145216061131401
5.3537974804926058 4.6648162281634704 -0.026145216060918585
5.3581608036225914 4.6647021481374935 -0.026145216061079748
5.3625241267525778 4.6645880681115148 -0.026145216061242611
5.3668874498825634 4.664473988085537 -0.026145216061040689
5.3712507730125489 4.6643599080595592 -0.026145216061090805
5.3756140961425354 4.6642458280335815 -0.026145216061076289
5.3799774192725209 4.6641317480076037 -0.026145216061084234
5.3843407424025065 4.6640176679816259 -0.026145216061082947
5.388704065532492 4.6639035879556481 -0.026145216061080164
5.3930673886624785 4.6637895079296703 -0.026145216061076594
5.397430711792464 4.6636754279036925 -0.026145216061093643
5.4017940349224496 4.6635613478777147 -0.026145216061044998
5.406157358052436 4.6634472678517369 -0.02614521606120656
5.4105206811824216 4.6633331878257582 -0.026145216061219632
5.4148840043124071 4.6632191077997804 -0.026145216061021739
5.4192473274423936 4.6631050277738026 -0.0261452160611736
5.4236106505723791 4.662990947747824 -0.026145216061374748
5.4279739737023647 4.6628768677218453 -0.026145216061044908
5.4323372968323511 4.6627627876958684 -0.026145216060925812
5.4367006199623367 4.6626487076698906 -0.026145216061121381
5.4410639430923222 4.6625346276439128 -0.026145216061084834
5.4454272662223078 4.662420547617935 -0.026145216061035471
5.4497905893522942 4.6623064675919572 -0.026145216061253491
5.4541539124822798 4.6621923875659785 -0.026145216061041459
5.4585172356122653 4.6620783075400016 -0.026145216061076837
5.4628805587422518 4.661964227514023 -0.026145216061131373
5.4672438818722373 4.661850147488046 -0.026145216060877878
5.4716072050022229 4.6617360674620683 -0.0261452160612426
5.4759705281322093 4.6616219874360896 -0.026145216061242576
5.4803338512621949 4.6615079074101118 -0.026145216060877958
5.4846971743921804 4.6613938273841349 -0.026145216061131092
5.4890604975221668 4.6612797473581562 -0.026145216061077874
5.4934238206521524 4.6611656673321793 -0.026145216061037618
5.497787143782138 4.6610515873062006 -0.026145216061267823
5.5021504669121235 4.6609375072802228 -0.026145216060997921
5.5065137900421099 4.660823427254245 -0.02614521606122068
5.5108771131720955 4.6607093472282664 -0.02614521606121023
5.5152404363020811 4.6605952672022886 -0.026145216061045223
5.5196037594320675 4.6604811871763108 -0.026145216061089056
5.523967082562053 4.660367107150333 -0.026145216061078749
5.5283304056920386 4.6602530271243552 -0.026145216061092109
5.532693728822025 4.6601389470983774 -0.026145216061032997
5.5370570519520106 4.6600248670723996 -0.026145216061256107
5.5414203750819961 4.6599107870464209 -0.026145216061049411
5.5457836982119817 4.659796707020444 -0.026145216061042444
5.5501470213419681 4.6596826269944653 -0.026145216061260999
5.5545103444719537 4.6595685469684875 -0.02614521606100443
5.5588736676019392 4.6594544669425098 -0.026145216061217454
5.5632369907319257 4.6593403869165311 -0.026145216061216604
5.5676003138619112 4.6592263068905533 -0.026145216061006987
5.5719636369918968 4.6591122268645755 -0.026145216061251621
5.5763269601218832 4.6589981468385968 -0.026145216061077389
5.5806902832518688 4.6588840668126199 -0.026145216060919043
5.5850536063818543 4.6587699867866421 -0.026145216061131939
5.5894169295118408 4.6586559067606643 -0.026145216061033399
5.5937802526418263 4.6585418267346865 -0.026145216061214685
5.5981435757718119 4.6584277467087079 -0.026145216061214692
5.6025068989017974 4.6583136666827301 -0.026145216061033389
5.6068702220317839 4.6581995866567523 -0.026145216061131942
5.6112335451617694 4.6580855066307745 -0.026145216060919043
5.615596868291755 4.6579714266047976 -0.026145216061077382
5.6199601914217414 4.6578573465788189 -0.026145216061251628
5.624323514551727 4.6577432665528411 -0.02614521606100698
5.6286868376817125 4.6576291865268633 -0.026145216061216607
5.633050160811699 4.6575151065008846 -0.026145216061217457
5.6374134839416845 4.6574010264749068 -0.02614521606100443
5.6417768070716701 4.657286946448929 -0.026145216061260995
5.6461401302016565 4.6571728664229504 -0.026145216061042451
5.6505034533316421 4.6570587863969735 -0.026145216061049401
5.6548667764616276 4.6569447063709948 -0.026145216061256107
5.6592300995916132 4.656830626345017 -0.026145216061032994
5.6635934227215996 4.6567165463190392 -0.02614521606109212
5.6679567458515852 4.6566024662930614 -0.026145216061078731
5.6723200689815707 4.6564883862670836 -0.026145216061089115
5.6766833921115571 4.6563743062411058 -0.026145216061044998
5.6810467152415427 4.656260226215128 -0.026145216061211101
5.6854100383715283 4.6561461461891493 -0.026145216061217429
5.6897733615015147 4.6560320661631716 -0.026145216061010036
5.6941366846315002 4.6559179861371938 -0.02614521606122263
5.6985000077614858 4.6558039061112151 -0.026145216061206292
5.7028633308914722 4.6556898260852373 -0.026145216061043051
5.7072266540214578 4.6555757460592595 -0.026145216061101696
5.7115899771514433 4.6554616660332817 -0.02614521606104633
5.7159533002814289 4.6553475860073039 -0.026145216061209158
5.7203166234114153 4.6552335059813252 -0.026145216061207892
5.7246799465414009 4.6551194259553474 -0.026145216061050136
5.7290432696713864 4.6550053459293697 -0.026145216061087721
5.7334065928013729 4.6548912659033919 -0.026145216061079175
5.7377699159313584 4.6547771858774141 -0.026145216061075775
5.742133239061344 4.6546631058514363 -0.026145216061113891
5.7464965621913304 4.6545490258254585 -0.026145216060948863
5.750859885321316 4.6544349457994816 -0.02614521606096018
5.7552232084513015 4.6543208657735038 -0.026145216061095926
5.7595865315812871 4.654206785747526 -0.026145216061152284
5.7639498547112735 4.6540927057215473 -0.026145216061385798
5.7683131778412591 4.6539786256955686 -0.026145216061006074
5.7726765009712446 4.6538645456695917 -0.026145216061086086
5.7770398241012311 4.6537504656436131 -0.026145216061129781
5.7814031472312166 4.6536363856176362 -0.026145216060875009
5.7857664703612022 4.6535223055916584 -0.026145216061255673
5.7901297934911886 4.6534082255656797 -0.026145216061193164
5.7944931166211742 4.6532941455397019 -0.026145216061062536
5.7988564397511597 4.6531800655137241 -0.026145216061052853
5.8032197628811462 4.6530659854877463 -0.026145216061206254
5.8075830860111317 4.6529519054617676 -0.026145216061212995
5.8119464091411173 4.6528378254357898 -0.026145216061048603
5.8163097322711028 4.652723745409812 -0.026145216061088758
5.8206730554010893 4.6526096653838342 -0.026145216061076556
5.8250363785310748 4.6524955853578565 -0.026145216061085219
5.8293997016610604 4.6523815053318787 -0.026145216061078724
5.8337630247910468 4.6522674253059009 -0.026145216061080074
5.8381263479210324 4.6521533452799231 -0.026145216061081191
5.8424896710510179 4.6520392652539453 -0.026145216061091318
5.8468529941810043 4.6519251852279675 -0.026145216061033719
5.8512163173109899 4.6518111052019897 -0.026145216061254011
5.8555796404409755 4.651697025176011 -0.026145216061057065
5.8599429635709619 4.6515829451500341 -0.026145216060997921
5.8643062867009474 4.6514688651240554 -0.026145216061431446
5.868669609830933 4.6513547850980768 -0.026145216060993778
5.8730329329609186 4.6512407050720999 -0.026145216061089615
5.877396256090905 4.6511266250461212 -0.026145216061127945
5.8817595792208905 4.6510125450201443 -0.026145216060878797
5.8861229023508761 4.6508984649941665 -0.026145216061242354
5.8904862254808625 4.6507843849681878 -0.026145216061242656
5.8948495486108481 4.65067030494221 -0.026145216060877881
5.8992128717408336 4.6505562249162331 -0.026145216061131321
5.9035761948708201 4.6504421448902544 -0.026145216061077028
5.9079395180008056 4.6503280648642775 -0.026145216061040765
5.9123028411307912 4.6502139848382988 -0.026145216061256079
5.9166661642607767 4.650099904812321 -0.026145216061041757
5.9210294873907632 4.6499858247863433 -0.026145216061057071
5.9253928105207487 4.6498717447603655 -0.026145216061210168
5.9297561336507343 4.6497576647343868 -0.026145216061209089
5.9341194567807207 4.649643584708409 -0.026145216061044335
5.9384827799107063 4.6495295046824312 -0.026145216061093789
5.9428461030406918 4.6494154246564534 -0.026145216061076677
5.9472094261706783 4.6493013446304756 -0.026145216061079689
5.9515727493006638 4.6491872646044978 -0.026145216061084765
5.9559360724306494 4.64907318457852 -0.026145216061077416
5.9602993955606358 4.6489591045525422 -0.026145216061085781
5.9646627186906214 4.6488450245265645 -0.026145216061059667
5.9690260418206069 4.6487309445005867 -0.02614521606117173
5.9733893649505925 4.648616864474608 -0.026145216061360246
5.9777526880805789 4.6485027844486293 -0.02614521606108881
5.9821160112105645 4.6483887044226524 -0.026145216060764715
5.98647933434055 4.6482746243966755 -0.026145216061127147
5.9908426574705365 4.6481605443706968 -0.026145216061206868
5.995205980600522 4.648046464344719 -0.026145216061136255
5.9995693037305076 4.6479323843187403 -0.026145216061354958
6.003932626860494 4.6478183042927617 -0.026145216061145424
6.0082959499904796 4.6477042242667839 -0.026145216061154206
6.0126592731204651 4.6475901442408052 -0.026145216061344592
6.0170225962504515 4.6474760642148265 -0.026145216061168958
6.0213859193804371 4.6473619841888487 -0.02614521606107045
6.0257492425104227 4.6472479041628709 -0.026145216061045411
6.0301125656404082 4.647133824136894 -0.026145216060633407
6.0344758887703946 4.6470197441109189 -0.026145216060458491
6.0388392119003802 4.6469056640849438 -0.026145216060348826
6.0432025350303658 4.6467915840589695 -0.026145216060367703
6.0475658581603522 4.6466775040329935 -0.02614521606099655
6.0519291812903377 4.6465634240070148 -0.026145216061515632
6.0562925044203233 4.6464493439810335 -0.026145216062490421
6.0606558275503097 4.6463352639550468 -0.026145216063552194
6.0650191506802953 4.6462211839290575 -0.026145216063826335
6.0693824738102808 4.6461071039030681 -0.026145216063515938
6.0737457969402664 4.6459930238770824 -0.026145216062040753
6.0781091200702528 4.6458789438511054 -0.026145216059686577
6.0824724432002384 4.6457648638251401 -0.026145216056533145
6.0868357663302239 4.6456507837991907 -0.026145216052586358
6.0911990894602104 4.6455367037732556 -0.026145216050748297
6.0955624125901959 4.6454226237473204 -0.026145216052276682
6.0999257357201815 4.6453085437213719 -0.026145216057177151
6.1042890588501679 4.6451944636953932 -0.026145216065953582
6.1086523819801535 4.6450803836693684 -0.026145216078464734
6.113015705110139 4.644966303643284 -0.026145216092328963
6.1173790282401255 4.6448522236171499 -0.026145216099456907
6.121742351370111 4.6447381435910113 -0.026145216094331562
6.1261056745000966 4.6446240635649234 -0.02614521607596627
6.1304689976300821 4.6445099835389456 -0.026145216044022181
6.1348323207600686 4.6443959035131375 -0.0261452159977879
6.1391956438900541 4.6442818234875496 -0.026145215946586541
6.1435589670200397 4.6441677434621482 -0.026145215917956956
6.1479222901500261 4.6440536634367762 -0.026145215935268713
6.1522856132800117 4.6439395834112167 -0.026145216003349913
6.1566489364099972 4.6438255033852514 -0.02614521612165455
6.1610122595399837 4.6437114233586554 -0.026145216292986648
6.1653755826699692 4.6435973433312432 -0.026145216484129315
6.1697389057999548 4.6434832633031249 -0.026145216594924907
6.1741022289299412 4.6433691832748778 -0.026145216534610421
6.1784655520599268 4.6432551032473128 -0.026145216284627563
6.1828288751899123 4.6431410232212409 -0.02614521584936717
6.1871921983198979 4.6430269431974942 -0.026145215215136349
6.1915555214498843 4.6429128631767895 -0.02614521449704639
6.1959188445798699 4.6427987831587565 -0.026145214075219449
6.2002821677098554 4.6426847031412679 -0.026145214269409748
6.2046454908398418 4.6425706231213173 -0.026145215232888482
6.2090088139698274 4.6424565430958502 -0.026145216670400411
6.213372137099813 4.6423424630618708 -0.026145219602367275
6.2177354602297994 4.6422283830162581 -0.026145220288109457
6.2220987833597849 4.642114302961744 -0.026145228731783335
6.2264621064897705 4.6420002229004975 -0.026145205020313311
6.2308254296197561 4.6418861428647302 -0.026145278533181732
6.2351887527497425 4.6417720627873811 -0.026145019264545721
6.239552075879728 4.6416579829724789 -0.026145830970561782
6.2439153990097136 4.641543902338805 -0.026143225915881724
6.2482787221397 4.6414298249559742 -0.026151162259426795
6.2526420452696856 4.641315735592479 -0.026128024122930377
6.2570053683996711 4.6412016909447402 -0.026190133334044387
6.2613686915296576 4.6410874792209054 -0.026048963398561494
6.2657320146596431 4.6409738906383176 -0.02623796662937081
6.2700953377896287 4.640857975866048 -0.026794053493022482
6.2744586609196151 4.64075074182416 -0.020011642453438176
6.2788219840496007 4.6406111102802718 -0.062891650757186959
6.2831853071795862 4.6402910063565468 -0.044512578358379337
